CHR BP SNP P
3 47291893 rs76760534 0.42958
3 47292161 rs188055926 0.41218999999999995
3 47292183 rs11130124 2.1011000000000002e-08
3 47292827 rs4683326 2.1017000000000002e-08
3 47293124 rs537683488 0.6599
3 47293214 rs115964001 0.08417899999999999
3 47293516 rs148644385 0.7621100000000001
3 47294000 rs11921117 5.251699999999999e-08
3 47294242 rs76032351 0.76142
3 47294454 rs11719129 0.16328
3 47294587 rs538108366 0.6718
3 47294770 rs138989774 0.36735999999999996
3 47294934 rs116320601 0.030044
3 47295263 rs184806192 0.87041
3 47295718 rs112623123 0.78032
3 47295855 rs6777188 0.47525
3 47295975 rs532402274 0.087649
3 47296064 rs149168663 0.031615
3 47296539 rs78909397 0.28212
3 47296899 rs6768221 1.0081e-07
3 47296921 rs11710013 1.9175e-08
3 47296995 rs114050649 0.088132
3 47297060 rs62248908 0.010409
3 47297483 rs552239497 0.16477
3 47297707 rs536127595 0.76448
3 47298220 rs551287695 0.058938
3 47298233 rs191495664 0.32311999999999996
3 47298234 rs13065991 1.8700000000000002e-08
3 47298358 rs183283911 0.059913
3 47298380 rs575411312 0.47498
3 47298496 rs562310866 0.08365399999999999
3 47298545 rs188006868 0.47525
3 47298558 rs576167493 0.21923
3 47298924 rs116738932 0.36664
3 47299518 rs150773824 0.059913
3 47300231 rs180916948 1.1497e-05
3 47300708 rs6778687 0.16339
3 47300755 rs6787210 0.16335999999999998
3 47300847 rs76749058 0.36727
3 47301222 rs57658701 0.46497
3 47301734 rs532608653 0.28134000000000003
3 47301872 rs527623116 0.08857899999999999
3 47302036 rs62248910 1.1854e-09
3 47302169 rs189492447 0.87041
3 47302200 rs79492808 0.8895799999999999
3 47302789 rs577632833 0.50371
3 47302855 rs143490959 0.07993099999999999
3 47302928 rs77304724 0.27521999999999996
3 47303170 rs7639121 0.16335999999999998
3 47303186 rs116252905 0.23501
3 47303387 rs191921786 0.3324
3 47303839 rs189759461 0.52561
3 47303939 rs78027560 0.76142
3 47304184 rs745804940 0.48752
3 47304646 rs139633780 0.22595
3 47305025 rs74597888 0.37848000000000004
3 47305392 rs41290656 0.00068866
3 47305621 rs73831488 0.7609100000000001
3 47305716 rs76361859 0.28168000000000004
3 47305729 rs79062474 0.18378
3 47306167 rs149000694 0.21681
3 47306401 rs563275371 0.39578
3 47306554 rs142073974 0.47525
3 47306894 rs11130126 1.0474e-07
3 47306923 rs78058195 0.58204
3 47307093 rs74551612 0.16626
3 47307514 rs57638502 0.41568999999999995
3 47307609 rs73069121 0.013819999999999999
3 47307793 rs142719904 0.56777
3 47307833 rs17079543 0.3675
3 47307999 rs112502313 0.0022128
3 47308183 rs11920853 1.0333e-07
3 47308346 rs112623348 0.060462
3 47308348 rs144050496 0.31864000000000003
3 47308746 rs115200348 0.66587
3 47309134 rs7636423 2.5587e-08
3 47309757 rs11915074 9.796699999999999e-08
3 47309890 rs187494423 0.54379
3 47309976 rs78749263 0.21541
3 47310179 rs150050835 0.79359
3 47310377 rs75387177 0.70677
3 47310555 rs114081219 0.088488
3 47310619 rs527749784 0.66191
3 47310701 rs76227837 0.19602999999999998
3 47311153 rs61306046 1.2647e-07
3 47311154 rs58472056 1.2512e-07
3 47311418 rs184712847 0.8778100000000001
3 47312139 rs147805407 0.83939
3 47312421 rs551270549 0.81093
3 47312827 rs148063619 0.8801399999999999
3 47312907 rs35432631 0.43061000000000005
3 47313130 rs534268345 0.79498
3 47313813 rs181002921 0.95726
3 47314346 rs530124510 0.65747
3 47314496 rs56273245 1.2919e-08
3 47314667 rs185712973 0.07184700000000001
3 47314790 rs577376772 0.71686
3 47315538 rs114688092 0.059346
3 47315569 rs7647123 0.31993
3 47316011 rs6778673 0.18397
3 47316887 rs141006903 0.72878
3 47317469 rs75675539 0.56299
3 47317632 rs149892795 0.33311
3 47317665 rs1024036 0.38133
3 47318449 rs1024037 2.9939e-08
3 47318747 rs924009 0.2851
3 47319047 rs181779461 0.44663
3 47320417 rs145467929 0.45058000000000004
3 47321628 rs150863505 0.24895
3 47321669 rs807935 1.8983000000000002e-08
3 47322019 rs568979229 0.14232999999999998
3 47322133 rs811115 1.8705e-08
3 47322138 rs116075653 0.6774899999999999
3 47322369 rs113295284 0.9381799999999999
3 47322496 rs807936 2.6576e-08
3 47322503 rs144886036 0.48165
3 47322700 rs6773120 0.46498999999999996
3 47322781 rs1076394 3.1344e-08
3 47323000 rs807937 2.1799e-08
3 47323171 rs554554819 0.72812
3 47323678 rs181717151 1.3125e-05
3 47323758 rs41290658 0.088341
3 47323851 rs115744121 0.19934000000000002
3 47324105 rs143186917 0.27269
3 47324645 rs577721667 0.27721999999999997
3 47324955 rs565442154 0.087541
3 47325219 rs187850544 0.28025
3 47325454 rs115854273 0.25165
3 47325479 rs191208216 0.18686
3 47325578 rs116596999 0.84757
3 47325771 rs148121024 0.55671
3 47325813 rs576791294 0.083828
3 47325904 rs143895740 0.89344
3 47326298 rs17476234 3.0756e-08
3 47326453 rs576722529 0.1152
3 47326568 rs536098782 0.83154
3 47326947 rs114474984 0.19985
3 47327651 rs1638676 1.8073e-08
3 47328130 rs181840392 0.73095
3 47328683 rs75652147 0.22388000000000002
3 47328744 rs10490798 0.81167
3 47329131 rs114379906 0.44433
3 47329643 rs151018964 0.55616
3 47330194 rs1638677 0.21325
3 47330221 rs150144730 0.24921
3 47330479 rs145544381 0.08720599999999999
3 47331136 rs11710322 3.0297e-08
3 47332255 rs763099711 0.76241
3 47332729 rs187012416 0.52148
3 47333129 rs116196627 0.36123
3 47333329 rs73831492 0.73758
3 47333548 rs73831493 0.73837
3 47333651 rs114409151 0.00069427
3 47333704 rs572152363 0.7871199999999999
3 47335769 rs148693030 0.013163
3 47335784 rs7646252 0.48036999999999996
3 47335802 rs114914162 0.074205
3 47335867 rs115948498 0.5372
3 47335881 rs295442 2.2466e-08
3 47337481 rs116447413 0.50968
3 47337580 rs59695705 0.48935
3 47337701 rs295443 0.18688
3 47338130 rs295444 0.14536
3 47338500 rs774933814 0.96799
3 47338554 rs11713101 2.064e-05
3 47338651 rs74748934 0.29501
3 47339335 rs146358302 0.075862
3 47339367 rs181769361 0.45387
3 47339723 rs11714294 3.4254e-08
3 47339773 rs183000743 0.56592
3 47339777 rs295445 0.12285
3 47339800 rs114744713 0.19374
3 47340819 rs150510230 0.5698300000000001
3 47341034 rs116064271 0.27325
3 47341470 rs56775587 0.48325
3 47341471 rs60155495 0.48325
3 47341610 rs147439719 0.55373
3 47342076 rs147605052 0.53373
3 47343309 rs142847770 0.40644
3 47343714 rs114047750 0.04559
3 47344058 rs150189381 0.21577
3 47344332 rs747760511 0.8712700000000001
3 47344525 rs6799812 0.54056
3 47345074 rs76164537 0.58014
3 47345594 rs138374314 0.10338
3 47345603 rs568645928 0.26031
3 47346415 rs13072802 1.6427000000000002e-08
3 47346717 rs55771110 0.0073693
3 47347003 rs11720439 1.24e-07
3 47347052 rs114136355 0.22835
3 47347239 rs756826918 0.81952
3 47347538 rs295436 0.15496
3 47348276 rs145276801 0.52525
3 47348503 rs376247224 0.40709
3 47348551 rs6779913 0.8367899999999999
3 47348910 rs76530372 0.39542
3 47349659 rs149717236 0.69047
3 47349914 rs59689369 3.0214e-08
3 47349943 rs149159340 0.15619
3 47350027 rs567075935 0.45201
3 47350029 rs375077395 0.1481
3 47350553 rs113103122 0.9119700000000001
3 47350554 rs146776278 0.21118
3 47351501 rs11710121 1.1411e-07
3 47351704 rs535567499 0.59117
3 47351833 rs60763288 0.25346
3 47351996 rs75275637 0.07244500000000001
3 47352552 rs9311406 0.21727
3 47352998 rs76183418 0.004603899999999999
3 47352999 rs76800447 0.0027773000000000003
3 47353025 rs112611988 0.0087077
3 47353155 rs34750878 0.056388
3 47353234 rs116298396 0.088186
3 47353599 rs574868243 0.51949
3 47353674 rs115060971 0.8983399999999999
3 47354021 rs75462589 0.94196
3 47354241 rs807932 1.5328e-08
3 47354591 rs572536137 0.35405
3 47354646 rs113925399 0.7275699999999999
3 47354743 rs139558212 0.25346
3 47354803 rs62248938 0.0066021000000000005
3 47354865 rs76275486 0.73277
3 47354896 rs368642958 0.14793
3 47354903 rs115595028 0.8885200000000001
3 47355109 rs114441253 0.7500399999999999
3 47355364 rs149210391 0.10377
3 47355385 rs79744765 0.33758
3 47355545 rs72909157 0.54302
3 47356133 rs115787094 0.088186
3 47356384 rs143456526 0.89836
3 47356726 rs145745253 0.89836
3 47356839 rs187151889 0.088186
3 47356993 rs138659913 0.11925999999999999
3 47357047 rs114839966 0.52128
3 47357472 rs182427610 0.89838
3 47357581 rs807933 0.10751
3 47357758 rs75488231 0.25346
3 47357863 rs144552915 0.8406399999999999
3 47358627 rs541046095 0.8688600000000001
3 47359106 rs193213810 0.8703299999999999
3 47359262 rs295428 1.6523000000000002e-08
3 47360257 rs115302072 0.23885
3 47360309 rs115465640 0.15489
3 47360331 rs142824563 0.8633
3 47360677 rs554126861 0.30976
3 47360893 rs17079575 0.54292
3 47361019 rs115170226 0.20813
3 47361768 rs295431 0.1145
3 47361888 rs295432 0.11448
3 47362080 rs295433 1.2502000000000001e-11
3 47362081 rs9836294 0.29454
3 47362100 rs295434 0.10605999999999999
3 47362211 rs73075398 0.023709
3 47362353 rs140170527 0.83642
3 47362673 rs185467563 0.7336699999999999
3 47363082 rs148833210 0.9511799999999999
3 47363223 rs746387601 0.45571999999999996
3 47363475 rs62248947 4.4312e-05
3 47363842 rs17079580 0.39186
3 47363909 rs78125603 0.25346
3 47363971 rs17410853 7.9079e-08
3 47364082 rs78679667 0.15489
3 47364265 rs115926470 0.05948200000000001
3 47364483 rs183303243 0.56021
3 47364526 rs188022660 0.85635
3 47364704 rs9823599 0.20954
3 47365055 rs295459 0.14942
3 47365285 rs184712605 0.8693200000000001
3 47366205 rs77674229 0.83116
3 47366340 rs537563574 0.61741
3 47366799 rs295460 0.2301
3 47367146 rs183402278 0.10352
3 47367402 rs775356568 0.91533
3 47367485 rs370398081 0.36356
3 47367521 rs6806058 0.69805
3 47367785 rs141114983 0.23904
3 47367937 rs144927781 0.37994
3 47368010 rs295461 1.6948e-08
3 47368033 rs558800282 0.0020698
3 47368454 rs146753161 0.29011
3 47368747 rs537962091 0.69767
3 47368941 rs541784144 0.08835599999999999
3 47370176 rs75230827 0.0072473
3 47370786 rs295447 0.10496
3 47371131 rs562047001 0.46434
3 47371222 rs62248950 1.3657e-09
3 47371977 rs113471207 0.49222
3 47372068 rs144767727 0.15489
3 47372128 rs17079586 0.22585
3 47372802 rs143151265 0.074191
3 47373235 rs140374026 0.46478
3 47373339 rs295448 0.10655999999999999
3 47373842 rs144979992 0.45538999999999996
3 47373963 rs58160848 0.25346
3 47374073 rs78997464 0.25346
3 47374922 rs534738883 0.22675
3 47374984 rs76281206 0.1558
3 47375399 rs115972643 0.84341
3 47375890 rs2159400 3.2578e-08
3 47375891 rs565922491 0.25346
3 47375955 rs295449 1.6218e-08
3 47376095 rs295450 0.11444000000000001
3 47376121 rs200108748 0.77141
3 47376769 rs75887209 0.8434200000000001
3 47377313 rs62246467 0.018861000000000003
3 47377319 rs193128725 0.7662800000000001
3 47377403 rs184977126 0.5932
3 47377545 rs295451 0.10659
3 47378305 rs531382098 0.0092971
3 47378588 rs80258705 0.40228
3 47379040 rs295453 0.11282
3 47379216 rs759481048 0.61905
3 47379260 rs295454 0.11149
3 47379363 rs569507331 0.6559999999999999
3 47379647 rs73831496 0.7307600000000001
3 47379665 rs371829677 0.43403
3 47379990 rs758963561 0.9178799999999999
3 47380103 rs295455 0.11145999999999999
3 47380499 rs2240796 0.7682100000000001
3 47380815 rs143838927 0.8946799999999999
3 47380858 rs6768809 0.54225
3 47380959 rs115967686 0.25283
3 47381210 rs295456 0.11148
3 47382722 rs115663927 0.092586
3 47382795 rs193015618 0.9247
3 47384688 rs144181325 0.43755
3 47384925 rs295457 0.10372
3 47385380 rs9848550 0.28956
3 47385389 rs148682976 0.56931
3 47385585 rs295458 2.7375e-08
3 47386615 rs576278193 0.9637
3 47386759 rs151271052 0.5415
3 47387316 rs76209693 0.73995
3 47387837 rs185465741 0.78179
3 47388006 rs374041508 0.19613
3 47388440 rs118011083 0.21648
3 47388799 rs141640701 0.91205
3 47388947 rs8180040 3.2823e-08
3 47388985 rs140620076 0.23613
3 47389317 rs807931 1.8777999999999998e-08
3 47389409 rs7613282 3.3124e-08
3 47389625 rs77880333 0.23906
3 47390228 rs184680750 0.91314
3 47390260 rs77201089 0.085757
3 47390338 rs114748355 0.091888
3 47390379 rs149926530 0.14827
3 47390676 rs115790657 0.25551
3 47390794 rs6769788 0.5063300000000001
3 47390917 rs115419790 0.15444000000000002
3 47391072 rs6782695 0.12247999999999999
3 47391527 rs373230544 0.19684000000000001
3 47391729 rs62246470 7.7731e-10
3 47391918 rs145188840 0.69494
3 47391995 rs542804857 0.027010000000000003
3 47392138 rs116448423 0.058834000000000004
3 47392796 rs4683328 0.40803
3 47393314 rs187876802 0.25154
3 47393331 rs149472962 0.49604
3 47393515 rs138693409 0.53785
3 47394212 rs114575167 0.75448
3 47394428 rs567578957 0.65132
3 47394702 rs11927371 3.1967e-08
3 47394755 rs193182686 0.91251
3 47394996 rs139312220 0.56128
3 47395135 rs17411375 3.2766000000000004e-08
3 47395405 rs149998130 0.15748
3 47395712 rs188437570 0.47008999999999995
3 47395824 rs192315025 0.9126700000000001
3 47396005 rs78430591 0.75051
3 47396085 rs532596615 0.8938200000000001
3 47396599 rs807930 0.10966
3 47396793 rs73831497 0.7307600000000001
3 47397062 rs376974369 0.40026
3 47397141 rs140698732 0.66652
3 47397300 rs11721328 0.007773899999999999
3 47397330 rs6791244 0.2545
3 47397497 rs186315448 0.9126700000000001
3 47397605 rs546228196 0.75741
3 47397668 rs151077282 0.59507
3 47397674 rs141042125 0.2671
3 47398130 rs62246474 3.1936e-08
3 47398202 rs116321690 0.11367000000000001
3 47398274 rs73077341 0.15175
3 47398536 rs113360017 0.8665299999999999
3 47398793 rs11130127 3.2284e-08
3 47399284 rs72911240 0.54214
3 47399344 rs138215726 0.31649
3 47399407 rs12490467 0.40952
3 47399571 rs114737123 0.091888
3 47399667 rs148259690 0.47188
3 47399753 rs438659 1.0907999999999998e-11
3 47399957 rs187615619 0.42468
3 47400216 rs114708949 0.13393
3 47400308 rs78731367 0.5436300000000001
3 47400328 rs553989 1.891e-08
3 47400351 rs34061230 0.069131
3 47400429 rs72911242 0.6309899999999999
3 47400456 rs567101533 0.98145
3 47401207 rs139411253 0.9092
3 47401425 rs145402452 0.6873100000000001
3 47401911 rs648226 0.10912999999999999
3 47401952 rs147803267 0.48696000000000006
3 47402073 rs1091068 0.11150999999999998
3 47402093 rs566551571 0.4985
3 47402427 rs141192041 0.9721799999999999
3 47402898 rs534209375 0.087712
3 47403021 rs181167509 0.12604
3 47403415 rs533583597 0.63764
3 47403532 rs566976786 0.49993999999999994
3 47403892 rs807810 1.8167e-08
3 47403993 rs77585169 0.87903
3 47404261 rs448018 0.11452999999999999
3 47404401 rs150178365 0.22984000000000002
3 47404566 rs138636179 0.093806
3 47404762 rs187182058 0.54895
3 47404945 rs9822333 0.43611000000000005
3 47405305 rs4858888 3.5092e-08
3 47405456 rs4858890 1.1192e-07
3 47405558 rs79096357 0.99371
3 47405679 rs146331761 0.18047
3 47406280 rs9828124 0.11952
3 47406322 rs148518461 0.27284
3 47406371 rs9828289 0.11807999999999999
3 47406724 rs139956708 0.95665
3 47406832 rs117287582 0.99535
3 47407349 rs147919800 0.3552
3 47408181 rs531977117 0.19214
3 47408769 rs184288233 0.85769
3 47408940 rs749181987 0.053574000000000004
3 47409076 rs114508442 0.316
3 47409327 rs145455073 0.80433
3 47409744 rs138075826 0.69365
3 47409816 rs182265862 0.53165
3 47410564 rs57346147 3.1476000000000003e-08
3 47412264 rs77833543 0.85339
3 47413241 rs114170515 0.81543
3 47413525 rs192153211 0.6846800000000001
3 47413898 rs145540694 0.72834
3 47415100 rs1872164 3.2262e-08
3 47415266 rs73071278 0.21274
3 47415467 rs13064843 1.7309e-08
3 47415594 rs140232437 0.61217
3 47415676 rs576261569 0.85514
3 47416393 rs548487173 0.95794
3 47416761 rs2062278 3.3784e-08
3 47416994 rs183201201 0.82365
3 47417297 rs150194453 0.7482300000000001
3 47417775 rs138754292 0.31494
3 47418080 rs535673623 0.57131
3 47418509 rs6787422 1.7852e-08
3 47418682 rs140168975 0.84788
3 47418822 rs114221308 0.80925
3 47418971 rs34622620 0.0046584
3 47418975 rs192706674 0.6846800000000001
3 47419000 rs1038393 0.11715
3 47419076 rs1038392 0.45963000000000004
3 47419494 rs188186701 0.7479399999999999
3 47419653 rs151166631 0.7451300000000001
3 47419713 rs573479529 0.941
3 47419777 rs184803402 0.941
3 47420150 rs7612191 0.16872
3 47420242 rs773371039 0.85357
3 47420275 rs112818785 0.59645
3 47420276 rs141076817 0.7300399999999999
3 47420319 rs559533339 0.34196
3 47420627 rs13075233 1.7645e-08
3 47420825 rs189394217 0.12678
3 47421288 rs139127535 0.74475
3 47421299 rs75511849 0.81721
3 47421587 rs771049094 0.19484
3 47422116 rs141578069 0.73009
3 47422152 rs922957 3.2231e-08
3 47422391 rs772583118 0.40819
3 47422440 rs75218888 0.15861
3 47422899 rs183294343 0.018198
3 47423398 rs138912495 0.06621200000000001
3 47423616 rs116750864 0.052109
3 47424221 rs186559335 0.8174899999999999
3 47424440 3:47424440_G_A 0.8553200000000001
3 47425060 rs10865946 1.6802e-08
3 47425473 rs11719877 1.6724e-08
3 47425686 rs185018913 0.60739
3 47425730 rs4858848 3.126e-08
3 47426306 rs13326899 0.43327
3 47426346 rs12497225 3.2446000000000005e-08
3 47426397 rs147909252 0.15861
3 47426427 rs185820072 0.42662
3 47427967 rs12106745 0.46137
3 47428244 rs141533341 0.10538
3 47429003 rs12486969 3.2329e-08
3 47430186 rs56351005 3.2611e-08
3 47430397 rs761624869 0.36901
3 47430418 rs148475230 0.6955
3 47431147 rs145499707 0.39936
3 47431417 rs56032309 3.3003999999999996e-08
3 47431477 rs189706406 0.18545
3 47431894 rs116251332 0.076687
3 47433365 rs569906426 0.35874
3 47433470 rs117221514 0.25937
3 47433495 rs549052874 0.40998
3 47433521 rs148995868 0.16618
3 47434552 rs11712445 1.9912e-08
3 47435976 rs114855172 0.06558
3 47436106 rs181985991 0.35362
3 47437088 rs13318465 0.54282
3 47437148 rs900694 0.11706
3 47437449 rs900693 0.16837
3 47437929 rs7615124 0.6955
3 47437954 rs148733841 0.0039549
3 47438193 rs142277340 0.28242
3 47438275 rs544279491 0.63917
3 47438367 rs577265643 0.93725
3 47439221 rs192133067 0.67475
3 47439231 rs4241548 1.6689e-08
3 47439291 rs62248580 8.933999999999999e-08
3 47439643 rs79271835 0.8364799999999999
3 47439680 rs7641010 3.9329e-08
3 47440350 rs181055335 0.35494000000000003
3 47441435 rs55654375 0.014225999999999999
3 47441477 rs185738518 0.941
3 47441508 rs115615481 0.089021
3 47442002 rs12636235 0.4601
3 47442083 rs6788978 0.11717999999999999
3 47442329 rs560755639 0.12635
3 47442819 rs72911269 0.46758999999999995
3 47442851 rs186714225 0.86508
3 47442863 rs13079098 2.4782000000000003e-08
3 47443065 rs11925823 2.0606e-08
3 47443108 rs149810718 0.81603
3 47443262 rs11705957 3.9171e-08
3 47443324 rs144727132 0.53505
3 47443403 rs139554008 0.36113
3 47443917 rs141392278 0.7450399999999999
3 47444281 rs4858805 4.0703e-08
3 47444384 rs7642630 0.44606999999999997
3 47444627 rs559385844 0.60196
3 47445594 rs769000190 0.68424
3 47445791 3:47445791_G_A 0.20868
3 47445792 rs192393352 0.1741
3 47446371 rs184807039 0.941
3 47446806 rs562516684 0.9977
3 47446833 rs573009929 0.1054
3 47446976 rs148044466 0.76354
3 47447151 rs78422177 0.8155
3 47447392 rs200367977 0.4651
3 47447473 rs138320436 0.20755
3 47447673 rs13077134 0.11425999999999999
3 47448146 rs115065106 0.15861
3 47448825 rs79728008 0.52523
3 47449058 rs900688 0.11422
3 47449470 rs373244979 0.52845
3 47449580 rs1531874 0.11722
3 47449768 rs9873822 0.091811
3 47450178 rs113702372 0.14905
3 47450591 rs138693429 0.0024446
3 47451411 rs3736177 4.2652000000000004e-08
3 47451638 rs116305269 0.54394
3 47451863 rs144025762 0.76799
3 47452087 rs900689 0.11929000000000001
3 47452118 rs6780013 2.4169e-07
3 47452311 rs56349424 0.23638
3 47452583 rs149563514 0.5536
3 47452676 rs138329311 0.05629
3 47452786 rs1531875 1.9477e-08
3 47453216 rs11707038 7.055e-10
3 47453340 rs150134286 0.84245
3 47453372 rs141816989 0.032973
3 47453659 rs147959396 0.43265
3 47453665 rs145347025 0.49377
3 47454340 rs138389235 0.36125
3 47454398 rs140165828 0.3769
3 47454419 rs150037620 0.061159000000000005
3 47454674 rs142269660 0.69294
3 47454928 rs140916813 0.78996
3 47455029 rs144348394 0.88297
3 47455086 rs4858868 1.8354e-08
3 47455261 rs45453398 0.30232
3 47455688 rs151014440 0.22083000000000003
3 47455730 rs35628908 0.8807799999999999
3 47456089 rs34950272 0.9170200000000001
3 47456122 rs140861904 0.58055
3 47456225 rs6442066 0.43845
3 47456558 rs6788191 0.69597
3 47456689 rs17849132 0.25801
3 47456696 rs371009060 0.6011
3 47457104 rs182187298 0.69294
3 47457115 rs551504148 0.43806000000000006
3 47457589 rs148586029 0.61648
3 47457718 rs142031657 0.31187
3 47458359 rs557084729 0.5726100000000001
3 47458594 rs201260839 0.75315
3 47458640 rs142752447 0.67765
3 47458750 rs2306628 0.94553
3 47459679 rs12487736 4.2184e-08
3 47461464 rs77215549 0.1861
3 47461851 rs535642033 0.05583099999999999
3 47461914 rs529688082 0.71782
3 47462200 rs900690 0.11772
3 47462587 rs900691 0.41748
3 47462898 rs539715562 0.11613
3 47463284 rs60357282 0.45708000000000004
3 47463285 rs7372780 0.11982999999999999
3 47463398 rs545856204 0.45288
3 47463474 rs529528112 0.46693
3 47463508 rs570365226 0.72729
3 47463567 rs12636851 2.4038e-08
3 47463859 rs115782441 0.66764
3 47464102 rs115383061 0.8623700000000001
3 47464122 rs1038394 1.3237000000000001e-08
3 47464229 rs143230703 0.72725
3 47464757 rs1872165 0.11972999999999999
3 47465669 rs183988902 0.36809000000000003
3 47466161 rs10865947 0.11778
3 47466580 rs144097981 0.5113
3 47467269 rs75909003 0.66222
3 47467597 rs149082564 0.8992
3 47468110 rs189399818 0.70055
3 47468261 rs11711824 1.3567e-08
3 47468791 rs79639552 0.51027
3 47469052 rs142581614 0.26508000000000004
3 47469520 rs115945419 0.59797
3 47470446 rs143267790 0.36096999999999996
3 47470466 rs74477758 0.16158
3 47470484 rs7651762 2.4485e-08
3 47470569 rs7644043 0.1178
3 47470787 rs6800271 1.5892e-08
3 47470889 rs542985550 0.56197
3 47472003 rs146168371 0.7462300000000001
3 47472233 rs6804017 0.20101
3 47472940 rs76790199 0.033708999999999996
3 47472981 rs72911287 0.45858000000000004
3 47473168 rs6792461 2.8147e-08
3 47474124 rs17079634 0.98062
3 47474196 rs141535771 0.95124
3 47474455 rs116558279 0.46255
3 47474749 rs6442068 0.11855999999999998
3 47475024 rs150236966 0.051938
3 47475758 3:47475758_G_T 0.36669
3 47476195 rs75867493 0.69258
3 47478459 rs75061392 0.12125
3 47478790 rs190883475 0.044134
3 47478830 rs11712590 5.010100000000001e-11
3 47479178 rs60634259 0.6935
3 47479514 rs568832199 0.79784
3 47479735 rs60369822 2.3822999999999998e-08
3 47480357 rs4858889 0.4409
3 47480524 rs4858811 2.8948999999999997e-08
3 47480526 rs4858812 0.11825999999999999
3 47480638 rs114974019 0.15789
3 47480687 rs145416956 0.8666
3 47482222 rs7648696 2.7419000000000002e-11
3 47482454 rs533178482 0.10487
3 47482615 rs145375232 0.15789
3 47482879 rs141636890 0.95926
3 47483212 rs558928709 0.94485
3 47483726 rs149336840 0.80703
3 47484126 rs900692 0.11867
3 47484255 rs56260584 0.5071899999999999
3 47484373 rs139943406 0.80516
3 47484909 rs146871250 0.35497
3 47485029 rs17080872 0.8513200000000001
3 47485646 rs181712898 0.2272
3 47485647 rs185882890 0.2272
3 47486347 rs6785538 0.1148
3 47486632 rs11130128 3.1844000000000004e-08
3 47486782 rs143077962 0.70518
3 47486895 rs7619813 0.66452
3 47487429 rs534508838 0.99995
3 47487610 rs189237940 0.8164399999999999
3 47487612 rs193098010 0.40934
3 47487911 rs182877295 0.088963
3 47488254 rs147439135 0.5321600000000001
3 47488591 rs13061438 0.49245
3 47489160 rs562474785 0.12433
3 47489717 rs190450586 0.66028
3 47489820 rs9683033 1.7516e-08
3 47489885 rs11130129 3.3948999999999995e-08
3 47490049 rs73079289 0.13982
3 47490493 rs9683177 1.6979e-08
3 47490712 rs7615610 0.22371999999999997
3 47491053 rs771933318 0.4796
3 47491086 rs79382394 0.37485999999999997
3 47491633 rs183456922 0.78852
