CHR BP SNP P
14 88338541 rs116544063 0.44032
14 88338685 rs7153905 0.029499
14 88338774 rs117656405 0.45547
14 88338892 rs192499867 0.5327
14 88338943 rs13379392 0.028446
14 88339046 rs555075252 0.32905
14 88339532 rs116094521 0.48901000000000006
14 88339714 rs116368036 0.15855999999999998
14 88339893 rs117111763 0.22671999999999998
14 88340541 rs146023760 0.44877
14 88340616 rs60366286 0.22539
14 88341331 rs6574962 0.18807000000000001
14 88341373 rs114645983 0.6845100000000001
14 88342124 rs10131001 0.38947
14 88342187 rs72691862 0.44856999999999997
14 88342474 rs2896062 0.18125
14 88342595 rs113381220 0.34183
14 88342653 rs74072416 0.98993
14 88342718 rs12432089 0.7822600000000001
14 88343030 rs61975633 0.027323000000000004
14 88343055 rs10134341 0.8882
14 88343119 rs148195126 0.1023
14 88343126 rs6574964 0.38034
14 88343448 rs142528374 0.2272
14 88343744 rs182780753 0.8578
14 88343813 rs111649037 0.17003
14 88344099 rs185108843 0.51899
14 88344279 rs148714451 0.2157
14 88344313 rs56092938 0.027995
14 88344458 rs8018395 0.45341000000000004
14 88345181 rs11159828 0.78557
14 88345276 rs556138352 0.78759
14 88345363 rs140977025 0.22826
14 88345401 rs149851694 0.3441
14 88345543 rs75678669 0.07153999999999999
14 88345626 rs992640 0.097427
14 88345821 rs148820282 0.12811
14 88345940 rs184589429 0.8262
14 88346566 rs12435515 0.6764100000000001
14 88346850 rs12323760 0.12305999999999999
14 88347036 rs35303086 0.6853100000000001
14 88347241 rs80345955 0.80686
14 88347296 rs10147624 0.21223000000000003
14 88347396 rs10147556 0.2107
14 88347520 rs11850661 0.04096
14 88348107 rs561315853 0.8573799999999999
14 88348515 rs77935755 0.33339
14 88348904 rs148768816 0.49941
14 88348924 rs34738069 0.57455
14 88349067 rs1450704 0.7865300000000001
14 88349127 rs1450705 0.16425
14 88349218 rs1450706 0.16343
14 88349240 rs55740005 0.039998
14 88349442 rs192511772 0.17613
14 88349471 rs12881360 0.33721
14 88349483 rs73325411 0.218
14 88349583 rs565920053 0.80802
14 88349821 rs1450707 0.67464
14 88349923 rs146704996 0.81203
14 88350064 rs1450708 0.17562
14 88350777 rs978257 0.16197999999999999
14 88350789 rs978258 0.15854000000000001
14 88351176 rs1012921 0.17315
14 88351560 rs1012922 0.81184
14 88351653 rs114543965 0.4845
14 88351661 rs2017654 0.38294
14 88352050 rs10146108 0.038252
14 88352547 rs969959 0.083636
14 88352632 rs28417970 0.6308199999999999
14 88352638 rs969960 0.09514
14 88352666 rs11627427 0.7358
14 88352680 rs8014180 0.048978
14 88352724 rs8014062 0.02335
14 88352946 rs74072421 0.31292
14 88352947 rs74072422 0.32287
14 88353006 rs116216294 0.15019000000000002
14 88353218 rs115192962 0.66005
14 88353486 rs1450709 0.71209
14 88353662 rs543563016 0.61192
14 88353754 rs114251571 0.38463
14 88353913 rs77658937 0.42076
14 88353989 rs716560 0.10244
14 88354223 rs149098139 0.93227
14 88354458 rs11844335 0.8804700000000001
14 88354526 rs11844365 0.8859899999999999
14 88354852 rs146417001 0.009684700000000001
14 88354978 rs12885749 0.10779000000000001
14 88355032 rs190255499 0.23465
14 88355122 rs10133218 0.08416900000000001
14 88355179 rs115501873 0.30123
14 88355192 rs4904400 0.1071
14 88355531 rs6574965 0.10475
14 88355597 rs4457933 0.10500999999999999
14 88355673 rs138265481 0.24133000000000002
14 88356052 rs80058642 0.50042
14 88356168 rs143130604 0.83263
14 88356228 rs75056922 0.2575
14 88356308 rs144447197 0.8198700000000001
14 88356314 rs11159829 0.75737
14 88356574 rs148417252 0.30925
14 88356757 rs2208984 0.10407000000000001
14 88356935 rs11159830 0.7609899999999999
14 88357607 rs181237906 0.84385
14 88357641 rs4519268 0.0059118
14 88357799 rs1006948 0.10323
14 88357824 rs147843612 0.5502199999999999
14 88358635 rs148939090 0.72859
14 88358668 rs60547739 0.19344
14 88358786 rs34539850 0.39903
14 88358853 rs35163965 0.41868
14 88358932 rs116699234 0.19688
14 88359162 rs114486162 0.569
14 88359688 rs10146776 0.19914
14 88360375 rs35362358 0.75793
14 88360384 rs35023551 0.7470600000000001
14 88360472 rs76674779 0.97924
14 88360513 rs59671736 0.20176
14 88360524 rs17684213 0.030170999999999996
14 88360653 rs17684249 0.030652999999999996
14 88360701 rs2401723 0.73364
14 88360720 rs2401724 0.73731
14 88360726 rs2401725 0.74352
14 88360808 rs150917714 0.63293
14 88360870 rs2401726 0.76913
14 88360957 rs2896063 0.76203
14 88360994 rs149467284 0.9475299999999999
14 88361024 rs17123878 0.20265
14 88361039 rs140426836 0.60836
14 88361114 rs7151765 0.65759
14 88361176 rs7152233 0.029532999999999997
14 88361437 rs7152339 0.00065707
14 88361472 rs11623259 0.73921
14 88361606 rs17123886 0.7127100000000001
14 88361658 rs10136046 0.2464
14 88361837 rs139709616 0.66755
14 88361982 rs73325430 0.8983899999999999
14 88362049 rs142680847 0.27343
14 88362083 rs17123888 0.70606
14 88362338 rs754307038 0.8907700000000001
14 88362419 rs529783959 0.6149600000000001
14 88362432 rs10138948 0.1291
14 88362519 rs10139047 0.96764
14 88362760 rs1885837 0.12692
14 88362776 rs10139239 0.8810100000000001
14 88362787 rs1885838 0.73597
14 88362795 rs1885839 0.78981
14 88362832 rs1885840 0.13307
14 88362901 rs189372503 0.33816999999999997
14 88363026 rs78545497 0.49987
14 88363034 rs116485427 0.24986999999999998
14 88363161 rs1885841 0.59754
14 88363182 rs145084187 0.84798
14 88363219 rs115083271 0.53782
14 88363384 rs8005715 0.08265
14 88363469 rs2401727 0.76037
14 88363520 rs114568407 0.098112
14 88363620 rs2896064 0.8115600000000001
14 88363653 rs8005933 0.069141
14 88363701 rs148174936 0.46229
14 88363789 rs74733727 0.45771000000000006
14 88363815 rs114784461 0.15639
14 88363958 rs8006521 0.8832399999999999
14 88364024 rs527246124 0.54727
14 88364067 rs8011317 0.9301799999999999
14 88364112 rs191359343 0.09619
14 88364206 rs75247856 0.8343
14 88364457 rs115846126 0.7319100000000001
14 88364743 rs114086829 0.47463
14 88364764 rs139645268 0.83509
14 88364767 rs114939646 0.10105
14 88364779 rs149938230 0.6309
14 88364965 rs28714411 0.010579
14 88364968 rs116265689 0.7325
14 88365030 rs115437822 0.73337
14 88365146 rs552766812 0.36541999999999997
14 88365300 rs80176967 0.62262
14 88365363 rs11851061 0.70538
14 88365479 rs11851047 0.73561
14 88365628 rs11851156 0.69418
14 88365706 rs10148997 0.74883
14 88365729 rs148694695 0.6421399999999999
14 88365852 rs11851171 0.48761000000000004
14 88365902 rs1349377 0.8955200000000001
14 88365934 rs11847361 0.7421399999999999
14 88366104 rs1470705 0.017189
14 88366223 rs114140306 0.73832
14 88366234 rs141266062 0.031266
14 88366319 rs61977263 0.028451999999999998
14 88366331 rs61977264 0.0079169
14 88366763 rs114361158 0.7358100000000001
14 88366811 rs59462063 0.43592
14 88367166 rs140540566 0.12969
14 88367184 rs115847748 0.72941
14 88367243 rs150462466 0.72549
14 88367246 rs116245664 0.7075
14 88367257 rs186778788 0.83042
14 88367283 rs73325443 0.46071000000000006
14 88367319 rs10132064 0.93201
14 88367331 rs138310607 0.31577
14 88367646 rs142715940 0.61339
14 88367771 rs56881507 0.09911299999999999
14 88367859 rs7147923 0.88613
14 88367982 rs7151119 0.5036
14 88368049 rs28631984 0.6937399999999999
14 88368080 rs28594919 0.71586
14 88368142 rs537868764 0.5764
14 88368280 rs1450712 0.63531
14 88368443 rs11846229 0.74074
14 88368585 rs28540421 0.97531
14 88368586 rs115590517 0.9518700000000001
14 88368622 rs7153580 0.98701
14 88368738 rs7153766 0.87851
14 88368806 rs11846382 0.67104
14 88368887 rs7154103 0.63971
14 88368902 rs115021659 0.9479299999999999
14 88368936 rs563759051 0.21531
14 88369071 rs141716793 0.92984
14 88369077 rs73325449 0.49956999999999996
14 88369289 rs150564892 0.40475
14 88369531 rs59848244 0.76756
14 88369711 rs10151210 0.77217
14 88369738 rs149744588 0.10592
14 88369777 rs10151303 0.70968
14 88369780 rs78179492 0.39959
14 88369813 rs11847657 0.68863
14 88369822 rs140017009 0.10919000000000001
14 88369888 rs11847636 0.69891
14 88370204 rs115875891 0.9346700000000001
14 88370343 rs57594765 0.74856
14 88370691 rs10162554 0.8816
14 88370753 rs146808418 0.48796999999999996
14 88370801 rs148959902 0.9137799999999999
14 88370878 rs114494718 0.8650100000000001
14 88370890 rs142903459 0.93048
14 88370904 rs115399271 0.93048
14 88370933 rs151088328 0.96629
14 88371032 rs74072429 0.51468
14 88371043 rs141063884 0.83568
14 88371075 rs10162583 0.10905999999999999
14 88371135 rs139376917 0.8331200000000001
14 88371315 rs141092536 0.09721
14 88371553 rs11851824 0.8615299999999999
14 88371590 rs541792255 0.14878
14 88371610 rs11851847 0.69243
14 88371707 rs11851869 0.67411
14 88371738 rs115607774 0.010088
14 88371861 rs146934840 0.080138
14 88371882 rs11851970 0.6078100000000001
14 88371987 rs11844603 0.8391700000000001
14 88372100 rs11849010 0.60711
14 88372207 rs137961488 0.8854
14 88372294 rs59884956 0.24921999999999997
14 88372366 rs17684605 0.005137
14 88372507 rs4329857 0.025755
14 88372563 rs8007083 0.90096
14 88372567 rs114211655 0.6073
14 88372637 rs191741400 0.011926
14 88372860 rs148244279 0.6738
14 88373157 rs547733028 0.29496999999999995
14 88373196 rs115814834 0.7035100000000001
14 88373300 rs146266417 0.48718999999999996
14 88373343 rs139434723 0.5663600000000001
14 88373376 rs114557825 0.36995
14 88373493 rs143553011 0.93006
14 88373585 rs115873443 0.70027
14 88373604 rs114381626 0.67894
14 88373883 rs115299225 0.76167
14 88374021 rs17123895 0.19723
14 88374044 rs28645684 0.67501
14 88374196 rs146305737 0.59704
14 88374210 rs75286871 0.23129
14 88374290 rs115915712 0.53347
14 88374383 rs79828056 0.012565
14 88374396 rs75859633 0.47803
14 88374456 rs115440332 0.8407600000000001
14 88374507 rs11847135 0.67956
14 88374569 rs114094389 0.70027
14 88374616 rs116333669 0.67499
14 88374659 rs115639989 0.67474
14 88374663 rs116215507 0.6997800000000001
14 88374682 rs115189359 0.8391799999999999
14 88374808 rs115845426 0.55586
14 88374969 rs114936563 0.66837
14 88375040 rs7141307 0.019661
14 88375104 rs393691 0.00099968
14 88375135 rs116523939 0.6783
14 88375137 rs115799319 0.60693
14 88375302 rs149185163 0.36995
14 88375316 rs116300693 0.60733
14 88375420 rs17094595 0.10689000000000001
14 88375421 rs76328122 0.37216
14 88375661 rs190896313 0.9848
14 88375773 rs114445571 0.6077600000000001
14 88376051 rs76320120 0.31458
14 88376097 rs10144104 0.70165
14 88376129 rs10143887 0.66914
14 88376165 rs114072702 0.36995
14 88376686 rs150930389 0.5958
14 88376908 rs187498748 0.6291399999999999
14 88376990 rs28626750 0.66966
14 88377202 rs150110442 0.5928899999999999
14 88377310 rs115201162 0.60746
14 88377390 rs7154214 0.021330000000000002
14 88377444 rs114483762 0.71732
14 88377515 rs117618720 0.40009
14 88377729 rs114593541 0.6045
14 88377745 rs403278 0.00093461
14 88377835 rs114332784 0.63138
14 88377852 rs410292 0.00094021
14 88377863 rs145472068 0.63112
14 88378024 rs57500105 0.019829
14 88378122 rs138091274 0.14774
14 88378173 rs116298659 0.63142
14 88378225 rs142669530 0.60729
14 88378397 rs115548805 0.62747
14 88378430 rs116804038 0.75956
14 88378500 rs413394 0.00098634
14 88378502 rs112774701 0.18614
14 88378504 rs116123897 0.5090100000000001
14 88378513 rs114834327 0.67606
14 88378525 rs367002 0.00094954
14 88378646 rs148503295 0.69239
14 88378721 rs114131249 0.62775
14 88378837 rs113146181 0.019478
14 88378866 rs368435 0.00099045
14 88378947 rs372296 0.0010208
14 88378954 rs11851887 0.63159
14 88378978 rs150633351 0.59629
14 88379203 rs448386 0.0010892
14 88379590 rs147930882 0.9429799999999999
14 88379674 rs78508172 0.0010872
14 88379728 rs448873 0.0010842
14 88379735 rs114478342 0.65856
14 88379892 rs114496587 0.59455
14 88379990 rs368066 0.68376
14 88380015 rs145651221 0.9118
14 88380088 rs115985681 0.8729600000000001
14 88380093 rs11627431 0.93742
14 88380209 rs145426186 0.6069399999999999
14 88380215 rs149027640 0.5232600000000001
14 88380316 rs115751576 0.5274800000000001
14 88380943 rs374751458 0.42011000000000004
14 88381258 rs4904401 0.9321
14 88381267 rs151160821 0.83609
14 88381307 rs116592639 0.093937
14 88381350 rs114364417 0.91756
14 88381391 rs446701 0.00094428
14 88381398 rs115081491 0.53586
14 88381401 rs114053509 0.59442
14 88381507 rs389208 0.00099089
14 88381511 rs397981 0.29094000000000003
14 88381541 rs116176833 0.91001
14 88381586 rs409878 0.28835
14 88381643 rs140294925 0.17914000000000002
14 88381774 rs116682981 0.59226
14 88381905 rs439468 0.0011003
14 88382049 rs449558 0.9361700000000001
14 88382306 rs2896065 0.9414899999999999
14 88382317 rs138024396 0.097277
14 88382318 rs559203809 0.12270999999999999
14 88382470 rs390684 0.00099042
14 88382490 rs150160549 0.43245
14 88382496 rs117501498 0.34181999999999996
14 88382544 rs55735609 0.020523
14 88382577 rs453780 0.19327
14 88382636 rs118024326 0.099739
14 88382675 rs115436341 0.52886
14 88382690 rs56850023 0.17157
14 88382746 rs115168423 0.54168
14 88382898 rs11844621 0.54772
14 88382899 rs11844622 0.52568
14 88383017 rs143107032 0.09826
14 88383035 rs11845506 0.52083
14 88383043 rs11845568 0.5225
14 88383098 rs382299 0.19232
14 88383099 rs544056827 0.9165200000000001
14 88383153 rs114095075 0.9172799999999999
14 88383176 rs147493965 0.36949
14 88383216 rs417023 0.00099324
14 88383286 rs115915234 0.92295
14 88383355 rs11845614 0.52284
14 88383414 rs417509 0.00097452
14 88383443 rs72690062 0.18137999999999999
14 88383472 rs114669655 0.9172799999999999
14 88383642 rs11845777 0.54882
14 88383661 rs117588275 0.86369
14 88383837 rs418501 0.0010498
14 88383932 rs528254955 0.1219
14 88383934 rs140005215 0.9029799999999999
14 88383985 rs366788 0.00090339
14 88384006 rs10148788 0.0010584000000000001
14 88384094 rs115593812 0.9231
14 88384179 rs408634 0.0010564
14 88384197 rs115670984 0.31281
14 88384585 rs116766233 0.52207
14 88384752 rs114728009 0.54561
14 88384901 rs539168445 0.20704
14 88384960 rs115727974 0.9224100000000001
14 88384990 rs184482383 0.9931
14 88385147 rs17684782 0.019549
14 88385233 rs8022451 0.57285
14 88385338 rs388203 0.54276
14 88385399 rs117984813 0.7255
14 88385431 rs388525 0.0012547
14 88385442 rs72690063 0.19175999999999999
14 88385467 rs11847992 0.52627
14 88385519 rs388850 0.20514000000000002
14 88385528 rs110390 0.20524
14 88385634 rs11848030 0.53052
14 88385656 rs149656491 0.5169699999999999
14 88385705 rs432410 0.0011042
14 88385867 rs410839 0.0012587
14 88385963 rs11848988 0.79394
14 88385967 rs79851759 0.37923
14 88386010 rs432994 0.0012779999999999998
14 88386222 rs7146278 0.19558
14 88386360 rs369679 0.00089038
14 88386371 rs407216 0.00078311
14 88386394 rs437801 0.0010753
14 88386521 rs391402 0.0010253
14 88386987 rs371859 0.001208
14 88387014 rs435163 0.0010332000000000002
14 88387055 rs140977645 0.09661
14 88387230 rs425198 0.0010289000000000001
14 88387344 rs3850375 0.016252000000000003
14 88387512 rs11850385 0.8743799999999999
14 88387665 rs11846573 0.7951699999999999
14 88387814 rs415351 0.00099626
14 88387906 rs440404 0.00085074
14 88387933 rs436214 0.00098188
14 88387957 rs11850486 0.68292
14 88387980 rs436235 0.00086532
14 88388208 rs11851460 0.10289000000000001
14 88388343 rs7157493 0.12675999999999998
14 88388397 rs414225 0.00090469
14 88388461 rs111764420 0.44453000000000004
14 88388547 rs11851566 0.70965
14 88388709 rs147477864 0.63855
14 88388923 rs149606081 0.70106
14 88389200 rs116036477 0.7174
14 88389540 rs119512 0.86065
14 88389567 rs115638220 0.29525999999999997
14 88389716 rs35150119 0.91184
14 88390135 rs440765 1.1731999999999998e-06
14 88390195 rs28718202 0.19412000000000001
14 88390246 rs563175690 0.73866
14 88390277 rs552196518 0.81479
14 88390314 rs74072455 0.18059
14 88390341 rs8021864 1.5083e-06
14 88390354 rs417176 3.4005e-09
14 88390362 rs116438936 0.16963
14 88390389 rs113486115 0.30682
14 88390504 rs10139547 0.0089695
14 88390576 rs533992940 0.92266
14 88390939 rs74072458 0.45101
14 88391031 rs115254686 0.13389
14 88391067 rs117566760 0.31404
14 88391083 rs75417884 0.28321
14 88391116 rs12880714 0.032555
14 88391225 rs114908779 0.15514
14 88391333 rs12881373 0.03311
14 88391374 rs386525 1.8905e-10
14 88391409 rs10142491 0.7026899999999999
14 88391492 rs77593588 1.0535000000000001e-08
14 88391765 rs10142867 0.018144999999999998
14 88391860 rs148887413 0.40608
14 88391873 rs116207919 0.27857
14 88391907 rs529922312 0.6522899999999999
14 88391987 rs143594983 0.33336
14 88392077 rs78948739 0.5763199999999999
14 88392116 rs138221639 0.60325
14 88392152 rs112328017 0.08757899999999999
14 88392170 rs3911141 0.60724
14 88392434 rs7149635 0.56519
14 88392493 rs425598 1.8605e-10
14 88392545 rs397480 1.9987e-10
14 88392559 rs114679518 0.60237
14 88392599 rs147040711 0.44098999999999994
14 88392783 rs397664 1.8265e-10
14 88393062 rs1661320 1.8285e-10
14 88393307 rs114246924 0.17064000000000001
14 88393505 rs406280 1.8453e-10
14 88393523 rs406294 1.8285e-10
14 88393524 rs34569633 0.73523
14 88393537 rs138888882 0.60325
14 88393541 rs540054918 0.25725
14 88393568 rs149410768 0.43803000000000003
14 88393594 rs146384797 0.36761
14 88393707 rs139772116 0.089304
14 88393719 rs112648210 0.0042732
14 88393746 rs1745632 2.6088999999999996e-10
14 88393750 rs145942643 0.60275
14 88393770 rs55828562 0.65312
14 88393900 rs72690071 0.00061855
14 88393918 rs380142 2.6602999999999996e-10
14 88393995 rs75969246 7.665999999999999e-09
14 88394628 rs415217 2.6186e-10
14 88394633 rs115280784 0.60248
14 88394780 rs72629364 0.15337
14 88394860 rs7141097 0.10579000000000001
14 88394931 rs416542 2.6186e-10
14 88395095 rs376017 0.55485
14 88395105 rs114796787 0.60275
14 88395136 rs378404 2.5726e-10
14 88395173 rs2896066 2.3306e-10
14 88395235 rs400005 0.5823
14 88395251 rs397550 0.5966899999999999
14 88395286 rs4620899 2.2746000000000003e-10
14 88395443 rs77271936 0.40724
14 88395447 rs73327222 0.87235
14 88395669 rs401370 0.5954
14 88395910 rs372684 0.83467
14 88395999 rs2597821 0.7336600000000001
14 88396005 rs7151777 0.10934
14 88396072 rs143276547 0.39333
14 88396081 rs8014302 2.1480000000000002e-10
14 88396100 rs1745633 6.9877e-11
14 88396107 rs1745634 0.5823
14 88396145 rs1745635 2.5022e-10
14 88396765 rs117626544 0.68509
14 88396781 rs410759 0.59823
14 88396969 rs431156 0.59823
14 88396979 rs146167385 0.5953
14 88396992 rs61977306 0.0039649
14 88397262 rs6574972 0.098225
14 88397269 rs384128 2.3595e-10
14 88397366 rs4537954 2.0153999999999998e-10
14 88397387 rs147617014 0.18513
14 88397683 rs61977307 0.010328
14 88397703 rs1745636 0.58629
14 88397754 rs1745637 0.58629
14 88397793 rs1661321 2.3637000000000003e-10
14 88397815 rs4547273 1.8530000000000002e-10
14 88397947 rs11159831 2.0763999999999997e-10
14 88398112 rs145735938 0.60248
14 88398177 rs2984825 2.4256e-10
14 88398222 rs186859671 0.60248
14 88398323 rs12880526 2.0365000000000002e-10
14 88398324 rs148380771 0.60197
14 88398338 rs2919913 0.58757
14 88398358 rs11848620 2.3254e-10
14 88398372 rs139070502 0.79445
14 88398481 rs1661322 0.58757
14 88398531 rs1661323 0.58629
14 88398546 rs140480034 0.15975
14 88398561 rs1661324 2.3274e-10
14 88398650 rs2984826 0.56671
14 88398706 rs10142621 2.0808e-10
14 88398727 rs366483 0.57272
14 88399067 rs11849742 0.94453
14 88399122 rs140561609 0.63861
14 88399205 rs144270515 0.60275
14 88399247 rs12885948 2.0857e-10
14 88399299 rs146587893 0.20425
14 88399488 rs17198 1.9777e-10
14 88399623 rs405567 2.3259000000000002e-10
14 88399632 rs193250333 0.48966000000000004
14 88399801 rs1042042 1.9777e-10
14 88399950 rs1042035 7.4741e-09
14 88400087 rs370559 0.53161
14 88400093 rs116351733 0.60159
14 88400275 rs114174103 0.17883
14 88400353 rs412915 2.3934e-10
14 88400367 rs45572135 0.29791999999999996
14 88400449 rs413750 0.57186
14 88400450 rs432946 2.3934e-10
14 88400486 rs1042029 2.0863e-10
14 88400681 rs3850376 0.70485
14 88400741 rs115707123 0.60275
14 88401213 rs421262 0.60935
14 88401392 rs433764 0.6237699999999999
14 88401442 rs390474 0.73985
14 88401460 rs79558046 0.29178000000000004
14 88401708 rs2301118 2.0212e-10
14 88401807 rs74072495 0.44216000000000005
14 88401832 rs138748926 0.99984
14 88401904 rs2301119 0.02999
14 88401912 rs368585 2.376e-10
14 88401993 rs421749 2.4945e-10
14 88402133 rs422840 0.58629
14 88402169 rs411510 0.58629
14 88402313 rs150774726 0.77507
14 88402329 rs2301120 2.0815e-10
14 88402596 rs79645689 6.8695e-09
14 88402670 rs10138271 2.0411000000000003e-10
14 88402686 rs72629365 0.15603
14 88402808 rs149957034 0.68547
14 88402821 rs11624233 1.992e-10
14 88402957 rs115362017 0.60248
14 88403156 rs1661325 0.48738000000000004
14 88403426 rs368159 2.4368000000000003e-10
14 88403492 rs115256851 0.60338
14 88403505 rs139500142 0.18300999999999998
14 88403521 rs547501442 0.60159
14 88403541 rs12100915 0.43604
14 88403619 rs78683818 0.6178
14 88403751 rs187444873 0.05126
14 88403767 rs12881008 1.9657e-10
14 88403811 rs144210653 0.39594
14 88403817 rs74074639 0.38645
14 88403932 rs454053 0.48738000000000004
14 88404026 rs114637071 0.60248
14 88404037 rs418152 0.4862
14 88404343 rs75542709 0.11347
14 88404361 rs141299460 0.33347
14 88404382 rs10133753 0.025751
14 88404664 rs116454642 0.19205999999999998
14 88404691 rs440770 1.3063e-10
14 88404692 rs72629366 0.14867
14 88404706 rs400777 0.02
14 88404715 rs454425 2.0344e-10
14 88404789 rs440934 0.43662
14 88404923 rs442118 2.2634000000000002e-10
14 88404948 rs10134254 1.8271000000000003e-10
14 88405054 rs424977 2.939e-10
14 88405104 rs142381883 0.25888
14 88405272 rs79442615 1.4474e-08
14 88405296 rs429544 0.6248
14 88405297 rs366888 0.4758
14 88405371 rs445148 0.42918
14 88405379 rs115258217 0.60248
14 88405493 rs367636 2.2102e-10
14 88405826 rs114837966 0.60275
14 88405886 rs72629367 0.16232
14 88405899 rs33990647 0.021315999999999998
14 88405932 rs432822 0.45071000000000006
14 88406056 rs115674427 0.27314
14 88406120 rs45626938 1.8499999999999998e-10
14 88406127 rs45567441 1.8499999999999998e-10
14 88406143 rs118084239 0.82035
14 88406298 rs192911803 0.83185
14 88406404 rs417276 0.4649
14 88406490 rs749482472 0.9990399999999999
14 88406529 rs112634971 0.10312
14 88406657 rs141923758 0.8359200000000001
14 88406791 rs404356 0.45071000000000006
14 88406799 rs439833 2.8554e-13
14 88406816 rs4899930 0.0032923
14 88406941 rs3911142 0.45005
14 88407005 rs383994 2.2588999999999998e-10
14 88407255 rs443013 0.45071000000000006
14 88407367 rs182185927 0.53004
14 88407673 rs771864129 0.67823
14 88407681 rs535956106 0.33438
14 88407734 rs448805 0.45001
14 88407785 rs115018138 0.18938
14 88407875 rs421466 0.49003
14 88407888 rs398607 2.4074000000000004e-10
14 88407917 rs12432149 1.8925000000000002e-10
14 88407978 rs148028728 0.88728
14 88408057 rs74073881 0.44106000000000006
14 88408064 rs381069 2.9786e-10
14 88408221 rs367125 0.45071000000000006
14 88408278 rs17759366 5.8117e-09
14 88408338 rs366323 0.49106000000000005
14 88408346 rs427018 0.49108
14 88408403 rs390521 0.52241
14 88408456 rs150580065 0.33445
14 88408534 rs142717112 0.45137
14 88408554 rs78359996 0.48278000000000004
14 88408555 rs76736242 0.47941000000000006
14 88408609 rs451554 0.49108
14 88408775 rs72629368 0.18305
14 88408923 rs405436 0.48189
14 88409195 rs432425 0.44956
14 88409202 rs145775208 0.33371
14 88409350 rs114095345 0.40655
14 88409527 rs2285008 1.882e-10
14 88409568 rs419458 0.44343999999999995
14 88409600 rs114222385 0.60356
14 88409648 rs380557 2.3043999999999998e-10
14 88409708 rs425189 0.48863
14 88409734 rs2285009 1.8821000000000001e-10
14 88409831 rs434894 0.44937
14 88409860 rs75849002 0.38024
14 88409895 rs452307 2.3105e-10
14 88409927 rs2285010 0.16
14 88409931 rs417504 0.49108
14 88409941 rs2285011 1.8821000000000001e-10
14 88409963 rs367221 0.49108
14 88409965 rs77010659 6.806999999999999e-09
14 88410185 rs422566 0.49106000000000005
14 88410205 rs422580 0.52495
14 88410227 rs4445832 0.030341000000000003
14 88410273 rs389253 0.67871
14 88410356 rs76333390 0.10695999999999999
14 88410395 rs17759543 6.0543000000000005e-09
14 88410433 rs112619583 0.13972
14 88410434 rs2269312 0.033013
14 88410521 rs114726103 0.60197
14 88410532 rs431532 0.52495
14 88410794 rs576212461 0.8002100000000001
14 88410811 rs2269313 0.028536000000000002
14 88410828 rs423920 0.48863999999999996
14 88410835 rs404731 0.49106000000000005
14 88410836 rs404078 0.44295
14 88410892 rs435412 0.48863
14 88410932 rs385108 0.48863
14 88411187 rs72629369 0.15181
14 88411220 rs364400 0.56904
14 88411295 rs415076 2.2556e-10
14 88411351 rs2896069 1.8223e-10
14 88411352 rs114532242 0.6020800000000001
14 88411373 rs429923 4.1530000000000005e-10
14 88411495 rs365448 2.3163999999999996e-10
14 88411643 rs149502992 0.49438000000000004
14 88411693 rs430536 0.6230399999999999
14 88411803 rs444902 0.49108999999999997
14 88411837 rs366615 2.2706999999999997e-10
14 88411878 rs141839955 0.8502299999999999
14 88411947 rs367327 0.6522899999999999
14 88412282 rs115987290 0.90651
14 88412310 rs3910682 1.862e-10
14 88412322 rs141431914 0.60327
14 88412366 rs150841316 0.49322
14 88412509 rs3910683 0.026144
14 88412641 rs378816 2.2345000000000001e-10
14 88412730 rs573298140 0.9838
14 88412741 rs447852 0.45477
14 88412999 rs28516590 0.58829
14 88413182 rs450976 2.1808e-10
14 88413373 rs3850377 1.8016999999999998e-10
14 88413433 rs4254268 1.8531999999999999e-10
14 88413468 rs28535340 0.81666
14 88413646 rs78394802 0.62961
14 88413885 rs17123925 0.1151
14 88413938 rs17123928 0.16066
14 88413939 rs116056744 0.4806
14 88414158 rs34134328 0.60053
14 88414211 rs398076 2.1573e-13
14 88414283 rs398343 0.5257
14 88414301 rs60797274 0.10762000000000001
14 88414443 rs73329338 0.76477
14 88414572 rs190912960 0.8002100000000001
14 88414603 rs17123933 0.11234000000000001
14 88414801 rs417452 0.46555
14 88414834 rs58661806 0.3874
14 88414851 rs386079 0.48923999999999995
14 88414875 rs12433598 0.026815
14 88415158 rs429170 0.46321999999999997
14 88415173 rs114026841 0.61241
14 88415200 rs12434297 2.5642000000000003e-10
14 88415258 rs117642150 0.49631000000000003
14 88415305 rs77996053 0.1317
14 88415422 rs429176 2.6070999999999997e-10
14 88415500 rs394171 0.18698
14 88415514 rs28414497 0.67448
14 88415618 rs112450509 0.2557
14 88415804 rs75360027 0.25314000000000003
14 88415845 rs3213915 9.844900000000001e-08
14 88415847 rs553733251 0.47911000000000004
14 88415880 rs111231057 0.16757
14 88415929 rs7161703 0.092532
14 88416017 rs3213916 0.011684
14 88416030 rs3213917 2.9505e-11
14 88416166 rs74076317 0.37509000000000003
14 88416225 rs3213918 0.5495800000000001
14 88416390 rs440426 0.59639
14 88416441 rs451073 0.56347
14 88416739 rs149342396 0.9794700000000001
14 88416853 rs417521 0.5627
14 88416956 rs148098570 0.48018
14 88417018 rs112531377 0.53697
14 88417125 rs113021000 0.53697
14 88417142 rs781400623 0.5705600000000001
14 88417161 rs431748 0.64362
14 88417244 rs443019 0.56363
14 88417289 rs428542 0.5624899999999999
14 88417443 rs17759941 9.3348e-09
14 88417517 rs3850378 0.099883
14 88417651 rs17759953 9.308700000000001e-09
14 88417672 rs76504061 0.9582
14 88417821 rs408667 7.431799999999999e-11
14 88417897 rs56320641 9.4079e-09
14 88418098 rs8019944 0.31532
14 88418410 rs568185343 0.75383
14 88418414 rs79008288 0.5341199999999999
14 88418594 rs2301121 0.32264
14 88418613 rs78140438 9.3388e-09
14 88418729 rs77476298 9.4035e-09
14 88418768 rs74636131 9.5168e-09
14 88418930 rs149044902 0.80662
14 88419003 rs2301122 0.009298200000000001
14 88419061 rs74076318 0.37411
14 88419242 rs10483987 7.1359e-09
14 88419276 rs140322005 0.39293
14 88419358 rs2301123 0.31309000000000003
14 88419365 rs17123944 0.53384
14 88419374 rs2236362 0.012279
14 88419451 rs10130062 0.80662
14 88419924 rs148047454 0.013821
14 88420016 rs150180100 0.14329
14 88420230 rs112079519 0.34909
14 88420282 rs17760079 8.351700000000001e-09
14 88420306 rs766739480 0.37456
14 88420353 rs112207823 0.18794
14 88420412 rs147263206 0.58829
14 88420511 rs17760097 1.2239e-08
14 88420788 rs17123945 0.53395
14 88421100 rs79151311 1.2442e-08
14 88421136 rs2269314 0.1502
14 88421279 rs78496567 0.45511999999999997
14 88421350 rs17686897 1.2451000000000002e-08
14 88421482 rs113691242 1.2442e-08
14 88421483 rs142973647 0.8557899999999999
14 88421564 rs113103510 1.2005999999999998e-08
14 88421619 rs17686916 1.4423999999999999e-08
14 88421677 rs17760198 1.2442e-08
14 88421777 rs74073726 0.38566
14 88421908 rs17760204 1.2437e-08
14 88422261 rs74073727 0.51452
14 88422442 rs111645220 0.51407
14 88422569 rs384152 0.55278
14 88422690 rs759757130 0.11827
14 88422740 rs72629370 0.15708
14 88422897 rs114336602 0.5272600000000001
14 88422899 rs115976137 0.47605
14 88423268 rs116644409 0.18794
14 88423662 rs112947484 1.0923000000000001e-08
14 88423777 rs28823368 0.80862
14 88423989 rs114486353 0.022096
14 88424120 rs376222 4.0367e-11
14 88424275 rs3844023 0.005737699999999999
14 88424324 rs117674806 0.16430999999999998
14 88424372 rs550964337 0.78662
14 88424606 rs77634147 1.0923000000000001e-08
14 88424681 rs183716865 0.78662
14 88425345 rs435977 0.51675
14 88425469 rs564762337 0.35375999999999996
14 88425584 rs144371214 0.15458
14 88425644 rs116150779 0.18398
14 88425677 rs570416987 0.78662
14 88425679 rs141479556 0.8504799999999999
14 88425686 rs112649012 1.1726e-08
14 88425782 rs571523750 0.96946
14 88425835 rs4283160 1.0998000000000002e-08
14 88426007 rs7152881 0.0059393
14 88426154 rs398075 1.1067000000000001e-13
14 88426187 rs189394744 0.78662
14 88426297 rs4462528 0.11574000000000001
14 88426299 rs10135767 0.80799
14 88426381 rs113212450 1.0730999999999999e-08
14 88426518 rs8015102 0.39359
14 88426626 rs8014856 0.20581999999999998
14 88426978 rs379911 0.51241
14 88427075 rs7157799 0.0059475000000000005
14 88427419 rs147020960 0.49288000000000004
14 88427589 rs450327 0.47201000000000004
14 88427648 rs141574205 0.58285
14 88427991 rs187227333 0.78662
14 88428024 rs80094596 0.17682
14 88428085 rs17123948 0.15034
14 88428283 rs80275718 9.2896e-09
14 88428544 rs450711 6.9689e-12
14 88428769 rs146402510 0.32206
14 88429033 rs2119701 0.0081003
14 88429304 rs3844024 0.0083429
14 88429344 rs3906821 1.0649e-08
14 88429427 rs3906822 1.0638e-08
14 88429488 rs74073729 0.51456
14 88429690 rs17687109 1.0632999999999998e-08
14 88429817 rs74073730 0.49304
14 88429980 rs17760374 1.0632999999999998e-08
14 88430125 rs78508589 1.0632999999999998e-08
14 88430169 rs17687144 1.0586e-08
14 88430274 rs77777141 0.97004
14 88430294 rs11621530 0.0059506
14 88430492 rs1661319 0.5171399999999999
14 88430827 rs17760434 1.0632999999999998e-08
14 88431004 rs17760451 1.0825000000000001e-08
14 88431704 rs17760463 1.0859000000000001e-08
14 88431715 rs111872618 0.54003
14 88431885 rs190921137 0.023318000000000002
14 88431898 rs12888666 0.008509899999999999
14 88431926 rs183105855 0.59358
14 88432166 rs72692072 0.015028999999999999
14 88432328 rs74796499 0.44048000000000004
14 88432387 rs573528556 0.29969
14 88432430 rs75278910 1.0601e-08
14 88432512 rs76021872 7.602100000000001e-09
14 88432735 rs115263328 0.18794
14 88432915 rs143309984 0.45965
14 88432942 rs2269315 0.0080211
14 88432973 rs773542957 0.44056000000000006
14 88432992 rs7141758 0.23534000000000002
14 88433118 rs116045454 0.7804800000000001
14 88433170 rs116571 0.78369
14 88433439 rs115376746 0.83785
14 88433524 rs78106580 1.0601e-08
14 88433559 rs140683462 0.5541699999999999
14 88433564 rs74859377 1.0658e-08
14 88433660 rs413420 3.6546e-11
14 88433731 rs76416515 0.5876
14 88433846 rs77779268 1.0686e-08
14 88433862 rs77463057 1.0632999999999998e-08
14 88433915 rs117433774 0.48205
14 88433990 rs17687329 1.0634e-08
14 88434019 rs17687346 1.3011e-08
14 88434134 rs10144207 0.0057223
14 88434181 rs75356374 1.0634e-08
14 88434207 rs80053959 1.0634e-08
14 88434212 rs10144227 0.57612
14 88434409 rs397644 0.5213300000000001
14 88434517 rs138491303 0.98155
14 88434557 rs10483988 1.0634e-08
14 88434893 rs17687364 1.019e-08
14 88435087 rs111247702 0.54003
14 88435574 rs74387576 1.0634e-08
14 88435575 rs74073731 0.66562
14 88435746 rs17687383 1.0483e-08
14 88435864 rs17760655 1.0631999999999999e-08
14 88435934 rs112697865 0.53935
14 88436000 rs72629372 0.15225
14 88436042 rs114628351 0.20107
14 88436192 rs17760679 1.0268e-08
14 88436342 rs116048920 0.023318000000000002
14 88436376 rs17687474 1.0265999999999999e-08
14 88436390 rs80319205 0.24647
14 88436405 rs17687486 1.0265999999999999e-08
14 88436487 rs138412256 0.46143999999999996
14 88436576 rs114751093 0.16931
14 88436723 rs116452475 0.84329
14 88436831 rs17687510 1.0621e-08
14 88436866 rs77968444 0.53898
14 88436876 rs10151403 0.79728
14 88437101 rs147385592 0.79748
14 88437130 rs139647046 1.2568999999999998e-08
14 88437172 rs548576273 0.78662
14 88437557 rs77148223 4.5519e-08
14 88437562 rs114946819 0.15049
14 88437623 rs148690840 0.76659
14 88437768 rs76675978 1.1340000000000001e-08
14 88437877 rs77676921 1.1366e-08
14 88437999 rs75907878 1.1398999999999998e-08
14 88438009 rs142751320 0.84354
14 88438064 rs79109094 1.1398999999999998e-08
14 88438089 rs7149483 0.66385
14 88438194 rs41366148 1.1398999999999998e-08
14 88438410 rs61977331 0.028633
14 88438448 rs4904408 7.8689e-12
14 88438582 rs116225254 0.20314000000000002
14 88438685 rs79466467 1.0986e-08
14 88438706 rs74404031 1.1398999999999998e-08
14 88438759 rs60617687 0.11034000000000001
14 88438769 rs72629373 0.15205
14 88438783 rs112447881 0.53935
14 88438914 rs10083507 0.5292
14 88439021 rs116111842 0.98155
14 88439242 rs80027914 1.1402000000000002e-08
14 88439337 rs61057898 0.77663
14 88439351 rs74073735 0.43668999999999997
14 88439419 rs72629374 0.15007
14 88439697 rs56294010 9.028899999999999e-09
14 88439762 rs116307428 0.25411999999999996
14 88439777 rs72629375 0.15205
14 88439805 rs138456533 0.46143999999999996
14 88439870 rs72629376 0.15750999999999998
14 88439940 rs112769790 0.54003
14 88440284 rs78066255 1.1402000000000002e-08
14 88440294 rs76602783 1.1341e-08
14 88440393 rs149216278 0.48034
14 88440437 rs72629377 0.15911
14 88440509 rs182223049 0.090414
14 88440592 rs148187643 0.42135
14 88440636 rs56289888 1.1171e-08
14 88440665 rs10147014 1.0585999999999999e-11
14 88440795 rs72629378 0.15044000000000002
14 88440838 rs116628302 0.58748
14 88441057 rs141168061 0.46143999999999996
14 88441096 rs76674403 1.1771e-08
14 88441270 rs182958277 0.78662
14 88441626 rs116400032 0.26916
14 88441659 rs79170106 1.1188e-08
14 88441682 rs762899783 0.30364
14 88441683 rs11159832 2.3860000000000002e-09
14 88441706 rs79026265 1.1402000000000002e-08
14 88441874 rs74617600 1.1402000000000002e-08
14 88441919 rs59647005 0.34193
14 88442087 rs528837324 0.78662
14 88442223 rs143579765 0.44147
14 88442259 rs78523647 1.1148e-08
14 88442325 rs147194387 0.18979000000000001
14 88442354 rs75290667 1.1402000000000002e-08
14 88442503 rs4904409 1.6727999999999998e-09
14 88442535 rs77096090 0.5696399999999999
14 88442582 rs76114917 1.1402000000000002e-08
14 88442598 rs139589730 0.023126
14 88442646 rs76521220 1.1402000000000002e-08
14 88442712 rs34362748 1.2024999999999998e-08
14 88442999 rs547582334 0.80799
14 88443007 rs111931900 1.0988e-08
14 88443105 rs148708614 1.1402000000000002e-08
14 88443116 rs112469201 1.0182e-08
14 88443157 rs146803770 0.5684600000000001
14 88443264 rs113698824 1.1402000000000002e-08
14 88443484 rs77151798 1.1404e-08
14 88443553 rs117778022 0.21415
14 88443649 rs74887974 1.1216e-08
14 88443665 rs12587119 0.007244899999999999
14 88443724 rs141059638 0.39731
14 88443736 rs79082584 1.1403000000000001e-08
14 88443753 rs75405203 0.4662
14 88443777 rs72629379 0.15963
14 88443852 rs10133933 4.6345e-12
14 88443969 rs188730653 0.78662
14 88443976 rs78686014 1.1403000000000001e-08
14 88444158 rs114010236 0.38382
14 88444174 rs72629380 0.15964
14 88444304 rs74442856 1.1454999999999999e-08
14 88444324 rs79273253 1.1431e-08
14 88444391 rs60898379 0.56781
14 88444402 rs75591346 1.1431e-08
14 88444431 rs11851130 0.8457399999999999
14 88444459 rs112386628 1.1431e-08
14 88444521 rs8016551 1.6057000000000002e-09
14 88444648 rs117099321 7.534300000000001e-09
14 88444653 rs113159989 1.1431e-08
14 88444684 rs78260684 1.1431e-08
14 88444700 rs78799329 1.1431e-08
14 88444752 rs55808324 0.10192999999999999
14 88444819 rs77282353 1.1431e-08
14 88444821 rs187591762 0.51
14 88444847 rs148240309 0.46698
14 88444882 rs10137195 0.0052527
14 88444944 rs73312810 0.75632
14 88445077 rs141268418 0.65166
14 88445124 rs150791132 0.46143999999999996
14 88445155 rs79932931 1.1454999999999999e-08
14 88445188 rs76133511 1.1454999999999999e-08
14 88445282 rs79518230 0.43506999999999996
14 88445310 rs77768596 1.1552e-08
14 88445416 rs10140207 0.0052802
14 88445472 rs111717223 1.1476e-08
14 88445572 rs10129418 0.10997
14 88445653 rs190265645 0.22359
14 88445747 rs139566488 0.45395
14 88445992 rs72629381 0.1583
14 88446028 rs76679904 1.1363e-08
14 88446036 rs78225849 1.1363e-08
14 88446140 rs77242536 7.795200000000001e-08
14 88446262 rs79175409 1.1473999999999999e-08
14 88446304 rs12586804 7.5031e-12
14 88446495 rs112607366 1.1454999999999999e-08
14 88446498 rs113208911 1.2994e-08
14 88446583 rs141865481 0.015578999999999999
14 88446663 rs141985790 1.3012e-08
14 88446687 rs12586894 0.007593899999999999
14 88446876 rs12883250 1.8378e-09
14 88446978 rs17797969 1.1369e-08
14 88447001 rs17123955 0.34283
14 88447014 rs114061448 0.023126
14 88447046 rs143557368 0.022358000000000003
14 88447104 rs28550284 0.80799
14 88447200 rs17203370 0.19446
14 88447226 rs61536676 0.62958
14 88447402 rs78793797 8.9827e-09
14 88447418 rs112924743 1.137e-08
14 88447453 rs113121553 1.1403000000000001e-08
14 88447457 rs111814351 1.1403000000000001e-08
14 88447528 rs752830452 0.32691
14 88447591 rs149877176 1.1403000000000001e-08
14 88447615 rs142779480 0.45313000000000003
14 88447709 rs190877568 0.52956
14 88448085 rs768195549 0.74848
14 88448451 rs17797981 1.1425000000000001e-08
14 88448486 rs17797987 1.1425000000000001e-08
14 88448525 rs45568734 1.1173e-08
14 88448643 rs79515863 1.1425000000000001e-08
14 88448875 rs74563284 1.1425000000000001e-08
14 88449057 rs17798005 1.1425000000000001e-08
14 88449087 rs74625075 0.21700999999999998
14 88449089 rs77978961 1.1402000000000002e-08
14 88449146 rs111958806 0.57738
14 88449210 rs17203391 1.1402000000000002e-08
14 88449322 rs17123957 0.14672000000000002
14 88449459 rs113583666 6.9062e-09
14 88449511 rs75219395 0.6410100000000001
14 88449626 rs142064080 0.18792999999999999
14 88449640 rs117103054 0.15791
14 88449654 rs77307507 1.1394999999999999e-08
14 88449804 rs76987309 1.1345e-08
14 88449847 rs17203398 0.0057776
14 88450006 rs17203405 1.1555e-08
14 88450031 rs78715225 1.1589e-08
14 88450076 rs79269023 1.1600999999999999e-08
14 88450337 rs79533795 1.1528e-08
14 88450368 rs74073783 0.42816000000000004
14 88450401 rs28587714 0.09591000000000001
14 88450405 rs79653503 1.1559e-08
14 88450411 rs757990966 0.077708
14 88450529 rs113631096 0.54003
14 88450639 rs17798011 1.1332e-08
14 88450667 rs80236006 0.5334399999999999
14 88450770 rs1805078 0.03549
14 88450928 rs77468347 1.1206000000000001e-08
14 88451251 rs10142115 0.005657100000000001
14 88451305 rs78185844 1.0649e-08
14 88451323 rs75532120 1.065e-08
14 88451493 rs114697287 0.9582
14 88451663 rs141048814 0.45842
14 88451681 rs41430647 0.11572
14 88451853 14:88451853_A_G 0.77544
14 88452338 rs73312821 0.067038
14 88452441 rs8012190 1.9356e-09
14 88452563 rs115027658 0.37325
14 88452878 rs56194647 0.79819
14 88452941 rs147313927 0.095654
14 88452945 rs11552556 0.5100100000000001
14 88452981 rs77466023 1.2090000000000001e-08
14 88453035 rs45627231 0.9808
14 88453186 rs2165567 0.008100399999999999
14 88453278 rs2119702 0.007732800000000001
14 88453424 rs2119703 1.0634e-11
14 88453546 rs57593039 0.3802
14 88453621 rs185015754 0.78747
14 88453701 rs78999571 9.1014e-09
14 88453833 rs2165568 0.007049
14 88454444 rs73312826 0.7038399999999999
14 88454469 rs74337989 1.1367e-08
14 88454691 rs2245387 0.0077685
14 88454910 rs2289511 4.8532e-14
14 88454935 rs145459428 0.8218200000000001
14 88454937 rs74689143 1.1346000000000001e-08
14 88454938 rs116258242 0.9885299999999999
14 88454974 rs148831638 0.5794699999999999
14 88455162 rs78875178 0.11885
14 88455243 rs115369102 0.49073999999999995
14 88455424 rs542860680 0.78747
14 88455488 rs74577205 1.1368e-08
14 88455513 rs115581814 0.33854
14 88455545 rs28368943 0.79975
14 88455605 rs78920797 1.1340000000000001e-08
14 88455654 rs140977847 0.44181000000000004
14 88455696 rs73312833 0.69936
14 88455711 rs79083631 1.0589e-08
14 88455736 rs715273 0.092971
14 88455786 rs8009445 0.0068964
14 88455875 rs75954997 1.1356999999999999e-08
14 88455963 rs76746012 1.1362000000000001e-08
14 88456070 rs140388156 0.91696
14 88456144 rs77459457 1.1381e-08
14 88456200 rs76872250 1.1416e-08
14 88456281 rs77567740 1.1422000000000001e-08
14 88456428 rs75702133 1.1272e-08
14 88456447 rs71423502 0.5553
14 88456559 rs8014798 0.075373
14 88456782 rs115633693 0.91312
14 88456795 rs546135626 0.021304
14 88456876 rs115196956 0.97846
14 88456877 rs56281423 1.1307e-08
14 88456899 rs56396756 1.1706e-08
14 88456972 rs56264782 1.1446e-08
14 88456985 rs55650709 1.1446e-08
14 88457047 rs75961622 0.5063
14 88457174 rs56150647 1.1447e-08
14 88457259 rs115065103 0.28175
14 88457402 rs10138763 0.06796100000000001
14 88457698 rs55657127 1.1992e-08
14 88457766 rs565996509 0.8296
14 88457842 rs143952825 0.46145
14 88457929 rs55805734 1.2943e-08
14 88458202 rs544773348 0.8316600000000001
14 88458573 rs78557856 1.1572e-08
14 88458745 rs78187751 1.1458999999999999e-08
14 88458996 rs150914331 0.46645
14 88459280 rs143228205 1.6878e-08
14 88459304 rs191767015 0.31203000000000003
14 88459413 rs113719127 0.86472
14 88459448 rs111887056 1.6774e-08
14 88459467 rs112992946 1.6236e-08
14 88459574 rs146439771 0.96919
14 88459656 rs76999174 1.4111e-08
14 88459795 rs73312836 0.15361
14 88459877 rs146724227 0.48783999999999994
14 88459971 rs181956126 0.45478
14 88460100 rs148883476 0.4598
14 88460356 rs116768035 0.52313
14 88460750 rs8007437 5.154300000000001e-09
14 88460769 rs8007714 0.12099000000000001
14 88460880 rs147039258 0.38606999999999997
14 88460975 rs746881234 0.019185
14 88461025 rs182972375 0.29686999999999997
14 88461227 rs115703341 0.38442
14 88461248 rs3759712 1.0184000000000001e-11
14 88461412 rs377356352 0.5726
14 88461436 rs138338575 0.9659700000000001
14 88461613 rs111610703 0.53927
14 88461855 rs28623317 0.5564
14 88462085 rs535858159 0.69608
14 88462284 rs116430324 0.47448999999999997
14 88462288 rs72629382 0.15852
14 88462346 rs72629383 0.15622
14 88462861 rs73312845 0.16201
14 88462988 rs7140285 0.11077999999999999
14 88463006 rs73312850 0.13747
14 88463019 rs12879345 0.010024
14 88463209 rs28399256 0.32558000000000004
14 88463388 rs8003806 0.1864
14 88463550 rs76625898 1.1753e-08
14 88463570 rs6574976 1.3570000000000001e-11
14 88463596 rs117665174 1.0964e-08
14 88463623 rs117687579 0.15622
14 88464092 rs57564449 0.14035999999999998
14 88464149 rs10133287 0.8245600000000001
14 88464264 rs979812 0.0011175
14 88464556 rs58473857 0.79322
14 88464831 rs117351130 0.80191
14 88464880 rs930467 0.010102
14 88464887 rs10220572 0.06339299999999999
14 88465745 rs4904410 0.001109
14 88465854 rs544010073 0.016366
14 88466086 rs7160146 0.0012894
14 88466126 rs2197090 0.25336
14 88466153 rs7160199 0.0010853
14 88466157 rs7158828 0.0010834000000000002
14 88466587 rs117975600 0.5071
14 88466790 rs117239425 0.91219
14 88466816 rs115196486 0.17444
14 88466825 rs145051059 0.8492700000000001
14 88466839 rs58824819 0.15513
14 88466984 rs149109992 0.22641
14 88466986 rs10130872 0.54881
14 88467010 rs146268314 0.35773
14 88467141 rs8006352 0.064225
14 88467227 rs117262875 0.18151
14 88467572 rs8007233 0.063341
14 88467755 rs1372361 0.0092995
14 88467873 rs1372362 1.733e-08
14 88468097 rs116502796 0.031973
14 88468480 rs4418995 0.16146
14 88468481 rs72629384 0.15567
14 88468510 rs74745106 1.106e-08
14 88468524 rs190887079 0.8488899999999999
14 88469190 rs77194943 1.1724000000000001e-08
14 88469319 rs141495726 0.68014
14 88469484 rs150458271 0.35773
14 88469786 rs2165569 1.1673e-11
14 88469825 rs187240052 0.56165
14 88469829 rs3943657 1.1661e-11
14 88470049 rs9671908 0.0093414
14 88470173 rs74764548 0.56528
14 88470214 rs9671903 0.00077201
14 88470230 rs11850196 0.44398000000000004
14 88470381 rs73312867 0.073396
14 88470839 rs115029640 0.9011100000000001
14 88470974 rs28465127 0.35767
14 88470978 rs28533072 0.00034024
14 88471083 rs74947357 1.1147e-08
14 88471141 rs28667727 0.073831
14 88471562 rs10139328 1.0865e-11
14 88471624 rs10139355 0.55888
14 88471777 rs10139526 0.50246
14 88471979 rs55905933 1.2881e-08
14 88472004 rs368997382 0.46451000000000003
14 88472334 rs74349045 1.1061e-08
14 88472428 rs77681699 0.893
14 88472595 rs8005161 0.077874
14 88472612 rs8005172 0.0010274000000000001
14 88472651 rs72629385 0.15509
14 88472672 rs6574977 1.0888e-11
14 88472780 rs184591642 0.75753
14 88472846 rs78461372 0.32881
14 88472875 rs57318077 0.5593
14 88473149 rs142586375 0.70535
14 88473177 rs140538106 0.49932
14 88473178 rs1372363 0.14332
14 88473299 rs1372364 4.5317e-09
14 88473386 rs75703795 9.8481e-09
14 88473458 rs116496499 0.21686
14 88473856 rs78468460 0.91756
14 88474122 rs2165570 0.023908000000000002
14 88474260 rs117674453 0.9125700000000001
14 88474373 rs72629386 0.155
14 88474391 rs1441809 7.0759e-12
14 88474453 rs68177277 0.12854000000000002
14 88474470 rs184898227 0.74998
14 88474617 rs183128463 0.11662
14 88474809 rs148133632 0.49893999999999994
14 88474822 rs2044067 9.5284e-12
14 88475285 rs139027090 0.8943200000000001
14 88475411 rs141480993 0.50578
14 88475601 rs11624879 1.1102e-11
14 88475921 rs35355673 1.0857e-13
14 88476004 rs11159833 0.071663
14 88476455 rs78515447 0.9129
14 88476513 rs143970530 0.66492
14 88476534 rs115866237 0.92581
14 88476562 rs111327629 0.53883
14 88476721 rs45469196 0.91663
14 88476742 rs113581832 0.53883
14 88477413 rs6574978 1.3677999999999999e-11
14 88477882 rs3742704 0.07877200000000001
14 88478683 rs2028499 8.8267e-09
14 88478782 rs72629387 0.16097
14 88478827 rs12434101 0.063288
14 88479054 rs12878534 0.0098822
14 88479168 rs78362556 0.51749
14 88479226 rs12878879 0.0099543
14 88479239 rs111721351 0.81622
14 88479260 rs182260623 0.8373200000000001
14 88479332 rs10142093 0.9542799999999999
14 88479611 rs8004567 1.0628e-11
14 88479651 rs116497887 0.48113999999999996
14 88479675 rs140458834 0.89418
14 88479749 rs80346474 8.9625e-09
14 88479833 rs150005558 0.91996
14 88479933 rs116114396 0.46926
14 88479938 rs111549971 0.78893
14 88480354 rs5014612 8.454e-09
14 88480401 rs569965147 0.44932
14 88480566 rs5014611 8.304299999999999e-09
14 88480619 rs114064763 0.63194
14 88480959 rs77865971 9.117e-09
14 88481017 rs7156702 0.15916
14 88481025 14:88481025_C_A 0.6897
14 88481116 rs28734987 0.34795
14 88481251 rs7157094 7.4871e-12
14 88481294 rs7156254 0.15925999999999998
14 88481512 rs76064480 0.30554000000000003
14 88481899 rs76008826 0.53027
14 88481913 rs6574979 0.27465
14 88481961 rs113050571 0.8528399999999999
14 88481992 rs58961470 0.14279
14 88482084 rs7161569 0.19526
14 88482288 rs143834042 0.9003200000000001
14 88482291 rs114276680 0.9359299999999999
14 88482577 rs12050084 0.00834
14 88482825 rs112448977 0.47248999999999997
14 88482932 rs74929665 0.12435999999999998
14 88482974 rs114326820 0.19305999999999998
14 88483311 rs138729015 0.9260700000000001
14 88483484 rs117180744 0.17886
14 88483827 rs139709792 0.7655
14 88484192 rs7152721 0.12792
14 88484401 rs61977333 0.00021081
14 88484544 rs8016427 0.17367
14 88484576 rs146562727 0.26025
14 88484589 rs113079201 0.17371
14 88484727 rs116555856 0.21816999999999998
14 88484780 rs74807042 0.17690999999999998
14 88484835 rs150473744 0.50513
14 88484918 rs116084557 0.032685000000000006
14 88485567 rs77780420 0.90265
14 88485650 rs76654817 0.9270799999999999
14 88485651 rs58181070 0.85062
14 88485662 rs10151640 0.9396
14 88485757 rs563655436 0.5787
14 88485777 rs2008686 0.00089865
14 88485855 rs74073589 0.5375
14 88486054 rs4899932 0.0084277
14 88486343 rs78111036 0.26963000000000004
14 88486642 rs146964081 0.47108999999999995
14 88486653 rs80251490 0.41192
14 88486739 rs79411962 0.26952
14 88486872 rs183663425 0.38237
14 88487145 rs115198782 0.19305999999999998
14 88487265 rs754079838 0.01366
14 88487269 rs114121551 0.18231
14 88487488 rs114672336 0.19305999999999998
14 88487570 rs1561758 0.00086281
14 88487689 rs2119704 0.1624
14 88487895 rs77059180 0.18811
14 88488089 rs56972319 0.17676
14 88488163 rs7494190 0.9041100000000001
14 88488719 rs116733681 0.53877
14 88488821 rs11624293 0.06524500000000001
14 88488866 rs6574980 1.1458e-11
14 88489016 rs78496951 0.9301299999999999
14 88489241 rs74821690 7.025e-09
14 88489307 rs78311444 0.25495999999999996
14 88489388 rs114698756 0.11699999999999999
14 88489559 rs75144772 6.4079999999999995e-06
14 88489588 rs116657630 0.1107
14 88489630 rs12878241 0.008484700000000001
14 88489716 rs759382424 0.83325
14 88489799 rs116342375 0.65645
14 88489823 rs59761017 0.17253
14 88489941 rs151106149 0.16508
14 88490211 rs74074328 0.19504000000000002
14 88490215 rs9323817 5.302000000000001e-12
14 88490764 rs9323818 0.35678000000000004
14 88491102 rs137993857 0.95862
14 88491187 rs749154007 0.39788
14 88491609 rs117519910 3.5965999999999998e-09
14 88491611 rs116918294 4.1281e-09
14 88491777 rs115101692 0.91986
14 88491825 rs77919522 0.53178
14 88492104 rs141979034 0.83219
14 88492237 rs150020938 0.51445
14 88492342 rs773475895 0.1131
14 88492413 rs766976263 0.67416
14 88492440 rs1887292 0.95326
14 88492448 rs10144760 0.5371199999999999
14 88493034 rs10147587 0.17019
14 88493238 rs115064084 0.092127
14 88493818 rs79229979 0.37290999999999996
14 88493948 rs116740874 0.69853
14 88494031 rs141094329 0.47212
14 88494575 rs10151371 3.2241e-07
14 88494613 rs10151380 1.0662e-08
14 88494679 rs114278143 0.27532
14 88494709 rs10140735 0.54383
14 88494872 rs117609374 0.66901
14 88494978 rs115499429 0.19053
14 88495186 rs375672417 0.46362
14 88495274 rs55999935 3.5225e-09
14 88495466 rs116260206 0.10865
14 88495904 rs140349512 0.012517
14 88495938 rs117897892 0.9708
14 88495940 rs145531180 0.42838000000000004
14 88496080 rs12323470 2.6942e-09
14 88496081 rs12323466 2.879e-09
14 88496256 rs35345018 0.86001
14 88496328 rs76241480 2.5534000000000003e-09
14 88496531 rs76848738 2.4097999999999998e-06
14 88496807 rs73314714 0.028797000000000003
14 88496897 rs10147393 2.7108000000000002e-05
14 88497073 rs190629986 0.10137
14 88497346 rs150649497 0.49191999999999997
14 88497451 rs10150214 0.19335
14 88497561 rs192535951 0.35031999999999996
14 88497684 rs77659025 0.3518
14 88497727 rs67412305 0.19271
14 88497919 rs542556179 0.10725
14 88498122 rs11159834 2.7731e-05
14 88498170 rs144842235 0.11105999999999999
14 88498199 rs74244274 0.5553600000000001
14 88498279 rs80011546 0.48988999999999994
14 88498545 rs116343451 0.34209
14 88498605 rs145704000 0.80188
14 88498611 rs73314724 0.60759
14 88498726 rs116136959 0.58458
14 88498995 rs115154674 0.1962
14 88499125 rs10144135 0.5507
14 88499246 rs112269489 0.35683000000000004
14 88499300 rs142096991 0.29419
14 88499721 rs9323819 0.54591
14 88499842 rs117147493 0.35980999999999996
14 88499902 rs79018265 0.9658700000000001
14 88500045 rs17123978 0.19367
14 88500092 rs116740868 0.8721200000000001
14 88500200 rs75254259 0.34396
14 88500232 rs181138628 0.57053
14 88500645 rs60623686 0.19403
14 88500917 rs1441812 1.0148999999999999e-07
14 88501101 rs77140751 0.48736999999999997
14 88501146 rs66469373 0.16444
14 88501200 rs56168158 0.19447
14 88501235 rs117558114 0.9699700000000001
14 88501341 rs114488653 0.11842000000000001
14 88501343 rs117469068 0.54423
14 88501382 rs112356318 0.5421600000000001
14 88501388 rs79769997 0.29439
14 88501491 rs116950095 0.018359999999999998
14 88501638 rs74689972 0.54518
14 88501657 rs77478125 0.00016402
14 88501729 rs10220369 0.16425
14 88501852 rs10220371 0.16488
14 88501871 rs10220386 0.54469
14 88501906 rs10220606 0.54974
14 88501967 rs116618364 0.11744
14 88502056 rs143273534 0.9229
14 88502208 rs113744865 0.53404
14 88502226 rs77270971 0.33576999999999996
14 88502318 rs139143962 0.9718600000000001
14 88502343 rs143168732 0.9525899999999999
14 88502433 rs75978002 0.94135
14 88502661 rs61977334 0.00031376
14 88502695 rs8017372 0.00059509
14 88502778 rs147507590 0.47276
14 88502823 rs73314736 0.025969
14 88502962 rs74609071 0.00063712
14 88502974 rs185332792 0.41936999999999997
14 88503165 rs66475691 0.19734000000000002
14 88503407 rs140132715 0.8695799999999999
14 88503910 rs74827125 0.00069491
14 88503963 rs149667614 0.35136
14 88504482 rs114635183 0.43035
14 88504511 rs117822168 0.40360999999999997
14 88504600 rs139193019 0.51523
14 88504852 rs56199957 0.19188
14 88504941 rs10144053 0.00060172
14 88505042 rs113988092 0.82916
14 88505119 rs72692084 0.0013824000000000002
14 88505272 rs73314740 0.48911000000000004
14 88505437 rs61977335 0.00014484
14 88505522 rs144070265 0.11130999999999999
14 88505737 rs59246400 0.21386
14 88505742 rs58839614 0.19352
14 88505751 rs117693061 0.48866000000000004
14 88506192 rs7158689 0.18937
14 88506214 rs117435685 0.54465
14 88506252 rs7158715 0.18034
14 88506278 rs7157875 0.16239
14 88506561 rs76539325 0.9207
14 88506814 rs8021401 0.16205999999999998
14 88506864 rs73314746 0.030791000000000002
14 88507093 rs140909731 0.75412
14 88507106 rs150195404 0.9513799999999999
14 88507527 rs115774338 0.13296
14 88507545 rs113634642 0.1005
14 88507555 rs147069333 0.48053
14 88507621 rs28689826 0.54947
14 88507651 rs576774597 0.08775
14 88507661 rs56227757 1.3694e-09
14 88507695 rs111831111 0.09796
14 88507830 rs28424269 0.16324
14 88507942 rs28645517 0.16304000000000002
14 88508060 rs28520204 0.1619
14 88508118 rs74074352 0.20956999999999998
14 88508124 rs28614103 0.15997
14 88508332 rs116496315 0.69908
14 88508376 rs28527337 0.16282
14 88508426 rs28728203 0.16165
14 88508436 rs144365512 0.7854300000000001
14 88508873 rs144034865 0.39546
14 88509359 rs115997061 0.8647100000000001
14 88509692 rs147870606 0.93206
14 88509700 rs112100079 0.10293
14 88509822 rs111466117 0.00066342
14 88510094 rs116311013 0.01225
14 88510109 rs115766986 0.12487999999999999
14 88510150 rs10145677 0.22174000000000002
14 88510255 rs4904411 0.46998
14 88510865 rs146404155 0.78208
14 88510869 rs116729650 0.5302600000000001
14 88511185 rs57360881 0.7526
14 88511231 rs55633213 1.203e-09
14 88511439 rs142372617 0.5698
14 88511441 rs115033757 0.15495
14 88511828 rs187256996 0.8435600000000001
14 88511847 rs114539582 0.21028000000000002
14 88511874 rs115104743 0.7031
14 88511940 rs79176919 1.6663e-09
14 88512009 rs114168825 0.14175
14 88512201 rs7140418 0.23765
14 88512329 rs115927445 0.24461
14 88512371 rs4243680 0.33237
14 88512454 rs1545227 0.33113000000000004
14 88512595 rs115836131 0.4801
14 88512690 rs1372360 0.8416299999999999
14 88512695 rs17123987 0.23543000000000003
14 88512761 rs7141184 0.342
14 88512890 rs76330962 1.3322e-09
14 88513024 rs574045697 0.77759
14 88513124 rs7145963 0.32195
14 88513161 rs184471447 0.013052000000000001
14 88513293 rs8009007 0.29274
14 88513338 rs114429505 0.5857
14 88513381 rs3850379 0.0015607999999999998
14 88513660 rs147647416 0.70473
14 88513671 rs3850381 0.0014759999999999999
14 88513676 rs112819898 0.6188100000000001
14 88513739 rs75879995 0.61438
14 88513825 rs3850382 0.0014333
14 88513921 rs73314762 0.071434
14 88514003 rs3850383 0.0014107000000000002
14 88514017 rs7151916 0.1868
14 88514149 rs117801246 0.13797
14 88514315 rs2028502 0.0014069
14 88514322 rs2028501 0.0013947
14 88514433 rs2028500 0.00025998
14 88514740 rs1441808 0.27881999999999996
14 88514810 rs1887293 0.7839
14 88514862 rs1441807 0.0013994
14 88514962 rs1441806 0.0013982
14 88514963 rs147678249 0.27885
14 88515005 rs114091026 0.40023000000000003
14 88515184 rs111739145 0.8738100000000001
14 88515192 rs111264415 0.91974
14 88515203 rs79974912 0.6035699999999999
14 88515249 rs113157974 0.06589400000000001
14 88515268 rs10151213 0.0013969000000000002
14 88515532 rs8020910 0.0013945000000000001
14 88515697 rs1372357 0.0013937
14 88515802 rs28645114 0.32471
14 88515949 rs1372356 0.2805
14 88516258 rs75584321 0.78818
14 88516504 rs182860560 0.95105
14 88516662 rs7143688 0.0013888
14 88516731 rs75686630 1.2377e-06
14 88516803 rs989276 0.0013880000000000001
14 88516844 rs989275 0.0013880000000000001
14 88516881 rs989274 0.0012517000000000001
14 88517337 rs61977336 8.5258e-07
14 88517879 rs74718796 0.61183
14 88517887 rs114914928 0.67678
14 88517944 rs61977337 7.6332e-07
14 88518081 rs143634343 0.004814
14 88518160 rs7156390 0.27568000000000004
14 88518171 rs117158173 0.78138
14 88518346 rs28627851 0.79678
14 88518403 rs28612313 0.32916
14 88518481 rs59926000 0.028291000000000004
14 88518488 rs57460856 0.44361999999999996
14 88518766 rs116902961 0.794
14 88518800 rs139711910 0.53442
14 88519043 rs112254901 0.56758
14 88519049 rs113301872 0.66009
14 88519317 rs145803466 0.80466
14 88519536 rs4899934 0.0013997
14 88519606 rs4899935 7.5439e-07
14 88519631 rs111492028 1.2243e-09
14 88519839 rs7140644 0.001401
14 88519997 rs28859918 0.81486
14 88520126 rs114441724 0.11347
14 88520134 rs778005871 0.050825999999999996
14 88520236 rs1816776 0.27863000000000004
14 88520292 rs1837849 0.27626
14 88520538 rs111840675 0.8651200000000001
14 88520601 rs78987649 0.53528
14 88520702 rs8019631 0.65946
14 88520933 rs112571973 0.85339
14 88520982 rs118147526 0.8227700000000001
14 88521125 rs140537869 0.89044
14 88521266 rs1988959 0.0011527999999999998
14 88521478 rs550079868 0.28789000000000003
14 88521596 rs1960731 0.0011337
14 88521720 rs151262872 0.66503
14 88521838 rs77432249 0.5402100000000001
14 88522003 rs7146799 0.27391
14 88522110 rs112300725 0.6104
14 88522440 rs117492190 1.2699000000000001e-09
14 88522512 rs1837848 0.66038
14 88522718 rs117241286 0.4287
14 88522779 rs552038421 0.78568
14 88522822 rs71425303 0.85688
14 88523078 rs4899936 0.0013175
14 88523186 rs78331712 0.51147
14 88523199 rs4899937 0.0013061
14 88523259 rs4904413 0.0014029000000000001
14 88523316 rs4899938 0.0013929
14 88523337 rs4904414 6.927199999999999e-07
14 88523383 rs10147788 0.33325
14 88523423 rs10148064 0.33325
14 88523482 rs4259983 0.27487
14 88523488 rs116899835 0.35725
14 88523575 rs4406998 0.0013894
14 88523655 rs113356117 0.62653
14 88523689 rs7154257 0.0012586
14 88523923 rs113033730 0.63947
14 88524015 rs4904415 0.0013380999999999998
14 88524022 rs57103834 0.18514
14 88524099 rs4904416 0.0013044999999999999
14 88524165 rs182460030 0.8326100000000001
14 88524188 rs4243681 0.0013880999999999998
14 88524355 rs145901243 0.7874
14 88524423 rs138795304 0.33231
14 88524661 rs2896072 0.0013871999999999999
14 88524828 rs2401737 0.0013865
14 88524847 rs564058860 0.8382799999999999
14 88524848 rs2401738 0.0013862
14 88525041 rs116989201 0.55998
14 88525066 rs2896073 0.0012663
14 88525133 rs4372618 0.0013227
14 88525216 rs140114829 0.78791
14 88525467 rs1596104 0.0013903
14 88525469 rs1596103 0.0013868
14 88525626 rs113617736 0.64772
14 88525704 rs6574982 0.0013871999999999999
14 88525731 rs6574983 0.0013871999999999999
14 88525883 rs6574984 0.0013926
14 88526110 rs77170996 0.36629
14 88526114 rs59463820 7.690899999999999e-07
14 88526172 rs58988113 7.8816e-07
14 88526195 rs4904417 0.26957
14 88526454 rs4904418 0.001361
14 88526457 rs4904419 0.0013481
14 88526476 rs112306703 0.6484800000000001
14 88526511 rs7150578 0.001361
14 88526719 rs6574985 0.010985
14 88526792 rs117996897 0.79605
14 88526893 rs117647108 0.81503
14 88527177 rs76167262 0.6348
14 88527370 rs1561757 0.010916
14 88527432 rs2044068 8.366799999999999e-07
14 88527448 rs75943948 0.67164
14 88527494 rs111253150 1.2190999999999999e-09
14 88527697 rs12893938 0.0013276
14 88527746 rs142785787 0.14886
14 88527796 rs112573849 0.6681199999999999
14 88527964 rs182191587 0.64845
14 88528215 rs114943878 0.6562
14 88528236 rs12434568 0.0013644
14 88528573 rs61975760 6.256600000000001e-07
14 88528639 rs140072531 0.99097
14 88528742 rs116449222 0.12792
14 88528783 rs111498534 0.74725
14 88528800 rs4303414 6.326300000000001e-07
14 88528876 rs4303415 7.1684e-07
14 88528910 rs10130801 0.53191
14 88528976 rs4435186 0.0013743
14 88529051 rs4483792 7.634300000000001e-07
14 88529064 rs7493001 0.20644
14 88529123 rs4277286 7.177600000000001e-07
14 88529209 rs4611390 0.001373
14 88529221 rs4624104 0.0013736
14 88529248 rs72693874 0.095976
14 88529289 rs35562822 7.176600000000001e-07
14 88529291 rs12884100 0.53257
14 88529298 rs111743730 0.66824
14 88529391 rs12884716 0.0013675
14 88529475 rs12884888 0.0013664999999999999
14 88529591 rs12885067 0.0013759
14 88529879 rs74850043 0.17797000000000002
14 88529919 rs10145075 0.8443799999999999
14 88530318 rs7143652 0.00024308
14 88530653 rs7143257 0.011126
14 88530760 rs7144494 0.0013432000000000001
14 88530826 rs112847033 0.78708
14 88531037 rs12885158 0.58239
14 88531065 rs149137854 1.2759000000000001e-09
14 88531174 rs7148043 5.6029e-07
14 88531176 rs7149451 0.0011665999999999998
14 88531193 rs10133409 0.84791
14 88531315 rs7148393 5.864199999999999e-07
14 88531518 rs138760755 0.47698
14 88531526 rs17124022 5.3361e-07
14 88531721 rs117822354 0.83754
14 88531924 rs2028503 0.071215
14 88531926 rs115974260 0.66543
14 88532126 rs112500908 0.80216
14 88532140 rs115686651 0.0098984
14 88532153 rs112400504 0.80216
14 88532215 rs60410555 0.21324
14 88532244 rs113922140 0.68706
14 88532403 rs10873389 0.52777
14 88532538 rs4500645 0.5223800000000001
14 88532547 rs112984541 0.6865899999999999
14 88532671 rs112267459 0.8760700000000001
14 88532742 rs59578734 0.17387
14 88532762 rs113709114 0.68926
14 88532913 rs61646402 0.33755999999999997
14 88533010 rs78508785 0.47786000000000006
14 88533135 rs113319067 0.62208
14 88533234 rs4144361 0.51649
14 88533552 rs10140316 0.35465
14 88533901 rs73318427 0.21409
14 88533968 rs116603423 0.44876000000000005
14 88534188 rs112470385 0.66406
14 88534288 rs528740168 0.26153000000000004
14 88534337 rs3736961 0.52242
14 88534370 rs147765303 0.8497299999999999
14 88534539 rs142544811 0.0072310000000000004
14 88534734 rs7145869 0.672
14 88534966 rs7150985 0.35712
14 88535095 rs113779228 0.68375
14 88535102 rs10146273 0.92886
14 88535232 rs1441810 0.22209
14 88535240 rs8014682 0.51913
14 88535255 rs115179351 0.66603
14 88535261 rs116685605 0.6643
14 88535441 rs8013837 0.22118000000000002
14 88535511 rs72693876 0.08468099999999999
14 88535524 rs113389528 0.67765
14 88535588 rs111893947 0.6659
14 88536005 rs73318432 0.36609
14 88536128 rs111283635 0.66585
14 88536136 rs61975778 5.5945e-07
14 88536400 rs61975779 5.5945e-07
14 88536590 rs28831196 0.3436
14 88536629 rs111891497 0.6654399999999999
14 88536814 rs113052414 0.62907
14 88536883 rs28766421 0.34428000000000003
14 88537288 rs116604827 0.68515
14 88537315 rs80243016 0.71406
14 88537408 rs61975781 6.2743e-07
14 88537481 rs4904420 1.4576e-09
14 88537503 rs80000650 1.0587e-09
14 88537529 rs73318435 2.0057e-09
14 88537715 rs78978718 0.5261899999999999
14 88537935 rs12586451 1.4564000000000003e-09
14 88538032 rs60994356 0.8829
14 88538210 rs10782473 0.011462
14 88538272 rs111746670 0.6859
14 88538305 rs114383039 0.71928
14 88538337 rs139005555 0.5185
14 88538371 rs11845519 0.8829
14 88538438 rs76993925 0.52332
14 88538445 rs117932789 0.23505
