CHR BP SNP P
19 18421617 rs73007704 0.032347
19 18421690 rs16982307 0.36441
19 18422342 rs117935688 0.75195
19 18422364 rs3787025 0.33935
19 18422531 rs115191301 0.70033
19 18422568 rs142445518 0.11387
19 18422631 rs16995488 0.026706999999999998
19 18422662 rs73007706 0.026737
19 18423027 rs56240721 0.97375
19 18423104 rs55986824 0.11774000000000001
19 18423123 rs113364367 0.27202
19 18423402 rs2232968 0.12038
19 18423638 rs2232967 0.06838999999999999
19 18423851 rs11881943 0.026757
19 18424596 rs4575644 0.3468
19 18425758 rs112595944 0.19588
19 18425844 rs12460970 0.35786999999999997
19 18426422 rs150674274 0.79098
19 18426950 rs2232965 0.12174000000000001
19 18427104 rs181725157 0.52882
19 18427138 rs532121624 0.7368899999999999
19 18427307 rs73007709 0.026958999999999997
19 18427958 rs12973153 0.13774
19 18428526 rs2384999 0.11525
19 18428565 rs8107327 0.55624
19 18428607 rs113169435 0.0853
19 18428632 rs76580597 0.28165
19 18428880 rs1035364 0.13731
19 18429163 rs73925443 0.19702
19 18429780 rs74180875 0.95042
19 18429967 rs144363557 0.18474000000000002
19 18429985 rs770257490 0.47016
19 18430381 rs113377929 0.29896
19 18430916 rs12982719 0.11929000000000001
19 18430998 rs78660213 0.53127
19 18431373 rs149068426 0.49223999999999996
19 18431627 rs1477272 0.34521999999999997
19 18432004 rs73007717 0.027415
19 18432133 rs4808783 0.12325
19 18432607 rs116461727 0.032305
19 18432893 rs79220153 0.19612000000000002
19 18432929 rs1862145 0.95399
19 18433175 rs1035365 0.030418999999999998
19 18433225 rs2241351 0.74225
19 18433248 rs12976333 0.25565
19 18433698 rs2232964 0.28029
19 18433714 rs76378167 0.21336999999999998
19 18434024 rs2232962 0.33115
19 18434608 rs73007721 0.76884
19 18435391 rs111532170 0.42894
19 18435401 rs55703942 0.24284
19 18436967 rs4405677 0.22707
19 18436975 rs4392178 0.22775
19 18437235 rs190881738 0.44828999999999997
19 18437516 rs140288322 0.03149
19 18437945 rs35142527 0.22436
19 18438507 rs7408312 0.23267
19 18439221 rs746991215 0.055123
19 18439383 rs12985909 0.9293899999999999
19 18439520 rs35999725 0.1926
19 18440401 rs532446135 0.53151
19 18440543 rs140307135 0.50005
19 18440916 rs569616292 0.90071
19 18440942 rs4641872 0.036923000000000004
19 18441229 rs2014915 0.18717999999999999
19 18441704 rs12971913 0.23754
19 18441850 rs75539754 0.15231
19 18442167 rs138277637 0.1245
19 18442479 rs114351033 0.7219399999999999
19 18443092 rs141739665 0.55197
19 18443650 rs12975407 0.83173
19 18443992 rs534417328 0.17978
19 18444360 rs6512256 0.054186
19 18444809 rs1363119 0.93981
19 18444835 rs766388624 0.6279100000000001
19 18444938 rs115395018 0.4082
19 18445019 19:18445019_C_A 0.70187
19 18445569 rs139181940 0.37438
19 18445863 rs74180876 0.91859
19 18446379 rs73527092 0.55818
19 18446868 rs55887446 0.15666
19 18447037 rs59896830 0.5483100000000001
19 18448024 rs533828592 0.3849
19 18448105 rs10415765 0.1552
19 18448401 rs56104914 0.15719
19 18449238 rs9636202 0.17984
19 18449769 rs10423237 0.15709
19 18450713 rs1978423 0.29902
19 18450790 rs80183980 0.41265
19 18450976 rs74896689 0.13572
19 18451330 rs79058301 0.16955
19 18451381 rs7251555 0.15894
19 18451661 rs4808784 0.37188000000000004
19 18452123 rs888662 0.2233
19 18452195 rs12459965 0.18307
19 18452759 rs7255983 0.17336
19 18452787 rs77609620 0.1234
19 18453124 rs1019445 0.22307
19 18453471 rs10424419 0.17439000000000002
19 18453629 rs66732430 0.17122
19 18453967 rs143635881 0.54655
19 18453999 rs112841993 0.15658
19 18454364 rs12978101 0.9151100000000001
19 18454692 19:18454692_C_A 0.19053
19 18454721 rs150172056 0.42058
19 18454825 rs17724992 0.17114000000000001
19 18454829 rs7249905 0.24786999999999998
19 18455182 rs7249855 0.16278
19 18455412 rs181752148 0.4262
19 18455444 rs34518929 0.1797
19 18455476 rs11671526 0.046928
19 18455481 rs11882198 0.17205
19 18455657 rs66978877 0.16869
19 18455679 rs2112176 0.25485
19 18455703 rs10415319 0.17668
19 18455857 rs117661968 0.94489
19 18456276 rs10401774 0.15985
19 18456428 rs145177595 0.16452999999999998
19 18456581 rs78961627 0.25313
19 18456615 rs113683662 0.10389000000000001
19 18456747 rs141010942 0.94931
19 18456963 rs10421536 0.51118
19 18457026 rs10403547 0.16527
19 18457045 rs10421763 0.16817000000000001
19 18457333 rs28503677 0.14279
19 18457500 rs112475085 0.16784000000000002
19 18457608 rs113641826 0.16422
19 18457668 rs192334566 0.31878
19 18457713 rs138701246 0.58314
19 18457739 rs11668079 0.10297
19 18457955 rs73007741 0.35569
19 18458003 rs67348050 0.16584000000000002
19 18458039 rs11879615 0.13529000000000002
19 18458129 rs11882581 0.21298000000000003
19 18458663 rs34210970 0.88403
19 18458749 rs112198596 0.084775
19 18458823 rs75327192 0.12585
19 18458907 rs73009405 0.10399000000000001
19 18458913 rs8112644 0.13904
19 18459114 rs78620587 0.32139
19 18459319 rs11881039 0.14074
19 18459377 rs12459368 0.15433
19 18459901 rs8102906 0.14603
19 18459947 rs8102478 0.14321
19 18460956 rs113230003 0.35795
19 18461458 rs11086106 0.33694
19 18461649 rs113495004 0.68389
19 18461953 rs150466051 0.25139
19 18462030 rs12977553 0.90394
19 18462127 rs73529387 0.59709
19 18462348 rs11673678 0.2391
19 18462600 rs8103429 0.62841
19 18462708 rs58547189 0.30382
19 18462820 rs12985624 0.035808
19 18463213 rs8107049 0.5889300000000001
19 18463680 rs73009419 0.008309299999999999
19 18463718 rs10409185 0.60933
19 18463789 rs10410065 0.50339
19 18463917 rs10409640 0.65869
19 18464063 rs7250410 0.65576
19 18464081 rs62122391 0.2808
19 18464181 rs117780632 0.008038
19 18464773 rs28819668 0.58915
19 18464906 rs56326450 0.5090399999999999
19 18465229 rs62122392 0.18827
19 18465391 19:18465391_G_A 0.61159
19 18465490 rs79723696 0.09651699999999999
19 18466205 rs8101797 0.60206
19 18466623 rs8105314 0.55638
19 18466840 rs34068189 0.74449
19 18466909 rs564105955 0.97246
19 18467322 rs12983532 0.28874
19 18467398 rs12984770 0.2988
19 18467597 rs12976357 0.1317
19 18467886 rs7248363 0.13189
19 18468116 rs78602502 0.62958
19 18469017 rs12986231 0.30676
19 18469259 rs150286074 0.093149
19 18469344 rs4808786 0.096943
19 18469469 rs533036702 0.8543
19 18469987 rs8107734 0.13871
19 18470146 rs80154549 0.19996
19 18470463 rs141862024 0.8214600000000001
19 18470593 rs12977748 0.13426
19 18470696 rs182696720 0.12783
19 18470846 rs35648412 0.25792
19 18471610 rs35343344 0.33247
19 18472043 rs10402064 0.6827
19 18472061 rs184327534 0.37108
19 18473144 rs180744545 0.1676
19 18473150 rs12609057 0.71299
19 18473656 rs544950619 0.42138000000000003
19 18473780 rs4808127 0.77271
19 18473919 rs73009436 0.46068000000000003
19 18473968 rs139824473 0.39571999999999996
19 18474346 rs144146557 0.3355
19 18474542 rs3746185 0.13539
19 18474587 rs3746184 0.66743
19 18474705 rs3746183 0.8570200000000001
19 18475073 rs73009442 0.85393
19 18475146 rs10854165 0.7877
19 18475226 rs12462034 0.6855600000000001
19 18475240 rs11670449 0.24791
19 18475285 rs4808787 0.53041
19 18475675 rs4072287 0.64777
19 18476632 rs191001654 0.8195
19 18476711 rs3195944 0.71191
19 18477017 rs3746181 0.42773999999999995
19 18477814 rs11881403 0.7893899999999999
19 18477854 rs146176851 0.45558000000000004
19 18477940 rs10408732 0.42263999999999996
19 18478141 rs75464095 0.44216000000000005
19 18478389 rs35319012 0.58841
19 18479019 rs28568614 0.66642
19 18479047 rs12610811 0.74219
19 18479647 rs749451 0.6972
19 18480171 rs1043063 0.38023
19 18480609 rs7226 0.99997
19 18480824 rs141853112 0.020111
19 18481033 rs113329334 0.6231399999999999
19 18481229 rs2161106 0.9526600000000001
19 18481333 rs8105429 0.99479
19 18481610 rs149520967 0.12485
19 18481825 rs35911336 0.7460600000000001
19 18481945 rs62122399 0.7236
19 18482304 rs1363120 0.5524
19 18482358 rs17725099 0.60251
19 18482568 rs117662356 0.94066
19 18482800 rs149836925 0.59016
19 18483150 rs140227567 0.44903000000000004
19 18483155 rs112883268 0.54382
19 18483240 rs28735394 0.66608
19 18483859 rs73009453 0.38858000000000004
19 18484080 rs74180880 0.65195
19 18484176 rs4808789 0.9010299999999999
19 18484800 rs530567306 0.14040999999999998
19 18484922 rs888663 0.56175
19 18484928 rs115764689 0.8505799999999999
19 18485258 rs8107264 0.84634
19 18485649 rs73009454 0.65755
19 18485963 rs7253758 0.5244
19 18486658 rs8110358 0.072683
19 18486957 rs139984368 0.5606899999999999
19 18486980 rs114313353 0.28544
19 18486987 rs4808790 0.66784
19 18487433 rs144320658 0.36123
19 18487479 rs57419676 0.61988
19 18487541 rs12710316 0.67809
19 18488285 rs60164552 0.8297
19 18489082 rs10424912 0.56205
19 18489313 rs8105118 0.66975
19 18489734 rs7251610 0.9962
19 18489741 rs111637573 0.4095
19 18490426 rs4808128 0.9914700000000001
19 18490538 rs8105948 0.089519
19 18490927 rs35673587 0.55584
19 18491205 rs4808791 0.8278700000000001
19 18491213 rs4808792 0.8926700000000001
19 18491993 rs2059039 0.8849
19 18492194 rs189448488 0.8882700000000001
19 18492381 rs186030707 0.059477999999999996
19 18492553 rs11883272 0.017707
19 18492727 rs138041211 0.036823
19 18492766 rs56033872 0.91333
19 18492781 rs55947999 0.91655
19 18493295 rs12459566 0.8654700000000001
19 18493837 rs4808793 0.8710600000000001
19 18493852 rs4808794 0.8809999999999999
19 18493869 rs139751608 0.49491999999999997
19 18493953 rs146054484 0.09595
19 18494090 rs62122428 0.86703
19 18494502 rs143714790 0.052985000000000004
19 18494508 rs113700483 0.60655
19 18495014 rs62122429 0.70018
19 18495120 rs141415836 0.47685
19 18495424 rs12979706 0.6888
19 18495510 rs62122430 0.5407
19 18495908 rs75347775 0.37608
19 18495997 rs34937778 0.55389
19 18496107 rs8101804 0.9074399999999999
19 18496495 rs12459782 0.9012700000000001
19 18496777 rs115439266 0.13001
19 18496989 rs141542836 0.51193
19 18497024 rs1059519 0.83781
19 18497137 rs6413435 0.7632899999999999
19 18497141 rs1059369 0.75107
19 18497903 rs1227731 0.52522
19 18498213 rs146143437 0.048491
19 18498222 rs140036220 0.90964
19 18498246 rs3787023 0.79668
19 18498290 rs116140384 0.048444
19 18498715 rs371689796 0.50327
19 18498808 rs1227732 0.73735
19 18499119 rs146900068 0.17075
19 18499151 rs1059022 0.97541
19 18499167 rs143520034 0.65365
19 18499168 rs147994992 0.86544
19 18499238 rs1804826 0.71244
19 18499422 rs1058587 0.5822
19 18499754 rs199905616 0.54365
19 18499780 rs1227733 0.73349
19 18499784 rs1055150 0.7812899999999999
19 18499815 rs1054564 0.51622
19 18499830 rs114929417 0.13158
19 18499858 rs1054221 0.46726999999999996
19 18500568 rs142191182 0.39976999999999996
19 18500722 rs16982345 0.56833
19 18500951 rs115393482 0.010879999999999999
19 18501034 rs1227734 0.48206000000000004
19 18501035 rs4808795 0.70212
19 18501105 rs7258286 0.11105999999999999
19 18501830 rs8101249 0.9843299999999999
19 18501986 rs3848646 0.8550200000000001
19 18502075 rs12461382 0.66085
19 18502078 rs3848647 0.8500200000000001
19 18502119 rs3848648 0.85085
19 18502217 rs62122433 0.71595
19 18502282 rs145536188 0.0059147
19 18502293 rs6512261 0.089271
19 18502301 rs4328570 0.83914
19 18502337 rs3848649 0.8616299999999999
19 18502374 rs116399833 0.65103
19 18502565 rs6512262 0.83499
19 18502691 rs6512263 0.77158
19 18502728 rs6512264 0.79405
19 18502835 rs6512265 0.84001
19 18502861 rs34666550 0.78082
19 18502971 rs112850161 0.37832
19 18503019 rs7254789 0.9865299999999999
19 18503093 rs6512266 0.81935
19 18503194 rs45543339 0.48149
19 18503350 rs11879745 0.10785
19 18503812 rs73011458 0.4848
19 18505741 rs8106047 0.13266
19 18506666 rs8106931 0.62693
19 18506815 rs143674134 0.92896
19 18509588 19:18509588_T_C 0.22459
19 18510767 rs2888142 0.060660000000000006
19 18510925 rs3859570 0.0042325
19 18511224 rs11086108 0.078155
19 18511230 rs11086109 0.011406
19 18511267 rs4808796 0.9239799999999999
19 18511380 rs4808797 0.070324
19 18511744 rs146852393 0.038974
19 18511980 rs77209838 0.016388
19 18512157 rs11671540 0.049011
19 18512179 rs150483492 0.9202299999999999
19 18512575 rs1002640 0.043003
19 18512932 rs1560117 0.011902
19 18513417 rs8112969 0.049614
19 18513530 rs550592790 0.1581
19 18513594 rs1985157 0.0038869
19 18513653 rs75265320 0.54745
19 18513703 rs10424593 0.43296
19 18514714 rs111408331 0.079913
19 18515741 rs11668719 0.0073146
19 18516196 rs13382142 0.74006
19 18516210 rs10421074 0.43533999999999995
19 18517055 rs147063846 0.53475
19 18517086 rs138188120 0.15039
19 18517331 rs12971295 0.49499
19 18517506 rs4808798 0.0083509
19 18517767 rs13344313 0.51436
19 18517958 rs4808800 0.42427
19 18518078 rs146020129 0.9159700000000001
19 18518216 rs9749546 0.56083
19 18518403 rs150755764 0.8965299999999999
19 18518778 rs10424080 0.5341600000000001
19 18518799 rs10424241 0.23151
19 18518809 rs150042710 0.88655
19 18519128 rs8101976 0.19180999999999998
19 18519226 rs35336015 0.0064608999999999995
19 18519279 rs571397969 0.1918
19 18519464 rs10403002 0.24881
19 18519594 rs548980038 0.27155
19 18519764 rs142788965 0.70667
19 18520231 rs11086110 0.0021734000000000002
19 18520772 rs532693114 0.66681
19 18520865 rs34509804 5.3364e-07
19 18522031 rs79355165 8.9096e-05
19 18522061 rs7255936 0.0025524999999999996
19 18522081 rs762432375 0.99574
19 18522629 rs10425624 0.22199000000000002
19 18522682 rs141689496 0.23324
19 18522805 rs10402247 0.0024878
19 18522886 rs10426105 0.7309100000000001
19 18523027 rs112115509 0.18070999999999998
19 18523096 rs8100343 0.0024157
19 18523465 rs576325245 0.33146
19 18524032 rs61564210 0.68275
19 18524166 rs7249429 0.67211
19 18524488 rs34213500 0.0027475999999999998
19 18525104 rs8111824 0.0028374000000000003
19 18525298 rs77488050 6.3108e-05
19 18525701 rs7258891 0.0031341
19 18525879 rs12982295 0.0030335
19 18526394 rs76367220 0.060756
19 18526536 rs28706490 0.23536999999999997
19 18527110 rs8102195 5.962e-05
19 18527231 rs183423809 0.05975
19 18527257 rs7257932 6.6585e-08
19 18528144 rs79121331 0.8212200000000001
19 18528247 rs75581575 2.8281e-05
19 18528362 rs79557920 2.8359e-05
19 18529207 rs10419162 0.85777
19 18530042 rs538212095 0.23343000000000003
19 18530161 rs28375303 4.9492000000000004e-08
19 18530172 rs148868540 0.18059
19 18530736 rs544407215 0.26757
19 18530980 rs189953471 0.2501
19 18531643 rs142744146 0.26946
19 18532205 rs115634918 0.8862700000000001
19 18533022 rs73523060 0.26845
19 18533319 rs529810398 0.85315
19 18533642 rs7258465 7.6989e-08
19 18534135 rs73011462 0.62232
19 18534137 rs80187524 0.69303
19 18534908 rs190023150 0.043192
19 18535494 rs117419635 0.3156
19 18535607 rs28534973 0.0018521000000000002
19 18536416 rs8106096 9.6152e-08
19 18537044 rs118093382 0.3467
19 18537302 rs114714031 0.88116
19 18537307 rs116043320 0.88116
19 18537508 rs181004295 0.77678
19 18537846 rs138966125 0.49651999999999996
19 18537878 rs142258156 0.71946
19 18538047 rs13346832 0.65622
19 18538321 rs112975546 0.23215999999999998
19 18538742 rs10405636 6.8976e-07
19 18538834 rs73523072 0.36758
19 18538945 rs113281512 0.25517
19 18539238 rs73523074 0.38561
19 18539744 rs34746918 2.7968000000000003e-07
19 18539870 rs114168957 0.87479
19 18540160 rs10411636 0.37767
19 18540587 rs182425179 0.33483
19 18540616 rs888668 0.0025913
19 18540644 rs888669 0.0022007
19 18540935 rs35183199 0.0012254000000000002
19 18540988 rs11673604 1.469e-06
19 18541592 rs113572512 0.20247
19 18541785 rs35742476 0.0037254
19 18541806 rs118139881 0.92258
19 18541823 rs117019664 0.90196
19 18542183 rs183851202 0.62342
19 18542201 rs113198578 0.37588
19 18542701 rs10408290 1.6812999999999998e-07
19 18542996 rs147838337 0.66419
19 18543054 rs10409003 1.7271000000000002e-07
19 18543270 rs3810429 4.8065e-07
19 18544072 rs372871689 0.6427
19 18545341 rs10442 6.1591e-07
19 18545411 rs76517609 0.85554
19 18545540 rs2385088 1.7260000000000002e-07
19 18545747 rs149546342 0.8345600000000001
19 18545786 rs1045631 0.0040704999999999995
19 18546544 rs368894363 0.69685
19 18546678 rs2303697 6.069e-07
19 18546819 rs73523088 0.24036
19 18547209 rs61743954 0.36733000000000005
19 18547264 rs61743938 0.32572
19 18547305 rs4595905 5.8853e-07
19 18547486 rs144717477 0.22353
19 18548249 rs10413237 6.7509e-07
19 18548349 rs575406478 0.22383000000000003
19 18548884 rs2303696 2.6953e-06
19 18549549 rs10420384 0.0040719
19 18550121 rs78230247 0.07687100000000001
19 18550276 rs10427083 6.449600000000001e-07
19 18550559 rs116875009 0.4345
19 18550797 rs188088726 0.2638
19 18551039 rs74701207 0.0043339
19 18552139 rs12981988 0.21759
19 18552208 rs28572537 2.0526999999999998e-07
19 18554377 rs58410315 0.27888
19 18554561 rs78612005 0.32206
19 18554785 rs112025203 0.27115
19 18554807 rs142819823 0.78177
19 18554972 rs1043327 7.2514e-07
19 18555005 rs80253247 0.34786
19 18555046 rs571042361 0.11859000000000001
19 18555204 rs35745856 0.3701
19 18555273 rs149542120 0.26474000000000003
19 18555757 rs79012978 0.73092
19 18556417 rs113465793 6.574e-05
19 18556749 rs34053595 1.4404e-07
19 18557592 rs151228060 0.13783
19 18557657 rs2303692 0.0036336999999999997
19 18557673 rs2303693 0.00018631
19 18557824 rs111503327 0.08113200000000001
19 18558517 rs79341273 0.2833
19 18558876 rs8111708 1.0275e-07
19 18559348 rs111400570 0.27203
19 18559410 rs34171762 7.6288e-07
19 18559657 rs34010330 1.9125e-07
19 18559686 rs534826291 0.22275
19 18560282 rs748609 3.1012e-07
19 18560563 rs112125416 0.26953
19 18561129 rs529687615 0.36721
19 18561420 rs34078075 0.26568
19 18561473 rs34868531 0.27946
19 18561476 rs200447123 0.55343
19 18561992 rs115380401 0.9577200000000001
19 18562102 rs112475634 0.27952
19 18562327 rs111744194 0.27238
19 18562345 rs62122441 0.43463999999999997
19 18562438 rs2303694 0.00017172
19 18562624 rs2303695 1.8352e-07
19 18563410 rs73525104 0.13080999999999998
19 18563701 rs113512439 0.28167
19 18563714 rs79257623 0.00019976
19 18563880 rs10405479 2.7404e-07
19 18563970 rs8103520 0.00020109
19 18564373 rs111345309 0.28098
19 18564383 rs115304961 0.9412200000000001
19 18564418 rs113896626 0.27938
19 18564705 rs8107367 2.2181999999999998e-07
19 18565039 rs8107743 7.289e-07
19 18565878 rs188606200 0.12462999999999999
19 18566347 rs139514827 0.27329000000000003
19 18566395 rs8103660 9.8349e-07
19 18566636 rs149833855 0.65584
19 18566637 rs78061871 0.00051173
19 18566804 rs1806980 8.529700000000002e-07
19 18567039 rs731945 0.037885
19 18567189 rs76184771 0.00011824
19 18567555 rs2007981 1.9276e-07
19 18567582 rs115636387 0.65364
19 18567901 rs10423802 0.0035192
19 18568951 rs3746176 0.00016265
19 18569212 rs145933398 0.26747
19 18569295 rs73525115 0.070056
19 18569434 rs148184174 0.69472
19 18569492 rs10164323 7.9345e-07
19 18569610 rs78157729 0.16635999999999998
19 18569833 rs10164319 1.7120999999999998e-07
19 18569910 rs111615037 0.20324
19 18569954 rs10410957 0.13194
19 18569957 rs79888481 0.00016112
19 18570035 rs1560118 1.7136e-07
19 18570052 rs34171591 0.041264
19 18570101 rs532409582 0.72026
19 18570423 rs147337716 0.6412
19 18570632 rs11879757 0.0042728
19 18570641 rs34275154 0.042662
19 18570982 rs148501338 0.00042175
19 18571113 rs544531261 0.1624
19 18571141 rs4808801 1.6882999999999998e-07
19 18571150 rs75445489 0.00018657
19 18571644 rs28489988 0.10924
19 18571832 rs16982418 0.1681
19 18572355 rs117956919 0.034418000000000004
19 18572405 rs139501652 0.28770999999999997
19 18572616 rs35328461 0.26524000000000003
19 18572834 rs8103622 2.0515e-07
19 18573675 rs1560119 9.4833e-07
19 18573840 rs184791975 0.019514
19 18574027 rs35721239 0.20781
19 18574097 rs150892924 0.25927
19 18574235 rs111682204 0.00018977
19 18574254 rs189080810 0.8305799999999999
19 18574541 rs12980726 0.0033860999999999995
19 18574720 rs534207861 0.8577899999999999
19 18575193 rs78030362 0.5656899999999999
19 18575450 rs7246788 0.0043166
19 18575529 rs118082755 0.8133100000000001
19 18575808 rs58723610 0.16835
19 18575863 rs59511380 0.16785
19 18576149 rs61106979 0.45121999999999995
19 18576154 rs111228030 0.26444
19 18576484 rs2278238 8.503200000000001e-07
19 18576514 rs16982427 0.16835999999999998
19 18576691 rs45572632 0.16132
19 18576882 rs150290772 0.53387
19 18577285 rs114408059 0.96552
19 18577324 rs111728557 0.16885999999999998
19 18577873 rs4808802 0.009763500000000001
19 18578047 rs190663273 0.45802
19 18578082 rs182880042 0.69722
19 18578118 rs143171020 0.88986
19 18578178 rs74497531 0.0002026
19 18578743 rs192659282 0.91145
19 18578897 rs35004712 0.0033719
19 18578984 rs77571703 0.00021848
19 18579777 rs149717620 0.27258000000000004
19 18580672 rs538770323 0.13203
19 18580798 rs2891676 0.0099905
19 18581014 rs16982429 0.16759000000000002
19 18581017 rs112132822 0.0048451
19 18581227 rs75245298 0.00021974
19 18581916 rs78855479 0.00016994
19 18582375 rs149644961 0.6586
19 18583094 rs141945613 0.13675
19 18583186 rs111787161 0.16888
19 18583243 rs76668818 0.30519
19 18584231 rs117512253 0.0019370999999999998
19 18584478 rs7247540 0.0033686999999999996
19 18584744 rs111227345 0.16888
19 18584781 rs4808803 0.0041948
19 18584851 rs574827007 0.5764100000000001
19 18585142 rs776476526 0.07008400000000001
19 18585159 rs147630854 0.9188700000000001
19 18585325 rs4808804 3.9793e-07
19 18585329 rs75681761 0.0001821
19 18585410 rs4808805 0.0034356
19 18585936 rs112138541 0.16834000000000002
19 18585938 rs758377328 0.42566000000000004
19 18586140 rs147806005 0.8145899999999999
19 18586519 rs10425982 8.057800000000001e-07
19 18586759 rs11672385 0.003995
19 18586791 rs7256534 7.2962e-07
19 18586830 rs148140604 0.60524
19 18587032 rs577260459 0.28137
19 18587157 rs1971093 0.0032351999999999997
19 18587172 rs17211392 0.58477
19 18587240 rs190151645 0.9032
19 18587862 rs79007747 0.26884
19 18588409 rs144262618 0.30905
19 18588800 rs8111582 0.0049775
19 18589001 rs141730410 0.060905999999999995
19 18589045 rs8111397 0.01057
19 18589361 rs10426768 0.0037924
19 18589657 rs78454035 0.45497
19 18589943 rs11670056 0.49882
19 18590223 rs10409483 8.217399999999999e-07
19 18590251 rs10409505 8.2806e-07
19 18590964 rs181295157 0.24425
19 18590971 rs185551316 0.71991
19 18591733 rs150230045 0.32582
19 18591745 rs7254249 7.632600000000001e-07
19 18591862 rs570977583 0.13246
19 18592124 rs112583951 0.086074
19 18592529 rs142917267 0.21297
19 18592778 rs182850686 0.59254
19 18592781 rs113826606 0.16089
19 18592787 rs537407737 0.37488
19 18593051 19:18593051_T_A 0.56157
19 18593408 rs139507540 0.79333
19 18593553 rs8105994 1.8242000000000001e-07
19 18593726 rs8102717 0.010643999999999999
19 18594714 rs4808806 0.010803
19 18594836 rs4808807 0.010803
19 18594841 rs114140546 0.55499
19 18595089 rs8107222 0.00015502
19 18595164 rs10415730 0.22259
19 18595378 rs112306593 0.16883
19 18595515 rs147055577 0.093179
19 18595635 rs11668704 0.010961
19 18596526 rs74180887 0.28719
19 18596558 rs530793724 0.1952
19 18596628 rs149466033 0.8993899999999999
19 18597013 rs112512188 0.0031750999999999997
19 18597196 rs60570301 0.17576
19 18597200 rs116985973 0.9685600000000001
19 18597765 rs571157855 0.060053999999999996
19 18598213 rs79341622 0.00017898
19 18599090 rs79203321 0.27867
19 18599348 rs535490731 0.99954
19 18599757 rs2013069 0.010601000000000001
19 18599930 rs112580334 0.26085
19 18599958 rs10418668 0.6110399999999999
19 18600056 rs7251067 0.00016784
19 18600182 rs4808808 0.010601000000000001
19 18600271 rs373759209 0.73048
19 18600455 rs10416993 0.0038171999999999998
19 18600750 rs148024959 0.14512
19 18601016 rs2162797 0.0038201
19 18601171 rs10418554 0.010637
19 18601259 rs111587096 0.17027
19 18601967 rs553967816 0.50008
19 18602213 rs6512268 0.010637
19 18602266 rs536381433 0.9034399999999999
19 18602464 rs146227665 0.17046
19 18602796 rs34436202 0.0016026
19 18603097 rs77739541 0.034277999999999996
19 18603978 rs142459891 0.67419
19 18604080 rs79749240 0.2856
19 18604085 rs7253990 8.7749e-07
19 18604942 rs10403249 9.5324e-07
19 18605453 rs113884190 0.16964
19 18605673 rs76477358 0.13573
19 18606067 rs572434428 0.20462
19 18606266 rs10411009 1.2191e-06
19 18606369 rs78036311 0.00021047
19 18606472 rs34256197 1.1992e-06
19 18606522 rs113160315 0.18746
19 18606526 rs77852139 0.00021309
19 18606656 rs74389203 0.00021309
19 18606944 rs10418124 0.10811
19 18607393 rs115644801 0.5461600000000001
19 18607723 rs57138044 0.67682
19 18607780 rs11670392 0.0046247
19 18608147 rs7249020 1.3121000000000001e-06
19 18608219 rs78596007 0.47733000000000003
19 18608283 rs7251653 1.2766e-06
19 18608467 rs192058307 0.26464
19 18608518 rs4808133 1.3691e-06
19 18608579 rs4808134 1.3625e-06
19 18609090 rs7256530 0.0037991999999999995
19 18609281 rs112627884 0.015813999999999998
19 18609362 rs117177764 0.49137
19 18609372 rs77028976 0.19137
19 18609441 rs12985211 0.15054
19 18609982 rs11672508 0.0081315
19 18610450 rs112651089 0.5552199999999999
19 18611147 rs875396 9.7041e-07
19 18611545 rs7249760 0.010157
19 18611821 rs10409346 0.010027
19 18611895 rs10409408 0.010029999999999999
19 18612257 rs7252707 2.8673000000000003e-07
19 18612351 rs7252848 1.2962e-06
19 18612637 rs75929242 0.80535
19 18612748 rs8107347 1.0257e-06
19 18612758 rs8107351 1.0257e-06
19 18612990 rs188160295 0.49473
19 18613917 rs17211813 0.56
19 18614423 rs8101992 0.00024849
19 18614855 rs77919635 0.5352
19 18614935 rs7251640 0.030141
19 18614997 rs547542475 0.2586
19 18615270 rs4808135 0.008947
19 18615362 rs144748505 0.6331100000000001
19 18615421 rs562034395 0.19365
19 18615662 rs10410797 0.0030668
19 18616399 rs1469412 0.0036419000000000004
19 18616524 rs1469413 0.0087335
19 18616973 rs117775198 0.19892
19 18617151 rs8109573 1.2659e-06
19 18617385 rs77629480 0.99219
19 18617793 rs151008183 0.9890899999999999
19 18617817 rs555619925 0.14642
19 18618059 rs116885915 0.14485
19 18618565 rs62123870 0.39607
19 18618580 rs6512270 0.0028602
19 18618867 rs4808136 1.2098e-06
19 18619057 rs7246328 0.00021205
19 18619737 rs4580317 0.0085978
19 18619868 rs112330174 0.25256999999999996
