CHR BP SNP P
22 45539002 rs7289818 0.0032439
22 45539269 rs73439602 0.42576
22 45539395 rs150134348 0.41591999999999996
22 45539615 rs146736364 0.24113
22 45539841 rs9985182 0.0033398000000000004
22 45540891 rs6007470 0.90481
22 45541168 rs60552105 0.15521
22 45541263 rs9626638 0.79187
22 45541264 rs185640042 0.06418
22 45541892 rs6007472 0.7427600000000001
22 45542017 rs6007473 0.00081944
22 45542059 rs148686241 0.60672
22 45542240 rs6007474 0.8535299999999999
22 45542599 rs118179890 0.0048407
22 45542657 rs10854830 0.017075
22 45542883 rs115113090 0.3167
22 45543367 rs55927815 0.18263
22 45544077 rs60635043 0.19543
22 45544304 rs6007475 0.91341
22 45544324 rs73890187 0.18499000000000002
22 45544346 rs132824 0.10818
22 45544563 rs764859443 0.38697
22 45544848 rs140678168 0.1275
22 45544876 rs16993499 0.6121300000000001
22 45545400 rs80428 0.00052076
22 45545463 rs4342039 0.47758999999999996
22 45545550 rs2013582 0.013986000000000002
22 45545810 rs73441605 0.46258999999999995
22 45545856 rs9615043 0.013493000000000002
22 45545877 rs9615044 0.014124000000000001
22 45545955 rs9615045 0.046347
22 45546070 rs7292903 0.41088
22 45546274 rs9615046 0.030836000000000002
22 45546552 rs189929010 0.67369
22 45546862 rs55892702 0.47795
22 45546965 rs1014305 0.074456
22 45547452 rs117289461 0.41047
22 45547603 rs16993506 0.43256999999999995
22 45547604 rs767157112 0.69117
22 45547814 rs132825 0.098577
22 45547870 rs9626640 0.15109
22 45548053 rs132826 0.092592
22 45548362 rs73890189 0.42098
22 45548463 rs78310493 0.21318
22 45548495 rs150612439 0.038729
22 45548617 rs132827 0.09073099999999999
22 45548770 rs184705681 0.44232
22 45549032 rs132828 0.23354
22 45549274 rs114700468 0.33842
22 45549409 rs139266969 0.85908
22 45549849 rs4823448 0.01702
22 45549979 rs113104635 0.98125
22 45550196 rs757475784 0.17171
22 45550332 rs142136639 0.59877
22 45550500 rs9615049 0.016862000000000002
22 45550528 rs538680671 0.99361
22 45550802 rs57516141 0.63337
22 45550982 rs6007476 0.2151
22 45551071 rs132829 9.1913e-05
22 45551123 rs132830 0.00057204
22 45551250 rs6007477 0.14622000000000002
22 45551369 rs6007478 0.17613
22 45551559 rs132831 0.12190999999999999
22 45551684 rs147083888 0.070826
22 45551871 rs6006945 0.16186
22 45551926 rs73167244 0.75515
22 45552016 rs149587644 0.9015700000000001
22 45552061 rs79931958 0.6561600000000001
22 45552510 rs761321949 0.6550600000000001
22 45552529 rs6007479 0.85921
22 45553021 rs2090213 0.53438
22 45553022 rs2090214 0.54043
22 45553044 rs73432241 0.6228100000000001
22 45553139 rs117877243 0.5221600000000001
22 45553210 rs13058199 0.063832
22 45553459 rs13054435 0.053962
22 45553481 rs7293135 0.013809
22 45553563 rs132832 0.00035608
22 45554127 rs111258221 0.034877
22 45554197 rs132834 0.00047211
22 45554363 rs9626641 0.021800999999999997
22 45554435 rs16993519 0.56015
22 45554571 rs73890202 0.24156999999999998
22 45554573 rs78803961 0.51855
22 45554589 rs74718718 0.96291
22 45554831 rs12483927 0.39726
22 45555283 rs76404277 0.24076999999999998
22 45555298 rs226740 0.18066
22 45555623 rs151077257 0.086615
22 45555829 rs132835 0.19203
22 45556034 rs142066947 0.60919
22 45556053 rs132836 0.10280999999999998
22 45556208 rs132837 0.10318
22 45556668 rs132838 0.098974
22 45556678 rs117824515 0.0038558
22 45557082 rs182979699 0.15794
22 45557189 rs132839 0.00055334
22 45557201 rs56414161 0.19372999999999999
22 45557244 rs132840 0.00018088
22 45557251 rs132841 0.00051706
22 45557803 rs132842 0.0004458
22 45557876 rs140300098 0.17536
22 45558042 rs145618686 0.037915
22 45558389 rs132843 0.094888
22 45558416 rs132844 0.00046119
22 45558670 rs73432261 0.62207
22 45559168 rs73432262 0.6219600000000001
22 45559184 rs138174248 1.5083e-05
22 45559193 rs132846 0.00046067
22 45559375 rs114525168 0.9680700000000001
22 45559409 rs6007480 0.65517
22 45559416 rs6007481 0.62737
22 45559502 rs571146534 0.019268
22 45559631 rs132847 0.00041681
22 45559741 rs3788634 0.038563
22 45559771 rs132848 0.00047547
22 45559908 rs132849 0.00053193
22 45559947 rs3788637 0.56301
22 45559997 rs132850 0.0005612
22 45560401 rs477067 0.00047428
22 45560584 rs132851 0.00039931
22 45560641 rs132852 0.15698
22 45560707 rs132853 0.00045472
22 45560731 rs1567969 0.020291999999999998
22 45560767 rs132854 0.00048292
22 45560787 rs132855 0.00042891
22 45561004 rs132856 0.45248
22 45561077 rs116688805 0.31105
22 45561392 rs132857 0.084647
22 45561660 rs9626642 0.52571
22 45561897 rs73432268 0.28244
22 45562205 rs568159473 0.201
22 45562218 rs185205469 0.72688
22 45562468 rs8137392 0.024183
22 45562666 rs4140644 0.024516999999999997
22 45562735 rs132858 0.17489000000000002
22 45563057 rs73432269 0.27831999999999996
22 45563071 rs114903840 0.01786
22 45563335 rs540241056 0.78957
22 45563404 rs574370656 0.13333
22 45563409 rs132859 0.17501
22 45563412 rs8140264 0.022281
22 45563560 rs138070780 0.031688
22 45563561 rs132860 0.00056609
22 45563656 rs132861 0.00059733
22 45563675 rs191310008 0.10309000000000001
22 45563678 rs115961816 0.8637
22 45563707 rs8136562 0.022489
22 45563725 rs132862 0.17234000000000002
22 45564161 rs192785123 0.57271
22 45564420 rs75344657 0.27366
22 45564427 rs132863 0.16083
22 45564587 rs116541425 0.30263
22 45564595 rs144437892 0.067935
22 45564834 rs132864 0.0005072
22 45564908 rs132865 0.00024899
22 45564936 rs132866 0.16147999999999998
22 45565200 rs132867 0.00024631
22 45565250 rs112648020 0.0050854
22 45565318 rs132868 0.16129000000000002
22 45565368 rs56005719 0.34198
22 45565777 rs138867177 0.5010100000000001
22 45565825 rs61412518 0.89123
22 45565915 rs132869 0.15544000000000002
22 45565937 rs6007484 0.023673
22 45565944 rs6007485 0.46976
22 45565946 rs6007486 0.023638
22 45566087 rs9626290 0.59455
22 45566127 rs9626291 0.5873
22 45566208 rs56033667 0.34842
22 45566360 rs5766503 0.75011
22 45566413 rs132871 0.1608
22 45566422 rs115404138 0.9865700000000001
22 45566457 rs9626643 0.66699
22 45566467 rs9626644 0.66818
22 45566500 rs132872 0.16774
22 45566562 rs9626645 0.6067600000000001
22 45566618 rs73432277 0.33892
22 45566702 rs132873 0.16268
22 45566759 rs12160392 0.91896
22 45566843 rs132874 0.16055
22 45566912 rs132875 0.16071
22 45567035 rs132876 0.16047999999999998
22 45567067 rs132878 0.082606
22 45567138 rs132880 0.15631
22 45567354 rs532792265 0.012596
22 45567477 rs78651571 0.28966
22 45567580 rs132881 0.1696
22 45567719 rs148770857 0.42836
22 45567983 rs132882 0.16055
22 45568104 rs6006947 0.58145
22 45568310 rs7292900 0.34886
22 45568406 rs112060160 0.20815
22 45568419 rs8135904 0.025827
22 45568445 rs6007488 0.68001
22 45568504 rs61161723 0.30476
22 45568511 rs132883 0.16144
22 45568986 rs132884 0.16093
22 45569769 rs116275279 0.60113
22 45569845 rs2138156 0.050291
22 45569886 rs185516980 0.013548
22 45570050 rs148014242 0.14074
22 45570105 rs132887 0.00048098
22 45570114 rs132888 0.12315999999999999
22 45570232 rs181550312 0.64813
22 45570244 rs132889 0.00030454
22 45570406 rs542738178 0.36316
22 45570495 rs73432291 0.22041
22 45570535 rs561311807 0.06931
22 45570594 rs132891 0.00067673
22 45570685 rs10854831 0.53554
22 45570969 rs9615052 0.027611
22 45571042 rs143010311 0.12722
22 45571097 rs562256817 0.088788
22 45571271 rs7287382 0.82639
22 45571446 rs17548707 0.025126
22 45571507 rs9626648 0.9242799999999999
22 45571550 rs73432293 0.58758
22 45571657 rs115035539 0.018003
22 45571711 rs76826505 0.42412
22 45572016 rs114636963 0.9542799999999999
22 45572332 rs148529879 0.76837
22 45573044 rs34453049 0.42175
22 45573154 rs2238800 0.025307
22 45573163 rs187724936 0.2818
22 45573406 rs9615053 0.026391
22 45573450 rs17548742 0.34686
22 45573747 rs140267808 0.1031
22 45573850 rs530128415 0.70196
22 45574919 rs12160308 0.78357
22 45574986 rs9615054 0.020745
22 45575236 rs573614594 0.69909
22 45575409 rs75706583 0.90889
22 45575468 rs226522 0.16255
22 45575858 rs115595220 0.8436799999999999
22 45576140 rs12483881 0.18823
22 45576401 rs2238801 0.021282
22 45576737 rs115152422 0.24299
22 45577110 rs226523 0.23801999999999998
22 45577231 rs226524 0.25701
22 45577348 rs139382512 0.49007
22 45577475 rs115644339 0.13735999999999998
22 45577537 rs9615056 0.02079
22 45577598 rs778444447 0.5404899999999999
22 45577804 rs170508 0.00025672
22 45577968 rs147275404 0.94626
22 45578255 rs140678899 0.69812
22 45578275 rs185442776 0.77178
22 45578489 rs3788638 0.019782
22 45578762 rs144695273 0.9614
22 45578795 rs57393939 0.23867
22 45578916 rs12170789 0.97251
22 45579161 rs112466118 0.76904
22 45579227 rs6007493 0.9380200000000001
22 45579422 rs6006950 0.018219
22 45579482 rs142735960 0.33098
22 45579502 rs2075952 0.62629
22 45579731 rs2673086 0.00052452
22 45579733 rs2075953 0.40173000000000003
22 45579879 rs2075954 0.5169600000000001
22 45580040 rs113312217 0.9465
22 45580159 rs2673085 0.00036737
22 45580676 rs111542786 0.043075999999999996
22 45580789 rs12168191 0.45166000000000006
22 45580836 rs9614613 0.025817000000000003
22 45580899 rs2673084 0.0005338999999999999
22 45581020 rs6007494 0.73373
22 45581119 rs147264730 0.52486
22 45581197 rs772338263 0.39595
22 45581366 rs6007495 0.73226
22 45581388 rs115621416 0.36365
22 45581406 rs191291915 0.5435
22 45581428 rs183030537 0.63745
22 45581521 rs1811817 0.00055759
22 45581577 rs11090729 0.48905
22 45581882 rs149945684 0.48128000000000004
22 45581897 rs6007496 0.53889
22 45582140 rs6007497 0.51546
22 45582860 rs1058024 0.015786
22 45583107 rs6006951 0.4424
22 45583141 rs6007498 0.45198999999999995
22 45583251 rs142658935 0.5835
22 45583606 rs1058033 0.018593000000000002
22 45583642 rs6007499 0.59616
22 45583670 rs146738389 0.63944
22 45583740 rs1058040 0.016382
22 45583803 rs1058043 0.016244
22 45583898 rs226515 0.00044462
22 45583912 rs9614616 5.9854e-07
22 45583935 rs6007500 0.017221
22 45583999 rs114527944 0.35779
22 45584058 rs6007501 0.48567
22 45584100 rs187971778 0.6058899999999999
22 45584154 rs148077288 0.39166999999999996
22 45584344 rs749790182 0.57035
22 45584396 rs226516 0.10729000000000001
22 45584543 rs564037818 0.06125800000000001
22 45584586 rs226517 0.25645999999999997
22 45584731 rs192177145 0.53112
22 45584823 rs7286061 0.42493000000000003
22 45584843 rs62231101 0.358
22 45584930 rs2138152 0.23014
22 45584931 rs117294954 0.41939
22 45585032 rs2176039 0.014440999999999999
22 45585191 rs73434123 0.5251100000000001
22 45585355 rs117042695 0.46789
22 45585395 rs73167251 0.2792
22 45585954 rs11090731 0.59215
22 45585971 rs114124554 0.19956
22 45586058 rs112032580 0.9243399999999999
22 45586273 rs3747227 0.57577
22 45586485 rs3747228 0.5482100000000001
22 45586517 rs226518 0.00063301
22 45586715 rs6007502 0.72096
22 45586768 rs150421089 0.28757
22 45586794 rs16993655 0.49578999999999995
22 45587047 rs2138153 0.40724
22 45587058 rs2138154 0.40203
22 45587269 rs226519 0.18838
22 45587745 rs9615058 1.3369e-06
22 45587746 rs226520 0.24420999999999998
22 45588246 rs73890225 0.80162
22 45588248 rs7456 0.21946
22 45588377 rs1043731 3.1985000000000004e-06
22 45588531 rs3747230 0.9618
22 45588604 rs2350623 0.00015795
22 45588866 rs139461148 0.6941
22 45588966 rs144887903 0.79609
22 45589402 rs3810630 0.16326
22 45589490 rs1125398 1.2606e-07
22 45589703 rs5766526 5.4e-07
22 45589717 rs149013878 0.10479000000000001
22 45589817 rs1125397 6.4506e-07
22 45589865 rs9615059 0.40733
22 45590117 rs1986175 5.6263e-07
22 45590460 rs75774021 0.9317200000000001
22 45590809 rs41278909 0.50715
22 45590861 rs2235152 0.29868
22 45590899 rs41278911 0.8496
22 45590963 rs181278366 0.9272600000000001
22 45591415 rs114184899 0.90651
22 45591443 rs148259746 0.9205399999999999
22 45591514 rs115040787 0.90379
22 45591592 rs9754334 0.64523
22 45592094 rs145003120 0.7633300000000001
22 45592141 rs532614257 0.1455
22 45592197 rs11678 0.58238
22 45592354 rs76353358 0.12992
22 45592471 rs12167422 0.40963999999999995
22 45592580 rs2072719 2.8924e-07
22 45592595 rs1883125 0.39064
22 45592628 rs576416704 0.96075
22 45592629 rs201240731 0.8831
22 45593055 rs3179803 0.35257
22 45593103 rs371566329 0.51875
22 45593242 rs9626652 0.38528
22 45593399 rs2072720 1.1515000000000001e-07
22 45593403 rs555908460 0.33225
22 45593478 rs76054837 0.49948000000000004
22 45593661 rs55790105 9.3666e-08
22 45593765 rs73434134 0.28276999999999997
22 45593895 rs79505223 0.45926999999999996
22 45594002 rs5766528 4.5576e-07
22 45594044 rs5766529 3.7885999999999994e-07
22 45594114 rs9626293 0.51926
22 45594236 rs7287577 0.51489
22 45594299 rs114173543 0.67295
22 45594541 rs116417232 1.0505e-07
22 45594579 rs150168528 0.007678
22 45594692 rs183626244 0.72848
22 45594814 rs2235154 0.26086
22 45594863 rs2235155 0.41241000000000005
22 45594888 rs35110403 0.41943
22 45595063 rs2235156 0.45913999999999994
22 45595247 rs2235157 0.82594
22 45595255 rs2235158 0.80702
22 45595265 rs78963667 8.822699999999999e-08
22 45595278 rs2235159 2.2061999999999997e-07
22 45595721 rs5765217 1.213e-07
22 45595833 rs12170881 0.68329
22 45595872 rs12169667 0.56823
22 45596249 rs2072721 0.71143
22 45596298 rs115636991 0.81458
22 45596504 rs74347686 0.014506999999999999
22 45596506 rs2235160 1.2374e-07
22 45596563 rs115771159 0.81628
22 45596587 rs116185906 0.70195
22 45596622 rs558678132 0.69355
22 45596661 rs74772207 0.34034000000000003
22 45597036 rs140114762 0.012389
22 45597486 rs9626653 0.18082
22 45597631 rs5766533 0.32206
22 45597953 rs145151058 0.21516999999999997
22 45598227 rs114688689 0.81835
22 45598280 rs78538621 1.0307000000000001e-07
22 45598425 rs141472442 0.046321
22 45598833 rs732373 0.76254
22 45599054 rs113662359 0.91745
22 45599099 rs2840210 0.54964
22 45599493 rs369172596 0.20978000000000002
22 45599504 rs2072722 0.47217
22 45599538 rs2072723 0.80819
22 45599932 rs111302438 0.56572
22 45600172 rs374474039 0.6266
22 45600466 rs116759769 0.86918
22 45600758 rs541401632 0.978
22 45600798 rs114631211 0.8013399999999999
22 45600906 rs2280979 0.41281
22 45600986 rs2072716 0.9093899999999999
22 45601026 rs58073266 0.8274799999999999
22 45601423 rs114720129 0.94491
22 45601611 rs5766534 0.34231
22 45602057 rs191284632 0.7895399999999999
22 45602161 rs182361832 0.47552
22 45602173 rs140173841 0.7883100000000001
22 45602308 rs5766535 1.0609000000000002e-07
22 45602337 rs116361015 0.8347899999999999
22 45602407 rs5766536 1.0597000000000002e-07
22 45602573 rs9615062 0.98959
22 45602620 rs5766537 1.0469e-07
22 45602735 rs184951282 0.7315
22 45602925 rs11703850 1.0659e-07
22 45603033 rs11705492 1.1407e-07
22 45603073 rs186089825 0.8727799999999999
22 45603296 rs9614617 0.06010700000000001
22 45603334 rs11705000 8.8088e-08
22 45603425 rs5766538 0.28824
22 45603485 rs11705584 7.7096e-08
22 45603501 rs11703294 7.9672e-08
22 45603545 rs11705041 8.2664e-08
22 45603631 rs5766539 0.28592
22 45603638 rs11703323 8.196600000000001e-08
22 45604128 rs2235161 6.7313e-08
22 45604231 rs60215523 0.8589700000000001
22 45604442 rs5766542 1.1174000000000001e-07
22 45604761 rs144353937 0.78597
22 45604799 rs5766543 0.26899999999999996
22 45604800 rs742016 0.9898899999999999
22 45604820 rs742017 9.245e-08
22 45604840 rs542156404 0.57862
22 45604885 rs742018 0.6642899999999999
22 45605034 rs563312866 0.45758000000000004
22 45605079 rs115646143 0.80572
22 45605118 rs909491 9.7233e-08
22 45605128 rs909492 0.9611700000000001
22 45605166 rs1077566 0.97525
22 45605360 rs62231106 0.023823
22 45605418 rs147863774 0.090312
22 45605555 rs1077565 0.39941
22 45605630 rs73434152 0.6934100000000001
22 45605699 rs76077757 0.86669
22 45605804 rs2280981 4.1953000000000005e-07
22 45605834 rs8139276 0.57412
22 45605848 rs2280982 3.9330999999999997e-07
22 45605969 rs73434154 0.37963
22 45606098 rs11704189 3.7378999999999996e-07
22 45606159 rs5766545 3.8445e-07
22 45606437 rs5766546 0.41848
22 45606506 rs2235162 4.944399999999999e-07
22 45606511 rs2235163 4.1926e-07
22 45606725 rs143500514 0.79942
22 45606738 rs62231107 0.42046000000000006
22 45607051 rs78411074 0.89735
22 45608096 rs77938082 0.74784
22 45608192 rs11913944 0.91185
22 45608215 rs150665432 0.25043000000000004
22 45608347 rs12485064 0.64003
22 45608584 rs10483227 0.3903
22 45608977 rs13055864 0.43291999999999997
22 45608985 rs139839514 0.85362
22 45609145 rs145337995 0.9516
22 45609334 rs148688332 0.52145
22 45609416 rs75464288 0.096637
22 45609419 rs78808751 0.010097
22 45609461 rs77646596 0.40337
22 45609617 rs9626654 0.63615
22 45609993 rs182216596 0.24975999999999998
22 45610373 rs6007503 0.5917399999999999
22 45610593 rs117071631 0.91043
22 45610605 rs7288703 0.18429
22 45610864 rs1515082 1.5118e-07
22 45610936 rs11912266 0.35848
22 45611053 rs1849876 1.5654000000000002e-07
22 45611054 rs11704832 7.7236e-08
22 45611116 rs138413429 0.44961
22 45611226 rs41467347 0.61551
22 45611332 rs113026143 0.69693
22 45611337 rs4823285 3.2101999999999995e-07
22 45611354 rs531797272 0.0025437
22 45611451 rs16993700 0.63235
22 45611478 rs187676738 0.81945
22 45611551 rs192297453 0.50183
22 45611645 rs9615065 1.0164e-06
22 45611650 rs148341463 0.33066
22 45612034 rs764743781 0.9622700000000001
22 45612114 rs16993701 0.65017
22 45612210 rs62231109 0.5979
22 45612315 rs12628758 0.96783
22 45612317 rs12628275 0.97235
22 45612336 rs16993704 0.6548
22 45612438 rs116432336 0.058276999999999995
22 45612551 rs9626655 0.64426
22 45612696 rs9626656 0.8698100000000001
22 45612755 rs5766549 0.64152
22 45612756 rs143934937 0.87708
22 45612824 rs147244867 0.8776200000000001
22 45612969 rs5766550 0.63966
22 45613037 rs112717952 0.28981
22 45613127 rs11090734 1.5759e-07
22 45613150 rs5766551 0.62969
22 45613305 rs5766552 0.63067
22 45613914 rs76056126 0.004477
22 45614188 rs12166771 0.64793
22 45614580 rs12170569 0.6278699999999999
22 45614595 rs115387810 0.53982
22 45614603 rs5765220 0.7308899999999999
22 45614700 rs5766554 0.61383
22 45614742 rs193289633 0.14399
22 45614803 rs5766556 0.63352
22 45614852 rs909494 0.00063056
22 45614893 rs5766557 0.56903
22 45614931 rs117760442 0.92753
22 45614941 rs140105279 0.8712
22 45615281 rs118060824 0.14104
22 45615638 rs58538411 0.8982700000000001
22 45615683 rs146571890 0.73377
22 45615695 rs9614618 1.6812e-07
22 45615758 rs148290452 0.57919
22 45615774 rs13056283 0.78149
22 45615813 rs118109478 0.8788600000000001
22 45616105 rs12163341 4.4346e-06
22 45616165 rs12162945 3.9892e-06
22 45616198 rs226497 0.74669
22 45616449 rs4823451 6.7321e-08
22 45616478 rs4823452 0.87729
22 45616814 rs143231767 0.59012
22 45616905 rs80088441 0.60597
22 45617042 rs78006213 0.32761
22 45617390 rs79955786 0.70338
22 45617435 rs13055652 0.36854000000000003
22 45617469 rs75193063 0.7055100000000001
22 45617479 rs12106512 0.26598
22 45617483 rs369490774 0.69442
22 45617486 rs7288118 0.0155
22 45617765 rs55793970 0.12666
22 45617828 rs147114978 0.73495
22 45617877 rs55802311 0.039370999999999996
22 45618125 rs77960371 0.6931
22 45618167 rs5766559 0.016013999999999997
22 45618527 rs115938520 0.73761
22 45618558 rs5766560 0.11922999999999999
22 45618604 rs79924776 0.69313
22 45618673 rs117620579 0.63827
22 45618690 rs74386379 0.74705
22 45618742 rs738178 0.23041
22 45618888 rs58112670 0.11454
22 45618889 rs9615066 0.020567
22 45618978 rs76099708 0.70823
22 45619020 rs79212046 0.7125199999999999
22 45619086 rs78392285 0.6316
22 45619105 rs76079956 0.7198100000000001
22 45619144 rs74403529 0.62452
22 45619195 rs78417442 0.5938
22 45619271 rs80024512 0.70503
22 45619285 rs74805510 0.6994600000000001
22 45619556 rs115007758 0.98439
22 45619578 rs116909693 0.55189
22 45619634 rs12172193 0.20890999999999998
22 45619658 rs531682510 0.9092600000000001
22 45619970 rs190296820 0.7469399999999999
22 45620073 rs78652895 0.72648
22 45620153 rs78809713 0.73634
22 45620192 rs74729415 0.69838
22 45620230 rs75258136 0.6945100000000001
22 45620362 rs75822541 0.46491000000000005
22 45620501 rs5766562 0.11312
22 45620634 rs112931423 0.087738
22 45620923 rs77232808 0.73869
22 45621091 rs73434185 0.19185
22 45621169 rs9615068 0.19229000000000002
22 45621268 rs78204962 0.6228
22 45621269 rs9615069 0.1968
22 45621346 rs79895539 0.25728
22 45621582 rs141238406 0.86655
22 45621653 rs9615070 0.17935
22 45621672 rs117629732 0.77008
22 45621699 rs76429743 0.69363
22 45621760 rs145014000 0.36623
22 45621778 rs9615071 0.19197
22 45621941 rs73434187 0.18308
22 45621981 rs79334392 0.5353100000000001
22 45621999 rs9615072 0.18921
22 45622014 rs6007506 1.1765e-15
22 45622015 rs74975796 0.9257700000000001
22 45622102 rs78858292 0.64007
22 45622186 rs76023866 0.42758
22 45622351 rs5766564 7.182199999999999e-10
22 45622370 rs74877789 0.7558600000000001
22 45622463 rs540588575 0.99498
22 45622494 rs115108603 0.7559
22 45622546 rs148034916 0.33555
22 45622617 rs187826011 0.01064
22 45622629 rs78366424 0.75488
22 45622684 rs5766565 1.8021000000000002e-15
22 45622723 rs73434194 0.6906399999999999
22 45622833 rs80184339 0.62337
22 45622954 rs73434195 0.5585
22 45622969 rs150540322 0.013072
22 45622980 rs60631323 0.4588
22 45622992 rs11912832 0.29845
22 45622998 rs114267235 0.5039899999999999
22 45623047 rs16993718 3.8812e-10
22 45623169 rs184207576 0.68842
22 45623487 rs58721007 0.19452
22 45623493 rs73890252 0.1541
22 45623752 rs76644467 0.60355
22 45623850 rs188732863 0.6271800000000001
22 45623897 rs115648184 0.7619
22 45624153 rs78970178 0.19184
22 45624439 rs74408194 0.019703000000000002
22 45624577 rs188217251 0.76157
22 45624580 rs146570130 0.94095
22 45625257 rs76953804 0.6393
22 45625293 rs143697535 0.91435
22 45625457 rs75542378 0.52579
22 45625599 rs111487740 0.64618
22 45625723 rs5765223 9.4924e-06
22 45625909 rs143589403 0.0012017000000000002
22 45626008 rs115340315 0.56082
22 45626085 rs35121694 0.0016320999999999998
22 45626121 rs116977192 0.93819
22 45626297 rs534344730 0.17812
22 45626555 rs140902338 0.21261999999999998
22 45627006 rs138877444 0.86916
22 45627316 rs73436104 0.23184000000000002
22 45627393 rs73436105 0.7021
22 45627422 rs77460423 0.12305999999999999
22 45627509 rs79358851 0.56797
22 45627689 rs9614619 6.505100000000001e-17
22 45627967 rs5765224 0.13273
22 45628031 rs116082759 0.43259
22 45628092 rs146107783 0.10628
22 45628294 rs183639288 0.6907800000000001
22 45628429 rs143659256 0.53487
22 45628630 rs5766572 7.777300000000001e-17
22 45628742 rs539825824 0.38035
22 45628893 rs115296793 0.19558
22 45628957 rs116108812 0.3256
22 45628969 rs9626659 0.62931
22 45629066 rs5766573 7.5995e-17
22 45629186 rs5765225 9.0544e-17
22 45629198 rs5766574 8.868e-17
22 45629260 rs5765226 7.1871e-15
22 45629353 rs75427783 0.26134
22 45629437 rs9615073 0.2426
22 45629446 rs7288807 7.3092e-15
22 45629468 rs9615074 6.884899999999999e-15
22 45629572 rs9615075 0.22851
22 45629687 rs7286514 0.62863
22 45629984 rs62231116 0.84719
22 45630026 rs147820919 0.7398399999999999
22 45630098 rs78780903 0.34192
22 45630235 rs181105720 0.44159
22 45630335 rs11703668 4.8773999999999996e-17
22 45630338 rs11703669 4.683e-17
22 45630419 rs77226646 0.27121
22 45630456 rs60907668 0.3631
22 45630531 rs141688542 0.90671
22 45630662 rs2294196 1.4464e-16
22 45630708 rs9615076 4.8925e-17
22 45630763 rs9615077 5.099100000000001e-17
22 45630781 rs117652269 0.56357
22 45630869 rs2294197 5.8624e-17
22 45631066 rs115572968 0.73539
22 45631137 rs8135753 0.37858
22 45631151 rs8140894 0.16392
22 45631157 rs757989339 0.3313
22 45631165 rs2294199 1.6534e-17
22 45631393 rs5766576 4.5817e-18
22 45631398 rs5766577 7.521600000000001e-16
22 45631436 rs4823453 1.7616e-08
22 45631438 rs571242107 0.11432
22 45631518 rs34980158 3.0523000000000003e-18
22 45631582 rs2840211 1.5475e-09
22 45631597 rs5766579 0.00013659
22 45631817 rs6006954 0.086884
22 45631941 rs9615078 0.21670999999999999
22 45632108 rs28535216 0.8673200000000001
22 45632109 rs11704685 5.211100000000001e-19
22 45632370 rs5766580 4.2114e-19
22 45632440 rs115904291 0.11835
22 45632483 rs5766581 5.2879e-19
22 45632503 rs115352058 0.91945
22 45632528 rs5766582 1.8287e-19
22 45632840 rs114563842 0.20789000000000002
22 45633135 rs12169636 0.28931999999999997
22 45633291 rs738179 9.777299999999999e-05
22 45633373 rs738180 0.0001075
22 45633530 rs116872403 0.46176999999999996
22 45633955 rs186720680 0.056061
22 45634049 rs140753345 0.20793000000000003
22 45634146 rs115193236 0.36866
22 45634268 rs9615079 0.16427999999999998
22 45634738 rs11090735 0.00041579
22 45635216 rs2138149 5.121900000000001e-10
22 45635443 rs2138148 0.00096441
22 45635614 rs61250701 0.060141
22 45637001 rs76191602 9.2461e-18
22 45637002 rs74827808 4.568e-18
22 45637033 rs143100751 0.19833
22 45637040 rs553366919 0.76246
22 45637272 rs9615080 0.20378
22 45637288 rs140249608 0.63169
22 45637493 rs73436127 0.38898
22 45637632 rs6007507 7.548199999999999e-17
22 45637757 rs185962936 0.76085
22 45637771 rs545372837 0.08897100000000001
22 45637960 rs114989392 0.62853
22 45638220 rs142253823 0.64944
22 45638346 rs4823286 3.1725e-08
22 45638471 rs115348199 0.63103
22 45638535 rs5766584 1.8066e-17
22 45638694 rs28578153 0.36113
22 45638796 rs5765229 1.5928999999999998e-18
22 45638843 rs546908745 0.059688
22 45639058 rs117610050 0.12424
22 45639209 rs6007512 0.44905
22 45639411 rs8135748 0.42781
22 45639540 rs113782733 0.43168999999999996
22 45639572 rs113202236 0.44023999999999996
22 45639686 rs117197844 0.39654
22 45639846 rs113495756 0.37146
22 45639900 rs6007513 2.03e-14
22 45640136 rs6007514 1.5226e-13
22 45640486 rs7292787 3.2678e-13
22 45640533 rs113800515 0.52766
22 45641391 rs5765230 5.964399999999999e-13
22 45641411 rs5765231 2.7943e-14
22 45641420 rs5766585 5.6228e-13
22 45642014 rs139915118 0.55884
22 45642157 rs8136284 0.37167
22 45642861 rs6006955 5.8551e-14
22 45642907 rs6006956 3.7782e-14
22 45642936 rs115382361 0.33976999999999996
22 45643065 rs9615082 0.39213000000000003
22 45643219 rs6007516 8.699600000000001e-13
22 45643576 rs146727960 0.047061
22 45643680 rs12170732 4.5004000000000003e-14
22 45643689 rs12167399 4.4888999999999996e-14
22 45643770 rs12167414 3.7182e-14
22 45643850 rs9653869 2.682e-14
22 45643851 rs9653870 2.682e-14
22 45644371 rs5766586 2.4383000000000002e-14
22 45644501 rs5766587 2.4266e-14
22 45644825 rs60829688 4.5911000000000004e-07
22 45645001 rs9614622 5.5796000000000007e-14
22 45645299 rs77664772 3.6668e-07
22 45645454 rs5766590 1.0904e-12
22 45645640 rs181096106 0.9961700000000001
22 45645802 rs6007518 5.0816000000000005e-14
22 45645858 rs9626661 4.7755e-14
22 45645968 rs5766595 4.6399e-14
22 45646078 rs9615084 0.41141000000000005
22 45646149 rs146241746 0.39254
22 45646389 rs146461593 0.97575
22 45646764 rs187040647 0.28386999999999996
22 45646966 rs141097789 0.34329
22 45647066 rs6006957 3.7328e-14
22 45647100 rs6007520 5.844e-13
22 45647347 rs5765233 5.7508e-14
22 45647357 rs5765234 4.8603e-14
22 45647363 rs5765235 5.1648e-14
22 45647431 rs5766596 6.427599999999999e-14
22 45647534 rs6007521 1.2152e-12
22 45647577 rs6007522 1.2064e-12
22 45647817 rs6007523 8.8009e-11
22 45647834 rs6006958 1.2896e-12
22 45648051 rs6007524 1.5107e-12
22 45648106 rs141337130 0.10653
22 45648207 rs6007525 1.1643e-12
22 45648224 rs6007526 1.193e-12
22 45648338 rs9626297 1.1755e-12
22 45648346 rs532729170 0.59665
22 45648418 rs9626663 1.0463e-12
22 45648486 rs9614624 1.2436e-12
22 45648619 rs9614625 1.231e-12
22 45648651 rs9614626 1.0439e-10
22 45648846 rs6006959 1.1649e-12
22 45648952 rs6007527 1.8630000000000004e-12
22 45648960 rs6006960 1.4662e-12
22 45649071 rs9615087 0.40556
22 45649084 rs6006961 9.259799999999999e-13
22 45649161 rs6007528 8.1017e-13
22 45649188 rs185706303 0.75722
22 45649492 rs147949381 0.99045
22 45649533 rs1983548 6.1046e-13
22 45649668 rs1983549 1.3103e-12
22 45649711 rs140987681 0.41273000000000004
22 45650111 rs9626664 0.5546399999999999
22 45650778 rs114439821 0.8296100000000001
22 45650825 rs16993746 0.73563
22 45651045 rs6007529 1.5075999999999998e-10
22 45651398 rs12167966 0.40875
22 45651814 rs116267753 0.69396
22 45651881 rs74894440 0.022758
22 45651945 rs6007530 1.2907e-10
22 45652398 rs9626301 1.0815999999999999e-10
22 45652840 rs7364174 8.6146e-11
22 45653293 rs115390757 0.11936
22 45653355 rs145339115 0.7239300000000001
22 45653411 rs6007531 7.7565e-13
22 45653416 rs6006962 7.5615e-13
22 45653617 rs6007532 9.9908e-13
22 45653621 rs6007533 9.8234e-13
22 45653843 rs6007534 1.5288e-12
22 45653883 rs13057756 1.5808e-12
22 45653938 rs13053176 1.7177e-12
22 45654150 rs6007535 1.8591e-12
22 45654163 rs6006963 1.7483e-12
22 45654234 rs6007536 1.3825e-12
22 45654393 rs7287549 1.9869000000000001e-10
22 45654497 rs6007537 1.3358e-12
22 45654530 rs6007538 1.1828e-12
22 45654574 rs6007539 1.0109999999999998e-12
22 45654697 rs6007540 1.9243e-12
22 45654712 rs6007541 1.7773e-12
22 45654844 rs6007542 1.0935e-12
22 45654872 rs6007543 1.4571e-12
22 45654972 rs149815188 0.1038
22 45655165 rs6007544 1.1274e-12
22 45655268 rs6007545 1.2778e-12
22 45655490 rs1533368 1.165e-12
22 45655501 rs9615089 0.28425
22 45655659 rs1533369 9.7965e-13
22 45655720 rs1533370 1.0160000000000001e-12
22 45655844 rs1533371 5.546100000000001e-11
22 45656038 rs9615090 0.23851999999999998
22 45656131 rs9615091 0.24348000000000003
22 45656200 rs6007546 1.1285999999999998e-09
22 45656232 rs9615092 0.27965999999999996
22 45656253 rs9615093 0.24963000000000002
22 45656661 rs9614627 0.29855
22 45657085 rs226508 0.30383000000000004
22 45657513 rs6007547 0.01317
22 45657812 rs7285612 0.24583000000000002
22 45657970 rs79717613 0.49096999999999996
22 45658035 rs2138150 0.3894
22 45658162 rs2138151 0.42312
22 45658243 rs2840212 0.41531999999999997
22 45658278 rs12160784 0.37981
22 45658298 rs28803864 0.38322
22 45658487 rs62231120 0.3546
22 45658593 rs6007548 0.37868
22 45658601 rs6007549 0.3948
22 45658630 rs6007550 0.37005
22 45658809 rs6006968 0.41075
22 45659055 rs6006969 0.68602
22 45659082 rs28437962 0.12802
22 45659209 rs6006970 0.41891999999999996
22 45659559 rs1003679 0.41738000000000003
22 45659560 rs1003678 0.39025
22 45659646 rs73429324 0.58683
22 45659810 rs28610342 0.52344
22 45660073 rs6007551 0.42222
22 45660094 rs6007552 0.44281000000000004
22 45660355 rs6007553 0.44186000000000003
22 45660412 rs144893573 0.55879
22 45660440 rs6007554 0.44225
22 45660503 rs7364185 0.40271
22 45660562 rs149372629 0.9938899999999999
22 45660776 rs8138712 0.43826000000000004
22 45660788 rs8137613 0.43733
22 45660885 rs8136926 0.44445
22 45661011 rs6007555 0.43993000000000004
22 45661178 rs6007556 0.4409
22 45661285 rs6006971 0.45983
22 45661431 rs6007557 0.456
22 45661511 rs6006972 0.46016999999999997
22 45661549 rs6007558 0.47212
22 45661620 rs6007559 0.45774
22 45661670 rs6007560 0.4639
22 45661694 rs6007561 0.4578
22 45661864 rs9615095 0.16151
22 45661904 rs2673098 0.41563
22 45661944 rs12158170 0.42846999999999996
22 45661950 rs28827500 0.4293
22 45661970 rs28837767 0.42577
22 45662014 rs144930710 0.6693
22 45662082 rs112264818 0.3129
22 45662123 rs28851587 0.43356000000000006
22 45662279 rs7284805 0.46868999999999994
22 45662320 rs6007562 0.46684
22 45662473 rs7292397 0.47272
22 45662474 rs7287795 0.47148999999999996
22 45662644 rs138185373 0.36194
22 45662848 rs12158406 0.48081999999999997
22 45662875 rs73429345 0.32923
22 45663209 rs28831976 0.13207
22 45663408 rs2458933 0.43261000000000005
22 45663718 22:45663718_G_A 0.8696299999999999
22 45664258 rs74541407 0.46435
22 45664607 rs9614630 0.26647
22 45664853 rs73167301 0.37238000000000004
22 45665408 rs73429353 0.11029000000000001
22 45665472 rs143313596 0.12717
22 45665663 rs6006973 0.36819
22 45665787 rs6007564 0.36782
22 45666037 rs77409577 0.90976
22 45666049 rs543560445 0.48178000000000004
22 45666158 rs140248721 0.66882
22 45666393 rs75534426 0.52213
22 45666517 rs78007261 0.48425
22 45666518 rs170506 0.30459
22 45667722 rs722861 0.39821
22 45668012 rs58667 0.26513000000000003
22 45668073 rs11090742 0.093827
22 45668106 rs728797 0.0037396
22 45668476 rs144030142 0.061125
22 45668592 rs139937955 0.23408
22 45668682 rs6006974 0.37874
22 45668714 rs143246101 0.31126
22 45668757 rs6007565 0.2066
22 45669050 rs2742645 0.77345
22 45669053 rs2742646 0.7298100000000001
22 45669223 rs226494 0.45343
22 45669411 rs79842448 0.69691
22 45669607 rs185136120 0.21468
22 45669729 rs226495 0.69494
22 45669740 rs150071612 0.19075
22 45670133 rs117404891 0.0014261
22 45670300 rs56707053 0.9844200000000001
22 45670330 rs60763087 0.30785
22 45670674 rs172865 0.5723199999999999
22 45671001 rs226496 0.36927
22 45671159 rs9306491 0.95547
22 45671198 rs6007566 0.50742
22 45671203 rs6007567 0.89689
22 45671343 rs5765242 0.082458
22 45671567 rs145447032 0.9951200000000001
22 45671591 rs926232 0.24558000000000002
22 45672288 rs2742647 0.26147
22 45672574 rs2742648 0.31564000000000003
22 45672709 rs2742649 0.29546999999999995
22 45672931 rs80000651 0.81102
22 45673207 rs10854832 0.3502
22 45673317 rs2472786 0.38482
22 45673477 rs2472787 0.23571
22 45674199 rs77049647 0.01634
22 45674505 rs2742621 0.11671
22 45674508 rs142778922 0.4174
22 45674705 rs8142817 0.061047000000000004
22 45674707 rs60721002 0.78977
22 45674740 rs2673094 0.317
22 45675114 rs6007573 0.064103
22 45675167 rs28710260 0.067351
22 45675375 rs76645083 0.39113000000000003
22 45675646 rs968415 0.28965
22 45675694 rs6006977 0.61266
22 45675779 rs9626670 0.052012
22 45675881 rs2742622 0.31027
22 45675913 rs2742623 0.30788000000000004
22 45676324 rs2673095 0.37806
22 45676364 rs57278066 0.59436
22 45676445 rs2673096 0.30273
22 45676528 rs140886192 0.7298600000000001
22 45676678 rs2742624 0.34371
22 45677125 rs2742625 0.35254
22 45677206 rs2742626 0.28060999999999997
22 45677261 rs8139690 0.5967100000000001
22 45677301 rs6007575 0.08361299999999999
22 45677730 rs9615098 0.33642
22 45677761 rs9626302 0.68381
22 45677816 rs11090743 0.41678999999999994
22 45678136 rs62231127 0.33719
22 45678211 rs74557397 0.19479000000000002
22 45678235 rs62231128 0.33714
22 45678340 rs62231129 0.34593
22 45678353 rs62231130 0.34555
22 45678355 rs757087133 0.22216
22 45678376 rs4823457 0.4172
22 45678528 rs6007576 0.060523
22 45678623 rs62231131 0.41156000000000004
22 45678855 rs189491645 0.76002
22 45678856 rs77071766 0.074348
22 45678892 rs62231132 0.35265
22 45678999 rs62231133 0.41231999999999996
22 45679013 rs75205715 0.016673
22 45679214 rs12172057 0.34643
22 45679231 rs542674994 0.69626
22 45679528 rs5766616 0.35829
22 45679640 rs144404691 0.67147
22 45679661 rs188938603 0.60004
22 45679666 rs9614633 0.373
22 45679926 rs73429397 0.6591
22 45679975 rs12167230 0.065315
22 45680155 rs34422585 0.31781
22 45680260 rs2742628 0.35475999999999996
22 45680266 rs73890275 0.51402
22 45680387 rs2742629 0.40326999999999996
22 45680473 rs2742630 0.34365
22 45680556 rs115585739 0.073114
22 45680600 rs73429402 0.59454
22 45680627 rs529927238 0.8629100000000001
22 45680661 rs2742631 0.34551
22 45680677 rs150610964 0.019609
22 45680824 rs2255432 0.058684
22 45680870 rs116162068 0.66596
22 45681336 rs2742632 0.34281
22 45681340 rs2235164 0.065078
22 45681580 rs2742633 0.38884
22 45681635 rs755981946 0.49649
22 45681971 rs145186308 0.75559
22 45682275 rs2142551 0.047
22 45682296 rs8138385 0.35764
22 45682305 rs9626305 0.66347
22 45682334 rs9626671 0.031392
22 45682371 rs2742634 0.040760000000000005
22 45682425 rs9306493 0.070293
22 45682487 rs73431516 0.6342300000000001
22 45682544 rs2742635 0.35024
22 45682663 rs2742636 0.30464
22 45682975 rs2673087 0.05368200000000001
22 45683036 rs3747234 0.6867800000000001
22 45683246 rs2673088 0.066332
22 45683291 rs116255517 0.31659
22 45683304 rs1057353 0.052115999999999996
22 45683607 rs113852468 0.6645
22 45683700 rs2673089 0.039999
22 45683701 rs138441814 0.5899800000000001
22 45683781 rs2673090 0.036551
22 45683832 rs6007577 0.7336
22 45683837 rs2673091 0.043318
22 45684098 rs2472785 0.033087
22 45684270 rs111661191 0.59367
22 45684285 rs565243373 0.83352
22 45684379 rs2673092 0.12752
22 45684444 rs190389944 0.9334899999999999
22 45684513 rs2742637 0.65487
22 45684569 rs139762288 0.85803
22 45684726 rs145317089 0.55925
22 45684738 rs5765247 0.09566000000000001
22 45684998 rs147609981 0.10174
22 45685002 rs1135360 0.67418
22 45685149 rs111723166 0.040798
22 45685185 rs73169217 0.16512000000000002
22 45685413 rs55651132 0.81748
22 45686027 rs534426613 0.96152
22 45686044 rs3788642 0.18015
22 45686090 rs3788643 0.11292999999999999
22 45686148 rs3788644 0.19039
22 45686176 rs186920820 0.41821
22 45686246 rs376588394 0.41273000000000004
22 45686463 rs185034462 0.8851399999999999
22 45686940 rs188699285 0.40821
22 45687406 rs4823288 0.84701
22 45687443 rs572288734 0.23421999999999998
22 45687458 22:45687458_A_T 0.12424
22 45687550 rs543340451 0.23567
22 45687619 rs567688394 0.15683
22 45688096 rs6007578 0.92675
22 45688673 rs117254698 0.069987
22 45688745 rs111651412 0.95529
22 45688980 rs57040686 0.20493000000000003
22 45689662 rs118012774 0.0017789000000000001
22 45690275 rs2013686 0.16609000000000002
22 45690462 rs16993800 0.12719
22 45690816 rs5766625 0.23764000000000002
22 45691554 rs121918186 0.7115
22 45691594 rs1057356 0.93752
22 45691707 rs558490093 0.87431
22 45691777 rs118189620 0.11919
22 45691904 rs113831299 0.51431
22 45691941 rs76815099 0.38453000000000004
22 45692501 rs11912134 0.5282899999999999
22 45692587 rs79212240 0.41700000000000004
22 45692644 rs142522908 0.47361000000000003
22 45692790 rs78318005 0.4224
22 45692902 rs73890277 0.7674300000000001
22 45693017 rs115520331 0.26952
22 45693443 rs4508710 0.027275
22 45693828 rs4823458 0.68306
22 45693878 rs4823459 0.13358
22 45693923 rs5765250 0.6832199999999999
22 45693964 rs140200146 0.5233399999999999
22 45693975 rs113527549 0.37779
22 45694275 rs116637813 0.4656
22 45694653 rs189721940 0.9519799999999999
22 45694884 rs73440414 0.55114
22 45694981 rs150226710 0.20384000000000002
22 45695289 rs114954232 0.42611000000000004
22 45695563 rs114165457 0.5724199999999999
22 45695668 rs6007579 0.9283299999999999
22 45695854 rs226511 0.66494
22 45696117 rs375797532 0.5859800000000001
22 45696451 rs115570270 0.58167
22 45696695 rs5766632 0.26054
22 45696739 rs78211444 0.8235600000000001
22 45696918 rs144765421 0.58585
22 45697031 rs226512 0.59921
22 45697134 rs226513 0.12295
22 45697675 rs112970755 0.49036
22 45697923 rs7287869 0.49046999999999996
22 45698149 rs9615099 0.2357
22 45698221 rs9615100 0.23853000000000002
22 45698273 rs226514 0.63051
22 45698645 rs12170752 0.33499
22 45699101 rs62231134 0.025197
22 45699394 rs111615883 0.09714199999999999
22 45699780 rs34395311 0.32732
22 45700107 rs5766638 0.71101
22 45700133 rs144911354 0.34095
22 45700288 rs186050282 0.69214
22 45700340 rs5766639 0.70324
22 45700398 rs532400911 0.40094
22 45700640 rs190589276 0.77686
22 45700817 rs2742639 0.58525
22 45700878 rs182665630 0.38247
22 45700972 rs75590371 0.74007
22 45701041 rs8135994 0.45126000000000005
22 45701128 rs115283297 0.57832
22 45701732 rs738169 0.27079000000000003
22 45702205 rs9626675 0.50413
22 45702293 rs2742640 0.64888
22 45702411 rs115372806 0.8205600000000001
22 45703075 rs226499 0.65892
22 45703107 rs226500 0.64735
22 45703251 rs226501 0.6491399999999999
22 45703286 rs141034494 0.34989000000000003
22 45703296 rs547397342 0.31955
22 45703422 rs181505933 0.79733
22 45703444 rs226502 0.27459
22 45704235 rs142887724 0.34331
22 45704628 rs6007582 0.7681100000000001
22 45705145 rs141186977 0.26193
22 45705241 rs226503 0.26206999999999997
22 45705383 rs226504 0.7410800000000001
22 45705399 rs12167555 0.35431999999999997
22 45706777 rs226505 0.8273799999999999
22 45706915 rs150348852 0.23292
22 45706994 rs6007583 0.29286999999999996
22 45707520 rs226506 0.79643
22 45707663 rs568447478 0.37034
22 45707737 rs226507 0.7944899999999999
22 45707794 rs116888744 0.9804
22 45707916 rs73169225 0.44404
22 45708028 rs56379321 0.038975
22 45708351 rs116322067 0.42438000000000003
22 45708510 rs73169226 0.3239
22 45708623 rs79055 0.8607799999999999
22 45708649 rs9626676 0.62548
22 45708960 rs73440432 0.79683
22 45709877 rs77869815 0.7690100000000001
22 45709912 rs114033899 0.5513899999999999
22 45709998 rs531588619 0.39571
22 45710074 rs116984967 0.1436
22 45710205 rs112187135 0.13061
22 45710242 rs185386517 0.2174
22 45710266 rs75686226 0.9338799999999999
22 45710814 rs9626307 0.5524
22 45710985 rs181648552 0.7257899999999999
22 45711159 rs78007203 0.45741000000000004
22 45711854 rs104664 0.24274
22 45712163 rs116263131 0.38079
22 45713020 rs170505 0.32164
22 45713185 rs62231135 0.2584
22 45713558 rs9615106 0.50083
22 45713764 rs226490 0.35166
22 45714050 rs16993817 0.076752
22 45714235 rs144824037 0.62455
22 45714301 rs142911950 0.5163399999999999
22 45714398 rs226491 0.082161
22 45714489 rs226492 0.2611
22 45714937 rs6006984 0.38809
22 45715236 rs142079974 0.51044
22 45715608 rs6519922 0.37956999999999996
22 45715624 rs6519923 0.37964000000000003
22 45715708 rs139239356 0.66499
22 45715858 rs76402891 0.32738
22 45715887 rs226493 0.79888
22 45715980 rs115149147 0.57089
22 45716316 rs144408482 0.43443000000000004
22 45716397 rs8138866 0.35451
22 45716823 rs565839240 0.18337
22 45716830 rs117629151 0.56216
22 45717269 rs140667899 0.51377
22 45717338 rs114072081 0.90202
22 45717524 rs6007587 0.40128
22 45717859 rs720682 0.40521
22 45717899 rs138300229 0.76761
22 45718041 rs1473953 0.40954
22 45718627 rs7286605 0.9005299999999999
22 45718743 rs7290139 0.88426
22 45719497 rs2142552 0.21345
22 45719634 rs4823460 0.8936200000000001
22 45719811 rs77046411 0.66189
22 45719817 rs4823461 0.87715
22 45720098 rs140604162 0.97246
22 45720234 rs12168083 0.81215
22 45720261 rs574061914 0.89189
22 45720533 rs367692139 0.40523000000000003
22 45720558 rs144554309 0.71134
22 45720654 rs115883825 0.9796299999999999
22 45720693 rs190356898 0.7568600000000001
22 45720698 rs531629114 0.76234
22 45720699 rs550438036 0.76234
22 45720870 rs147818924 0.0083531
22 45720894 rs1807549 0.833
22 45720896 rs139633246 0.64453
22 45721196 rs738170 0.8711200000000001
22 45721284 rs738171 0.3158
22 45721547 rs74481430 0.7055
22 45723116 rs6006985 0.42348
22 45723181 rs75238271 0.9596
22 45723253 rs6006986 0.32652
22 45723320 rs6006987 0.38473
22 45723326 rs9615107 0.89145
22 45723465 rs5766654 0.33853
22 45723526 rs6007589 0.32691
22 45723584 rs6007590 0.31951999999999997
22 45723807 rs11556482 0.44943999999999995
22 45723842 rs17851057 0.42333000000000004
22 45723854 rs9615108 0.92679
22 45724727 rs6007592 0.27305999999999997
22 45724761 rs8137209 0.61392
22 45724999 rs736037 0.26145
22 45725106 rs6006988 0.2669
22 45725241 rs145448757 0.42388000000000003
22 45725243 rs9626679 0.63198
22 45725276 rs2350628 0.26924000000000003
22 45725392 rs742013 0.2571
22 45725524 rs742014 0.25679
22 45725600 rs736702 0.25667
22 45725716 rs140746576 0.8410200000000001
22 45726071 rs74486597 0.61405
22 45726220 rs7284990 0.66413
22 45726345 rs7285172 0.20427
22 45726641 rs140980281 0.39871
22 45726793 rs117429463 0.064218
22 45726888 rs189687896 0.57644
22 45726905 rs738175 0.18032
22 45727129 rs553876683 0.19213
22 45727180 rs3788648 0.35583000000000004
22 45727380 rs114497224 0.47303999999999996
22 45727526 rs73440477 0.65558
22 45727565 rs1569414 0.28415999999999997
22 45727688 rs1569415 0.24406999999999998
22 45727751 rs73890287 0.6855600000000001
22 45727892 rs142177743 0.36825
22 45728013 rs571258146 0.0015026
22 45728370 rs6007594 0.30384
22 45728596 rs73169241 0.76543
22 45728978 rs6007595 0.23581999999999997
22 45729183 rs183331868 0.96478
22 45731050 rs2350629 0.23588
22 45731077 rs77920193 0.22196
22 45731104 rs79664112 0.8822399999999999
22 45731182 rs738176 0.8769899999999999
22 45731199 rs115288556 0.96639
22 45731376 rs11912640 0.38253000000000004
22 45731539 rs738177 0.21746
22 45731730 rs2205659 0.21828000000000003
22 45731731 rs2205660 0.22946999999999998
22 45731759 rs2205661 0.67332
22 45732328 rs11704481 0.8803799999999999
22 45732448 rs568421855 0.21911999999999998
22 45733126 rs187634706 0.6241800000000001
22 45733199 rs16993867 0.24979
22 45733263 rs564003803 0.6784399999999999
22 45733342 rs73442449 0.8364
22 45734173 rs151104924 0.36074
22 45734179 rs737399 0.96194
22 45734206 rs2009848 0.9933299999999999
22 45734285 rs147940388 0.88505
22 45734307 rs190373604 0.45979
22 45734326 rs141631708 0.97683
22 45734403 rs147069247 0.8805299999999999
22 45734765 rs9626309 0.71204
22 45734860 rs3788649 0.36157
22 45734877 rs113360148 0.5685399999999999
22 45734931 rs3827392 0.19557
22 45735258 rs7288793 0.39236
22 45735606 rs998706 0.47158
22 45735705 rs9626310 0.65894
22 45735741 rs998705 0.48836
22 45735789 rs9626311 0.75654
22 45736153 rs3827393 0.20798000000000003
22 45736218 rs12167007 0.7117
22 45736434 rs1056322 0.92332
22 45736485 rs2064068 0.43886000000000003
22 45736767 rs2350630 0.19261
22 45736871 rs5766662 0.43493999999999994
22 45737128 rs750102464 0.42541999999999996
22 45737290 rs1044742 0.43799
22 45737388 rs4823462 0.013505000000000001
22 45737481 rs6007600 0.9711799999999999
22 45737487 rs10343 0.41595
22 45737737 rs9626147 0.76599
22 45737787 rs1044758 0.5857899999999999
22 45738094 rs2294201 0.42868
22 45738327 rs2294202 0.35202
22 45738487 rs2294203 0.9459700000000001
22 45738590 rs2294204 0.42598
