CHR BP SNP P
11 128086048 rs56363455 0.75894
11 128086370 rs116104848 0.45992
11 128086395 rs75270743 0.92761
11 128086430 rs191644603 0.1729
11 128086572 rs115641302 0.46941000000000005
11 128086614 rs75049102 0.75525
11 128086623 rs79545829 0.019008
11 128086751 rs36081254 0.9278200000000001
11 128086891 rs73014975 0.75707
11 128086922 rs145710628 0.50863
11 128087196 rs35219070 0.9410299999999999
11 128087564 rs4418822 0.048555
11 128087660 rs146037357 0.49798000000000003
11 128087748 rs56069437 0.8068
11 128087958 rs150290278 0.45896000000000003
11 128088013 rs190369297 0.47243
11 128088342 rs148231872 0.45687
11 128088935 rs1793327 0.031216000000000004
11 128089230 rs35994475 0.0018373
11 128089995 rs2051483 0.40593
11 128090006 rs550340 0.62283
11 128090165 rs57075453 0.11174
11 128090351 rs77623341 0.021097
11 128090603 rs78852107 0.034117
11 128090939 rs139245359 0.48901999999999995
11 128090986 rs531598042 0.46638999999999997
11 128091074 rs73014982 0.81847
11 128091204 rs142444151 0.8714200000000001
11 128091312 rs181959230 0.01926
11 128091324 rs144362877 0.06018
11 128091474 rs55642998 0.8144399999999999
11 128091524 rs75897689 0.39211
11 128091612 rs79254516 0.021009
11 128091631 rs72645494 0.38852
11 128091849 rs55814025 0.11123
11 128091957 rs59463611 0.11119000000000001
11 128091961 rs147830446 0.74883
11 128092201 rs7941313 0.1113
11 128092207 rs502440 0.032843000000000004
11 128092232 rs7926523 0.11092
11 128092249 rs76868361 0.019082
11 128092413 rs61667324 0.39342
11 128092492 rs71479994 0.0018644000000000002
11 128092581 rs116738868 0.42215
11 128092632 rs7103877 0.98441
11 128092800 rs73014988 0.80703
11 128092888 rs116511282 0.40487
11 128092889 rs7107437 0.9309299999999999
11 128092956 rs57141116 0.8045899999999999
11 128093237 rs12797268 0.64731
11 128093313 rs112035804 0.021488
11 128093343 rs192548506 0.0011952
11 128093465 rs56336653 0.71119
11 128093627 rs111613545 0.021639
11 128093890 rs114415453 0.13749
11 128093892 rs55741802 0.71127
11 128094145 rs3937059 0.7723899999999999
11 128094175 rs142181117 0.67114
11 128094201 rs34032140 0.001849
11 128094363 rs488870 0.029331
11 128094559 rs144838404 0.23823000000000003
11 128094683 rs28701938 0.99846
11 128094705 rs28673508 0.9988299999999999
11 128094803 rs1783921 0.32534
11 128095196 rs482601 0.7437600000000001
11 128095348 rs2186632 0.77203
11 128095387 rs72645495 0.32618
11 128095393 rs484435 0.37124
11 128096034 rs73015002 0.74449
11 128096708 rs1793328 0.8630700000000001
11 128097585 rs144739670 0.19489
11 128098401 rs189827675 0.065728
11 128098553 rs185933336 0.39361999999999997
11 128098739 rs113086857 0.020125999999999998
11 128098789 rs542439947 0.64253
11 128098832 rs143002123 0.1379
11 128099062 rs77237164 0.02226
11 128099099 rs511713 0.82635
11 128099343 rs73016905 0.13897
11 128099757 rs524274 0.033770999999999995
11 128100094 rs78092345 0.9897799999999999
11 128100120 rs520734 0.8345299999999999
11 128100142 rs74632834 0.024087
11 128100214 rs74625914 0.022349
11 128100248 rs76597438 0.022604
11 128100315 rs58164560 0.32176
11 128100363 rs56187801 0.69876
11 128100510 rs496092 0.033245
11 128100596 rs77976968 0.022387999999999998
11 128100654 rs79667947 0.0093676
11 128100778 rs77585621 0.022387
11 128101071 rs60546252 0.32103000000000004
11 128101286 rs113926124 0.022405
11 128101314 rs113784596 0.022424
11 128101398 rs147481839 0.02046
11 128101530 rs112120701 0.045443
11 128101531 rs7119953 0.70412
11 128101540 rs76278142 0.022443
11 128101731 rs79343753 0.022463
11 128101771 rs117247727 0.18242
11 128102127 rs78266082 0.02219
11 128102151 rs79512726 0.022499
11 128102156 rs496766 0.61045
11 128102174 rs75717941 0.072879
11 128102278 rs58100637 0.31688
11 128102423 rs7123930 0.03789
11 128102424 rs7123931 0.037699
11 128102734 rs78786464 0.022515
11 128102849 rs61909510 0.9988299999999999
11 128103036 rs75922714 0.022519
11 128103071 rs533681483 0.48603999999999997
11 128103453 rs75816558 0.022553
11 128103499 rs116162005 0.08679500000000001
11 128103516 rs61909511 0.9992200000000001
11 128103522 rs79250639 0.022563
11 128103758 rs140222999 0.022566
11 128103868 rs112574727 0.022216
11 128103939 rs34366068 0.99944
11 128103976 rs548217 0.03268
11 128104043 rs112216224 0.024905
11 128104060 rs112270718 0.024756
11 128104117 rs7101922 0.047591
11 128104336 rs1541311 0.61353
11 128104563 rs79199076 0.10715999999999999
11 128104653 rs34836466 0.9900700000000001
11 128104754 rs75690395 0.022175
11 128104848 rs55988938 0.70206
11 128104890 rs56016212 0.70092
11 128104943 rs4937305 0.74132
11 128105037 rs4937306 0.7413
11 128105096 rs59124093 0.3027
11 128105194 rs56275557 0.70168
11 128105510 rs513365 0.87955
11 128105759 rs4937307 0.61068
11 128105827 rs36083239 0.0021840999999999996
11 128106434 rs190245835 0.0070016
11 128106450 rs541215 0.97525
11 128106788 rs11221216 0.66582
11 128106934 rs142180914 0.73063
11 128107043 rs376307923 0.80858
11 128107081 rs182862067 0.024147
11 128107137 rs111794966 0.024162
11 128107403 rs553186500 0.6610699999999999
11 128107404 rs573165844 0.6610699999999999
11 128107409 rs146271563 0.72958
11 128107573 rs113700203 0.024174
11 128107737 rs112553400 0.024116
11 128107754 rs145528901 0.022475
11 128107796 rs572809717 0.7764800000000001
11 128107907 rs139308515 0.024215
11 128107956 rs139507521 0.097214
11 128107986 rs11221217 0.59173
11 128108156 rs185651796 0.42758
11 128108204 rs111455829 0.017984
11 128108219 rs12574628 0.36011
11 128108241 rs112611255 0.020669999999999997
11 128108287 rs79817909 0.024657
11 128108350 rs77953318 0.02468
11 128108455 rs186828601 0.9617399999999999
11 128108551 rs77594966 0.024452
11 128108585 rs117069210 0.54979
11 128108729 rs35707190 0.81633
11 128108733 rs562613 0.80858
11 128108947 rs75003208 0.015447
11 128108965 rs142084891 0.92917
11 128108994 rs7116501 0.39246
11 128109120 rs471557 0.18744
11 128109344 rs9943477 0.8456899999999999
11 128109598 rs147936512 0.00090783
11 128109603 rs578137 0.8062
11 128109867 rs61909515 0.10880999999999999
11 128109963 rs73016931 0.69698
11 128110247 rs111838880 0.021938
11 128110421 rs188550807 0.47103999999999996
11 128110456 rs1317928 0.34207
11 128110528 rs11221219 0.66867
11 128110793 rs74839370 0.021914
11 128110818 rs11221220 0.66025
11 128110820 rs149137717 0.011727
11 128110908 rs562151653 0.9684799999999999
11 128111007 rs11221221 0.61921
11 128111159 rs34387419 0.13042
11 128111162 rs75233328 0.66922
11 128111321 rs145415180 0.64783
11 128111407 rs77237605 0.018615
11 128111422 rs188208983 0.00035666
11 128111456 rs12801449 0.79475
11 128111732 rs73016941 0.73626
11 128111831 rs1784674 0.73144
11 128111930 rs751533135 0.22385
11 128112245 rs78175090 0.019403
11 128112422 rs80293443 0.083398
11 128112630 rs190868623 0.0669
11 128112665 rs485868 0.67865
11 128113147 rs12295814 0.14964
11 128113261 rs150185686 0.37828
11 128114652 rs56252340 0.73563
11 128114855 rs12797165 0.17785
11 128115288 rs11601419 0.06844700000000001
11 128115333 rs56335552 0.73955
11 128115666 rs538300140 0.56093
11 128115740 rs7112731 0.79491
11 128116635 rs192254208 0.13438
11 128117260 rs117318571 0.0017305999999999997
11 128117503 rs550234315 0.83686
11 128117579 rs12577896 0.36305
11 128117693 rs59192764 0.7095600000000001
11 128118431 rs77760420 0.021075999999999998
11 128118439 rs476696 0.11613
11 128118474 rs117805444 0.032507
11 128118665 rs4936043 0.7166600000000001
11 128118879 rs67154128 0.11342999999999999
11 128119153 rs75086171 0.020875
11 128119165 rs7482273 0.025311
11 128119218 rs35005039 0.5603899999999999
11 128119304 rs1940379 0.43233
11 128119347 rs2000608 0.022795
11 128119391 rs477728 0.96525
11 128119462 rs477937 0.019412000000000002
11 128119555 rs478816 0.37432
11 128119562 rs2000607 0.023306
11 128120235 rs535556 0.25401999999999997
11 128120371 rs476870 0.23581999999999997
11 128121453 rs556285 0.21961999999999998
11 128121598 rs554631 0.6129600000000001
11 128121601 rs192585511 0.030844999999999997
11 128121632 rs561388 0.7228600000000001
11 128121691 rs553765 0.98556
11 128121748 rs553602 0.42736
11 128121776 rs12276143 0.090667
11 128121948 rs11221222 0.5582600000000001
11 128122594 rs80349034 0.057428
11 128122782 rs523164 0.17075
11 128123259 rs11221223 0.073791
11 128123450 rs534341 0.59791
11 128123951 rs580278 2.2884000000000002e-14
11 128123954 rs183920928 0.1801
11 128124091 rs528684 0.28662
11 128124627 rs508974 0.33354
11 128125500 rs764949295 0.5432600000000001
11 128125619 rs471893 0.35153
11 128125679 rs543670 0.35804
11 128125734 rs76807684 3.5407e-06
11 128126292 rs535908 0.79152
11 128126321 rs75157098 3.6311000000000003e-06
11 128126473 rs12805818 0.033347
11 128126500 rs12361736 0.55466
11 128126591 rs1115591 0.3605
11 128126696 rs189918034 0.62929
11 128126800 rs75468848 0.80256
11 128126808 rs511878 0.35364
11 128127617 rs556744376 0.33648
11 128128011 rs477281 0.36509
11 128128413 rs473573 0.36556
11 128128812 rs490518 0.3587
11 128128932 rs189309875 0.89002
11 128129122 rs73576851 0.059087
11 128129187 rs11221227 0.5928399999999999
11 128129468 rs553763 0.36589
11 128129512 rs573343 0.9172799999999999
11 128129577 rs1557476 2.9901e-06
11 128129801 rs77244224 0.087422
11 128130045 rs80324574 0.1397
11 128130412 rs146105973 0.16508
11 128130659 rs12363345 0.033742
11 128130838 rs498282 0.36134
11 128130904 rs80076456 0.12595
11 128130906 rs116285769 0.12377
11 128131013 rs1940378 4.4093e-18
11 128131266 rs1940377 5.8998e-18
11 128131678 rs580446 0.36179
11 128131861 rs475360 0.38085
11 128131895 rs76186327 0.024548
11 128131985 rs7123472 0.14483
11 128132007 rs530178 0.36173
11 128132313 rs76803776 6.2472e-06
11 128132612 rs73576862 0.057025
11 128132701 rs73016980 0.76279
11 128133050 rs61907676 5.0557e-18
11 128133167 rs73016986 0.9932799999999999
11 128133423 rs10893833 0.051876
11 128133513 rs489719 0.36498
11 128133657 rs560181034 0.39984000000000003
11 128133846 rs59837238 3.9209e-06
11 128133915 rs531753902 0.45843
11 128134476 rs498826 0.36405
11 128134843 rs11221228 0.052076
11 128134910 rs11602305 0.16964
11 128135111 rs56359769 3.8342000000000005e-06
11 128135309 rs61907677 5.8201e-15
11 128136311 rs79390157 3.7555000000000003e-06
11 128136389 rs565536 2.673e-10
11 128136460 rs10893834 5.6223e-15
11 128136714 rs541057 0.29157
11 128136788 rs78869221 4.044e-06
11 128137169 rs531157132 0.068803
11 128137186 rs188802085 0.60288
11 128137201 rs542082 0.57225
11 128137305 rs536224 1.8634e-10
11 128137309 rs12364057 0.065599
11 128137351 rs145432295 0.26532
11 128137400 rs540260 0.36227
11 128137848 rs61907678 4.9275e-18
11 128137904 rs10893835 0.5765899999999999
11 128137986 rs563785 0.35708
11 128138704 rs10893837 0.57625
11 128139156 rs55754413 4.0868e-06
11 128139544 rs567295 2.5316e-10
11 128139938 rs79247973 0.086434
11 128140700 rs76303275 4.0611e-06
11 128140783 rs7946037 0.13717000000000001
11 128141167 rs531538 0.8338
11 128141536 rs12280315 0.052257000000000005
11 128141947 rs74566420 4.1357e-06
11 128142092 rs10893840 0.58436
11 128142800 rs478002 0.13465
11 128142801 rs557586 0.35899000000000003
11 128142857 rs10893841 0.052998
11 128143006 rs73016998 0.082687
11 128143104 rs554906 0.35785
11 128143602 rs187147295 0.70986
11 128143918 rs73576880 0.053501
11 128144077 rs79104658 0.066903
11 128144308 rs532576 0.35533000000000003
11 128144864 rs11221232 0.0032823
11 128144952 rs7947318 0.13635
11 128144965 rs7947209 0.12039000000000001
11 128144966 rs488958 0.36994
11 128144969 rs548856 3.7845999999999995e-10
11 128144979 rs505875 0.35320999999999997
11 128145220 rs59757252 0.097949
11 128145382 rs485119 0.35189000000000004
11 128145470 rs573624 0.38589
11 128145982 rs12363082 0.52248
11 128146708 rs11221233 0.50329
11 128147448 rs117115630 0.55377
11 128147449 rs55974252 4.5272e-15
11 128147906 rs12295038 0.1506
11 128148128 rs510628 0.35895
11 128148162 rs510711 0.35868
11 128148195 rs189759360 0.97911
11 128148279 rs61907681 3.7213e-16
11 128148352 rs11221234 0.13885999999999998
11 128148756 rs722344 0.22411
11 128148917 rs115279722 0.97501
11 128149052 rs78383331 0.52556
11 128149065 rs722345 4.5995e-16
11 128149181 rs575356 0.37876
11 128150039 rs4936044 4.2301e-16
11 128150147 rs4937310 5.0894e-16
11 128150419 rs7946635 0.0035763000000000006
11 128150611 rs114803523 0.20542
11 128150650 rs471489 0.38006
11 128150911 rs75505570 0.007374899999999999
11 128151435 rs56827615 0.41695
11 128151611 11:128151611_T_C 0.3174
11 128151691 rs540054 0.33851
11 128152856 rs7929677 0.095999
11 128152872 rs56168180 3.3966e-16
11 128153720 rs73018907 0.11379
11 128153807 rs61907683 3.2944e-18
11 128154300 rs149500069 0.14001
11 128154527 rs146001274 0.5738800000000001
11 128154603 rs78543677 0.35961
11 128154705 rs746520014 0.91346
11 128154826 rs11221236 0.51985
11 128155257 rs533231 0.75935
11 128155403 rs534267 0.33114
11 128156143 rs139090670 0.009594499999999999
11 128156314 rs12795702 0.31613
11 128156903 rs767179 4.8582e-18
11 128157643 rs500207 1.2732999999999998e-15
11 128157715 rs512117 0.69902
11 128157865 rs61907710 3.9624e-18
11 128158188 rs56402126 2.5534000000000002e-18
11 128158189 rs56129466 2.4405e-18
11 128158296 rs73018915 0.058304999999999996
11 128158442 rs548919 0.8271
11 128158598 rs55969014 2.8037e-18
11 128158604 rs78538785 0.048107
11 128158689 rs777807324 0.021596
11 128159029 rs12786743 2.7414e-16
11 128159095 rs117074188 0.041247000000000006
11 128159369 rs78553156 0.010785
11 128160915 rs11221237 0.060714
11 128161097 rs2140108 0.29481
11 128161142 rs61907712 2.1777e-17
11 128161356 rs1945989 0.29388000000000003
11 128161415 rs11221238 0.47323000000000004
11 128161424 rs11221239 0.47376
11 128161530 rs78760585 0.048874
11 128161716 rs777458137 0.9614
11 128162830 rs554247456 0.3153
11 128162841 rs4937311 0.4148
11 128162906 rs77550954 0.040487
11 128163107 rs61907713 2.6005e-18
11 128163208 rs34415928 2.3435e-16
11 128163279 rs4937312 0.29406
11 128163457 rs12418638 3.0156e-18
11 128163869 rs77063389 0.50789
11 128163966 rs78080699 0.50853
11 128164140 rs188230834 0.20365999999999998
11 128165127 rs12419147 2.6169000000000003e-17
11 128165308 rs7115268 0.11679
11 128165791 rs61907714 7.9768e-17
11 128166102 rs10082556 0.2954
11 128166116 rs10082640 0.88026
11 128166314 rs1522433 0.62253
11 128166896 rs36096180 9.008799999999999e-17
11 128166994 rs11221240 2.4151e-06
11 128167088 rs57573835 8.616799999999999e-17
11 128168048 rs10893842 0.038118
11 128168452 rs12291771 1.9924999999999998e-16
11 128168597 rs876071 0.41152
11 128168631 rs55836957 1.6697e-18
11 128169214 rs540248625 0.27654
11 128169292 rs12801570 2.1932e-16
11 128169313 rs751970692 0.39592
11 128169848 rs73578908 0.071667
11 128170033 rs6590317 0.03922
11 128170096 rs11221241 0.41402
11 128170323 rs12806750 2.0351e-16
11 128170703 rs12807383 2.0208e-16
11 128171034 rs34584722 1.9977000000000001e-16
11 128171261 rs12365165 0.40754
11 128171626 rs7358315 0.037133
11 128171812 rs150048234 0.0011312000000000002
11 128171838 rs753126470 0.66057
11 128172467 rs111843637 0.034935
11 128172470 rs61907718 1.7537e-18
11 128172643 rs73018928 1.6783000000000003e-18
11 128173038 rs117058338 0.45011999999999996
11 128173360 rs536442270 0.38954
11 128173990 rs61907719 0.0063855
11 128174479 rs766171880 0.16538
11 128174726 rs145593878 0.14132
11 128174781 rs73018933 1.6927e-18
11 128174788 rs527548550 0.68887
11 128175840 rs73578912 0.071346
11 128176129 rs7931730 0.032827999999999996
11 128176153 rs7931822 0.033147
11 128176510 rs34455952 0.086621
11 128176521 rs12363543 1.6217e-05
11 128176892 11:128176892_A_G 0.31935
11 128177170 rs7121093 0.22030999999999998
11 128177328 rs11221247 1.8353e-22
11 128177512 rs12226163 3.1051e-05
11 128177793 rs1522434 0.22782
11 128177924 rs116950570 0.22899999999999998
11 128178798 rs61907721 1.029e-17
11 128179076 rs7950582 0.22298
11 128179459 rs11826687 0.8514200000000001
11 128179467 rs1522435 1.4803e-22
11 128179779 rs139762524 0.0017111000000000001
11 128180125 rs78421407 2.4734e-05
11 128180398 rs141816552 0.11914000000000001
11 128180748 rs73578917 0.053052999999999996
11 128180810 rs12360982 0.035649
11 128180915 rs78805924 4.2917e-06
11 128181191 rs4144897 0.23556999999999997
11 128181252 rs117454548 0.8256899999999999
11 128181542 rs559963566 0.12445999999999999
11 128181600 rs552756429 0.48215
11 128181701 rs11823333 0.8908299999999999
11 128182026 rs4144896 9.241599999999999e-26
11 128182221 rs193262112 0.28324
11 128182315 rs4144895 0.013884
11 128182325 rs4144894 0.036495
11 128182492 rs117516701 1.2539000000000001e-05
11 128182521 rs12577895 1.4924e-14
11 128182611 rs73018941 4.873e-08
11 128182739 rs12574774 1.3665999999999999e-14
11 128182775 rs137958874 0.30448000000000003
11 128182776 rs542203256 0.3821
11 128182984 rs12574791 3.4313000000000003e-07
11 128183099 rs531917268 0.65817
11 128183306 rs7116937 0.038978
11 128183414 rs4144898 8.8118e-15
11 128184299 rs12279086 0.50435
11 128184581 rs4089751 0.014071
11 128184706 rs6590319 0.071978
11 128185154 rs12417297 2.2296e-08
11 128185434 rs2011364 0.028364
11 128185570 rs2090927 0.027022000000000004
11 128185806 rs2090928 3.8229000000000003e-13
11 128185850 rs10893844 1.6216999999999997e-31
11 128186674 rs118174290 1.4997e-12
11 128186882 rs10893845 4.9218e-31
11 128187047 rs7110677 0.018986000000000003
11 128187054 rs73026088 1.8225e-08
11 128187093 rs74802164 0.076277
11 128187105 rs7110880 0.015974000000000002
11 128187163 rs757536458 0.24099
11 128187194 rs7110898 0.021297
11 128187383 rs7127307 3.7996e-27
11 128187459 rs78966237 0.065679
11 128187724 rs76522056 0.13111
11 128187803 rs970923 0.019998
11 128187902 rs970924 1.0530999999999999e-29
11 128188910 rs117675741 0.00058423
11 128188928 rs117922108 0.93317
11 128189101 rs4937314 0.42423
11 128189151 rs117720516 0.4039
11 128189412 rs143975306 0.025147
11 128189514 rs973217 4.8274999999999994e-08
11 128189789 rs4144899 0.41176
11 128190378 rs80355458 0.42183000000000004
11 128190745 rs114212697 0.037931
11 128190758 rs7935417 5.0768e-07
11 128191633 rs2040334 7.7848e-09
11 128191727 rs117782798 4.6324000000000005e-10
11 128191836 rs182594847 0.52466
11 128191854 rs10893847 5.7321e-07
11 128191933 rs7101575 0.08099400000000001
11 128191989 rs11221248 1.1944000000000001e-05
11 128192175 rs7118191 5.5882e-07
11 128192296 rs12225641 5.8544e-07
11 128192380 rs12284236 0.45278999999999997
11 128192793 rs10893848 0.41825
11 128192824 rs142651171 0.057565
11 128193632 rs181301676 0.49323
11 128193944 rs151158944 0.47834
11 128194137 rs57862419 5.457699999999999e-07
11 128194301 rs7933024 5.9123e-07
11 128194450 rs7933433 5.4424e-07
11 128195105 rs7951945 8.1904e-09
11 128195229 rs185181785 0.05273200000000001
11 128195660 rs12289949 0.6671199999999999
11 128195810 rs147602515 0.82999
11 128195927 rs188255226 0.50116
11 128195949 rs185318718 0.15300999999999998
11 128196004 rs776223858 0.8577299999999999
11 128196038 rs181875972 0.074905
11 128196048 rs186946672 0.5112300000000001
11 128196049 rs192229126 0.5112300000000001
11 128196242 rs12287880 0.77991
11 128196572 rs10893849 6.243e-05
11 128196675 rs11221249 4.8511e-07
11 128196864 rs80090311 0.8475799999999999
11 128197154 rs66787631 8.149099999999999e-11
11 128197233 rs114610426 0.052815
11 128197261 rs145701674 0.12053
11 128197580 rs187808863 0.64435
11 128197626 rs4937315 4.1944999999999996e-08
11 128197723 rs772413807 0.67453
11 128197748 rs11221250 0.6854
11 128197927 rs35929064 0.9171799999999999
11 128198093 rs115462317 0.8498700000000001
11 128198137 rs12290271 0.364
11 128198305 rs4936045 4.8180000000000005e-08
11 128198603 rs12291789 2.9477e-10
11 128198784 rs12291893 0.5501
11 128199045 rs12292071 0.95745
11 128199283 rs35382467 0.9276
11 128199693 rs35112495 0.90097
11 128199706 rs4936046 1.5829e-08
11 128199981 rs9888199 5.0602e-10
11 128200035 rs35796177 0.88471
11 128200225 rs11221251 1.6651e-08
11 128200243 rs147302975 0.6168399999999999
11 128200351 rs568098642 0.54589
11 128200535 rs185466689 0.50422
11 128200642 rs12295569 0.46593999999999997
11 128200649 rs12295570 0.74792
11 128200831 rs7117754 2.1102e-05
11 128201002 rs36030645 0.9053700000000001
11 128201150 rs4937316 7.702200000000001e-10
11 128201479 rs12284207 2.5549999999999998e-11
11 128201619 rs35043449 1.2548e-08
11 128201752 11:128201752_A_G 0.65582
11 128201793 rs10893850 1.6539e-08
11 128202316 rs12285974 2.2875000000000002e-11
11 128202532 rs11221252 1.9323e-05
11 128202598 rs4937317 1.3012999999999999e-08
11 128202758 rs75760842 0.069654
11 128203462 rs115401546 0.88821
11 128203482 rs181444585 0.40852
11 128203496 rs7126936 2.2714e-05
11 128203573 rs73028041 0.26016
11 128204002 rs34673447 0.99697
11 128204110 rs34086018 0.66337
11 128204479 rs7131167 1.9765e-06
11 128204513 rs71480000 0.74883
11 128204516 rs569773186 0.24241
11 128204691 rs755984344 0.051855
11 128204953 rs7120585 7.8886e-06
11 128205211 rs114537806 0.033219
11 128205267 rs11221253 0.16799
11 128205493 rs12792710 0.8134100000000001
11 128205535 rs73028042 5.6201e-06
11 128205628 rs12793250 0.82624
11 128205702 rs61907741 4.6762e-06
11 128205794 rs67985905 0.82815
11 128205976 rs7108678 3.8493e-06
11 128206410 rs6590322 4.4072e-17
11 128206433 rs533928341 0.93832
11 128206491 rs115133392 0.043062
11 128206515 rs73023284 5.298099999999999e-06
11 128206633 rs12363518 7.0788e-06
11 128206743 rs56160208 3.9694e-06
11 128206784 rs80076810 0.19668
11 128208475 rs78989666 0.7396
11 128208603 rs4937319 4.090199999999999e-06
11 128208913 rs150884492 0.56926
11 128209269 rs114290353 0.20440999999999998
11 128209369 rs1403126 0.31501999999999997
11 128209788 rs12574854 1.5632e-06
11 128209972 rs79403369 0.82865
11 128210196 rs7926404 3.525e-06
11 128210212 rs7926607 3.6216e-06
11 128210375 rs10893851 1.3674e-06
11 128210505 rs7941730 1.0874e-09
11 128210813 rs4937320 1.7712999999999998e-17
11 128210853 rs61907742 1.9784000000000002e-05
11 128211000 rs10790946 1.1644000000000002e-09
11 128211063 rs77681032 0.75176
11 128211162 rs182564756 0.24944000000000002
11 128211178 rs7123918 1.2855999999999998e-09
11 128211377 rs10750396 4.6235e-06
11 128211533 rs11221254 1.3829e-06
11 128212046 rs60221653 0.14984
11 128212939 rs871506 0.86665
11 128213026 rs871507 1.1185e-09
11 128213123 rs146931870 0.045181
11 128213183 rs76007604 0.23101999999999998
11 128213190 rs746137081 0.42133999999999994
11 128213780 rs764269105 0.40156
11 128213804 rs142997276 0.12627
11 128213805 rs146140530 0.12109
11 128213975 rs117413208 0.033564
11 128214142 rs141924874 0.37167
11 128214400 rs948893 1.0328e-09
11 128214422 rs79280689 0.10327
11 128215309 rs7125384 0.90118
11 128215329 rs12800791 0.9209299999999999
11 128215972 rs147837993 0.036709
11 128216053 rs79179748 1.2934e-06
11 128216375 rs10893852 1.4865999999999999e-06
11 128216448 rs780484705 0.2755
11 128216464 rs78530485 0.22663000000000003
11 128216466 rs4937321 1.0377999999999999e-09
11 128216483 rs35230449 0.9121799999999999
11 128216606 rs4937322 9.9908e-10
11 128216692 rs4937323 3.6301e-17
11 128216706 rs141323584 0.44953999999999994
11 128216776 rs192950359 0.29356
11 128216839 rs4937324 3.4763e-17
11 128216853 rs746542224 0.036202
11 128217193 rs536963040 0.8673200000000001
11 128217273 rs144853995 0.21111999999999997
11 128217374 rs10893853 1.4041e-06
11 128218297 rs7937445 9.7428e-06
11 128218507 rs7937489 6.3853e-10
11 128218686 rs141861880 0.41200000000000003
11 128218766 rs7940607 9.822e-06
11 128218886 rs12785945 4.4921000000000006e-05
11 128218891 rs114286948 0.025247
11 128218955 rs12576050 0.44463
11 128219230 rs761834021 0.94447
11 128219246 rs115442923 0.87576
11 128219290 rs10893854 1.2563e-06
11 128219794 rs11221257 1.109e-09
11 128219863 rs11221258 1.2947e-06
11 128219920 rs186746330 0.43904
11 128220225 rs76389035 0.00014125
11 128220226 rs7123750 1.2037e-09
11 128220662 rs11221259 0.99593
11 128220741 rs193011324 0.017256
11 128220895 rs61015845 1.0215e-06
11 128221034 rs2027780 1.2008e-05
11 128221545 rs568516898 0.40953
11 128222116 rs4937325 3.8510000000000005e-10
11 128222543 rs73025009 0.25611999999999996
11 128222732 rs116144723 0.52254
11 128222926 rs539374491 0.47163999999999995
11 128223033 rs7105831 0.44961999999999996
11 128223560 rs34708188 0.55038
11 128223623 rs75218451 0.16401
11 128224084 rs75279932 0.2441
11 128224128 rs35096324 0.53117
11 128224183 rs539086343 0.64174
11 128224218 rs7126619 1.4724e-09
11 128224522 rs116454358 0.44675
11 128224584 rs35471913 0.52749
11 128224634 rs10450612 0.00011449
11 128224916 rs774070065 0.14272
11 128225393 rs79658144 0.0006201000000000001
11 128225792 rs745405270 0.46491000000000005
11 128225928 rs146914299 0.76784
11 128226032 rs1522438 6.2653e-07
11 128226161 rs7119356 0.45776999999999995
11 128226290 rs79806735 0.041166
11 128226431 rs7119618 1.6513e-09
11 128226722 rs973226 1.8988e-09
11 128227009 rs139016118 0.42186999999999997
11 128227296 rs79712833 0.22774
11 128227313 rs114525890 0.041277999999999995
11 128227412 rs118131822 0.15313
11 128227703 rs33997967 0.50963
11 128227987 rs61907743 7.413800000000001e-07
11 128228521 rs141325057 0.8705799999999999
11 128228841 rs573293060 0.12728
11 128228915 rs76530539 0.97154
11 128229006 rs35750235 0.51665
11 128229153 rs79706327 0.35759
11 128229175 rs73025014 0.17774
11 128229179 rs146286692 0.46303
11 128229464 rs75664373 0.00045088
11 128229592 rs74903016 0.0004538
11 128229628 rs78568966 0.28514
11 128229975 rs150026977 0.20357999999999998
11 128230043 rs149199900 0.00051984
11 128230051 rs76019003 0.76473
11 128230346 rs117526160 0.0015884
11 128230354 rs4936047 1.1931e-09
11 128230445 rs79890290 0.00060884
11 128230467 rs78358818 0.00060856
11 128230503 rs147041469 0.25092
11 128230679 rs67941158 0.5034
11 128231012 rs79420801 0.63967
11 128231111 rs115329534 0.5989899999999999
11 128231469 rs1125253 1.2465e-09
11 128231500 rs570098594 0.089701
11 128231564 rs1125252 0.00065616
11 128231566 rs1125251 1.2082e-09
11 128231995 rs1557477 0.0011317999999999999
11 128232073 rs746608795 0.9963700000000001
11 128232224 rs73025018 0.21675
11 128232385 rs78903023 0.00021335
11 128232874 rs11221264 0.047126999999999995
11 128232888 rs74417554 0.00022098
11 128233161 rs116333167 0.27804
11 128233310 rs76109403 0.23362
11 128233454 rs571891379 0.18100000000000002
11 128233832 rs117505102 0.004721899999999999
11 128233866 rs75727455 0.00069157
11 128234144 rs10750397 1.1539000000000001e-09
11 128234303 rs2067946 0.75193
11 128234402 rs75129955 0.52981
11 128234572 rs74937089 0.92953
11 128234772 rs7120183 2.5558000000000002e-09
11 128235129 rs78929542 0.0006761
11 128235252 rs7104712 1.1731e-09
11 128235267 rs35912446 0.56201
11 128235452 rs7104988 0.046829
11 128235683 rs10790947 0.046803
11 128236058 rs7931302 1.1645999999999999e-09
11 128236446 rs76061904 0.23911999999999997
11 128236498 rs10893859 0.046975
11 128236556 rs75591313 0.67757
11 128236597 rs144475282 0.6761699999999999
11 128236635 rs10790948 8.2767e-05
11 128236637 rs76482532 0.00072043
11 128236936 rs11221265 8.592399999999999e-07
11 128237038 rs73025036 0.8236700000000001
11 128237071 rs186615719 0.39105999999999996
11 128237227 rs114913643 0.64784
11 128237414 rs74915205 0.19324000000000002
11 128237667 rs35133879 0.55396
11 128237712 rs59990207 0.32518
11 128237784 rs7124918 0.048616
11 128237892 rs74721360 0.35509
11 128237934 rs140914059 0.30533000000000005
11 128237988 rs77693654 0.0010753
11 128238268 rs11221266 0.044965
11 128238355 rs12801106 0.5747800000000001
11 128238603 rs116212145 0.022184
11 128238655 rs192903067 0.9904299999999999
11 128239027 rs552785141 0.13782
11 128239184 rs117090028 0.72987
11 128239643 rs7951075 0.029126999999999997
11 128239644 rs114290180 0.026719999999999997
11 128239740 rs7951091 9.880599999999999e-08
11 128240036 rs61907744 5.3462e-06
11 128240126 rs145729650 0.13284
11 128240256 rs191609993 0.43871000000000004
11 128240751 rs6590324 0.58753
11 128240874 rs60324279 0.69177
11 128240927 rs74581041 0.48958999999999997
11 128241103 rs6590325 1.7652e-08
11 128241141 rs537600545 0.86116
11 128241149 rs143497288 0.088325
11 128241340 rs6590326 0.00017918
11 128241622 rs80163383 0.3457
11 128241935 rs73025045 0.72723
11 128242255 rs142255209 0.5008
11 128243064 rs77393555 0.8888299999999999
11 128243237 rs552151734 0.42382
11 128243864 rs75254238 0.0019009
11 128244625 rs558926489 0.00019741
11 128245019 rs139917986 0.032899
11 128245331 rs11221267 0.7862399999999999
11 128245618 rs11221268 3.2829000000000004e-06
11 128245871 rs529050586 0.023643
11 128245957 rs12574593 0.42028999999999994
11 128246303 rs75756453 0.086489
11 128246624 rs142367778 0.20475
11 128247258 rs188738999 0.19949
11 128247552 rs12802939 0.066964
11 128247649 11:128247649_C_T 0.30222
11 128247828 rs549493294 0.32552
11 128248555 rs4556551 2.6963e-06
11 128248719 rs80135922 0.9227
11 128249419 rs146382723 0.706
11 128249430 rs4936048 0.40998999999999997
11 128249577 rs142738609 0.027175
11 128250113 rs73025053 0.70925
11 128250485 rs576331295 0.6437
11 128250816 rs116886956 0.69084
11 128252950 rs12222946 0.77827
11 128253943 rs7110282 5.1986999999999995e-05
11 128254033 rs770316407 0.54461
11 128254034 rs773663701 0.5365300000000001
11 128254049 rs763250096 0.54555
11 128254504 rs73025054 0.42057
11 128254814 rs34271980 0.75918
11 128255038 rs12804491 0.056429999999999994
11 128255544 rs150838538 0.60823
11 128257250 rs142513338 0.11310999999999999
11 128257569 rs140923885 0.9900399999999999
11 128257836 rs10893864 2.4748e-06
11 128258075 rs11221273 9.9009e-08
11 128258136 rs79465012 0.45255
11 128258387 rs77917672 0.3735
11 128258467 rs73025057 0.33116
11 128258518 rs76713872 0.10196000000000001
11 128258825 rs150260109 0.14608
11 128258979 rs74344301 0.8669600000000001
11 128259218 rs189474161 0.039878
11 128259396 rs147285084 0.0047143
11 128260005 rs77839890 0.59713
11 128260067 rs11825008 0.21570999999999999
11 128260357 rs11600923 0.00066924
11 128260710 rs77458912 0.9803299999999999
11 128261012 rs10790951 0.62145
11 128261054 rs75805916 0.31246999999999997
11 128261411 rs7112864 6.469399999999999e-09
11 128261938 rs139146105 0.9663700000000001
11 128262511 rs73025060 0.052799
11 128262590 rs11221276 0.64417
11 128262904 rs79300983 0.26721
11 128263540 rs141784098 0.032923
11 128263826 rs72645497 0.48823
11 128264221 rs68095278 0.33198
11 128264276 rs532870818 0.064105
11 128264302 rs12800008 0.0023684
11 128264374 rs73025064 0.025972000000000002
11 128264677 rs76421065 0.33318000000000003
11 128264735 rs73581005 0.34888
11 128264795 rs35146749 3.7065e-09
11 128265100 rs34396776 3.6519e-09
11 128265262 rs6590327 0.67601
11 128265456 rs11824169 0.00028296
11 128265458 rs11824170 0.00029652
11 128265466 rs142970728 0.19421
11 128266104 rs7939885 0.00032569
11 128266197 rs12295871 0.52373
11 128266202 rs56055206 0.00068398
11 128266238 rs7939722 0.50468
11 128266706 rs78948542 0.7854399999999999
11 128266868 rs117459963 0.72272
11 128267044 rs76872654 0.42391999999999996
11 128267162 rs7130057 0.38824000000000003
11 128267228 rs958889 0.0056435
11 128267517 rs57867316 0.7661899999999999
11 128267541 rs55707502 0.00020006
11 128267608 rs193170558 0.36704000000000003
11 128267690 rs73581014 0.16727
11 128267946 rs150437539 0.016682
11 128268101 rs12283564 0.00020203
11 128268322 rs55770486 0.48267
11 128268365 rs188477771 0.22109
11 128268374 rs191789760 0.60825
11 128268398 rs12291133 0.5489
11 128268489 rs4357700 0.48503999999999997
11 128268509 rs61907748 1.2266999999999998e-08
11 128268779 rs7107744 0.000223
11 128268986 rs139337744 0.76723
11 128269025 rs2323123 0.5011800000000001
11 128269098 rs76299412 0.0008961
11 128269187 rs74946541 0.9930100000000001
11 128269844 rs7934171 0.64979
11 128269918 rs11605437 0.00090375
11 128269955 rs7934293 0.49016000000000004
11 128270216 rs148113808 0.11590999999999999
11 128270839 rs73581024 0.054171000000000004
11 128271048 rs114499703 0.035613
11 128271141 rs7938433 0.62162
11 128271246 rs73581027 0.97856
11 128271317 rs75500046 0.78899
11 128271647 rs11221279 0.044275999999999996
11 128271676 rs61909060 0.10490999999999999
11 128271686 rs58698491 0.057141
11 128271703 rs118033474 0.76951
11 128271732 rs74731498 0.17618
11 128272007 rs4937327 0.96785
11 128272240 rs4937328 0.75343
11 128272481 rs73025072 0.01643
11 128272676 rs7107309 0.094238
11 128273651 rs7125915 0.63044
11 128273710 rs147958698 0.11420999999999999
11 128273820 rs74563193 0.037389
11 128273957 rs149160380 0.72027
11 128274205 rs79601579 0.0095634
11 128274321 rs140363130 0.027788999999999998
11 128274479 rs78315238 0.9264100000000001
11 128274580 rs59145252 0.58115
11 128275064 rs78461980 0.0073181
11 128275076 rs756989686 0.29220999999999997
11 128275215 rs74349003 0.14859
11 128275671 rs7104075 0.56009
11 128275692 rs9943540 0.044472000000000005
11 128275815 rs73581035 0.58911
11 128275834 rs80077524 0.035633
11 128276628 rs1946010 0.19660999999999998
11 128276629 rs1946009 0.19314
11 128276719 rs151032693 0.9608
11 128276802 rs79974325 0.73235
11 128276960 rs143691538 0.06553400000000001
11 128276968 rs12290368 0.35497
11 128277235 rs12284891 0.6647
11 128277454 rs11221284 0.0048563
11 128277971 rs554927033 0.43306999999999995
11 128278020 rs73581039 0.76152
11 128278102 rs75772783 0.06602899999999999
11 128278372 rs117545687 0.54367
11 128278418 rs11605357 0.0032347
11 128278610 rs116295930 0.21158000000000002
11 128278855 rs1540218 0.68281
11 128279229 rs79883000 0.21405
11 128279430 rs187761344 0.1315
11 128280308 rs115595826 0.35698
11 128280529 rs10893865 0.00036646
11 128280573 rs7102909 0.54781
11 128280753 rs11606595 0.0033420999999999998
11 128280800 rs7106191 0.0020062
11 128280901 rs61909061 9.4031e-11
11 128280935 rs150979271 0.10928
11 128281035 rs140850612 0.21819000000000002
11 128281184 rs1540225 0.65999
11 128281234 rs752663317 0.8582200000000001
11 128281264 rs6590328 0.0020299
11 128281341 rs1540224 0.53181
11 128281449 rs145638084 0.28435
11 128281464 rs112686496 0.27985
11 128281626 rs7123188 0.0021045
11 128281785 rs137938761 0.2332
11 128281918 rs11221287 0.002209
11 128282153 rs11221288 0.34621
11 128282507 rs74492281 0.034667
11 128282547 rs117101934 0.059966
11 128282608 rs77993346 0.067436
11 128282648 rs80201886 0.068629
11 128282789 rs77753824 0.068629
11 128283143 rs117225789 0.1995
11 128283445 rs1946007 0.0046549
11 128283478 rs61909062 0.048843
11 128283618 rs10893866 0.00070539
11 128283625 rs112757607 0.25137
11 128283849 rs182257658 0.82052
11 128283871 rs74933384 0.06843099999999999
11 128284096 rs34431347 0.0020828
11 128284231 rs34666372 0.0021054000000000003
11 128284772 rs6590329 0.5325300000000001
11 128285313 rs1946006 0.0028145
11 128285344 rs79558703 0.35311
11 128285483 rs569188882 0.49891
11 128285536 rs142009519 0.035339999999999996
11 128285677 rs192930055 0.26373
11 128285756 rs183883335 0.13080999999999998
