CHR BP SNP P
15 68422916 rs111275180 0.62563
15 68423805 rs117012359 0.16576
15 68424292 rs180744554 0.6601899999999999
15 68424599 rs112003874 0.96416
15 68424627 rs142397071 0.011724
15 68424629 rs146992862 0.011718000000000001
15 68424634 rs12148323 2.871e-06
15 68425122 rs8038202 4.9203e-06
15 68425177 rs117087891 0.16776
15 68425265 rs8038236 4.3150999999999996e-06
15 68425297 rs8038120 4.658e-06
15 68425332 rs182475940 0.7408899999999999
15 68425635 rs112677781 0.085074
15 68425803 rs150165303 0.07645
15 68425844 rs77340559 0.9592700000000001
15 68429059 rs189516534 0.65956
15 68429145 rs111636560 0.27903
15 68429251 rs138624274 0.16617
15 68429270 rs185953901 0.038945
15 68429724 15:68429724_T_C 0.53363
15 68429771 rs772035405 0.5156
15 68429836 rs78049372 0.16012
15 68429850 rs74877124 0.97857
15 68430380 rs552000633 0.95819
15 68430402 rs142437812 0.52355
15 68431060 rs113079429 0.46262
15 68431168 rs12898743 1.9564e-06
15 68431338 rs28635563 0.18934
15 68431859 rs7165825 2.4016e-06
15 68432043 rs6494718 0.016222999999999998
15 68432140 rs7167918 1.9276e-06
15 68432365 rs56148008 0.57594
15 68432444 rs79232446 0.16885
15 68432446 rs28437681 0.18082
15 68432453 rs145362148 0.9291799999999999
15 68432525 rs73423773 0.4443
15 68432551 rs147663430 0.013538999999999999
15 68432668 rs59274623 0.7851100000000001
15 68432757 rs149798289 0.78691
15 68432784 rs1387553 0.28535
15 68433033 rs185597151 0.9144700000000001
15 68433078 rs549166284 0.85178
15 68433523 rs149089040 0.16719
15 68434276 rs200194874 0.69797
15 68434379 rs117588299 0.17098
15 68435163 rs79129945 0.16758
15 68435313 rs28567561 0.21702
15 68436093 rs150111445 0.27145
15 68436095 rs114017437 0.052280999999999994
15 68436575 rs7402649 1.0213999999999999e-05
15 68437102 rs8035890 3.1784e-06
15 68437573 rs74020056 0.61569
15 68437598 rs74744538 0.9164
15 68437891 rs140705251 0.20606
15 68437935 rs142252376 0.75131
15 68438109 rs60794527 0.90745
15 68438410 rs75775057 0.94745
15 68438426 rs117276202 0.16967000000000002
15 68439441 rs72741112 0.00038097
15 68439547 rs78409630 0.17317000000000002
15 68440028 rs4777022 9.4935e-06
15 68440201 rs138474989 0.0045839
15 68440466 rs17309974 0.0034957
15 68440606 rs62004789 0.025129
15 68440795 rs79916337 0.64047
15 68440932 rs149357094 0.9746
15 68441369 rs144658956 0.1683
15 68441371 rs76498602 0.062104999999999994
15 68441485 rs8030302 3.4210000000000004e-06
15 68441493 rs79553648 0.97283
15 68441614 rs142858855 0.58254
15 68441777 rs34760852 4.025e-06
15 68442806 rs114920620 0.5063
15 68443080 rs117842618 0.17824
15 68443326 rs76791346 0.31927
15 68443457 rs185532769 0.6877
15 68443515 rs34106628 0.0041979
15 68443668 rs28618219 0.34525
15 68443688 rs552940919 0.27979
15 68444446 rs149675631 0.97526
15 68444522 rs28577075 0.59325
15 68444672 rs16951636 0.6442399999999999
15 68444733 rs28374836 0.1964
15 68444735 rs16951637 0.85677
15 68444807 rs146713687 0.021643
15 68445419 rs80002093 0.09764500000000001
15 68445679 rs12908465 0.040811
15 68446258 rs182582185 0.5076
15 68446458 rs79773491 0.08630299999999999
15 68446655 rs78539949 0.9872200000000001
15 68447130 rs76669113 0.15557
15 68447203 rs73423788 0.8873
15 68448057 rs7168352 0.9979
15 68448720 rs2130273 0.38286
15 68449183 rs117196467 0.0082224
15 68449208 rs148155745 0.6833199999999999
15 68449271 rs142766735 0.16183
15 68449287 rs74425327 0.9960700000000001
15 68449645 rs146051457 0.9283
15 68449678 rs559653652 0.67472
15 68449751 rs12905763 7.9853e-06
15 68449779 rs35722665 2.7357e-06
15 68449795 rs28735925 0.13230999999999998
15 68449933 rs116137148 0.57235
15 68450077 rs181041308 0.028013999999999997
15 68450170 rs188989564 0.41105
15 68450286 rs73423789 0.289
15 68450480 rs11071983 0.8473200000000001
15 68450523 rs779877841 0.8042600000000001
15 68450754 rs79148182 0.63169
15 68451138 rs116904716 0.15977
15 68451541 rs550229304 0.83468
15 68451667 rs75778453 0.9960399999999999
15 68451991 rs555128192 0.3087
15 68452147 rs117997088 0.27651
15 68452313 rs117516846 0.17146
15 68452458 rs550106905 0.61697
15 68452515 rs35595740 6.964400000000001e-06
15 68452750 rs11853028 0.96598
15 68452839 rs28897433 0.95919
15 68453119 rs372557340 0.67272
15 68453377 rs117208837 0.6233
15 68453476 rs184589332 0.15591
15 68453651 rs151310352 0.9825799999999999
15 68453720 rs115840403 0.072393
15 68453827 rs754237656 0.50157
15 68453952 rs4777023 7.6511e-06
15 68454480 rs71400388 0.00027694
15 68454523 rs62004794 1.6881e-06
15 68454806 rs7177086 0.5935699999999999
15 68454968 rs6494719 0.55386
15 68455381 rs1114159 0.5717
15 68455547 rs1878360 4.2377999999999995e-06
15 68455743 rs77767482 0.54501
15 68455830 rs111580212 0.24906999999999999
15 68456218 rs77506151 0.16074000000000002
15 68456449 rs35495454 0.00027078
15 68456586 rs78869409 0.17114000000000001
15 68456836 rs73423793 0.25261999999999996
15 68457504 rs59633452 0.71997
15 68457682 rs188701092 0.3377
15 68458130 rs4511477 0.71663
15 68458188 rs1464151 0.55976
15 68458978 rs77792693 0.16724
15 68459000 15:68459000_G_A 0.32203000000000004
15 68459342 rs145513616 0.71304
15 68459404 rs148421597 0.038978
15 68459474 rs142931073 0.016608
15 68460192 rs772528337 0.16369
15 68460290 rs2414990 1.3799000000000001e-06
15 68460522 rs190288969 0.018328
15 68460538 rs374796602 0.021653
15 68460616 rs111749536 0.97751
15 68460777 rs8041570 0.5544100000000001
15 68461019 rs7181874 2.9735000000000004e-06
15 68461254 rs138108581 0.013491999999999999
15 68461361 rs548158653 0.17814000000000002
15 68461397 rs114555329 0.086227
15 68461808 rs74718269 0.16689
15 68461817 rs73423796 0.70629
15 68461931 rs7167353 0.39414
15 68462137 rs59026798 0.22921999999999998
15 68462661 rs116220796 0.28603
15 68462769 rs117182626 0.16726
15 68463077 rs149899029 0.94547
15 68463249 rs28767889 0.18389
15 68463277 rs117542212 0.16764
15 68463828 rs28465253 0.1913
15 68463880 rs78470981 0.9111299999999999
15 68464482 rs140699953 0.14983
15 68464497 rs62004815 0.020588
15 68464666 rs191663572 0.66835
15 68464713 rs113002386 0.08065800000000001
15 68464889 rs186683657 0.66835
15 68464968 rs150216124 0.013712
15 68465180 rs73423798 0.35224
15 68465516 rs185764057 0.096304
15 68465642 rs78239725 0.037485000000000004
15 68465905 rs184529901 0.62
15 68465964 rs60876730 0.66173
15 68466012 rs73423801 0.56694
15 68466380 rs76400500 0.50416
15 68466392 rs11637072 0.010555
15 68466569 rs73423802 0.22588000000000003
15 68467093 rs10518758 0.036625
15 68467180 rs77626272 0.9753799999999999
15 68467231 rs78091121 0.1719
15 68467715 rs28690069 0.6319
15 68467760 rs2037212 1.8956000000000001e-06
15 68468098 rs113555272 0.18699000000000002
15 68468594 rs146360252 0.5142399999999999
15 68468695 rs12438361 1.0402e-05
15 68469402 rs12594232 3.3721e-06
15 68469757 rs117189106 0.17284000000000002
15 68470062 rs117584649 0.17289000000000002
15 68470563 rs141612852 0.019239
15 68470669 rs77055194 0.17251
15 68470969 rs28660999 0.19205
15 68471048 rs35125010 6.504099999999999e-06
15 68471054 rs75471997 0.5403
15 68471077 rs571262488 0.0010465
15 68471417 rs118121147 0.17259000000000002
15 68471797 rs113989797 0.26911999999999997
15 68471804 rs73425806 0.23609000000000002
15 68471891 rs10152713 0.049318
15 68472074 rs148556787 0.17354
15 68472075 rs28615581 0.1924
15 68472299 rs760801212 0.059642999999999995
15 68472393 rs75769302 0.20695
15 68472543 rs189264975 0.6652899999999999
15 68472599 rs181898460 0.31235
15 68472727 rs75006895 0.68825
15 68472883 rs78444751 0.54328
15 68473232 rs114954767 0.38795
15 68473443 rs3759823 0.17242000000000002
15 68473808 rs75673552 0.038687
15 68473890 rs74020064 0.64974
15 68474027 rs188451649 0.61555
15 68474202 rs77029780 0.80408
15 68474272 rs567009998 0.8054100000000001
15 68474412 rs184715462 0.16369
15 68475061 rs7171467 0.014163999999999998
15 68475249 rs78896617 0.5936100000000001
15 68475424 rs74601873 0.21685
15 68475545 rs74429029 0.89949
15 68475609 rs28617765 0.16721
15 68475849 rs74020066 0.80538
15 68476469 rs148877682 0.57134
15 68476572 rs117483368 0.01209
15 68476756 rs74020067 0.6905100000000001
15 68476784 rs779902990 0.428
15 68476869 rs77248480 0.17915
15 68477677 rs144321171 0.39081
15 68478232 rs143294404 0.17488
15 68478584 rs76250894 0.17154
15 68479036 rs111231104 0.3933
15 68479120 rs117377177 0.17338
15 68479181 rs191023047 0.0035128
15 68479259 rs2176333 4.4189999999999995e-06
15 68479541 rs145324680 2.2013999999999998e-07
15 68479741 rs79911358 0.17229
15 68480612 rs577393598 0.52313
15 68480756 rs62004818 0.013265
15 68480887 rs1049493 4.011e-06
15 68481390 rs16951653 0.35493
15 68481412 rs77434572 0.45657
15 68481582 rs12912276 8.7559e-06
15 68481878 rs116526300 0.070935
15 68482516 rs115795762 0.54127
15 68482539 rs117519279 0.0019117000000000001
15 68482966 rs16951657 0.19685999999999998
15 68483008 rs575033369 0.5188
15 68483693 rs117108060 0.0027464000000000004
15 68483861 rs762883862 0.65946
15 68484061 rs143358063 0.70535
15 68484663 rs138522637 0.62625
15 68484692 rs564940546 0.59822
15 68485299 rs76047328 0.26334
15 68485899 rs76665743 0.52867
15 68486097 rs7498094 3.1392000000000004e-06
15 68486126 rs765690824 0.73848
15 68486152 rs74020068 0.37554
15 68486603 rs146763730 0.00052298
15 68486662 rs74020069 0.61797
15 68486675 rs28604333 0.15797
15 68486716 rs535420041 0.051258000000000005
15 68486804 rs62004819 0.9712299999999999
15 68486849 rs149887963 0.31901
15 68486862 rs144882330 0.33660999999999996
15 68486871 rs4777025 0.49791
15 68487065 rs538625702 0.75953
15 68487160 rs536646021 0.61282
15 68487692 rs10518759 0.99336
15 68489299 rs74020070 0.82314
15 68489375 rs190618176 0.44391
15 68489478 rs567495032 0.99319
15 68489748 rs28507642 0.15464
15 68489810 rs2280217 0.18547
15 68490216 rs182790508 0.2904
15 68490238 rs73425815 0.7771
15 68490281 rs187899720 0.22860999999999998
15 68490306 rs190641346 0.038891
15 68490307 rs7165197 0.53428
15 68490322 rs144733091 0.98975
15 68490333 rs183466678 0.023607
15 68490495 rs3743089 4.857200000000001e-06
15 68490642 rs112168686 0.73728
15 68490804 rs73425816 0.43083
15 68490821 rs79358532 0.67025
15 68490852 rs59155568 0.42838000000000004
15 68490957 rs11855587 8.6185e-06
15 68491598 rs74020071 0.85505
15 68491640 rs73425818 0.75879
15 68491760 rs35964710 2.1277e-05
15 68491886 rs200702934 0.9249299999999999
15 68492008 rs201240229 0.19882
15 68492028 rs11071986 3.2366e-06
15 68492262 rs11635988 5.0007e-06
15 68492360 rs74020072 0.3652
15 68492556 rs11856788 0.50832
15 68492728 rs74020073 0.7128399999999999
15 68492767 rs74020074 0.61995
15 68492900 rs8032543 0.071677
15 68493002 rs74020075 0.6936899999999999
15 68493178 rs778388613 0.65795
15 68493427 rs560025725 0.096509
15 68493748 rs938640 3.3675999999999997e-06
15 68493798 rs548866169 0.96578
15 68494406 rs115457595 0.88549
15 68494820 rs148363800 0.79259
15 68495135 rs75933314 0.32381
15 68495405 rs138357810 0.0081148
15 68495458 rs58038746 0.30186999999999997
15 68495533 rs60339287 0.29943000000000003
15 68495584 rs11630382 9.0818e-06
15 68495604 rs148681532 0.041685
15 68495680 rs114961556 0.87655
15 68495754 rs11071987 8.3774e-06
15 68495852 rs11071988 4.0136e-06
15 68495881 rs73425824 0.34448
15 68496029 rs147765543 0.016845
15 68496339 rs538604010 0.49617
15 68496387 rs11071989 0.29541999999999996
15 68496831 rs76183398 0.81215
15 68496849 rs60349900 0.39092
15 68496850 rs78176464 0.27292
15 68497011 rs553787022 0.19399999999999998
15 68497030 rs115834813 0.72616
15 68497597 rs11071990 0.24211999999999997
15 68497633 rs3803381 0.51443
15 68497940 rs533374270 0.31645999999999996
15 68498052 rs11071991 6.6666e-06
15 68498411 rs148312821 0.6755399999999999
15 68498450 rs185419326 0.018434
15 68498923 rs376835316 0.57963
15 68499119 rs118182046 0.083069
15 68499173 rs188631570 0.19087
15 68499321 rs8028241 1.217e-05
15 68499463 rs6494720 0.30565
15 68499661 rs8142 2.9708e-06
15 68499788 rs8033190 0.31073
15 68499811 rs111879561 0.18506
15 68499832 rs144976448 0.20851999999999998
15 68500085 rs114833125 0.76649
15 68500403 rs57058289 0.29181
15 68500491 rs143578698 0.00066661
15 68500574 rs148949069 0.45196000000000003
15 68500793 rs201306069 0.1225
15 68501202 rs191697869 0.00027209
15 68501492 rs117170222 0.18423
15 68501507 rs563181521 0.16362000000000002
15 68501710 rs11632516 2.4446000000000003e-06
15 68502400 rs148243823 0.26438
15 68502604 rs1400432 6.0003e-06
15 68502782 rs770969112 0.53118
15 68503058 rs533503757 0.9671
15 68503111 rs73425836 0.27493
15 68503216 rs10468043 2.4078e-06
15 68503218 rs530364887 0.029612
15 68503366 rs190322714 4.2844e-10
15 68503436 rs17317039 0.0083763
15 68503464 rs188877968 0.45053000000000004
15 68503557 rs199898033 0.77666
15 68503695 rs116956347 0.1865
15 68503796 rs74020079 0.39604
15 68503962 rs8024979 0.31194
15 68504005 rs149692285 0.40815
15 68504207 rs117038427 0.18631
15 68504369 rs56883694 0.84344
15 68504397 rs61281446 0.30735999999999997
15 68504449 rs59951468 0.31266
15 68504636 rs114660769 0.25121
15 68504806 rs10048021 6.0599e-06
15 68505086 rs35873920 5.9976e-06
15 68505234 rs10467939 2.6074000000000002e-06
15 68505518 rs8031487 0.30739
15 68505620 rs8031960 0.30112
15 68505624 rs8031661 6.07e-06
15 68506167 rs8036931 0.30732
15 68506267 rs151246928 0.8850600000000001
15 68506470 rs11638475 0.037951
15 68506711 rs104894483 0.4239
15 68506796 rs114850355 0.70673
15 68506810 rs7182333 0.47212
15 68506910 rs186920869 0.90125
15 68506923 rs112363976 0.3185
15 68506978 rs6494721 0.49371000000000004
15 68507078 rs3784352 0.27246
15 68507272 rs10431808 6.9696e-06
15 68507295 rs8042358 0.25347
15 68508469 rs117802388 0.0058200000000000005
15 68508498 rs78696917 0.013088999999999998
15 68508522 rs139170367 0.9469700000000001
15 68508525 rs1012522 5.4314e-06
15 68508691 rs117784415 0.39607
15 68509091 rs568258355 0.7235699999999999
15 68509119 rs747299106 0.48086999999999996
15 68509639 rs7178785 0.65256
15 68509663 rs145844209 0.7219
15 68510175 rs8039279 0.13357
15 68510401 rs114326125 0.19369
15 68510693 rs59385667 0.44383
15 68510770 rs8025947 2.0321e-06
15 68511186 rs117594646 0.17679
15 68511569 rs28420302 0.30603
15 68511645 rs35627684 5.505499999999999e-06
15 68511749 rs56977912 0.30109
15 68511819 rs74020081 0.40638
15 68511978 rs35741399 5.0578e-05
15 68512454 rs8033550 0.29964
15 68512594 rs146135158 0.47563
15 68512651 rs8037785 0.84425
15 68512733 rs61067194 0.24715
15 68512848 rs150910181 0.18520999999999999
15 68512970 rs76923644 0.29591999999999996
15 68513126 rs117204713 0.38832
15 68513382 rs35082625 5.310700000000001e-06
15 68513695 rs537940896 0.53997
15 68513822 rs28510354 0.12485999999999998
15 68513985 rs181484773 0.63249
15 68514011 rs55953911 2.3012e-06
15 68514136 rs547789856 0.018752
15 68514513 rs62002465 0.43961000000000006
15 68514587 rs75668668 2.3305e-06
15 68514633 rs184015955 0.6229100000000001
15 68514707 rs112940674 2.2791e-06
15 68514730 rs184533775 0.8134600000000001
15 68514788 rs187367266 0.86
15 68515287 rs541553112 0.58609
15 68516039 rs144574783 0.25643
15 68516153 rs113345159 0.18352000000000002
15 68516195 rs59074148 0.46248999999999996
15 68516294 rs11638034 5.2613e-06
15 68516367 rs112820819 0.30163
15 68516753 rs8040317 5.6164999999999995e-06
15 68516780 rs11639222 2.282e-06
15 68517211 rs8040883 5.3345e-06
15 68517337 rs77393460 0.65109
15 68517988 rs7164981 0.28743
15 68518240 rs7165830 0.28628000000000003
15 68518304 rs12438246 5.3815999999999994e-06
15 68518890 rs546607317 0.53652
15 68519814 rs17317291 0.00043871
15 68519855 rs8037724 2.7661e-06
15 68519871 rs8037734 2.7692e-06
15 68519983 rs540177887 0.64768
15 68520099 rs76963971 4.5392e-07
15 68520123 rs139320560 0.36419
15 68520436 rs566677971 0.8870600000000001
15 68521080 rs147453550 0.78477
15 68521095 rs11071993 3.2936e-06
15 68521369 rs28706523 0.13197
15 68521485 rs56234729 2.9438e-06
15 68521622 rs541105748 0.81524
15 68521652 rs55954678 3.2595999999999997e-06
15 68521741 rs374125159 0.91794
15 68521805 rs150630197 0.23342
15 68521859 rs527373013 0.44435
15 68521870 rs547125345 0.8809999999999999
15 68521889 rs112239768 0.17459000000000002
15 68522443 rs77667547 0.029863
15 68522850 rs8024471 7.663500000000001e-07
15 68522851 rs144081875 0.61853
15 68523005 rs77588007 0.33876999999999996
15 68523043 rs36037680 2.7921e-06
15 68523354 rs143194920 0.66594
15 68523755 rs113982803 0.17302
15 68524085 rs8030220 2.6625999999999997e-06
15 68524252 rs12148713 2.6776e-06
15 68524822 rs116537324 0.67616
15 68525128 rs141056783 0.2671
15 68525232 rs139385225 0.25647
15 68525499 rs867483 9.9393e-07
15 68525532 rs883257 2.5103999999999997e-06
15 68525652 rs116907025 0.44828
15 68525794 rs76198580 0.17426
15 68525893 rs66513875 9.365899999999999e-07
15 68526049 rs61545800 0.2799
15 68526175 rs73425881 0.29834
15 68526355 rs7182574 7.718800000000001e-07
15 68526394 rs74020082 0.40941
15 68526783 rs12904794 2.4141e-06
15 68527092 rs546760835 0.9174
15 68527109 15:68527109_C_A 0.53992
15 68527279 rs7166630 0.2382
15 68527484 rs7166850 2.4153999999999998e-06
15 68527624 rs192268388 0.44783
15 68527816 rs73425889 0.29913
15 68527845 rs145992461 0.38321
15 68527919 rs551825435 0.018815000000000002
15 68528049 rs143477631 0.018815000000000002
15 68528355 rs113591727 0.6913
15 68528707 rs114564631 0.044681
15 68528995 rs115099264 0.006480800000000001
15 68529119 rs28842872 0.1249
15 68529280 rs186920664 0.44454
15 68529355 rs58910933 0.24085
15 68529683 rs8023342 0.28962
15 68529701 rs34409319 0.0018169
15 68529760 rs7162452 9.9402e-07
15 68530158 rs7163274 9.895200000000001e-07
15 68530196 rs7162963 0.3129
15 68530322 rs369784941 0.022827
15 68530337 rs187599845 0.8672
15 68530568 rs12439517 1.1714e-06
15 68530575 rs12439519 1.1709999999999999e-06
15 68530670 rs79128210 0.58732
15 68530696 rs542015067 0.9264600000000001
15 68530771 rs184300915 0.91733
15 68531108 rs11071996 9.8603e-07
15 68531127 rs8041498 0.25434
15 68531227 rs8040725 0.2957
15 68531346 rs117202218 0.2912
15 68531653 rs76541548 0.5997100000000001
15 68531766 rs141847727 0.9107
15 68532177 rs8025520 0.30234
15 68532500 rs73425900 0.67156
15 68532596 rs7165178 0.004933699999999999
15 68532893 rs55811462 0.44366000000000005
15 68532912 rs142035348 0.89451
15 68532955 rs6494724 3.6162e-06
15 68533120 rs7170983 0.2947
15 68533193 rs28424157 0.1465
15 68534132 rs57782898 0.29521
15 68534206 rs55693492 0.15834
15 68534351 rs141774460 0.8934200000000001
15 68534379 rs190681632 0.9187
15 68534388 rs1850351 3.0042e-06
15 68535017 rs6494725 0.29164
15 68535654 rs145697020 0.48053
15 68535742 rs184513115 0.38878
15 68535755 rs138292598 0.88131
15 68535899 rs192926000 0.38750999999999997
15 68535919 rs11071997 0.018892
15 68535993 rs371312122 0.9204899999999999
15 68536049 rs28806598 2.8767e-07
15 68537283 rs188806448 0.9204899999999999
15 68537550 rs117068851 0.48105
15 68537703 rs112482802 0.27973000000000003
15 68538565 rs28410259 0.88185
15 68538856 rs2169215 8.313799999999999e-07
15 68538941 rs59858556 0.2197
15 68539081 rs182544459 0.9204899999999999
15 68539650 rs187553229 0.9204899999999999
15 68540130 rs146864762 0.89689
15 68540508 rs74880812 0.34471
15 68540531 rs11629609 1.4716999999999998e-06
15 68540744 rs7164851 0.23665
15 68540939 rs138357920 0.54091
15 68540955 rs111427119 0.2205
15 68541027 rs6494726 1.1038e-06
15 68541568 rs73427825 0.22651999999999997
15 68541920 rs73427826 0.69705
15 68541976 rs28812881 0.34398
15 68541996 rs6494727 1.4268e-06
15 68542147 rs112437267 0.69904
15 68542205 rs12148307 1.2994e-06
15 68542246 rs373135934 0.91886
15 68542324 rs147224240 0.66696
15 68542496 rs142716690 0.6766800000000001
15 68543128 rs8038170 3.1348e-06
15 68543749 rs112792346 0.36541
15 68543755 rs112855590 0.29491999999999996
15 68544399 rs12900974 0.0018468
15 68544415 rs368074709 0.94319
15 68544470 rs184830217 0.91659
15 68544667 rs188747118 0.9442200000000001
15 68545056 rs150222051 0.20399
15 68545603 rs1554223 1.1071e-06
15 68545798 rs77871852 0.032694
15 68546275 rs1975873 1.3227e-06
15 68546616 rs73427830 0.27023
15 68546648 rs147983285 0.9462
15 68547440 rs7182982 0.9425
15 68547828 rs12902478 0.004333
15 68547958 rs4777030 0.33287
15 68548122 rs4776392 0.33728
15 68548203 rs78803542 0.95588
15 68548351 rs73427836 0.29745
15 68549319 rs58176711 0.31744
15 68549396 rs9672683 0.92863
15 68549523 rs11071999 0.31834
15 68549531 rs376109985 0.9555100000000001
15 68549754 rs60986425 0.30509000000000003
15 68549934 rs4777031 0.92571
15 68551192 rs115477372 0.22541
15 68551238 rs11632898 0.96452
15 68551312 rs11637559 0.92394
15 68552089 rs190125992 0.069437
15 68552183 rs58145860 0.23955
15 68552705 rs10083568 0.9188700000000001
15 68552716 rs10083580 0.9175399999999999
15 68552852 rs142909810 0.36959000000000003
15 68552942 rs7162816 0.92405
15 68553399 rs6494728 0.8927700000000001
15 68553483 rs113929974 0.0038824
15 68553876 rs56154806 0.95439
15 68553914 rs11631719 0.10496
15 68554168 rs564746308 0.6985
15 68554301 rs73427857 0.37688
15 68554664 rs145707645 0.019208000000000003
15 68554700 rs7174857 0.92609
15 68554742 rs73427860 0.17765999999999998
15 68554939 rs74021639 0.8224600000000001
15 68554944 rs73427863 0.79475
15 68555003 rs141354113 0.64728
15 68555294 rs1967994 0.88285
15 68555373 rs12442949 0.3434
15 68555680 rs11072001 0.8888
15 68555806 rs58528649 0.31656999999999996
15 68556049 rs138377049 0.9654200000000001
15 68556512 rs1474032 0.9321200000000001
15 68557062 rs145350688 0.8514700000000001
15 68557869 rs1599299 0.8854799999999999
15 68557930 rs117608315 0.90799
15 68557996 rs150893191 0.59591
15 68558082 rs73427874 0.31377
15 68558267 rs73427876 0.91589
15 68558635 rs28513519 0.31699
15 68558930 rs139873178 0.9621799999999999
15 68558946 rs8038347 0.9249700000000001
15 68559450 rs9972591 0.3528
15 68559972 rs1850353 0.8845
15 68560040 rs145000543 0.9512700000000001
15 68560196 rs28576613 0.30366
15 68560517 rs2414991 0.8890899999999999
15 68560521 rs2414992 0.8884700000000001
15 68560546 rs8024656 0.91579
15 68560718 rs12101727 0.31576
15 68560837 rs151209890 0.7780100000000001
15 68560843 rs4486833 0.88885
15 68560851 rs2414993 0.7074699999999999
15 68561466 rs145223807 0.9640200000000001
15 68561516 rs8041888 0.3189
15 68562044 rs371992594 0.90448
15 68562440 rs144850613 0.0020518
15 68562527 rs12903244 0.35307
15 68562947 rs1356311 0.89033
15 68563081 rs1850352 0.349
15 68563450 rs8033152 0.9240200000000001
15 68563836 rs4777032 0.88205
15 68564567 rs183677587 0.46126000000000006
15 68564682 rs147240223 0.9526899999999999
15 68564976 rs958353 0.16229000000000002
15 68565115 rs141465050 0.9233299999999999
15 68566131 rs527479593 0.24223000000000003
15 68566287 rs192995359 0.1381
15 68566293 rs146761329 0.0010995
15 68566757 rs7172828 0.094304
15 68566835 rs115463011 0.7006100000000001
15 68566987 rs28612969 0.047431
15 68567011 rs60587680 0.3406
15 68567012 rs2280218 0.20187
15 68567090 rs74896649 0.008593
15 68567106 rs28472688 0.31072
15 68567752 rs28497198 0.011003
15 68568312 rs3759822 0.58846
15 68568542 rs73427899 0.46073000000000003
15 68569555 rs146241560 0.23671
15 68569799 rs59231560 0.27243
15 68569866 rs77747303 0.0074821
15 68569942 rs78238174 0.71623
15 68570011 rs16951723 0.16309
15 68570158 rs116529867 0.18723
15 68570160 rs146502335 0.79845
15 68570166 rs55941639 0.1654
15 68570293 rs193261445 0.42455
15 68570794 rs35606342 0.62588
15 68571164 rs11630865 0.17494
15 68571207 rs570358613 0.0857
15 68571479 rs10152450 0.14789000000000002
15 68571609 rs74019865 0.39485
15 68571631 rs80224911 0.060861
15 68571795 rs150399040 0.57691
15 68571810 rs72741150 0.53455
15 68572272 rs74019866 0.3677
15 68572351 rs74019867 0.46771999999999997
15 68572369 rs74019868 0.36488000000000004
15 68573647 rs72741151 0.61201
15 68573757 rs67342571 0.15496
15 68573858 rs79638346 0.64463
15 68574030 rs192340158 0.14235
15 68574036 rs150718403 0.79725
15 68574174 rs139115473 0.7648199999999999
15 68574442 rs189559613 0.81715
15 68574450 rs55700060 0.1548
15 68574835 rs34693034 0.17438
15 68574852 rs72741152 0.42961000000000005
15 68574866 rs185842450 0.7802100000000001
15 68574871 rs550505779 0.1275
15 68575696 rs111294065 0.038896
15 68575871 rs74370426 0.3881
15 68576284 rs143677381 0.89033
15 68576528 rs7175297 0.15752
15 68576545 rs117016386 0.12232
15 68576880 rs59705963 0.48768999999999996
15 68577132 rs117515767 0.07017000000000001
15 68577227 rs142597284 0.14523
15 68577358 rs75471612 0.22213000000000002
15 68577409 rs75191224 0.35405
15 68577729 rs144579746 0.9746
15 68578329 rs8027628 0.16537000000000002
15 68578597 rs187600233 0.50542
15 68579263 rs151297468 0.4865
15 68579698 rs141234260 0.8747299999999999
15 68580026 rs76552257 0.65861
15 68580065 rs11636081 0.07892300000000001
15 68580275 rs57128886 0.43783
15 68580633 rs79903143 0.20800000000000002
15 68580645 rs79731779 0.73692
15 68580801 rs7172340 0.028402999999999998
15 68580912 rs12909277 0.14003
15 68581250 rs530239331 0.25567
15 68581390 rs7174574 0.17718
15 68581580 rs117429382 0.81277
15 68582413 rs144468787 0.74783
15 68582685 rs555257375 0.7132
15 68583172 rs143637660 0.0065098
15 68583382 rs34021140 0.33295
15 68584451 rs74019869 0.3015
15 68584525 rs74019870 0.29311
15 68584556 rs6494730 0.16015
15 68585218 rs66989829 0.18247
15 68585566 rs568802734 0.010153
15 68585795 rs75571734 0.67385
15 68585837 rs558038941 0.9807299999999999
15 68585879 rs74019871 0.33252
15 68587230 rs781386396 0.56343
15 68587287 rs79699752 0.80088
15 68588569 rs60705177 0.35954
15 68588807 rs543001120 0.5250199999999999
15 68588904 rs56163899 0.38299999999999995
15 68588935 rs10444850 0.23275
15 68589371 rs10444805 0.21561
15 68589374 rs79349838 0.42673999999999995
15 68589486 rs769720141 0.79355
15 68589758 rs77446057 0.0038664999999999997
15 68590249 rs77234207 0.38885
15 68590951 rs113364719 0.37084
15 68590999 rs115109964 0.8371200000000001
15 68591023 rs115109926 0.92285
15 68591368 rs76245763 0.38822
15 68591681 rs59943133 0.20357999999999998
15 68591734 rs61319809 0.20246
15 68591750 rs7163188 0.20848000000000003
15 68591929 rs186576598 0.5933
15 68592100 rs74023103 0.20822
15 68592208 rs755120693 0.21074
15 68592584 rs74023104 0.18633
15 68592851 rs74023105 0.54383
15 68592862 rs62003790 0.29484
15 68593072 rs78025493 0.00048721
15 68593127 rs58175526 0.083425
15 68593693 rs186500524 0.91376
15 68593797 rs7176148 0.87798
15 68594522 rs12148843 0.079826
15 68594634 rs76875722 0.71709
15 68594691 rs79251975 0.69267
15 68594821 rs181081998 0.0046304
15 68594861 rs1122247 0.07872699999999999
15 68595130 rs10851784 0.88556
15 68595694 rs74023107 0.49073999999999995
15 68595801 rs11631030 0.072474
15 68596187 rs547940090 0.5094
15 68596573 rs68069953 0.07305199999999999
15 68597008 rs74023108 0.46648
15 68597127 rs7174755 0.079887
15 68597350 rs8035431 0.060841
15 68597857 rs142183364 0.7073699999999999
15 68598006 rs11634026 0.07974400000000001
15 68598164 rs118115766 0.18667
15 68598916 rs9672310 0.089772
15 68599069 rs9672383 0.097051
15 68599875 rs2271721 0.10987999999999999
15 68600348 rs4777033 0.11199
15 68601365 rs185933662 0.97185
15 68601884 rs4777034 0.1134
15 68602090 rs8032290 0.54805
15 68602178 rs1020842 0.10377
15 68602354 rs1020841 0.10740999999999999
15 68602360 15:68602360_C_T 0.97725
15 68602488 rs143918233 0.25763
15 68603231 rs139961527 0.8957200000000001
15 68603418 rs200822139 0.84944
15 68603596 rs145367554 0.5636399999999999
15 68603625 rs898591 0.22365
15 68603817 rs2271729 0.19552
15 68604175 rs898590 0.091179
15 68604339 rs898589 0.12055
15 68604350 rs2414994 0.12047999999999999
15 68604495 rs6494731 0.12158
15 68604607 rs6494732 0.12038
15 68605074 rs58270888 0.77782
15 68605169 rs4777035 0.42818
15 68605320 rs144295248 0.081025
15 68605486 rs16951746 0.74816
15 68605568 rs4777036 0.30508
15 68605602 rs189845762 0.90474
15 68605612 rs7168991 0.74958
15 68605703 rs7174916 0.74835
15 68605840 rs148739722 0.23911999999999997
15 68606051 rs182003271 0.4569
15 68606098 rs7174384 0.18257
15 68606109 rs2271727 0.12415
15 68606169 rs186388837 0.09411900000000001
15 68606271 rs111957377 0.76902
15 68606474 rs2271726 0.14047
15 68606480 rs113650185 0.2283
15 68606655 rs139107282 0.81219
15 68606656 rs1125721 0.004305300000000001
15 68606740 rs77979747 0.20307999999999998
15 68606833 rs16951750 0.15541
15 68607063 rs2414995 0.35052
15 68607424 rs7181198 0.7549899999999999
15 68607459 rs113194546 0.72659
15 68607616 rs7182849 0.7521899999999999
15 68607681 rs74758799 0.76266
15 68607697 rs116279573 0.6827300000000001
15 68607794 rs116359433 0.45303999999999994
15 68607999 rs200437386 0.005804600000000001
15 68608095 rs79232487 0.022001
15 68608142 rs151302329 0.11155999999999999
15 68608187 rs34136572 0.00022699
15 68608450 rs76305215 0.00060211
15 68608837 rs73429851 0.22185
15 68608911 rs75227722 0.16239
15 68609647 rs2271725 0.6920000000000001
15 68610384 rs3784334 0.89784
15 68610472 rs146241632 0.18045
15 68611051 rs60103704 0.13741
15 68611426 rs56188504 0.44396
15 68611489 rs17252387 0.15992
15 68611793 rs148617425 0.65966
15 68611951 rs59571285 0.35649000000000003
15 68612077 rs58296003 0.41105
15 68612132 rs74402153 0.025154
15 68612190 rs79921170 5.3e-05
15 68612385 rs35808090 0.11712
15 68612556 rs2271724 0.47203
15 68612677 rs61729760 0.06289299999999999
15 68612865 rs149853428 0.046423
15 68612890 rs72741167 0.46208
15 68612996 rs118033233 0.33355
15 68613017 rs773383576 0.7555
15 68613394 rs56014710 0.74935
15 68613442 rs11633421 0.71394
15 68613489 rs74973981 0.056464
15 68613490 rs3736495 0.5958100000000001
15 68613566 rs72741168 0.29258
15 68613778 rs3736494 0.32225
15 68613787 rs3736493 0.33161
15 68613922 rs8041788 0.28496
15 68613958 rs148937309 0.23851
15 68614019 rs8043152 0.28762
15 68614257 rs554312408 0.6337
15 68614259 rs72741171 0.5546399999999999
15 68614329 rs554061541 0.6552
15 68614583 rs552440480 0.75853
15 68614727 rs72743228 0.47672
15 68614737 rs28404208 0.11547
15 68614895 rs16951774 0.28226999999999997
15 68614930 rs117058624 0.8555200000000001
15 68615189 rs548055049 0.33373
15 68615243 rs1996361 0.17642
15 68615422 rs5016065 0.099569
15 68615471 rs2899735 0.093723
15 68615476 rs2414996 0.049974
15 68615519 rs2414997 0.4246
15 68615654 rs7171871 0.094033
15 68615873 rs1516869 0.09843400000000001
15 68615959 rs16951777 0.094426
15 68616052 rs75576664 0.09830900000000001
15 68616144 rs75158094 0.94181
15 68616190 rs16951778 0.17501
15 68616496 rs3784335 0.43375
15 68616610 rs17318470 0.16555
15 68616676 rs3784336 0.14390999999999998
15 68616678 rs3784337 0.013413
15 68616868 rs16951779 0.9266700000000001
15 68616937 rs188413954 0.22685
15 68617357 rs117518249 0.92248
15 68617603 rs75284077 0.9275700000000001
15 68617621 rs200157639 0.16977
15 68617664 rs114785343 0.28706
15 68617818 rs7163918 0.13685999999999998
15 68617821 rs2271723 0.12297999999999999
15 68618206 rs898587 0.31961999999999996
15 68618266 rs57304345 0.15828
15 68618961 rs2271722 0.051903
15 68619252 rs530243382 0.14605
15 68619407 rs28517670 0.14356
15 68619522 rs117981405 0.74015
15 68619532 rs73429869 0.15297
15 68619539 rs148777161 0.27681999999999995
15 68619631 rs11072006 0.14503
15 68619791 rs115253295 0.25825
15 68619983 rs139407237 0.27066
15 68620047 rs11630928 0.057994000000000004
15 68620136 rs4777037 0.13599
15 68620177 rs3736491 0.14098
15 68620324 rs7176267 0.90456
15 68620401 rs11072007 0.64637
15 68620435 rs201829488 0.90422
15 68620591 rs144229131 0.27076999999999996
15 68620651 rs376493016 0.022494999999999998
15 68620655 rs146549135 0.27124000000000004
15 68620687 rs141167675 0.78378
15 68620797 rs145065755 0.25294
15 68620935 rs145743406 0.25590999999999997
15 68620970 rs28685790 0.9736600000000001
15 68621173 rs4777038 0.052796
15 68621448 rs4777039 0.052506
15 68621706 rs1533469 0.041351
15 68621822 rs11858293 0.98367
15 68622137 rs142883993 0.7829999999999999
15 68622347 rs7179228 0.062426
15 68622502 rs549703579 0.026660000000000003
15 68622564 rs7179598 0.26553000000000004
