CHR BP SNP P
7 77478390 rs116680530 0.83529
7 77478416 rs191121686 0.061805
7 77478788 rs114499241 0.8125600000000001
7 77478994 rs34042266 5.7923e-05
7 77479354 rs61253963 0.0066584999999999995
7 77479516 rs117859814 0.78908
7 77480328 rs193074415 0.52951
7 77480561 rs56364559 0.061792999999999994
7 77480571 rs10248871 8.5804e-09
7 77481278 rs115245515 0.71244
7 77481351 rs35978952 0.0040915
7 77481359 rs141719290 0.78237
7 77481583 rs140058060 0.80601
7 77481990 rs7779699 0.93886
7 77482000 rs60200477 0.38394
7 77482021 rs116765001 0.51841
7 77482122 rs35338509 6.0576000000000004e-05
7 77482475 rs59033784 0.0069855
7 77482556 rs13241989 5.8661999999999995e-05
7 77482722 rs1807786 0.5212399999999999
7 77482732 rs548293457 0.8405100000000001
7 77482770 rs60637351 0.3991
7 77483001 rs186416539 0.83424
7 77483331 rs73375821 0.09547699999999999
7 77483578 rs6952376 0.91776
7 77483740 rs117897760 0.8075600000000001
7 77483775 rs12537648 0.018422
7 77484379 rs58641994 0.38251999999999997
7 77485740 rs62462679 0.088298
7 77485984 rs10281374 0.72431
7 77486209 7:77486209_C_T 0.75447
7 77486234 rs1405420 1.5652e-08
7 77486276 rs114507229 0.52107
7 77486452 rs35820944 4.4576e-05
7 77486676 rs9641292 0.018225
7 77486737 rs141826447 0.56729
7 77486962 rs114973283 0.8881100000000001
7 77488316 rs73138424 0.082634
7 77488434 rs62462680 0.06485199999999999
7 77488678 rs10215453 0.0614
7 77488819 rs11977586 0.78252
7 77489278 rs12535218 6.0271000000000006e-05
7 77489296 rs17158880 0.47901000000000005
7 77489365 rs116031471 0.8372799999999999
7 77489783 rs10215731 0.088835
7 77490034 rs182655127 0.1293
7 77490035 rs187613223 0.12485
7 77490125 rs112559979 0.47491000000000005
7 77490256 rs998537 0.0070242
7 77490768 rs150146040 0.73637
7 77490852 rs11978749 0.47963
7 77490908 rs117045468 0.26988
7 77491018 rs11979571 0.006644499999999999
7 77491158 rs576435450 0.46981000000000006
7 77491234 rs7802691 1.4141999999999999e-08
7 77491297 rs143041640 0.52959
7 77491477 rs115128435 0.93279
7 77491963 rs115887505 0.7599899999999999
7 77492065 rs17158946 0.8928799999999999
7 77492310 rs117714529 0.0068597
7 77492428 rs116967993 0.44298000000000004
7 77492621 rs117374332 0.007656399999999999
7 77492710 rs149693758 0.64354
7 77493019 rs62462681 0.088391
7 77493166 rs144003874 0.99625
7 77493358 rs115697263 0.51207
7 77493455 rs7789761 0.92512
7 77493599 rs7790082 0.92504
7 77493702 rs76417909 0.49806999999999996
7 77494181 rs12530846 0.79615
7 77494205 rs116921252 0.47168999999999994
7 77494243 rs75408893 0.52672
7 77494348 rs59900083 0.0062741
7 77494692 rs183875719 0.5269
7 77495077 rs76624037 0.018234999999999998
7 77495294 rs113864441 7.997399999999999e-05
7 77495312 rs576210151 0.92089
7 77496093 rs10260391 0.89494
7 77496555 rs4291201 0.07802200000000001
7 77497064 rs75807657 0.52041
7 77497125 rs151195873 0.66878
7 77497472 rs6465867 1.0013e-08
7 77497547 rs140343863 0.7760100000000001
7 77497720 rs7803160 1.7786e-08
7 77497946 rs114620455 0.36767
7 77497981 rs116999043 0.8036399999999999
7 77498392 rs139179805 0.1629
7 77498905 rs118055619 0.8033600000000001
7 77499133 rs188426712 0.5209199999999999
7 77499511 rs57163562 0.006642
7 77500113 rs117398864 0.9875700000000001
7 77500601 rs6948656 0.019032
7 77500734 rs7786368 1.1009e-05
7 77501036 rs61323542 0.018819
7 77501297 rs111390888 0.09623
7 77501307 rs13229164 4.468e-05
7 77501324 rs7787003 0.38379
7 77501333 rs139223144 0.64591
7 77501962 rs2471585 4.6368999999999996e-05
7 77502458 rs4729827 0.018221
7 77502480 rs148871809 0.5181399999999999
7 77502957 rs141664907 0.5093300000000001
7 77503840 rs111720430 0.29472
7 77504095 rs2471584 1.7842e-08
7 77504328 rs114594024 0.52086
7 77504659 rs116566716 0.093438
7 77504736 rs58767353 0.79456
7 77505150 rs146369094 0.7087600000000001
7 77505234 rs115359362 0.69408
7 77505657 rs2471580 0.8987299999999999
7 77505851 rs6955427 0.18516
7 77506238 rs114126648 0.8674299999999999
7 77506316 rs148608655 0.82335
7 77506599 rs140522301 0.8032600000000001
7 77506995 rs116683739 0.83765
7 77507683 rs116167766 0.39006
7 77508330 rs114161946 0.093832
7 77508633 rs62462685 0.06676900000000001
7 77508647 rs62462686 0.07057000000000001
7 77508759 rs17234466 0.48811000000000004
7 77508853 rs532435578 0.53747
7 77509088 rs61283667 0.005095399999999999
7 77509210 rs17159115 0.5583
7 77509372 rs10230890 0.9541700000000001
7 77509754 rs186122660 0.24144000000000002
7 77509874 rs2463008 1.2780000000000001e-08
7 77509925 rs6953416 0.0060666
7 77510019 rs116422046 0.82644
7 77510357 rs35289785 3.6315e-05
7 77510745 rs116565240 0.73725
7 77510761 rs77633416 0.51725
7 77511687 rs191599057 0.62593
7 77511848 rs117394297 0.80261
7 77512098 rs7796089 0.0024546
7 77512221 rs117118888 0.38682
7 77512286 rs17234640 0.8004899999999999
7 77512398 rs117745174 0.8898
7 77512619 rs17234668 0.48288000000000003
7 77512825 rs147231642 0.009523299999999998
7 77512832 rs115038758 0.73725
7 77512977 rs541437349 0.60735
7 77513106 rs190225836 0.44281000000000004
7 77513289 rs140497611 0.76593
7 77513748 rs2463009 0.75361
7 77513885 rs2463010 1.4302999999999999e-08
7 77513894 rs116628089 0.5544
7 77513963 rs140998534 0.62074
7 77514389 rs2463011 1.3949e-08
7 77514443 rs145709945 0.009523299999999998
7 77514757 rs114534454 0.94039
7 77514767 rs118003212 0.79948
7 77514847 rs4729846 0.0064682
7 77515190 rs73375848 0.006423399999999999
7 77515422 rs62462688 0.087872
7 77515424 rs115222824 0.5571699999999999
7 77516344 rs73138439 0.078205
7 77516525 rs115802782 0.8305100000000001
7 77516660 rs11489512 0.5348
7 77516743 rs6465869 0.017817
7 77516884 rs11971380 0.006077300000000001
7 77517509 rs12536088 0.80156
7 77517720 rs142340758 0.41092
7 77517794 rs114786218 0.5405800000000001
7 77519081 rs141446740 0.30730999999999997
7 77519263 rs116821166 0.9494100000000001
7 77519418 rs116969550 0.66785
7 77520370 rs58176556 0.38608000000000003
7 77520738 rs12535984 0.79865
7 77520820 rs12536543 0.79994
7 77521195 rs60660683 0.47165
7 77521301 rs183536381 0.075084
7 77521477 rs115878490 0.51159
7 77521947 rs2960455 0.069766
7 77522248 rs138048893 0.4918
7 77522495 rs79826984 0.54392
7 77523035 rs3779352 0.005615600000000001
7 77523222 rs114984189 0.10977999999999999
7 77523521 rs10267180 1.2786e-08
7 77523704 rs10953373 0.0056148000000000005
7 77523705 rs10252383 1.3264e-08
7 77523769 rs10270542 1.3722999999999999e-05
7 77524689 rs17159264 0.0058403
7 77525194 rs77773393 0.0061329999999999996
7 77525199 rs2471603 9.7672e-09
7 77525280 rs146325695 0.13117
7 77525387 rs2471604 0.074804
7 77525804 rs139635000 0.81486
7 77525996 rs77322154 0.8319
7 77526266 rs6968546 0.48932
7 77526992 rs12537101 4.544e-05
7 77527146 rs138678538 0.4947
7 77527330 rs118118427 0.4622
7 77527456 rs848449 2.0644e-08
7 77528612 rs186004960 0.10830999999999999
7 77529219 rs73375864 0.039202999999999995
7 77529448 rs78223424 0.86259
7 77529518 rs117330270 0.41972
7 77529762 rs145718406 0.8847799999999999
7 77529884 rs848450 0.0517
7 77530315 rs73375866 0.24875
7 77530413 rs116974513 0.66261
7 77530641 rs12540023 0.74875
7 77530950 rs2428942 0.9861
7 77531113 rs78163487 0.0062875
7 77531729 rs113584861 0.65285
7 77531960 rs115845982 0.51471
7 77531963 rs146106831 0.76389
7 77532036 rs6958451 0.76077
7 77532065 rs749095470 0.84203
7 77532149 rs13247551 3.0569e-05
7 77532521 rs848493 4.585100000000001e-09
7 77532685 rs10227261 0.91081
7 77532757 rs149781376 0.24374
7 77532804 rs114171171 0.88302
7 77532900 rs34853492 1.1991e-05
7 77533239 rs142905607 0.49663999999999997
7 77533302 rs142584149 0.44067
7 77533323 rs10230876 0.98759
7 77533397 rs12531239 1.2309e-05
7 77533860 rs150302107 0.37794
7 77534313 rs185485947 0.84177
7 77534314 rs76940820 0.0083307
7 77534563 rs2906515 0.9099700000000001
7 77534639 rs111246823 0.36233000000000004
7 77534640 rs115286871 0.10747000000000001
7 77534644 rs2471586 0.58465
7 77534704 rs114488105 0.51155
7 77534875 rs144730735 0.64779
7 77535011 rs113698400 0.36241
7 77535223 rs113129482 0.52068
7 77535496 rs60981836 0.49033999999999994
7 77535549 rs114522176 0.6981
7 77535598 rs13245552 2.8845999999999998e-05
7 77535853 rs117855372 0.030443
7 77536172 rs11979601 0.046486
7 77536215 rs71530326 0.0016611
7 77536811 rs140903603 0.10747999999999999
7 77537195 rs111893259 0.020878
7 77537573 rs58897036 0.0044104
7 77537768 rs562500144 0.06205599999999999
7 77537903 rs56228241 1.4357e-05
7 77537964 rs848494 0.07520299999999999
7 77538695 rs79684798 0.9165
7 77539093 rs17515730 1.3744000000000001e-05
7 77539438 rs115510436 0.50388
7 77539744 rs711309 4.066e-09
7 77539751 rs78991731 0.8766299999999999
7 77540045 rs13230627 1.5105999999999999e-05
7 77540136 rs62462692 0.018483000000000003
7 77540997 rs73138459 0.0034027999999999997
7 77541120 rs115703883 0.42452
7 77541447 rs112110946 0.91284
7 77541673 rs848476 0.10288
7 77541746 rs115012920 0.74162
7 77542251 rs143735177 0.7282
7 77542566 rs58974917 0.052654999999999993
7 77542578 rs189937306 0.45556
7 77542705 rs111778810 0.19905
7 77542791 rs35530569 0.0029947
7 77543014 rs1526749 0.0057178
7 77543050 rs77163262 0.46021000000000006
7 77543061 rs12705112 0.0030833
7 77543430 rs116513745 0.1074
7 77543657 rs848477 0.46291000000000004
7 77543892 rs34150446 0.7680899999999999
7 77544019 rs848478 9.3574e-09
7 77544239 rs73375878 0.9259999999999999
7 77544328 rs113654490 0.21063
7 77544563 rs143529543 0.51115
7 77544614 rs112014795 0.21147
7 77545076 rs12536643 0.016086000000000003
7 77545104 rs848481 9.425e-09
7 77545128 rs2960454 0.84115
7 77545235 rs73375879 0.24333000000000002
7 77545526 rs848482 1.2654e-08
7 77545595 rs117896284 0.7871
7 77545741 rs17159441 0.0047252
7 77546766 rs60432998 0.0070536999999999996
7 77547073 rs10953376 0.015531
7 77547081 rs10953377 0.015531
7 77547110 rs143316971 0.5048600000000001
7 77547198 rs848483 7.1326999999999995e-06
7 77547514 rs12234422 0.005692
7 77547593 rs144866104 0.8334
7 77547669 rs114110320 0.69893
7 77547868 rs34236870 8.3535e-05
7 77548346 rs17159450 0.0060941
7 77548820 rs117725087 0.53664
7 77549135 rs12537468 0.016028999999999998
7 77549321 rs848484 1.3922e-08
7 77549906 rs12234571 0.0061724
7 77550073 rs140731008 0.5364300000000001
7 77550162 rs139361914 0.4675
7 77551067 rs117307867 0.83352
7 77551152 rs147683908 0.12734
7 77551482 rs848485 1.0207e-08
7 77552058 rs182350515 0.054702999999999995
7 77552127 rs848486 1.2155e-05
7 77552878 rs76880820 0.7964100000000001
7 77553078 rs117686754 0.80272
7 77553354 rs10486833 5.1692e-05
7 77553387 rs192053689 0.48933999999999994
7 77554162 rs12530794 0.014072999999999999
7 77554165 rs12539382 0.01793
7 77554190 rs180983273 0.35059
7 77554414 rs848487 0.073314
7 77554477 rs848488 0.065539
7 77554622 rs848489 1.2291e-08
7 77554982 rs184008579 0.16097999999999998
7 77555005 rs848490 0.058629999999999995
7 77555044 rs57025277 5.5095e-05
7 77555188 rs146865429 0.0049365
7 77555329 rs190958971 0.3603
7 77555380 rs533444970 0.38272
7 77555541 rs848491 1.1783999999999998e-08
7 77555648 rs73375886 0.1897
7 77555694 rs56865116 0.013358000000000002
7 77556021 rs114660265 0.37024
7 77556949 rs115315196 0.8208700000000001
7 77557014 rs17159512 0.0048451
7 77557046 rs2428938 0.85351
7 77557424 rs17159515 0.88634
7 77557683 rs6974513 0.8206600000000001
7 77557718 rs848492 0.1181
7 77557854 rs142217792 0.70897
7 77558021 rs4729881 0.0048077
7 77558095 rs13245154 5.1638e-05
7 77558240 rs3779350 0.0048681
7 77558346 rs2024017 0.77754
7 77558413 rs73375889 0.19149000000000002
7 77559339 rs35601642 0.0060041
7 77559373 rs147896597 0.64545
7 77560018 rs149972888 0.47323999999999994
7 77560090 rs145196766 0.9888399999999999
7 77560235 rs75451541 0.0048701000000000005
7 77560666 rs58908923 0.0044323999999999995
7 77560909 rs117319078 0.50431
7 77560973 rs79986314 0.0048656
7 77561277 rs13229783 0.0060015
7 77561323 rs141682573 0.25439
7 77561374 rs1725749 9.231899999999999e-09
7 77561396 rs13229923 6.1255e-05
7 77561875 rs188116589 0.86264
7 77562294 rs2428939 0.0016539999999999999
7 77562379 rs12705113 0.028437999999999998
7 77562427 rs2471615 0.042279000000000004
7 77562549 rs188889651 0.011502
7 77563643 rs117584367 0.7440100000000001
7 77563702 rs9641306 0.0047972
7 77563710 rs188107986 0.7864899999999999
7 77563711 rs117349516 0.74379
7 77563755 rs73375893 0.1929
7 77563817 rs1636665 0.077543
7 77563935 rs761975137 0.61927
7 77564207 rs62462695 0.14513
7 77564355 rs112932774 0.053214
7 77564385 rs6949970 0.6723100000000001
7 77564413 rs117781784 0.8446100000000001
7 77564448 rs2428940 0.68334
7 77564648 rs145343377 0.47357
7 77564934 rs190453835 0.036884
7 77566301 rs147133428 0.7818
7 77566446 rs150601506 0.20869000000000001
7 77566747 rs74474640 0.5121
7 77566991 rs2428941 0.34135
7 77567265 rs34381093 7.4012e-05
7 77567778 rs187857109 0.68614
7 77567962 rs572530122 0.16101
7 77568072 rs530214496 0.5405
7 77568215 rs768536452 0.42222
7 77568317 rs115652165 0.53604
7 77568791 rs10281673 0.24275
7 77568861 rs6944557 0.014987
7 77568865 rs75239823 0.005332899999999999
7 77569035 rs10486835 0.38716999999999996
7 77569559 rs1064040 0.7734
7 77569732 rs67074819 5.3451e-05
7 77570196 rs11978636 0.0043635
7 77570758 rs35462861 0.0045504
7 77570952 rs73375895 0.21306999999999998
7 77570985 rs117629540 0.53984
7 77571499 rs180701689 0.4593
7 77571890 rs185962370 0.65533
7 77571948 rs191211202 0.27474
7 77572461 rs848445 0.09763200000000001
7 77573156 rs848446 0.092421
7 77573160 rs150773971 0.53717
7 77573464 rs114498334 0.58938
7 77573733 rs117003898 0.77887
7 77573866 rs76627488 0.40457
7 77574002 rs117395753 0.77887
7 77574454 rs117691126 0.77837
7 77574457 rs117922960 0.77855
7 77574533 rs149990310 0.5612699999999999
7 77574641 rs144376416 0.5993
7 77575165 rs529185420 0.22248
7 77575166 rs118174976 0.5259699999999999
7 77575701 rs848447 0.4582
7 77575810 rs151301144 0.01703
7 77575946 rs73375900 0.0044014
7 77575972 rs762424076 0.055163
7 77576059 rs116798754 0.60968
7 77576586 rs115494222 0.60892
7 77576938 rs68029724 3.8185e-05
7 77577194 rs139713737 0.0040889
7 77577558 rs76824273 0.19259
7 77577570 rs115573113 0.58205
7 77577580 rs116313656 0.5996600000000001
7 77577605 rs12530659 0.77786
7 77577685 rs11971037 0.004242
7 77577759 rs11984003 0.0040967
7 77577818 rs34160426 1.0515e-09
7 77578044 rs12530716 0.77789
7 77578144 rs116589454 0.4871
7 77580127 rs12667313 0.0049046
7 77580555 rs115857626 0.47181000000000006
7 77581042 rs73375902 0.76993
7 77582129 rs79018517 0.11084000000000001
7 77582220 rs114209614 0.15086
7 77582265 rs848461 9.2239e-09
7 77582512 rs183726928 0.77681
7 77582663 rs848462 2.8761000000000002e-08
7 77583289 rs114998095 0.80872
7 77583607 rs6465914 0.78269
7 77583640 rs4729912 0.004964100000000001
7 77584889 rs116971342 0.8031
7 77584995 rs35005980 0.004857
7 77585364 rs7794033 0.7955
7 77585542 rs147299740 0.72421
7 77585733 rs1047963 0.80406
7 77585891 rs73377709 0.21449000000000001
7 77585956 rs78146324 0.0039667
7 77586094 rs115282049 0.10677
7 77586657 rs77578313 0.86626
7 77587218 rs144730638 0.84473
7 77587519 rs146725751 0.047938999999999996
7 77587621 rs756181227 0.9841200000000001
7 77587630 rs73377711 0.21483000000000002
7 77587861 rs60626873 0.013512
7 77588062 rs117080354 0.79152
7 77588088 rs73377714 0.18072
7 77588173 rs117378217 0.16521
7 77588295 rs114832509 0.8708600000000001
7 77588350 rs115290505 0.096478
7 77588493 rs118176046 0.0057143
7 77588612 rs150215305 0.77975
7 77588934 rs78627616 0.62739
7 77589742 rs12537412 0.79874
7 77590681 rs848464 0.13671
7 77590922 rs774996796 0.5473100000000001
7 77590925 rs187619268 0.059113
7 77591816 rs6973113 0.0056669
7 77591922 rs861049 2.9919e-08
7 77591926 rs62462736 0.6137
7 77591968 rs848465 1.4525e-08
7 77592607 rs848466 3.0368000000000003e-07
7 77592652 rs848467 0.00018219999999999998
7 77593067 rs13232158 0.57245
7 77593313 rs151263249 0.74625
7 77593769 rs192005848 0.87845
7 77593814 rs848468 2.0008e-06
7 77593841 rs848469 1.6119e-06
7 77593973 rs1211911 5.0861000000000005e-09
7 77594000 rs117610036 0.37818
7 77594007 rs848470 4.6576999999999997e-07
7 77594019 rs62462737 0.64385
7 77594411 rs17588925 0.021238
7 77594550 rs848471 4.6357e-07
7 77594628 rs848472 0.39618000000000003
7 77594670 rs848473 3.1952e-09
7 77594736 rs149394377 0.43706999999999996
7 77594902 rs848474 1.1040000000000001e-06
7 77594953 rs848475 5.357699999999999e-09
7 77594963 rs144870149 0.61628
7 77595063 rs1205283 2.1227e-05
7 77595308 rs1205284 5.849e-07
7 77595447 rs13240184 0.00023651
7 77595496 rs2428944 0.43338000000000004
7 77596047 rs848451 5.818800000000001e-07
7 77596130 rs62462738 0.5433100000000001
7 77596169 rs16887883 6.6333e-05
7 77596255 rs860230 0.12014000000000001
7 77596259 rs190655159 0.059988
7 77596796 rs6971524 1.4022e-07
7 77596812 rs848452 0.050566
7 77596847 rs117338982 0.30637
7 77596900 rs118120520 0.36024
7 77597065 rs117058393 0.056013
7 77597398 rs62462739 0.61334
7 77597488 rs848453 1.0648e-06
7 77597622 rs17517251 0.61073
7 77597913 rs6977199 3.4335e-07
7 77597939 rs117951717 0.50551
7 77598053 rs1636676 1.413e-06
7 77598477 rs848454 0.13822
7 77598501 rs55797240 0.5660000000000001
7 77598538 rs1725745 2.2675e-06
7 77598974 rs55715032 0.57245
7 77599175 rs117241419 0.36896
7 77599217 rs6945011 1.7737e-07
7 77599313 rs116955480 0.52403
7 77599467 rs117987125 0.5192399999999999
7 77599627 rs6945692 0.00056141
7 77600218 rs73140527 0.55935
7 77600236 rs117320016 0.076646
7 77600435 rs62462742 0.73027
7 77600517 rs73140529 0.55747
7 77600538 rs35183765 0.0009199999999999999
7 77600679 rs62462743 0.55279
7 77600797 rs1100233 0.1729
7 77601173 rs62462744 0.5511
7 77601208 rs62462745 0.55088
7 77601461 rs73140533 0.71235
7 77601705 rs2471578 0.80661
7 77601838 rs62462746 0.54366
7 77602179 rs62462747 0.53365
7 77602377 rs848455 0.0087804
7 77602430 rs848456 0.012647
7 77602446 rs143710962 0.53854
7 77602503 rs848457 0.00024836
7 77602532 rs57925255 0.091918
7 77602832 rs848458 9.0188e-05
7 77602900 rs12538624 0.5474100000000001
7 77603385 rs1100236 0.00021661
7 77603626 rs66555521 0.0017378
7 77604423 rs28855375 0.51962
7 77604987 rs12532972 0.50737
7 77605007 rs117898804 0.53603
7 77605147 rs183641067 0.40768000000000004
7 77605152 rs12533003 0.5027699999999999
7 77606013 rs1100237 0.00013159
7 77606056 rs55890136 0.49391
7 77606383 rs848459 0.0021529
7 77607127 rs1636681 6.37e-05
7 77608647 rs141610624 0.99895
7 77608726 rs117378428 0.6712100000000001
7 77608933 rs12705137 0.11110999999999999
7 77609140 rs13225790 0.00090798
7 77609654 rs12539304 0.079952
7 77610047 rs59940913 0.0047294
7 77610308 rs61441724 0.0046201
7 77610407 rs149517684 0.71533
7 77610479 rs17160037 0.0042625
7 77610491 rs113313075 0.61615
7 77610528 rs17160040 0.0022967
7 77610811 rs113140664 0.97809
7 77611523 rs17589511 0.096716
7 77611794 rs79229106 0.47701000000000005
7 77612051 rs17517584 0.10269
7 77612080 rs80097189 0.52266
7 77612433 rs192299313 0.75748
7 77612957 rs13226897 0.002455
7 77612970 rs13243925 0.0025043
7 77613178 rs147004359 0.9122
7 77613346 rs185438082 0.6441
7 77613492 rs141718787 0.8942100000000001
7 77613809 rs60378839 0.0026875
7 77614334 rs6465932 0.19087
7 77614850 rs35204028 0.11612
7 77615334 rs146101627 0.9063200000000001
7 77615383 rs140011876 0.8828
7 77616153 rs13235344 0.000669
7 77616169 rs13235414 0.00063907
7 77616178 rs1812039 0.4645
7 77616208 rs13232467 0.00061831
7 77616226 rs62464491 0.7952899999999999
7 77616352 rs73139766 0.012071
7 77616400 rs13244959 0.0007209
7 77616562 rs2471616 0.00030791
7 77616772 rs56290729 0.00066549
7 77616805 rs13238756 0.00066578
7 77616951 rs11764019 0.00063943
7 77616996 rs118096131 0.49333999999999995
7 77617086 rs11760583 0.04238
7 77617352 rs143211085 0.98974
7 77617541 rs116846947 0.0084965
7 77619035 rs139277619 0.9689399999999999
7 77619109 rs11765951 0.0094427
7 77619249 rs35280835 0.063163
7 77619361 rs116905640 0.98649
7 77619488 rs13229477 0.78177
7 77619586 rs6958366 0.00082881
7 77619686 rs147788886 0.68695
7 77619758 rs139571570 0.9773700000000001
7 77620868 rs55870187 0.40029000000000003
7 77621119 rs55886940 0.28371
7 77621908 rs138841475 0.72145
7 77622232 rs554304113 0.94504
7 77622697 rs1405421 0.32161999999999996
7 77622712 rs719313 0.26944
7 77623090 rs117524812 0.86046
7 77623505 rs117454977 0.74646
7 77623551 rs7789223 0.43267
7 77623874 rs772181788 0.53528
7 77624279 rs116926025 0.45916
7 77625851 rs10953392 0.05149
7 77626342 rs138467864 0.6959
7 77626434 rs6967075 0.026556
7 77626634 rs111636816 0.63686
7 77626640 rs73139780 0.5581699999999999
7 77627080 rs79878820 0.73195
7 77627207 rs78366453 0.43016000000000004
7 77627464 rs964740 0.010568000000000001
7 77627630 rs6949091 0.69107
7 77628071 rs59344157 0.5137
7 77628137 rs9986939 0.07144400000000001
7 77628230 rs146525575 0.6756300000000001
7 77628368 rs142174683 0.93625
7 77628461 rs9986963 0.10214
7 77628498 rs57326940 0.68834
7 77628738 rs28430799 0.071262
7 77629186 rs111380354 0.54308
7 77629429 rs78655952 0.5435300000000001
7 77629489 rs78160778 0.88759
7 77629493 rs113074433 0.49066000000000004
7 77629598 rs73139785 0.065852
7 77629723 rs113249081 0.8639
7 77629988 rs75217513 0.67385
7 77630243 rs10275914 0.068155
7 77630255 rs117625945 0.078819
7 77630341 rs76484363 0.89935
7 77630531 rs74634054 0.63458
7 77630566 rs79947043 0.071585
7 77630858 rs112057892 0.68062
7 77630996 rs76715971 0.6352
7 77631188 rs145564294 0.78415
7 77631714 rs7789713 0.8589899999999999
7 77631746 rs60012951 0.90704
7 77631927 rs1859661 0.54794
7 77631962 rs116984938 0.088647
7 77632048 rs112005877 0.9390200000000001
7 77632157 rs7806316 0.96395
7 77632542 rs115061428 0.6288600000000001
7 77632611 rs116915036 0.65755
7 77632675 rs10225952 0.8494700000000001
7 77632705 rs62464497 0.008856600000000001
7 77632942 rs116200396 0.7352
7 77633229 rs78208922 0.82731
7 77633297 rs150808007 0.90514
7 77633600 rs10270496 0.8644299999999999
7 77633957 rs538665256 0.85321
7 77634078 rs112592328 0.50275
7 77634280 rs79257361 0.50561
7 77634382 rs111441186 0.44996
7 77634415 rs117233266 0.040335
7 77634475 rs118075810 0.6582399999999999
7 77634734 rs577790673 0.88379
7 77634980 rs2906510 0.53397
7 77635022 rs145495629 0.7841899999999999
7 77635119 rs7805185 0.47323999999999994
7 77635347 rs62464498 0.9238299999999999
7 77636236 rs57727769 0.0026861
7 77636337 rs143382391 0.0035133000000000005
7 77636356 rs61464742 0.0025012
7 77636424 rs57543480 0.005575
7 77636425 rs58678004 0.010955
7 77636577 rs59865667 0.70506
7 77636593 rs17160179 0.014913999999999998
7 77636606 rs116392564 0.94744
7 77636646 rs142454963 0.62041
7 77636870 rs60814109 0.8642299999999999
7 77636954 rs6973213 0.44498999999999994
7 77637379 rs4729938 0.42196000000000006
7 77637538 rs2471579 0.5833
7 77637966 rs73703861 0.45141000000000003
7 77638621 rs11971937 0.62539
7 77638730 rs149776237 0.69652
7 77638769 rs145845059 0.92909
7 77638771 rs2960458 0.8309799999999999
7 77638772 rs2960459 0.5593199999999999
7 77638859 rs2960460 0.8513200000000001
7 77639314 rs112752072 0.019024
7 77639521 rs12666725 0.046741000000000005
7 77639656 rs12673147 0.042401999999999995
7 77639781 rs77713306 0.61579
7 77640451 rs58138455 0.88421
7 77640815 rs73703862 0.8717
7 77641012 rs73703863 0.88702
7 77641145 rs723619 0.59922
7 77641545 rs6943424 0.23984
7 77642056 rs10254850 0.58816
7 77642070 rs2428916 0.61417
7 77642545 rs2428917 0.29359
7 77642547 rs144267889 0.63572
7 77642666 rs78656198 0.65663
7 77642784 rs117682764 0.0021129
7 77642961 rs12705171 0.052844
7 77642996 rs6953446 0.15029
7 77643034 rs73703864 0.94179
7 77643059 rs12534352 0.29168
7 77643151 rs73703865 0.87166
7 77643464 rs10259559 0.2033
7 77644016 rs73703866 0.46586000000000005
7 77644062 rs73703867 0.85513
7 77644248 rs7805700 0.79093
7 77644279 rs113409538 0.097335
7 77644318 rs2005754 0.37925
7 77644527 rs565890720 0.4388
7 77645009 rs141236722 0.7078
7 77645332 rs2158763 0.3167
7 77645588 rs2108082 0.64955
7 77645625 rs73703868 0.8833700000000001
7 77645731 rs2428918 0.54396
7 77646302 rs2428919 0.47446000000000005
7 77647199 rs12055888 0.23609000000000002
7 77647322 rs4473963 0.66698
7 77648533 rs77802301 0.061463
7 77648671 rs13438302 0.1185
7 77648731 rs2960452 0.13593
7 77649089 rs145648453 0.91305
7 77649514 rs71537514 0.066484
7 77649636 rs116785848 0.37776
7 77649676 rs2018955 0.138
7 77649916 rs73703869 0.74255
7 77650128 rs2471591 0.84754
7 77650250 rs62464499 0.71327
7 77650649 rs74752524 0.55482
7 77650983 rs141925865 0.23353000000000002
7 77651179 rs2471592 0.69395
7 77651766 rs57785477 0.7923
7 77651954 rs2471593 0.32471
7 77652006 rs756700472 0.38172
7 77652264 rs1981589 0.7844899999999999
7 77652289 rs73703870 0.83972
7 77652705 7:77652705_T_C 0.8204
7 77653163 rs13438431 0.8715200000000001
7 77653221 rs13438707 0.9193600000000001
7 77653241 rs2903935 0.7902
7 77653346 rs13438434 0.7540100000000001
7 77653409 rs2428920 0.34305
7 77653533 rs74793623 0.84501
7 77653806 rs2471595 0.038182
7 77653885 rs10282653 0.51039
7 77654110 rs10269474 0.44188
7 77654294 rs2471596 0.9128
7 77654328 rs79653519 0.027181999999999998
7 77654344 rs149426163 0.93824
7 77654389 rs10224414 0.5210199999999999
7 77654514 rs2471597 0.90786
7 77654666 rs117299952 0.91117
7 77654669 rs2428921 0.91486
7 77654923 rs562724091 0.62929
7 77654935 rs2428922 0.45833999999999997
7 77654949 rs115682122 0.86931
7 77655043 rs73703871 0.84411
7 77655161 rs774511326 0.56401
7 77655899 rs2471599 0.8954799999999999
7 77656041 rs142931086 0.30395
7 77656154 rs28677118 0.68823
7 77656314 rs34958428 0.19485999999999998
7 77656396 rs78430580 0.9131600000000001
7 77656407 rs73703872 0.89895
7 77656613 rs7777605 0.1354
7 77656617 rs28577881 0.66168
7 77656796 rs180691289 0.81093
7 77656852 rs2471574 0.94701
7 77656992 rs2428923 0.047158
7 77657037 rs7804046 0.07817
7 77657356 rs7781122 0.67277
7 77657738 rs73703874 0.99266
7 77657860 rs2471575 0.9440200000000001
7 77657911 rs187199445 0.0059632
7 77658078 rs549158017 0.60282
7 77658232 rs73703875 0.86108
7 77658900 rs3779349 0.16297
7 77658926 rs114453898 0.68608
7 77658970 rs150370975 0.8503200000000001
7 77659016 rs75725982 0.65612
7 77659141 rs3807798 0.1459
7 77659241 rs3807797 0.16593
7 77659667 rs2003502 0.16785999999999998
7 77660354 rs118103824 0.74421
7 77660364 rs2428924 0.057093
7 77660379 rs2471576 0.0533
7 77660532 rs740215 0.048507
7 77660639 rs141425690 0.78013
7 77660765 rs77719741 0.80672
7 77661026 rs62461160 0.16519
7 77661078 rs61129295 0.70685
7 77661138 rs2471577 0.051151
7 77661263 rs740216 0.033313999999999996
7 77661599 rs117140185 0.75613
7 77661680 rs754264971 0.77495
7 77661694 rs62461161 0.021346
7 77661758 rs118048872 0.23993
7 77662126 rs2471610 0.044116
7 77662133 rs2428925 0.035582
7 77662566 rs58142859 0.40547
7 77662636 rs12705176 0.02827
7 77662646 rs2471612 0.6179
7 77663087 rs3779348 0.11624000000000001
7 77663180 rs3779347 0.11494000000000001
7 77663486 rs2471614 0.21838000000000002
7 77663762 rs28653308 0.05216799999999999
7 77663791 rs17160602 0.83293
7 77664281 rs2960456 0.058348000000000004
7 77664288 rs10486837 0.030527999999999996
7 77664316 rs73379615 0.0055
7 77664453 rs73379616 0.10303
7 77664569 rs2428927 0.92566
7 77664661 rs3779344 0.8783799999999999
7 77664720 rs143657527 0.53969
7 77664837 rs79607280 0.40068000000000004
7 77665144 rs2428928 0.59572
7 77665201 rs2428929 0.9766299999999999
7 77665349 rs56284654 0.8137300000000001
7 77665661 rs10238133 0.37446
7 77665764 rs2906511 0.07879
7 77665786 rs16888040 0.00025828
7 77665925 rs2471619 0.07624299999999999
7 77665994 rs757860 0.43393000000000004
7 77666021 rs757861 0.30974
7 77666159 rs2471620 0.079687
7 77666172 rs10239734 0.16779000000000002
7 77666173 rs10239735 0.17332
7 77666231 rs2428930 0.07777
7 77666501 rs757583 0.014478
7 77666788 rs2906512 0.1726
7 77666916 rs2906513 0.15817
7 77666978 rs3807791 0.21796
7 77666999 rs181590699 0.06554299999999999
7 77667015 rs2960457 0.16363
7 77667053 rs3807789 0.21478000000000003
7 77667065 rs113683318 0.25293000000000004
7 77667086 rs2428931 0.1632
7 77667126 rs77521683 0.18087
7 77667308 rs12668947 0.015882
7 77667383 rs191978049 0.95629
7 77667510 rs6947543 0.23740999999999998
7 77667512 rs2471572 0.16809000000000002
7 77667706 rs2428932 0.5220100000000001
7 77667868 rs555597234 0.91256
7 77667937 rs2428933 0.52955
7 77668042 rs2428934 0.15807000000000002
7 77668115 rs3779341 0.20851999999999998
7 77668118 rs182603548 0.040617
7 77668168 rs151261900 0.81604
7 77668175 rs3779340 0.023354
7 77668654 rs34152259 0.29055
7 77668687 rs2428935 0.1567
7 77668725 rs3807787 0.19893
7 77668741 rs3807786 0.61922
7 77668833 rs3823808 0.15305
7 77668920 rs2471573 0.5283800000000001
7 77668942 rs2428936 0.060076
7 77668950 rs2428937 0.060283
7 77669049 rs775508509 0.91886
7 77669251 rs150440157 0.27449
7 77669302 rs3807784 0.20806
7 77669327 rs2868833 0.15847999999999998
7 77669483 rs2868834 0.16981
7 77669494 rs3807783 0.20792
7 77669568 rs188835617 0.8667100000000001
7 77669696 rs6465970 0.016122
7 77669699 rs3807782 0.22305
7 77669724 rs3807781 0.15792
7 77669818 rs3779339 0.72615
7 77669822 rs73703886 0.8479200000000001
7 77669855 rs3779338 0.6291800000000001
7 77669910 rs3779337 0.024735
7 77670098 rs3779336 0.16052
7 77670277 rs7796238 0.20285
7 77670370 rs7796403 0.00029126
7 77670579 rs3779334 0.01405
7 77670637 rs3823806 0.013077000000000002
7 77670677 rs7795778 0.5366
7 77670685 rs7783298 0.23381
7 77670730 rs12705198 0.16385999999999998
7 77671031 rs7799860 0.00088409
7 77671200 rs6465973 0.012846000000000002
7 77671262 rs114571235 0.18524000000000002
7 77671364 rs757862 0.039381
7 77671381 rs757863 0.31482
7 77671455 rs3807779 0.029597000000000002
7 77671526 rs117998862 0.045295999999999996
7 77671557 rs10230671 0.54686
7 77671591 rs75275423 0.17559
7 77671708 rs17591615 0.66859
7 77671786 rs735406 0.38088
7 77671811 rs757864 0.43335
7 77671844 rs142326908 0.44396
7 77672151 rs62461162 0.017846
7 77672209 rs12705199 0.8055
7 77672541 rs10486838 0.03916
7 77672694 rs62461163 0.029398
7 77672763 rs11760413 0.034457
7 77672791 rs187596374 0.010009
7 77672824 rs34582025 0.034437
7 77672860 rs10486839 0.034255
7 77672995 rs11763565 0.042004
7 77673012 rs11763566 0.036808
7 77673014 rs11770586 0.037321
7 77673283 rs114469971 0.1864
7 77673324 rs11770654 0.036717
7 77673335 rs11763652 0.036646
7 77673360 rs75454534 0.18663
7 77673388 rs3823805 0.036737
7 77673455 rs146180428 0.76477
7 77673480 rs3807778 0.033372000000000006
7 77673577 rs3807777 0.033306
7 77673608 rs3807776 0.00036054
7 77673732 rs3807775 0.0020416
7 77673804 rs3823804 0.03329
7 77673816 rs3823803 0.038152
7 77674047 rs139142858 0.86341
7 77674211 rs6970298 0.032598
7 77674216 rs6465977 0.68055
7 77674267 rs12539225 0.94081
7 77674301 rs6465979 0.67881
7 77674340 rs112344417 0.028966000000000002
7 77674448 rs12531571 0.9298200000000001
7 77674464 rs11762278 0.0333
7 77674919 rs73703893 0.6159100000000001
7 77674952 rs770219340 0.51799
7 77675129 rs10277160 0.6937
7 77675388 rs17160657 0.028792
7 77675440 rs62461166 0.065399
7 77675675 rs80062982 0.033552
7 77675762 rs77840262 0.0333
7 77675779 rs114629798 0.17171
7 77675791 rs16888075 0.035347
7 77675813 rs12531371 0.44556
7 77675959 rs62461169 0.033684
7 77676078 rs17160663 0.034189
7 77676386 rs3807774 0.035175
7 77676387 rs3807773 0.9769
7 77676395 rs11768469 0.03619
7 77676453 rs3807772 0.034774
7 77676455 rs11761489 0.034765
7 77676603 rs35656885 0.040014
7 77677098 rs3779333 0.090463
7 77677100 rs3779332 0.08973099999999999
7 77677143 rs3779331 0.61337
7 77677220 rs3779330 0.52079
7 77677237 rs3779329 0.023743
7 77677549 rs150248035 0.1085
7 77677650 rs76013921 0.035981
7 77677725 rs79971008 0.84644
7 77677758 rs3807770 0.9729399999999999
