CHR BP SNP P
1 212915341 rs74138631 0.020146
1 212915381 rs113911278 0.0014911
1 212915948 rs150499483 0.71673
1 212916570 rs112622659 0.0016852999999999998
1 212916699 rs183295517 0.5119199999999999
1 212916748 rs6669492 8.460199999999999e-06
1 212916751 rs6694452 8.522e-06
1 212916874 rs74138632 0.019813
1 212917361 rs6664049 0.31119
1 212917453 rs74138633 0.019712
1 212917678 rs7550288 0.31049
1 212917683 rs7527216 0.0067584
1 212917768 rs565412315 0.037535
1 212917980 rs12125867 0.31190999999999997
1 212918338 rs113688733 0.006078899999999999
1 212918347 rs113773507 0.005864899999999999
1 212918365 rs112389998 0.0072591999999999995
1 212918452 rs182343104 0.23262
1 212918700 rs113901315 0.001686
1 212918756 rs73081830 0.30844
1 212918842 rs2262891 0.0007848
1 212918924 rs28872849 0.31095
1 212919032 rs76434207 0.83124
1 212919073 rs2174781 0.31031
1 212919216 rs146974960 0.795
1 212919284 rs2135824 0.29456
1 212919285 rs2135823 0.29456
1 212919407 rs2174780 0.035011
1 212919797 rs77938417 0.0016859000000000002
1 212919816 rs12125321 6.6783e-06
1 212919874 rs141143558 0.5146
1 212920143 rs575068576 0.67032
1 212920186 rs55851960 0.077681
1 212920296 rs113678760 0.0016870000000000001
1 212920344 rs60308869 0.006751699999999999
1 212920357 rs112207372 0.31135
1 212920518 rs115950285 0.67032
1 212920526 rs72758435 0.075593
1 212920680 rs73081838 0.8872700000000001
1 212920737 rs115344266 0.51549
1 212920794 rs6540761 6.6786e-06
1 212920883 rs75963195 0.0016878
1 212921250 rs112370694 0.90617
1 212922262 rs1857971 0.30973
1 212922345 rs116536675 0.5949
1 212922453 rs191036125 0.34592
1 212922750 rs1021994 9.343799999999999e-08
1 212922755 rs113540500 0.001696
1 212922762 rs2501837 0.055362
1 212922993 rs367802024 0.7983
1 212923100 rs11120010 0.30923
1 212923444 rs115640768 0.29965
1 212923536 rs55827218 0.023516
1 212923892 rs75671742 0.0016964000000000003
1 212924093 rs138804723 0.69913
1 212924155 rs112210534 0.9134700000000001
1 212924176 rs113552658 0.0067266
1 212924929 rs76823965 0.0017001999999999998
1 212925015 rs1507359 5.6686e-09
1 212925361 rs1507358 0.31006999999999996
1 212925429 rs1507357 0.0061043
1 212925601 rs10863990 6.5335e-06
1 212925652 rs566594173 0.38084
1 212925846 rs79833572 0.0016982
1 212925857 rs6540762 0.30972
1 212926191 rs73081848 0.91505
1 212926389 rs17019657 0.022733
1 212926426 rs7538853 5.8516999999999996e-09
1 212926490 rs528780356 0.39182
1 212926837 rs76288249 0.29958
1 212926938 rs78801658 0.0016995
1 212927009 rs12404618 0.30845
1 212927039 rs78015280 0.001562
1 212927065 rs74473682 0.0016995
1 212927167 rs12404885 0.30966
1 212927301 rs78572574 0.0016995
1 212927498 rs76031447 0.0016997
1 212927679 rs74138636 0.022268
1 212927842 rs11120011 8.9056e-06
1 212928157 rs1032965 1.6872e-07
1 212928158 rs114845355 0.66884
1 212928171 rs1032964 1.1979e-08
1 212928315 rs145342313 0.7171
1 212929061 rs7535608 9.3394e-09
1 212929106 rs137959009 0.7436699999999999
1 212929206 rs11120012 9.042100000000001e-06
1 212929333 rs55787749 0.023562
1 212929427 rs79768155 0.0017094
1 212929530 rs111612146 0.29859
1 212929540 rs551053817 0.8590399999999999
1 212929597 rs12129465 0.30849
1 212929651 rs113033328 0.29958
1 212929700 rs138312641 0.5128
1 212929928 rs564574137 0.59339
1 212929987 rs576564001 0.59339
1 212929998 rs2501838 0.06112000000000001
1 212930141 rs113503768 0.06942899999999999
1 212930465 rs79506872 0.099216
1 212930476 rs6540763 9.0228e-06
1 212930498 rs73081853 0.0067453
1 212930671 rs189109067 0.9314
1 212930917 rs184861344 0.22908
1 212931008 rs77869461 0.0017307000000000002
1 212931215 rs4951638 0.00067892
1 212931463 rs2456818 2.025e-07
1 212931573 rs11120013 0.00068804
1 212931764 rs113011711 0.27703
1 212932060 rs78784031 0.0017004000000000001
1 212932136 rs12133174 0.30841
1 212932207 rs4639827 1.2185e-08
1 212932219 rs11806535 0.0060912
1 212932329 rs114693806 0.67925
1 212932406 rs75215535 0.0017322
1 212932551 rs78026458 0.0017322
1 212932759 rs111832930 0.0017322
1 212932987 rs11811017 0.0060912
1 212933279 rs78894972 0.10790999999999999
1 212933500 rs111666691 0.29754
1 212933545 rs11120014 0.30806
1 212933574 rs111351790 0.0017322
1 212933665 rs35536036 0.78809
1 212933777 rs76341923 0.66884
1 212934008 rs566904162 0.28939000000000004
1 212934137 rs12132316 1.1755e-05
1 212934199 rs113982780 0.0017322
1 212934372 rs6670869 2.7881e-08
1 212934379 rs190052670 0.66884
1 212934422 rs73081859 0.9165399999999999
1 212934739 rs74506745 0.0017322
1 212934752 rs6694887 9.264299999999999e-09
1 212934792 rs137924383 0.7127
1 212934839 rs112487492 0.0017322
1 212935021 rs75131930 0.0017322
1 212935123 rs140927696 0.26048000000000004
1 212935218 rs187479758 0.51858
1 212935240 rs111589978 0.29656
1 212935304 rs111227088 0.9165399999999999
1 212935367 rs113674097 0.33279000000000003
1 212935417 rs141974552 0.0017322
1 212935424 rs150692440 0.021647
1 212935427 rs142515974 0.63958
1 212935595 rs184267832 0.5128
1 212935632 rs116198092 0.6088399999999999
1 212935708 rs115150735 0.5128
1 212935761 rs114387530 0.66884
1 212935925 rs147518304 0.26764
1 212936039 rs78058941 0.8799299999999999
1 212936050 rs113975466 0.21734
1 212936069 rs72758444 0.7540899999999999
1 212936231 rs75701506 0.081067
1 212936272 rs56243109 0.0060761
1 212936448 rs7543603 1.9593e-08
1 212936479 rs73081865 0.35562
1 212936510 rs11120017 0.0066904
1 212936711 rs6690689 4.87e-06
1 212936739 rs11120018 0.30806
1 212936777 rs6693311 0.00056793
1 212936923 rs111995312 0.2612
1 212937165 rs55840547 0.0066327
1 212937166 rs559441340 0.91505
1 212937286 rs148715816 0.54233
1 212937388 rs534346145 0.79561
1 212937604 rs142294129 0.03203
1 212937681 rs113222752 0.21573
1 212937689 rs72758446 0.075546
1 212937736 rs561114392 0.79561
1 212937880 rs113798455 0.30841999999999997
1 212938021 rs138706544 0.81617
1 212938125 rs7551969 0.022080000000000002
1 212938143 rs113742586 0.0017317
1 212938358 rs145538235 0.94645
1 212938658 rs113579110 0.0017324000000000003
1 212938660 rs143465202 0.65698
1 212938716 rs537523610 0.9639700000000001
1 212938821 rs57449384 0.034407
1 212938893 rs114676573 0.65679
1 212938900 rs115496343 0.0017324000000000003
1 212938905 rs58203936 0.30835
1 212939063 rs113220807 0.0017741
1 212939070 rs112491625 0.018659000000000002
1 212939081 rs112842199 0.0017324000000000003
1 212939102 rs113605633 0.001852
1 212939138 rs112974303 0.0017324000000000003
1 212939204 rs147077077 0.90999
1 212939260 rs528684769 0.27142
1 212939394 rs6688238 0.006709699999999999
1 212939457 rs370465490 0.46768000000000004
1 212939537 rs115210908 0.40376999999999996
1 212939847 rs182338573 0.21694000000000002
1 212939848 rs10863992 1.245e-08
1 212939860 rs11120019 1.1179000000000001e-05
1 212939872 rs186608832 0.9182600000000001
1 212939975 rs12137768 0.0061458
1 212940245 rs112579359 0.0017324000000000003
1 212940380 rs1848243 1.1783999999999998e-08
1 212940446 rs7556272 1.1194000000000002e-05
1 212940510 rs7513734 1.2446999999999999e-08
1 212940536 rs146472565 0.7648
1 212940538 rs10863993 1.1194000000000002e-05
1 212940562 rs142188833 0.0017324000000000003
1 212940697 rs535408950 0.96846
1 212940858 rs114710215 0.6277699999999999
1 212940859 rs116692521 0.69138
1 212940938 rs115281247 0.0017324000000000003
1 212940980 rs111579289 0.26248
1 212941392 rs549947063 0.66884
1 212941443 rs112073519 0.0017324999999999999
1 212941445 rs182348919 0.16050999999999999
1 212941578 rs10127512 0.0069316000000000004
1 212941750 rs11807916 0.022948
1 212941776 rs113349694 0.38233
1 212941803 rs111429890 0.0017324999999999999
1 212941843 rs112405687 0.0017324999999999999
1 212941994 rs143356428 0.34575
1 212942054 rs6670648 0.0067296000000000005
1 212942133 rs188189217 0.34592
1 212942286 rs73081874 0.9167799999999999
1 212942300 rs141476944 0.5128
1 212942589 rs112465013 0.67937
1 212942595 rs2456827 1.4687000000000002e-07
1 212942729 rs191257145 0.038718999999999996
1 212942968 rs76595937 0.9643799999999999
1 212943324 rs12402370 0.10415999999999999
1 212943495 rs148420903 0.43487
1 212943581 rs11808846 0.30585999999999997
1 212943651 rs112561587 0.0016668
1 212943719 rs12088916 0.00069287
1 212943773 rs142563288 0.9412
1 212943796 rs56300028 0.0048154
1 212943871 rs10127756 0.0064833
1 212943892 rs114012286 0.29802
1 212944057 rs80315590 0.0016424
1 212944098 rs10127703 0.0058854
1 212944103 rs113502317 0.21865
1 212944381 rs12144964 0.924
1 212944454 rs10863995 0.00066696
1 212944524 rs144236326 0.7863899999999999
1 212944554 rs111672629 0.0017189
1 212944877 rs6687672 0.0057571
1 212945025 rs79541841 0.017615000000000002
1 212945039 rs75389725 0.0016668
1 212945301 rs112575728 0.36321
1 212945458 rs6657089 0.30601999999999996
1 212945503 rs80191533 0.001662
1 212945620 rs79379680 0.001662
1 212945748 rs573106770 0.79565
1 212945805 rs12722742 0.00066689
1 212945967 rs7513210 2.428e-08
1 212946030 rs7555930 1.3381000000000001e-08
1 212946119 rs7513199 2.4539e-08
1 212946216 rs58411510 0.6443399999999999
1 212946349 rs569315489 0.6694
1 212946351 rs78509166 0.0016668
1 212946504 rs12136046 1.0579000000000002e-05
1 212946594 rs12136834 1.1088e-05
1 212946652 rs7547100 1.1573e-08
1 212946751 rs77868793 0.22113000000000002
1 212946765 rs7513772 1.1573e-08
1 212946896 rs76357354 0.0017237
1 212946919 rs7516312 0.0058116999999999995
1 212946985 rs76604784 0.0014941
1 212947073 rs116590373 0.59688
1 212947074 rs7514070 1.1012999999999999e-08
1 212947114 rs113829529 0.67937
1 212947186 rs146069138 0.71483
1 212947391 rs73081896 0.9167799999999999
1 212947520 rs10863997 0.0058994
1 212947551 rs75934161 0.0017192999999999998
1 212947683 rs115701686 0.0017190999999999999
1 212947706 rs114008776 0.26089
1 212947789 rs6661720 1.1055e-05
1 212947906 rs4494206 0.0016197
1 212947981 rs75572610 0.0016707999999999998
1 212948064 rs115933093 0.20182
1 212948127 rs139144287 0.43523
1 212948534 rs73081902 0.0057875
1 212948815 rs78476990 0.001662
1 212949059 rs73083705 0.29929
1 212949135 rs73083707 0.006489399999999999
1 212949139 rs76350338 0.001662
1 212949158 rs115895840 0.0018308
1 212949192 rs111659918 0.027873000000000002
1 212949235 rs112610608 0.006489399999999999
1 212949284 rs12743402 1.06e-05
1 212949359 rs149207416 0.0017120000000000002
1 212949456 rs142458916 0.020880000000000003
1 212949592 rs183172136 0.4804
1 212949637 rs60044582 0.18949000000000002
1 212949693 rs61159450 0.37535999999999997
1 212949712 rs116536234 0.29793000000000003
1 212949876 rs111822863 0.27255
1 212949974 rs7511916 0.02181
1 212950042 rs73083711 0.9167799999999999
1 212950099 rs114836432 0.29793000000000003
1 212950109 rs10863998 0.00047328
1 212950304 rs115596146 0.5976
1 212950410 rs77836406 0.0014207
1 212950437 rs11120024 1.0786e-05
1 212950561 rs6671764 0.45523
1 212950828 rs369000622 0.46279
1 212950892 rs78487128 0.29793000000000003
1 212951078 rs113777525 0.34881
1 212951254 rs73083716 0.9167799999999999
1 212951305 rs73083720 0.9167799999999999
1 212951364 rs1007036 0.10754000000000001
1 212951452 rs112032885 0.0016618
1 212951491 rs79272973 0.0016618
1 212951516 rs75040675 0.21965
1 212952641 rs558599049 0.028976
1 212952694 rs574186914 0.11884000000000002
1 212953004 rs552405980 0.34592
1 212953260 rs577599348 0.21965
1 212953607 rs552729272 0.97788
1 212953934 rs72758454 0.075587
1 212954227 rs115402413 0.35625999999999997
1 212954231 rs56088044 0.0055103999999999995
1 212954270 rs73083723 0.62826
1 212954514 rs369602014 0.19503
1 212954684 rs11809382 0.0057891999999999996
1 212954831 rs73083727 0.0063686
1 212955203 rs74138700 0.020085
1 212955231 rs11120025 0.0010965999999999999
1 212955454 rs11120026 0.00067131
1 212955910 rs111873815 0.6156699999999999
1 212955919 rs3738803 0.0058864
1 212955969 rs146612786 0.74421
1 212955972 rs3738802 7.6402e-09
1 212956130 rs3738801 0.001662
1 212956369 rs73083731 0.0062599
1 212956412 rs7538755 0.006273300000000001
1 212956532 rs6685348 0.021894
1 212956603 rs145057860 0.18542999999999998
1 212957173 rs191651027 0.47968999999999995
1 212957198 rs13376383 0.005884899999999999
1 212957354 rs13376317 0.0058858
1 212957381 rs138069461 0.7176899999999999
1 212957437 rs13376390 0.0058987
1 212957827 rs34978978 0.70033
1 212957913 rs115212025 0.47968999999999995
1 212958025 rs79903398 0.001662
1 212958171 rs75589698 0.71483
1 212958211 rs78862592 0.0016643
1 212958292 rs79160248 0.001662
1 212958403 rs545195576 0.71483
1 212958599 rs76454457 0.018436
1 212958835 rs34110137 0.0056918
1 212959350 1:212959350_C_T 0.93922
1 212959454 rs6671866 0.005817
1 212960137 rs12145131 0.30596
1 212960143 rs113425785 0.0016416
1 212960211 rs183287832 0.051410000000000004
1 212960349 rs75330950 0.97788
1 212960365 rs112308367 0.001662
1 212960568 rs78581300 0.29784
1 212960586 rs114496596 0.49937
1 212960866 rs3738800 0.00015726
1 212961143 rs3820679 7.9399e-06
1 212961420 rs78723135 0.0016623
1 212961426 rs12741704 7.1538e-06
1 212961449 rs112786938 0.001662
1 212961453 rs112482993 0.0016618
1 212961681 rs6702544 6.9396e-09
1 212961710 rs6702611 7.9308e-06
1 212961885 rs6679350 7.9301e-06
1 212962046 rs73083743 0.034822000000000006
1 212962090 rs6679549 7.9301e-06
1 212962207 rs11120027 0.00062564
1 212962806 rs111604151 0.0016524
1 212962999 rs4951463 8.1024e-06
1 212963079 rs78826419 0.0016504999999999998
1 212963260 rs7552880 0.005968800000000001
1 212963514 rs111587815 0.0016441
1 212963649 rs557837267 0.66983
1 212963840 rs6686164 1.7594000000000002e-08
1 212963981 rs115674835 0.0016395
1 212964003 rs76826803 0.019932
1 212964076 rs530567780 0.66983
1 212964427 rs11809232 0.0060506
1 212964799 rs552376253 0.6389699999999999
1 212965010 rs143517350 0.84629
1 212965067 rs35464401 0.31611999999999996
1 212965095 rs17856201 0.005804
1 212965149 rs2792559 0.00084807
1 212965216 rs188376617 0.71585
1 212965237 rs3738799 0.0016243
1 212965262 rs115784129 0.3162
1 212965284 rs61736926 0.46888
1 212965292 rs146856249 0.48055
1 212965469 rs3738798 0.31262
1 212965487 rs111506355 0.14232
1 212965768 rs73083749 0.0067154
1 212965781 rs114835262 0.0016175
1 212965788 rs78659116 0.035005
1 212966069 rs116837366 0.34592
1 212966088 rs182195628 0.8222799999999999
1 212966102 rs113737965 0.91294
1 212966176 rs12064985 0.00052468
1 212966177 rs80101924 0.0015860999999999998
1 212966494 rs76607082 0.0016090999999999998
1 212966712 rs112924899 0.0015888
1 212966869 rs79675892 0.0012553
1 212967121 rs139282058 0.25365
1 212967202 rs77925186 0.31799
1 212967421 rs11120028 0.00017254
1 212967482 rs570456383 0.74574
1 212967492 rs12409787 0.33879000000000004
1 212967609 rs189763549 0.22166
1 212967610 rs113822990 0.0016086
1 212967766 rs7519582 0.0071982
1 212967871 rs1813705 2.1504e-08
1 212967971 rs76864636 0.0016947
1 212968305 rs115424652 0.61775
1 212968416 rs75744861 0.29325999999999997
1 212968644 rs571926992 0.70918
1 212968661 rs371158234 0.7296600000000001
1 212968832 rs140753299 0.0017297999999999999
1 212968840 rs73083756 0.007238
1 212968882 rs114004710 0.0017297999999999999
1 212968893 rs115181757 0.18582
1 212968917 rs568138513 0.71696
1 212968947 rs12568552 1.0642e-08
1 212968996 rs10863999 8.2444e-06
1 212969038 rs558616003 0.7448600000000001
1 212969128 rs17019726 0.007247
1 212969227 rs75366521 0.0017687999999999998
1 212969350 rs75340838 0.0017899
1 212969580 rs11120029 0.0072718
1 212969906 rs115150941 0.49599
1 212969996 rs6684313 0.019441999999999997
1 212970215 rs6540766 2.1184e-08
1 212970439 rs75063374 0.001759
1 212970656 rs79335170 0.0018903
1 212970704 rs79585065 0.0018902
1 212970898 rs12097897 9.0955e-06
1 212971129 rs114499941 0.43906000000000006
1 212971404 rs116320981 0.0024088
1 212971537 rs111343237 0.0018917
1 212971541 rs113587944 0.0018917
1 212971560 rs190705494 0.43988
1 212971817 rs112913782 0.0018975
1 212971837 rs116817922 0.0019003
1 212971978 rs10494955 0.00059078
1 212972040 rs185916388 0.43988
1 212972121 rs145132619 0.33833
1 212972213 rs144818467 0.4452
1 212972396 rs79719143 0.0020045
1 212972486 rs2359321 0.066998
1 212972599 rs12128410 0.0071774000000000004
1 212972629 rs140301876 0.95257
1 212972675 rs78641847 0.0018988
1 212972992 rs112339087 0.0020628
1 212973008 rs113490946 0.001907
1 212973144 rs112228371 0.0019011
1 212973148 rs73083765 0.007258800000000001
1 212973203 rs78900751 0.001907
1 212973330 rs2940085 0.00085687
1 212973332 rs76535563 0.53776
1 212973646 rs140785291 0.11424000000000001
1 212974004 rs7552899 0.31371
1 212974256 rs541738432 0.43568
1 212974356 rs4951464 3.1848e-11
1 212975151 rs77422103 0.0019073
1 212975316 rs376783692 0.075947
1 212975325 rs79277769 0.0019440000000000002
1 212975331 rs192495895 0.74957
1 212975381 rs139634711 0.80569
1 212975410 rs12126017 9.4297e-06
1 212975689 rs116507939 0.34393
1 212975778 rs4951639 1.045e-08
1 212975906 rs76001450 0.0019693
1 212976085 rs140267863 0.7278
1 212976778 rs111331160 0.031483
1 212977019 rs184317325 0.436
1 212977176 rs139249942 0.31732
1 212977208 rs186195587 0.80572
1 212977318 rs113432652 0.001956
1 212977326 rs537364977 0.80569
1 212977357 rs111817740 0.0019747
1 212977397 rs11799556 0.026179
1 212977640 rs75874793 0.0019919
1 212977791 rs368918179 0.20390999999999998
1 212977951 rs141766504 0.97877
1 212977976 rs149554235 0.30562
1 212978050 rs115752303 0.28792
1 212978197 rs1532951 0.0075502
1 212978259 rs7548861 0.0058953
1 212978299 rs78806022 0.0019977999999999997
1 212978600 rs115672407 0.0020201
1 212978601 rs116190250 0.0020162
1 212978744 rs144247144 0.72213
1 212978845 rs148678726 0.065786
1 212978877 rs545466217 0.49518999999999996
1 212979081 rs75558323 0.28179
1 212979241 rs10779583 2.2249e-08
1 212979326 rs72743909 0.069146
1 212979481 rs11120030 0.0087624
1 212979535 rs763793644 0.64293
1 212979630 rs116407254 0.42938999999999994
1 212979739 rs115081856 0.52533
1 212979775 rs115857001 0.0020482
1 212979950 rs1032962 3.0535999999999997e-11
1 212979984 rs1032963 1.5117e-08
1 212980276 rs190452235 0.6064
1 212980368 rs12565557 8.3232e-06
1 212980415 rs540397479 0.81734
1 212980488 rs112258891 0.0020537
1 212980631 rs111234469 0.34407
1 212980710 rs150080132 0.34775
1 212980837 rs111778519 0.0021166
1 212980883 rs566926848 0.4259
1 212981214 rs76865094 0.0022146
1 212981320 rs56697362 0.8604
1 212981484 rs11120032 7.710900000000001e-06
1 212981708 rs75133894 0.0021696
1 212981790 rs73083778 0.0082622
1 212982369 rs186603704 0.67975
1 212982645 rs79041542 0.81847
1 212982797 rs111530452 0.0022397
1 212982892 rs141894360 0.31551999999999997
1 212982931 rs150605065 0.488
1 212982952 rs138808371 0.057939
1 212983101 rs3862953 7.9528e-06
1 212983159 rs531821300 0.606
1 212983323 rs139446991 0.0022688
1 212983399 rs72743911 0.070756
1 212983434 rs6675972 0.039593
1 212983517 rs12737398 7.7853e-06
1 212983832 rs537022694 0.47707
1 212984154 rs114764721 0.8156399999999999
1 212984279 rs141119910 0.30194
1 212984450 rs115951155 0.1224
1 212984454 rs193239734 0.5088600000000001
1 212984470 rs116338586 0.15008
1 212984475 rs12129933 0.009017299999999999
1 212984519 rs61832053 0.48368999999999995
1 212984632 rs12122225 0.77864
1 212984682 rs145054296 0.0023218
1 212984807 rs7554105 8.3772e-06
1 212984887 rs150444226 0.6180100000000001
1 212984989 rs12130072 0.047455000000000004
1 212985058 rs570992237 0.8267899999999999
1 212985295 rs59645180 0.86035
1 212985332 rs11120033 0.00036781
1 212985364 rs138892513 0.002338
1 212985454 rs553419994 0.075998
1 212985466 rs12130945 8.0266e-06
1 212985553 rs75527609 0.0023451
1 212985592 rs78095001 0.0023451
1 212985840 rs3006239 0.0013735
1 212985952 rs567915920 0.83426
1 212986274 rs183968937 0.40702
1 212986372 rs114191443 0.29612
1 212986554 rs7515115 0.0092009
1 212986755 rs77736942 0.31582
1 212987019 rs569296616 0.41273000000000004
1 212987147 rs554711782 0.8345600000000001
1 212987179 rs138101387 0.725
1 212987920 rs139563707 0.4086
1 212988058 rs112143745 0.41339
1 212988241 rs79427681 0.0024103
1 212988383 rs116192831 0.9458700000000001
1 212988479 rs147372063 0.44569
1 212988540 rs76268387 0.0024181999999999997
1 212988555 rs61240905 0.7391
1 212988682 rs74140504 0.042602
1 212988804 rs75753532 0.0024181999999999997
1 212988989 rs6700544 5.2071000000000005e-06
1 212989073 rs142971564 0.058279
1 212989153 rs114674278 0.60929
1 212989356 rs79978979 0.0024812
1 212989382 rs188580224 0.0024812
1 212989384 rs192853410 0.0024812
1 212989642 rs114143670 0.60927
1 212989647 rs114707763 0.60631
1 212989840 rs1054733 8.5241e-06
1 212989891 rs1133462 8.6287e-06
1 212990108 rs6540767 1.1341e-08
1 212990322 rs116825214 0.3431
1 212990428 rs115940255 0.31549
1 212990463 rs116265562 0.60633
1 212990620 rs1296068 0.00056224
1 212990642 rs112217394 0.0024379000000000002
1 212990769 rs1298196 0.069134
1 212990773 rs547702837 0.34525
1 212990908 rs7528303 1.091e-08
1 212991410 rs12734543 0.0005572999999999999
1 212991587 rs143182485 0.40669
1 212991681 rs115554065 0.9914200000000001
1 212991691 rs79538759 0.83425
1 212991731 rs553015097 0.80506
1 212991891 rs112956861 0.00248
1 212992023 rs141249063 0.42317
1 212992041 rs111558581 0.0024719
1 212992241 rs139513412 0.81679
1 212992306 rs182338989 0.80503
1 212992332 rs185026657 0.83425
1 212992398 rs375138505 0.72782
1 212992441 rs143537991 0.40669
1 212992644 rs76258484 0.00248
1 212992744 rs12757944 1.2408e-08
1 212992755 rs112913122 0.0024804000000000002
1 212992793 rs12744555 1.2386999999999999e-08
1 212993137 rs73083787 0.55537
1 212993261 rs75774912 0.46166999999999997
1 212993414 rs10864000 1.1502000000000001e-05
1 212993536 rs149674248 0.72782
1 212993546 rs56012560 0.047424
1 212993574 rs77760940 0.0024988000000000002
1 212993817 rs551907875 0.83425
1 212993830 rs111275345 0.0026855
1 212994227 rs74140506 0.041835000000000004
1 212994377 rs74140507 0.04961
1 212994489 rs74789280 0.0026968000000000005
1 212994490 rs187855898 0.0024361
1 212994574 rs73083789 0.8444200000000001
1 212994583 rs75956441 0.0026968000000000005
1 212994620 rs561532214 0.40669
1 212994630 rs76206213 0.0026512
1 212994665 rs764724934 0.37729
1 212994767 rs12124669 5.527499999999999e-11
1 212994953 rs11120034 1.2905e-08
1 212995097 rs115097425 0.8679399999999999
1 212995105 rs115314537 0.10834
1 212995247 rs12744602 8.4074e-06
1 212995298 rs193161468 0.34658
1 212995409 rs188069218 0.40669
1 212996425 rs10864001 5.7116e-06
1 212996455 rs76749920 0.0026968000000000005
1 212996533 rs116266983 0.5
1 212996540 rs11804851 0.043858999999999995
1 212996598 rs150201300 0.72465
1 212996736 rs111842695 0.0027139
1 212996777 rs79445996 0.0026968000000000005
1 212996995 rs76592868 0.34967
1 212997071 rs17019749 0.033467000000000004
1 212997173 rs73075730 0.9643299999999999
1 212997385 rs10864002 1.2543e-08
1 212997559 rs77799719 0.0026943
1 212997560 rs114742697 0.0026943
1 212997635 rs113419652 0.0026948000000000002
1 212997952 rs148647184 0.40426
1 212998037 rs77715668 0.0026947
1 212998408 rs150724853 0.63526
1 212998631 rs566275817 0.40426
1 212998811 rs72743920 0.066708
1 212998904 rs3949369 1.3166e-08
1 212998924 rs74942074 0.0026829
1 212998944 rs11120035 0.0087492
1 212998976 rs78444357 0.0026872
1 212998997 rs765339394 0.46779
1 212999073 rs116448911 0.34658
1 212999282 rs146890710 0.28136
1 212999398 rs569939342 0.40356
1 212999535 rs191620721 0.5674100000000001
1 212999540 rs144428644 0.66576
1 212999701 rs10746436 0.00039691
1 212999768 rs111758085 0.0026864000000000002
1 212999794 rs142257229 0.72916
1 212999856 rs151251180 0.0026864000000000002
1 212999865 rs113322329 0.0026877
1 213000168 rs113788606 0.0026891
1 213000180 rs181067137 0.8380299999999999
1 213000235 rs191552697 0.72239
1 213000274 rs112794913 0.0026907
1 213000295 rs113870964 0.0026898000000000004
1 213000296 rs185590597 0.40356
1 213000466 rs74737937 0.0026894
1 213000482 rs73075736 0.86035
1 213000558 rs75630507 0.34553
1 213000816 rs111293203 0.0026941
1 213001023 rs149272384 0.11755
1 213001038 rs79498060 0.31451
1 213001103 rs191938509 0.2546
1 213001317 rs73075738 0.86035
1 213001411 rs565290969 0.89695
1 213001435 rs112938646 0.0026838
1 213001441 rs10864003 0.00039628
1 213001518 rs12078712 0.1103
1 213001520 rs74337208 0.0026843
1 213001655 rs147978616 0.59812
1 213001772 rs11805669 0.0099209
1 213001931 rs113250063 0.0026905
1 213002031 rs114904830 0.0041194
1 213002059 rs199802432 0.88681
1 213002084 rs115584680 0.0023734999999999997
1 213002088 rs2884675 1.4288e-08
1 213002114 rs78811972 0.0024226
1 213002471 rs11120036 0.026547
1 213002643 rs114492059 0.49466000000000004
1 213002790 rs535489242 0.88681
1 213002868 rs6681851 1.8895e-09
1 213003111 rs12133124 0.025138
1 213003180 rs11120037 2.2633e-05
1 213003203 rs75158316 0.036927
1 213003372 rs12133194 1.2953e-09
1 213003428 rs12038225 3.0276999999999998e-05
1 213003780 rs551495110 0.8943399999999999
1 213003789 rs12136656 0.07917
1 213003874 rs12095846 2.9155e-05
1 213003937 rs113667835 0.96898
1 213003945 rs190788098 0.39941
1 213003965 rs111388152 0.026737999999999998
1 213004043 rs116654249 0.9243299999999999
1 213004050 rs147632409 0.095582
1 213004228 rs575523037 0.484
1 213004375 rs12406499 0.16229000000000002
1 213004400 rs143107675 0.31366
1 213004406 rs11120038 1.8186e-09
1 213004799 rs11120039 2.8104e-05
1 213004927 rs72743925 0.09458
1 213005012 rs6694190 0.02387
1 213005038 rs6685864 1.8265999999999999e-09
1 213005042 1:213005042_C_T 0.9018799999999999
1 213005132 rs74140511 0.069279
1 213005344 rs6696870 2.8818e-09
1 213005501 rs533594685 0.18294000000000002
1 213005503 rs112945772 0.5554100000000001
1 213005522 rs6686145 1.8210999999999998e-09
1 213005670 rs111807271 0.34578000000000003
1 213005941 rs6697507 2.8328e-05
1 213006058 rs17019770 0.057398000000000005
1 213006397 rs6700410 2.753e-05
1 213006597 rs6689604 0.0016561
1 213006805 rs6689799 1.7177e-09
1 213007040 rs75541945 0.058613
1 213007724 rs573172782 0.30341999999999997
1 213008010 rs112870794 0.68528
1 213008122 rs145334893 0.9774299999999999
1 213008165 rs61832054 0.25478
1 213008271 rs116097232 0.38879
1 213008455 rs140569935 0.38061999999999996
1 213008548 rs78143278 0.49411000000000005
1 213008652 rs145672360 0.0020431
1 213008664 rs11806446 9.8965e-06
1 213008819 rs10399914 0.48956000000000005
1 213009383 rs80161538 0.93945
1 213009469 rs10864004 9.401e-06
1 213009594 rs146443124 0.92855
1 213009923 rs191439102 0.37581
1 213009988 rs115888365 0.40109
1 213010077 rs188814426 0.43727
1 213010094 rs12082873 9.3567e-06
1 213010229 rs114011247 0.1521
1 213010589 rs4951643 4.6273000000000006e-06
1 213010614 rs79205884 0.63742
1 213010615 rs114270988 0.62449
1 213011117 rs190057851 0.37581
1 213011244 rs116421771 0.35099
1 213011424 rs115202457 0.0010015
1 213011436 rs181639803 0.37581
1 213011602 rs114646895 0.26185
1 213011812 rs7524203 2.4916e-06
1 213012115 rs60994517 0.9297200000000001
1 213012581 rs116251308 0.16405999999999998
1 213012618 rs185010105 0.3775
1 213013613 rs147911510 0.66371
1 213013637 rs556550597 0.9097299999999999
1 213013677 rs72743929 0.62807
1 213013959 rs116748172 0.6189
1 213014053 rs6676523 3.913e-05
1 213014191 rs183895796 0.26045999999999997
1 213014210 rs10779584 1.1245999999999999e-05
1 213014294 rs535181468 0.37581
1 213014295 rs9430101 0.064854
1 213014308 rs115121570 0.004407199999999999
1 213014342 rs140709038 0.37581
1 213014365 rs76481348 0.004328800000000001
1 213014477 rs112014010 0.004328800000000001
1 213014537 rs112990264 0.004328800000000001
1 213014596 rs6661333 0.0034271
1 213015020 rs56168562 0.58578
1 213015033 rs79248963 0.0044604
1 213015093 rs142287968 0.22399999999999998
1 213015210 rs111755419 0.004328800000000001
1 213015222 rs61832055 1.9678000000000002e-07
1 213015323 rs61832056 1.8432000000000003e-07
1 213015383 rs113501484 0.004335100000000001
1 213015644 rs149922884 0.004328800000000001
1 213015783 rs537206506 0.8126800000000001
1 213015947 rs140860242 0.37848000000000004
1 213016007 rs7520185 2.0400999999999999e-07
1 213016240 rs2359327 0.58607
1 213016246 rs375555824 0.76864
1 213016560 rs10746437 4.1768000000000004e-05
1 213016565 rs10746438 1.852e-07
1 213016585 rs112843067 0.003636
1 213016784 rs77522721 0.0043674
1 213016902 rs186362957 0.37064
1 213016923 rs75313819 0.004325
1 213016971 rs6657416 4.0626999999999996e-05
1 213017070 rs78100430 0.004325
1 213017472 rs9430102 4.0110999999999996e-05
1 213018018 rs116819155 0.34724
1 213018125 rs9430103 0.0011883
1 213018132 rs111371878 0.004325
1 213018174 rs75252271 0.0014267000000000001
1 213018194 rs140853025 0.37678
1 213018236 rs12408421 0.27919
1 213018243 rs10864005 2.1837e-07
1 213018263 rs10864006 2.3100000000000002e-07
1 213018707 rs148468783 0.92881
1 213018854 rs113874356 0.0041657
1 213019196 rs115370728 0.0043644
1 213019233 rs114204851 0.36393000000000003
1 213019240 rs146044909 0.96654
1 213019300 rs58172415 0.086368
1 213019306 rs184444207 0.9328
1 213019478 rs112407087 0.0043225
1 213019498 rs9430104 0.0011409
1 213019629 rs72743933 0.085245
1 213019672 rs113951608 0.0043225
1 213019704 rs72743935 0.08736000000000001
1 213019744 rs149866123 0.81114
1 213019802 rs114275229 0.43318999999999996
1 213019909 rs186047606 0.46773000000000003
1 213019980 rs111325995 0.0043195
1 213020123 rs147113050 0.8382
1 213020138 rs568877505 0.77186
1 213020143 rs112856622 0.0043081000000000005
1 213020164 rs11120042 2.0217e-07
1 213020221 rs10864007 4.1263e-05
1 213020222 1:213020222_T_C 0.66923
1 213020375 rs112389703 0.00080445
1 213020491 rs146797101 0.0044713
1 213020558 rs111261646 0.0044567
1 213020704 rs2487264 0.0033468000000000005
1 213020721 rs12140831 2.2288e-07
1 213020739 rs141468897 0.60617
1 213020779 rs11120043 2.9219e-10
1 213020845 rs74140512 0.025461
1 213020876 rs2497959 4.4995e-05
1 213021027 rs80050938 0.0044389
1 213021342 rs79759998 0.0043159999999999995
1 213021428 rs74337403 0.10074
1 213021467 rs138140167 0.60617
1 213021687 rs57219112 0.60433
1 213021750 rs75156252 0.8516799999999999
1 213021751 rs146057961 0.91443
1 213021830 rs10864008 0.082898
1 213021921 rs112486676 0.0044271
1 213022006 rs187790240 0.84925
1 213022026 rs143348986 0.75373
1 213022132 rs77064501 0.0045035
1 213022140 rs182587841 0.34184000000000003
1 213022141 rs72743938 0.08605399999999999
1 213022235 rs146244305 0.71239
1 213022362 rs2644548 4.5135e-05
1 213022506 rs184324707 0.37227
1 213022594 rs112967044 0.0046151000000000005
1 213022615 rs112247193 0.0044835000000000005
1 213022702 rs11120044 1.3668e-05
1 213024775 rs144236576 0.23719
1 213024776 rs147736252 0.0034915999999999997
1 213024799 rs193231883 0.6075699999999999
1 213024866 rs564648061 0.83946
1 213025237 rs12044080 0.089934
1 213025375 rs12043346 0.00082353
1 213025689 rs41307646 0.0036289
1 213025733 rs41307644 0.0036856000000000002
1 213025819 rs143699112 0.9835799999999999
1 213025994 rs534493628 0.83157
1 213026200 rs79545092 0.0032668
1 213026304 rs112793595 0.0030629000000000003
1 213026428 rs116338084 0.0035368
1 213026429 rs114905906 0.0032840000000000005
1 213026484 rs78936818 0.0035336
1 213026514 rs2994522 0.00047188
1 213026884 rs76280559 0.0034722
1 213026900 rs142730860 0.0013107000000000001
1 213027042 rs41314542 0.0033744
1 213027518 rs75881204 0.0040476999999999996
1 213027593 rs111956130 0.0034759
1 213027641 rs111472784 0.0034641999999999997
1 213027725 rs113874680 0.0038025
1 213027745 rs115882178 0.014497999999999999
1 213027826 rs191645122 0.0032841999999999997
1 213027950 rs542760020 0.22860999999999998
1 213028143 rs4532914 0.075178
1 213028166 rs185720965 0.33794
1 213028172 rs531965697 0.22441
1 213028395 rs181174074 0.22364
1 213028409 rs115778886 0.70424
1 213028559 rs58746017 0.0031199
1 213028785 rs1284860 7.1394e-05
1 213028837 rs7544567 7.0325e-05
1 213028899 rs7544645 6.4188e-05
1 213029583 rs12022540 0.0010875
1 213029591 rs77427203 0.0030698
1 213029814 rs17019780 0.065605
1 213029879 rs41296662 0.0021787
1 213030322 rs41296666 0.0030204
1 213030462 rs41296668 0.0030256999999999997
1 213030534 rs2279692 4.6607e-07
1 213030860 rs574969976 0.81609
1 213030958 rs41296674 0.013205000000000001
1 213030967 rs41296676 0.019247
1 213030981 rs41296678 0.013219999999999999
1 213030982 rs41296680 0.012231
1 213031135 rs140978949 0.6040399999999999
1 213031158 rs1047881 6.8578e-05
1 213031350 rs2220949 7.0151e-05
1 213031408 rs3768554 0.003513
1 213031448 rs2201601 2.9565999999999998e-05
1 213031464 rs12404942 0.317
1 213031473 rs2201602 6.7099e-05
1 213031535 rs41296688 0.81566
1 213031709 rs2201603 6.4971e-05
1 213031948 rs11120047 7.3878e-05
1 213032541 rs41296696 0.81609
1 213032568 rs12023052 4.4806000000000006e-07
1 213032826 rs3768551 6.424e-05
1 213032836 rs41296700 0.21969
1 213032907 rs6540768 0.12307
1 213032992 rs3768550 6.3667e-05
1 213033008 rs3768549 0.003317
1 213033327 rs41296702 0.9645600000000001
1 213033448 rs12118361 6.4158e-05
1 213033642 rs11120049 4.7996e-07
1 213033824 rs7538679 0.76644
1 213033930 rs76886848 0.003317
1 213034267 rs113717948 0.89207
1 213034313 rs931591 0.0047723
1 213034356 rs10864009 6.4488e-05
1 213034449 rs10779585 6.428e-05
1 213034506 rs10779586 6.421600000000001e-05
1 213034718 rs10864010 4.556100000000001e-07
1 213035075 rs142755274 0.0028331
1 213035104 rs866288828 0.62032
1 213035137 rs56226004 0.40175
1 213035296 1:213035296_G_A 0.1754
1 213035543 rs12048942 0.00096435
1 213035573 rs10779587 6.5044e-05
1 213035630 rs139448213 0.10492
1 213035671 rs12030572 0.00093044
1 213035853 rs73075782 0.56085
1 213035980 rs6697428 6.5895e-05
1 213036284 rs6689134 0.12279000000000001
1 213036433 rs6700342 4.0821e-05
1 213036659 rs1874416 6.6716e-05
1 213036794 rs1874418 6.4807e-05
1 213036894 rs41296714 0.51445
1 213036987 rs6677411 0.077856
1 213037017 rs41296716 0.06932200000000001
1 213037244 rs2252377 0.0049126000000000005
1 213037310 rs3768548 0.00091022
1 213037413 rs41296720 0.5955199999999999
1 213037624 rs963327 0.12507000000000001
1 213037661 rs963328 4.5091999999999996e-07
1 213037685 rs41258005 0.0031885000000000004
1 213038322 rs2792560 0.9701700000000001
1 213038336 rs10779588 4.503e-07
1 213038375 rs2792561 0.9701700000000001
1 213038493 rs141371044 0.97106
1 213038588 rs10779589 4.6107e-07
1 213039044 rs4418676 0.12235
1 213039118 rs9787376 6.3964e-05
1 213039148 rs192658080 0.70601
1 213039515 rs112188194 0.79983
1 213039536 rs11120050 6.2393e-05
1 213039622 rs117561713 0.0032332
1 213039741 rs11801900 0.7246199999999999
1 213040301 rs72743954 0.41047
1 213040516 rs150165539 0.70857
1 213040767 rs75763374 0.31154
1 213040774 rs10864015 6.1896e-05
1 213040853 rs189945676 0.70778
1 213040929 rs7544198 0.0009997
1 213041025 rs17019818 0.00098959
1 213041131 rs1284857 0.0019109
1 213041202 rs7523527 0.062602
1 213041238 rs185578657 0.31071
1 213041321 rs182868764 0.7387199999999999
1 213041440 rs10864018 6.107e-05
1 213041536 rs10864019 0.11940999999999999
1 213041653 rs77889714 0.48221
1 213041841 rs1874419 0.11999000000000001
1 213041912 rs187529594 0.7055899999999999
1 213042103 rs1874420 0.00094891
1 213042190 rs550055985 0.33839
1 213042207 rs186836701 0.7055899999999999
1 213042369 rs2132431 0.00094632
1 213042761 rs560497903 0.72159
1 213042851 rs73077863 0.86995
1 213042949 rs193055308 0.70778
1 213042975 rs185563415 0.33682
1 213043583 rs6664909 6.484e-05
1 213043615 rs1284858 0.001393
1 213043747 rs58860298 0.53427
1 213043962 rs146148836 0.72154
1 213044141 rs6685877 4.181399999999999e-07
1 213044347 rs2047292 0.12339000000000001
1 213044453 rs28505349 0.11852
1 213044476 rs79969827 0.0033802
1 213044512 rs75047090 0.30933
1 213044881 rs41296724 0.42645
1 213044882 rs41296726 0.00090166
1 213045186 rs4951644 4.4391000000000006e-07
1 213045227 rs1284859 0.0053528
1 213045264 rs4951465 6.1714e-05
1 213045517 rs11120052 0.17034000000000002
1 213045521 rs2047293 0.12054000000000001
1 213045541 rs4951645 6.1741e-05
1 213045736 rs41296740 0.70601
1 213046088 rs41297444 0.19024000000000002
1 213046236 rs1890932 0.00083759
1 213046525 rs41297446 0.00086326
1 213046527 rs113416807 0.7772399999999999
1 213047121 rs6659996 6.2615e-05
1 213047168 rs141443684 0.95329
1 213047249 rs188816527 0.22526999999999997
1 213047331 rs10864020 5.8281999999999995e-05
1 213047490 rs150109206 0.31374
1 213047498 rs12122682 5.5746000000000005e-05
1 213047630 rs74989489 0.0033604
1 213047646 rs145264665 0.21827
1 213047867 rs10864021 5.5342e-05
1 213047985 rs4951646 5.9401e-05
1 213048149 rs181611212 0.9329799999999999
1 213048362 rs148559077 0.13745
1 213048638 rs6674933 0.12473
1 213048876 rs78548352 0.1047
1 213048952 rs11120053 5.8845e-05
1 213049117 rs12722933 5.8899999999999995e-05
1 213049214 rs12123978 4.0957000000000003e-07
1 213049353 rs6703156 4.0825e-07
1 213049363 rs6667161 0.98334
1 213049406 rs6669833 0.93921
1 213049638 rs145124554 0.95249
1 213049646 rs73077871 0.50388
1 213049746 rs6703612 0.1248
1 213050003 rs4951466 0.00081943
1 213050040 rs151161600 0.4743
1 213050094 rs183897343 0.70601
1 213050123 rs10779590 5.7788e-05
1 213050130 rs4951647 0.00083233
1 213050144 rs4951467 0.9838899999999999
1 213050209 rs10746439 5.8603e-05
1 213050235 rs115747083 0.87329
1 213050263 rs118113100 0.89656
1 213050320 rs12040103 0.00084595
1 213050364 rs116136392 0.003208
1 213050627 rs11120054 5.7802e-05
1 213050632 rs553007436 0.32042
1 213050641 rs143101077 0.93921
1 213050679 rs12136117 4.1473e-07
1 213050844 rs11120055 0.00080464
1 213050873 rs11120056 5.9882e-05
1 213050887 rs1692178 0.9836299999999999
1 213050975 rs12069595 6.2807e-05
1 213051079 rs114143218 0.89504
1 213051081 rs72743962 0.34625
1 213051116 rs7528113 0.09664299999999999
1 213051131 rs74372034 0.0033602
1 213051153 rs7528119 0.12682000000000002
1 213051462 rs7516718 5.9791000000000004e-05
1 213051521 rs7528505 4.4521e-07
1 213051578 rs7516817 6.1404e-05
1 213051582 rs7538797 6.22e-05
1 213051671 rs7531073 6.2099e-05
1 213051804 rs11120057 6.3339e-05
1 213051998 rs12735221 6.216e-05
1 213052026 rs578138090 0.7207399999999999
1 213052118 rs12756625 3.6416e-05
1 213052174 rs181946871 0.70601
1 213052198 rs1615680 0.9966
1 213052656 rs2644546 0.005397399999999999
1 213052730 rs6688865 0.12775
1 213052891 rs10779591 6.1879e-05
1 213053061 rs72743967 0.00078471
1 213053088 rs10779592 5.5982e-05
1 213053154 rs138890973 0.0033652
1 213053179 rs10779593 4.2659e-07
1 213053550 rs7534973 5.9399e-05
1 213053820 rs6540769 4.1295e-07
1 213053931 rs143808237 0.31155
1 213054003 rs144234815 0.31084
1 213054375 rs6666167 4.1773999999999993e-07
1 213054503 rs6666356 6.1187e-05
1 213054505 rs182805587 0.70601
1 213054519 rs6666362 0.12775999999999998
1 213054551 rs6666368 6.1183e-05
1 213054712 rs148679359 0.0033608000000000006
1 213054866 rs9660930 0.0018090999999999997
1 213054924 rs56178110 0.00069158
1 213055184 rs7512393 4.2633000000000003e-07
1 213055457 rs74331587 0.0033606
1 213055505 rs12744746 6.0053e-05
1 213055608 rs550156967 0.74959
1 213055634 rs12731517 5.9936000000000003e-05
1 213056020 rs144115214 0.7235699999999999
1 213056427 rs12750027 0.00097241
1 213056493 rs4951649 0.1281
1 213056892 rs12125982 4.1743e-07
1 213056966 rs41297452 0.0033656
1 213057078 rs11803450 4.4189999999999995e-07
1 213057287 rs11808574 5.5793e-05
1 213057409 rs41300021 0.81162
1 213057509 rs41300025 0.70601
1 213057516 rs41300027 0.0033606
1 213057595 rs7519166 6.0136e-05
1 213057649 rs12031546 0.00077598
1 213057717 rs1692179 0.99774
1 213057775 rs41300033 0.0031686999999999996
1 213057903 rs41300035 0.0033606
1 213058124 rs1472342 5.9962e-05
1 213058207 rs141718202 0.72693
1 213058363 rs41300037 0.31268
1 213058401 rs7533932 0.12846
1 213058439 rs41300039 0.7038300000000001
1 213058518 rs41300043 0.0033606
1 213058829 rs190679252 0.70601
1 213058852 rs7536716 6.4213e-05
1 213058871 rs7522693 6.2761e-05
1 213058994 rs370931664 0.7223
1 213059003 rs7522877 6.0178999999999994e-05
1 213059533 rs12036698 0.00083405
1 213059636 rs578255274 0.65825
1 213059688 rs12036735 0.12842
1 213060011 rs11120059 5.9736000000000005e-05
1 213060199 rs12565233 0.00079102
1 213060204 rs12566087 0.00084386
1 213060750 rs41300959 0.17487
1 213060906 rs10779594 0.12460999999999998
1 213061030 rs2291773 5.9185e-05
1 213061050 rs41300963 0.035074
1 213061308 rs17677416 0.012212
1 213061362 rs2291772 0.00077488
1 213061406 rs41300969 0.70924
1 213061460 rs2291771 0.00075811
1 213061698 rs116088446 0.42738000000000004
1 213062067 rs10864022 5.8223e-05
1 213062158 rs10779595 5.7706000000000006e-05
1 213062180 rs11120060 5.6068999999999995e-05
1 213062278 rs41300977 0.71913
1 213062400 rs41300979 0.0028859000000000003
1 213062410 rs41300981 0.33625
1 213062640 rs41300983 0.52703
1 213062705 rs41300991 0.71896
1 213062797 rs2047291 0.002967
1 213062813 rs41300993 0.00069746
1 213062930 rs2047290 0.0001501
1 213062975 rs2047289 0.11997999999999999
1 213063023 rs142655551 0.64342
1 213063559 rs41301003 0.51035
1 213063606 rs41301005 0.5140100000000001
1 213063684 rs2047288 0.0034814
1 213063767 rs2047287 7.1142e-05
1 213063959 rs569807602 0.71896
1 213063960 rs41301007 0.19702
1 213064096 rs12404754 0.0016016
1 213064209 rs7553536 0.099549
1 213064528 rs72743981 0.00092892
1 213064567 rs10864023 0.0016090999999999998
1 213064603 rs10864024 0.5692699999999999
1 213064751 rs192794689 0.71896
1 213064770 rs57638446 0.50535
1 213065044 rs562401496 0.19243
1 213065045 rs1390501 0.53545
1 213065048 rs147751847 0.6459600000000001
1 213065162 rs73079978 0.50938
1 213065262 rs1587175 0.0013635
1 213065340 rs1587174 0.00087457
1 213065347 rs75969339 0.62676
1 213065392 rs76081053 0.098014
1 213065461 rs145746590 0.81439
1 213065499 rs79288949 0.718
1 213065570 rs79676744 0.049916
1 213065986 rs4951470 0.0014522
1 213066071 rs142794108 0.20095
1 213066194 rs144866603 0.14933
1 213066381 rs6683314 0.52995
1 213066490 rs12136547 0.0014103
1 213066607 rs191942283 0.76859
1 213066855 rs180974219 0.76789
1 213066914 rs2359324 0.11725999999999999
1 213066980 rs2359325 0.0013746
1 213067014 rs571771052 0.19243
1 213067052 rs2359326 0.52555
1 213067178 rs60267007 0.061891999999999996
1 213067348 rs189613023 0.75329
1 213067537 rs9430105 0.0012182
1 213067641 rs12754609 0.0013770999999999998
1 213067648 rs148803018 0.16801
1 213067717 rs12754736 0.00048657
1 213067783 rs12755947 0.0013842000000000001
1 213068008 rs41301009 0.7959999999999999
1 213068066 rs7530561 0.00093066
1 213068096 rs12405293 0.0014106
1 213068127 rs41301013 0.8254299999999999
1 213068192 rs2792558 0.09062200000000001
1 213068233 rs12408694 0.53485
1 213068404 rs17019870 0.00090989
1 213068436 rs17019873 0.00090857
1 213068595 rs3207090 0.0014324000000000001
1 213068971 rs12074192 0.53466
1 213068985 rs6679775 0.12257
1 213069009 rs41258034 0.72456
1 213069258 rs11582817 1.6228e-05
1 213069305 rs41301027 0.00090358
1 213069420 rs6670064 1.5605e-05
1 213069523 rs41301029 0.00358
1 213069563 rs12567713 0.0009559
1 213069738 rs12567728 0.00095731
1 213069783 rs6682947 0.52946
1 213069949 rs145011972 0.62929
1 213070176 rs6685793 0.10203999999999999
1 213070458 rs12567976 0.0014827
1 213070572 rs6697126 0.11917
1 213071051 rs10864027 0.0015248
1 213071210 rs1284856 0.00060386
1 213071341 rs1284855 0.00058039
1 213071445 rs1284854 6.676e-06
1 213071540 rs1284853 0.37266
1 213071600 rs10902 0.0010085
1 213071664 rs76321605 0.33998
1 213071873 rs113198161 0.50641
1 213071892 rs183392554 0.72905
1 213071945 rs15903 0.3744
1 213072114 rs12142813 0.7550399999999999
1 213073013 rs1284852 7.097899999999999e-06
1 213073123 rs2172983 0.0010037000000000002
1 213073204 rs540139273 0.70467
1 213073225 rs78532508 0.71773
1 213073319 rs76846643 0.50605
1 213073366 rs1284851 0.37348000000000003
1 213073727 rs1284850 0.0039277
1 213073834 rs6696668 0.71773
1 213073973 rs2185487 0.00094165
1 213074140 rs73079997 0.5052800000000001
1 213074358 rs115325441 0.81133
1 213074714 rs151246183 0.6482100000000001
1 213075025 rs11120063 0.36949
1 213075115 rs9429894 0.36891
1 213075319 rs9429895 0.37192
1 213075404 rs4951471 6.8254e-06
1 213075444 rs12075289 0.37195
1 213075497 rs58128459 0.11767000000000001
1 213075517 rs74140519 0.12437000000000001
1 213075586 rs4951472 0.00091873
1 213075628 rs75030181 0.0030418000000000003
1 213075893 rs57046861 0.0011417
1 213076199 rs7541559 0.00058302
1 213076351 rs7530057 0.37239
1 213076639 rs35892512 0.011013
1 213076904 rs10779596 0.56687
1 213077345 rs2359323 0.56795
1 213077445 rs6702876 0.00056672
1 213077673 rs73080000 0.80443
1 213077760 rs72743991 0.00084749
1 213078181 rs12036853 0.033809
1 213078530 rs10864028 1.8715e-05
1 213078831 rs61832372 0.20636
1 213078885 rs72743992 0.07144500000000001
1 213078943 rs10864029 1.839e-05
1 213079067 rs11120064 0.00091593
1 213079264 rs12038555 0.1394
1 213079400 rs10864030 0.56889
1 213079427 rs2792562 0.36014
1 213079763 rs76576409 0.11905
1 213079780 rs2644549 0.36541
1 213079861 rs72743993 0.08654400000000001
1 213079941 rs6701782 0.06067
1 213080475 rs78587657 0.59858
1 213080479 rs58683486 0.5758800000000001
1 213080553 rs4951650 0.059576
1 213080559 rs74912149 0.56888
1 213080601 rs4951651 0.059521000000000004
1 213080971 rs137990730 0.5694899999999999
1 213081122 rs149450511 0.17945999999999998
1 213081269 rs12040492 0.1217
1 213081440 rs12135746 0.060899
1 213081661 rs112936733 0.71126
1 213081743 rs138457499 0.31196999999999997
1 213082127 rs150841688 0.14928
1 213082169 rs4951652 0.060051
1 213082203 rs4951653 0.067924
1 213082428 rs75570815 0.005793100000000001
1 213082471 rs114162177 0.16492
1 213082532 rs190794936 0.9581
1 213082679 rs2644550 0.0010753
1 213082705 rs551918694 0.33353
1 213082721 rs6671740 0.060712999999999996
1 213082908 rs6660933 0.059653
1 213082921 rs6663568 0.059721
1 213083016 rs2487265 0.001085
1 213083036 rs6697099 0.058903
1 213083125 rs143563403 0.9812700000000001
1 213083136 rs6663574 0.058577
1 213083177 rs114135810 0.18297
1 213083261 rs12760321 0.057816
1 213083404 rs112030508 0.56037
1 213083674 rs554161226 0.18132
1 213083705 rs187429139 0.17743
1 213086872 rs183611362 0.99382
1 213086882 rs549648342 0.6007600000000001
1 213087314 rs12239866 0.46671999999999997
1 213087322 rs532580688 0.6000800000000001
1 213087647 rs574451441 0.60136
1 213088017 rs78692528 0.80283
1 213088300 rs79187347 0.5979899999999999
1 213088391 rs146245366 0.59659
1 213088447 rs116563490 0.68537
1 213088494 rs12042181 0.07207999999999999
1 213088664 rs55879002 0.67728
1 213088787 rs4951474 3.2544e-05
1 213089004 rs144039729 0.60282
1 213089037 rs1770778 0.11749000000000001
1 213089069 rs114512511 0.67887
1 213089075 rs114853637 0.68437
1 213089370 rs1770777 0.11829
1 213089379 rs6666277 5.4565e-07
1 213089396 rs1770776 0.00091028
1 213089718 rs139454474 0.60825
1 213089735 rs149672464 0.60858
1 213089865 rs1692180 0.11954000000000001
1 213089984 rs112003064 0.82201
1 213090057 rs76086948 0.0049345
1 213090115 rs77353925 0.61077
1 213090165 rs17740000 0.8235600000000001
1 213090297 rs1692182 0.00040533
1 213090544 rs116170971 0.615
1 213090997 rs148118360 0.6151300000000001
1 213091031 rs141824424 0.6136199999999999
1 213091151 rs150193192 0.61625
1 213091540 rs56129891 0.079391
1 213091573 rs12140722 6.2876e-05
1 213091581 rs116427864 0.81931
1 213091628 1:213091628_G_T 0.83859
1 213091658 rs12140754 6.3336e-05
1 213091814 rs558571147 0.099299
1 213091894 rs74140521 0.7741899999999999
1 213092072 rs1284861 0.0019543
1 213092149 rs139281384 0.6742600000000001
1 213092249 rs4951655 6.5169e-05
1 213092564 rs56189056 0.065333
1 213092587 rs546514414 0.12065999999999999
1 213092639 rs870547 5.7341000000000005e-05
1 213092684 rs870548 0.7540100000000001
1 213092985 rs6679848 9.98e-05
1 213093033 rs6679938 9.9665e-05
1 213093069 rs6679951 8.876899999999999e-05
1 213093141 rs116021115 0.68738
1 213093293 rs871767 7.915899999999999e-05
1 213093388 rs1284862 0.010461
1 213093440 rs7544229 0.13737
1 213093510 rs3816952 8.2266e-05
1 213093636 rs3816953 9.749e-05
1 213093741 rs3816954 0.076153
1 213093942 rs3816956 0.043308
1 213094034 rs1284864 0.22945
1 213094051 rs3816957 8.864200000000001e-05
1 213094538 rs77044323 0.9192600000000001
1 213094557 rs11120067 8.5273e-05
1 213094838 rs7554067 4.3549e-05
1 213095000 rs7523310 9.566e-05
1 213095041 rs7523329 0.000106
1 213095112 rs80302035 0.15104
1 213095179 rs7533476 0.00010698
1 213095231 rs7533575 0.00011416
1 213095412 rs6656128 0.00012542
1 213095484 rs59300965 0.10847000000000001
1 213095523 rs6656232 5.8473999999999996e-05
1 213095954 rs6680409 0.00092148
1 213096093 rs6680527 0.00080776
1 213096114 rs6671772 0.21219000000000002
1 213096607 rs9308427 0.0061976999999999996
1 213096950 rs1890937 0.0047943000000000005
1 213097019 rs1890936 0.0054992
1 213097217 rs1890933 0.50292
1 213097283 rs72745808 0.01042
1 213097588 rs2088256 0.014328
1 213097637 rs111878913 0.023633
1 213097929 rs937348 0.00078056
1 213097941 rs6663614 0.5341199999999999
1 213098120 rs777103612 0.86798
1 213098557 rs75235127 0.31303000000000003
1 213098629 rs12761002 0.46266999999999997
1 213098814 rs760230612 0.27968000000000004
1 213098881 rs181719173 0.86841
1 213099607 rs3010767 0.09216
1 213099788 rs3121158 0.064265
1 213100037 rs57768681 0.1309
1 213100225 rs2792563 0.28692
1 213100583 rs75363618 0.8356600000000001
1 213100591 rs111275833 0.12903
1 213100605 rs2792564 0.061009
1 213101295 rs80125423 0.2123
1 213101538 rs140952666 0.91714
1 213101624 rs2792565 0.06717100000000001
1 213101710 rs2644552 0.051557000000000006
1 213101719 rs7542906 0.1207
1 213101844 rs970081 0.063574
1 213101976 rs115557173 0.7865300000000001
1 213102187 rs2011123 0.059563
1 213102272 rs970083 0.059494000000000005
1 213102354 rs111268556 0.85025
1 213102424 rs73084214 0.26258000000000004
1 213102470 rs113564493 0.18223
1 213103249 rs145905464 0.12137
1 213103747 rs6684088 0.12717
1 213103759 rs6699046 0.25051999999999996
1 213103937 rs150683757 0.66945
1 213104315 rs6684032 0.89928
1 213104368 rs80332155 0.1326
1 213104562 rs75103664 0.12703
1 213104584 rs11120069 0.040361
1 213104642 rs76198183 0.57609
1 213104841 rs56004152 0.23578000000000002
1 213104877 rs3104208 0.043674
1 213105567 rs60610968 0.13468
1 213105629 rs116670471 0.15794
1 213105731 rs74140524 0.1513
1 213106178 rs3104209 0.012214000000000001
1 213106298 rs112265293 0.13255
1 213106561 rs9662838 0.64631
1 213106675 rs3104210 0.12118
1 213106715 rs3124663 0.13162000000000001
1 213106765 rs3124664 0.012863
1 213106926 rs2935210 0.012953999999999999
1 213107110 rs77004692 0.11675
1 213107624 rs75788588 0.48755
1 213107800 rs3010769 0.11817000000000001
1 213108182 rs59579946 0.49371000000000004
1 213108287 rs79183979 0.034328
1 213108388 rs59870594 0.50344
1 213108442 rs57244386 0.504
1 213108588 rs79868828 0.11874000000000001
1 213108721 rs116022187 0.48286999999999997
1 213108970 rs2101877 0.01138
1 213109069 rs73084220 0.2778
1 213109096 rs3124665 0.011364
1 213109734 rs74904848 0.14998
1 213110022 rs59560971 0.13384000000000001
1 213110134 rs3010770 0.011389
1 213110429 rs3002286 0.009761200000000001
1 213110448 rs3010771 0.011236
1 213110556 rs2935211 0.11024
1 213110947 rs74855202 0.81535
1 213111235 rs949932 0.60121
1 213111533 rs113934435 0.6676
1 213111774 rs114026698 0.65094
1 213111959 rs3104212 0.01786
1 213112116 rs150859388 0.6006199999999999
1 213112351 rs116359039 0.47794
1 213112561 rs140615082 0.24936
1 213112596 rs113547488 0.1378
1 213112667 rs77921789 0.37153
1 213112990 rs73084226 0.9553299999999999
1 213113255 rs58127224 0.8324600000000001
1 213113572 rs75604648 0.62669
1 213113573 rs79061881 0.62669
1 213113863 rs144605135 0.29022
1 213114244 rs187646486 0.24469000000000002
1 213114428 rs192552695 0.29004
1 213114945 rs184282021 0.81703
1 213115182 rs76664563 0.11504
1 213115199 rs114072620 0.45743999999999996
