CHR BP SNP P
11 65459386 rs146240429 0.06511
11 65459404 rs11227259 1.2449e-12
11 65459419 rs10896032 7.1624e-25
11 65459450 rs111927700 0.6190100000000001
11 65459556 rs10896033 4.0573999999999997e-25
11 65460086 rs6591187 3.9690999999999996e-25
11 65460087 rs72941018 0.2553
11 65460204 rs115572282 0.78481
11 65460477 rs7952133 4.892e-25
11 65460957 rs17491607 0.25835
11 65461112 rs749242626 0.81647
11 65461158 rs11227260 3.3674999999999996e-25
11 65461160 rs10896035 5.4346e-25
11 65461544 rs12421691 8.1296e-05
11 65461889 rs146968840 0.86335
11 65462843 rs11227261 1.3435999999999998e-09
11 65462981 rs7932285 0.005646
11 65462983 rs78388141 0.64264
11 65463023 rs76212957 0.9884200000000001
11 65463153 rs11600206 0.46437
11 65463539 rs12575137 0.19119
11 65464000 rs4930305 1.7292e-12
11 65464487 rs7926512 1.3054e-12
11 65464717 rs183781601 0.99482
11 65464791 rs149343124 0.5738300000000001
11 65465119 rs182722781 0.049185
11 65465597 rs36091060 7.2653e-05
11 65465957 rs192788623 0.93442
11 65465978 rs77956964 0.40768000000000004
11 65466002 rs12417989 6.7232e-05
11 65466158 rs192519030 0.93221
11 65466281 rs528020239 0.96634
11 65466553 rs112076515 0.66179
11 65466796 rs11227264 0.19258
11 65466911 rs555903 2.9519e-09
11 65467004 rs11227265 0.19278
11 65467025 rs75625400 0.66162
11 65467334 rs115023673 0.6624800000000001
11 65467953 rs6591188 6.548699999999999e-25
11 65468264 rs559462664 0.24028000000000002
11 65468566 rs78320728 0.19362000000000001
11 65468593 rs117040646 0.2092
11 65468808 rs555465 1.226e-07
11 65468819 rs374813024 0.23731
11 65468877 rs11227267 0.12822999999999998
11 65468879 rs150495480 0.61014
11 65468921 rs191264400 0.99716
11 65469018 rs11820482 0.40592
11 65469399 rs78577270 0.21654
11 65469451 rs114128939 0.77582
11 65469504 rs78076262 0.01803
11 65469763 rs75752195 0.96394
11 65469794 rs553107769 0.095024
11 65469868 rs145035265 0.7419100000000001
11 65470516 rs74539421 0.070441
11 65471160 rs145734283 1.4291e-08
11 65471258 rs7107503 7.0558e-05
11 65471391 rs7122081 6.599399999999999e-05
11 65471422 rs7122098 7.1383e-05
11 65471520 rs188346034 0.71811
11 65471742 rs1963977 7.1762e-05
11 65471787 rs145045895 0.021606
11 65471975 rs7125965 0.13813
11 65471982 rs507859 1.0639000000000001e-07
11 65472022 rs117818412 0.65005
11 65472394 rs680948 0.0010562000000000002
11 65472727 rs2127510 8.6839e-05
11 65472758 rs11606668 0.10243
11 65473076 rs4930306 0.069212
11 65473175 rs118088990 2.0697e-06
11 65473597 rs565267 0.0014517999999999998
11 65473798 rs10750766 1.4425e-05
11 65474023 rs193101003 0.938
11 65474090 rs11605773 0.31789
11 65474243 rs146639834 0.27193
11 65474556 rs7930301 8.731499999999999e-25
11 65474594 rs573906 0.32541
11 65474813 rs604615 0.32121
11 65475111 rs605952 0.28344
11 65475129 rs559064 0.31504
11 65475189 rs111272663 0.67656
11 65475259 rs117213689 2.1654e-05
11 65475503 rs617980 0.31687
11 65475515 rs534414 0.0013159
11 65475519 rs80034874 0.5707
11 65475620 rs618456 0.0013174
11 65475816 rs9666878 8.674200000000002e-25
11 65476487 rs523029 2.3628e-14
11 65476501 rs504235 0.34658
11 65476555 rs183685337 0.9407700000000001
11 65477264 rs11227269 0.20494
11 65477349 rs552312 0.0013628
11 65477361 rs113509847 0.62041
11 65477645 rs11227270 0.33566
11 65477716 rs11227271 0.3155
11 65477954 rs34007146 2.2026e-09
11 65477963 rs12418567 8.371e-05
11 65478167 rs114279609 0.41073000000000004
11 65478373 rs184088953 0.5479
11 65478487 rs61893835 1.1651e-24
11 65478494 rs375763110 0.8465299999999999
11 65478551 rs115010755 0.75788
11 65478893 rs72941051 0.33625
11 65478956 rs766807240 0.44411999999999996
11 65479628 rs112313136 0.6167
11 65480071 rs4645912 0.54977
11 65480090 rs2236682 1.3373999999999999e-24
11 65480132 rs750077392 0.70819
11 65480256 rs4645914 0.65275
11 65480631 rs75800300 0.096262
11 65480633 rs181492606 0.7024600000000001
11 65480768 rs4244812 1.4719e-12
11 65480791 rs551115 0.61039
11 65481166 rs1151500 0.001837
11 65481229 rs41302415 0.57927
11 65481338 rs140269437 0.47838
11 65481465 rs487264 0.0016710000000000002
11 65481522 rs4645915 0.32409
11 65481529 rs4645916 7.2757e-05
11 65481544 rs488170 0.0016657
11 65481640 rs4645917 3.4467e-06
11 65482281 rs138358637 0.06326699999999999
11 65482401 rs4645922 0.69415
11 65482406 rs4645923 1.4142000000000001e-05
11 65482584 rs4645925 0.47073999999999994
11 65482695 rs4645926 0.21429
11 65482732 rs144480426 0.9452200000000001
11 65482827 rs4645927 9.7714e-25
11 65483002 rs148422728 0.7955
11 65483237 rs187775926 0.72517
11 65483370 rs75601653 3.9085e-25
11 65483374 rs7120713 6.531700000000001e-25
11 65483680 rs75367742 0.67571
11 65483688 rs760810245 0.54603
11 65483981 rs573589 6.3101e-08
11 65484327 rs200834852 0.4032
11 65484342 rs4645928 0.86906
11 65484569 rs563427 0.0015178
11 65484719 rs2236683 8.932e-05
11 65484744 rs4645930 0.68091
11 65484755 rs765330200 0.7631
11 65484883 rs1151501 0.0015554
11 65484985 rs4645932 0.36980999999999997
11 65485120 rs4645933 1.2916000000000002e-24
11 65485157 rs4645934 0.00050141
11 65485218 rs3372 8.130599999999999e-10
11 65485337 rs535111 8.0981e-08
11 65485478 rs4645936 2.3262e-06
11 65485727 rs521678 0.0015472
11 65485959 rs4645937 0.62925
11 65486247 rs112903919 0.89486
11 65487412 rs529439894 0.9012700000000001
11 65487516 rs61736590 0.60705
11 65488012 rs201951802 0.9403100000000001
11 65488673 rs55758897 9.1877e-05
11 65488691 rs12576802 1.3125e-12
11 65488718 rs183203422 0.5707300000000001
11 65489118 rs116902736 0.47878999999999994
11 65489505 rs191508707 0.23053
11 65489626 rs61893836 0.0018637
11 65490756 rs645621 0.0017157
11 65491813 rs142162873 0.9913799999999999
11 65492079 rs2509946 0.0017792
11 65492082 rs2510030 0.0016848
11 65492483 rs75162774 3.196e-24
11 65492891 rs56236098 0.00020219
11 65492905 rs11227275 1.2335e-07
11 65493098 rs185030002 0.043169
11 65493112 rs481482 1.0822000000000001e-15
11 65493116 rs11227277 3.9661e-12
11 65493191 rs4930159 1.5321e-11
11 65493206 rs72941069 0.0049168
11 65493245 rs504437 0.1314
11 65493249 rs61895665 2.0834999999999998e-20
11 65493278 rs508778 0.086495
11 65493603 rs76192470 0.60495
11 65493658 rs665191 0.0026682
11 65493807 rs509206 4.248e-13
11 65493930 rs77801811 0.60977
11 65493992 rs480989 0.011512
11 65494069 rs112482108 0.6539
11 65494184 rs747576129 0.8618600000000001
11 65494260 rs478304 5.760399999999999e-13
11 65494623 rs11227278 0.001247
11 65494987 rs537786 5.7508e-13
11 65495211 rs11227279 2.8928e-22
11 65495571 rs74638829 0.00065254
11 65495696 rs78412025 9.559399999999999e-23
11 65495769 rs530405 0.043021
11 65495784 rs75859274 0.36996
11 65496004 rs11227280 0.42695
11 65496207 rs144393440 0.22782
11 65496558 rs11227281 1.5982e-22
11 65497036 rs56686587 1.6051e-22
11 65497558 rs1308020 0.26959
11 65497991 rs532323783 0.18599000000000002
11 65498234 rs116947356 0.93181
11 65498261 rs570954 3.9649e-13
11 65498728 rs140297298 0.7226100000000001
11 65498746 rs146522518 0.6025
11 65498915 rs4014192 1.6218e-22
11 65498942 rs576663 0.0007773
11 65499022 rs11227283 5.9438e-15
11 65499396 rs143523280 0.62455
11 65499568 rs57096718 0.37301
11 65499692 rs12361032 7.1697e-05
11 65499719 rs4930312 1.6139e-22
11 65499722 rs112637514 0.6036600000000001
11 65499810 rs11600721 0.0011685
11 65500003 rs11537193 1.6339e-22
11 65500062 rs10160310 0.42699
11 65500198 rs11532071 2.2265000000000003e-22
11 65500428 rs4930313 1.6355e-22
11 65500530 rs470360 0.00077905
11 65500999 rs147454206 0.6463899999999999
11 65501149 rs149996925 0.30723
11 65501270 rs483387 0.43878
11 65501291 rs669742 4.3971999999999997e-13
11 65501647 rs190352233 0.37182
11 65501695 rs573742269 0.044707
11 65502413 rs1941746 0.00077996
11 65503018 rs141101520 0.68152
11 65503224 rs11227284 5.5888000000000004e-15
11 65503347 rs75413091 0.65237
11 65503528 rs78499173 0.68957
11 65503643 rs11823278 0.32783
11 65503749 rs111909041 0.60517
11 65504244 rs12223803 0.41455
11 65504328 rs73492420 0.58836
11 65504707 rs577007136 0.76171
11 65504900 rs537385 0.00079045
11 65504985 rs149066466 0.84059
11 65505153 rs3953806 0.00066658
11 65505154 rs189644587 0.16479000000000002
11 65505185 rs367767327 0.19453
11 65505289 rs585272 0.00078594
11 65505448 rs12225620 2.2288e-22
11 65505528 rs10896038 2.2689e-22
11 65505570 rs181517988 0.18006
11 65505641 rs56257941 0.00066663
11 65506483 rs650619 0.00073213
11 65506822 rs4014195 1.9970999999999999e-22
11 65507134 rs11227286 0.41694
11 65507520 rs568608360 0.30532
11 65507605 rs603509 0.00079204
11 65507615 rs150940216 0.8337899999999999
11 65507648 rs191643336 0.70555
11 65507741 rs11227287 7.1856e-05
11 65508140 rs115915076 0.78181
11 65508237 rs11606947 2.2563999999999997e-22
11 65508774 rs115361372 0.093654
11 65508784 rs75970252 0.39177
11 65508919 rs74359457 0.35117
11 65508986 rs620088 0.27476999999999996
11 65509364 rs542479581 0.21331
11 65509449 rs142037349 0.37966
11 65509450 rs189637243 0.055321
11 65510024 rs546202 1.0146e-12
11 65510025 rs139897650 0.6485
11 65510205 rs182008821 0.046610000000000006
11 65510378 rs74554680 0.78499
11 65510452 rs571517560 0.82842
11 65510652 rs114893268 0.08507200000000001
11 65510669 rs80117055 0.25353000000000003
11 65510903 rs571897331 0.63786
11 65510969 rs141765221 0.35351
11 65511336 rs11604568 2.0805000000000003e-22
11 65511412 rs541620884 0.4361
11 65511470 rs115085870 0.44146
11 65511906 rs374580071 0.36769
11 65511965 rs11600918 2.3124e-22
11 65512057 rs7110576 1.8219999999999999e-22
11 65512081 rs76068162 0.41346000000000005
11 65512092 rs7124858 0.5483100000000001
11 65512116 rs687086 0.4618
11 65512472 rs73492424 0.57658
11 65512511 rs12798237 0.25433
11 65512650 rs79320366 0.39036
11 65512795 rs74833052 0.6935600000000001
11 65512973 rs149967797 0.065005
11 65513057 rs117952737 2.4945e-06
11 65513080 rs144891476 0.28065
11 65513107 rs593982 0.00080805
11 65513772 rs539408169 0.27684000000000003
11 65513782 rs72922722 0.0038786000000000003
11 65513802 rs77327087 0.06515
11 65513928 rs144261274 0.56909
11 65514093 rs559840068 0.078115
11 65514153 rs141724220 0.5767100000000001
11 65514477 rs10459016 0.4254
11 65514785 rs76711763 0.8088
11 65514874 rs578056 6.3812e-15
11 65515059 rs151099737 0.36724
11 65515277 rs574483 5.4128e-13
11 65515367 rs141094749 0.65432
11 65515606 rs11537211 0.4686
11 65516099 rs183227221 0.25318
11 65516110 rs56990327 0.57502
11 65516487 rs77035165 0.6056600000000001
11 65516588 rs11227288 7.0697000000000005e-15
11 65516801 rs145674019 0.72729
11 65517221 rs76635966 0.6060300000000001
11 65517408 rs77500748 0.62187
11 65517833 rs570879014 0.27695
11 65517841 rs77007770 0.5977
11 65518192 rs7120284 0.5975600000000001
11 65518380 rs139545000 0.2138
11 65519103 rs757216560 0.8886200000000001
11 65519222 rs11600035 0.033253
11 65519744 rs58023725 0.043482
11 65519864 rs544509675 0.35918
11 65520060 rs474483 6.147899999999999e-13
11 65520331 rs190088270 0.77004
11 65520746 rs72922733 6.802800000000001e-15
11 65521126 rs11227289 3.4723000000000003e-13
11 65521202 rs190340589 0.99593
11 65521247 rs506853 5.690199999999999e-13
11 65521939 rs192834450 0.76171
11 65522753 rs79024463 0.18006
11 65523050 rs138011485 0.40204
11 65523343 rs11227292 0.41895
11 65524048 rs181621273 0.59315
11 65524164 rs77495801 0.7762
11 65524252 rs7123489 2.7098000000000004e-22
11 65524286 11:65524286_G_A 0.5699
11 65524535 rs142538640 0.5475
11 65525000 rs181411806 0.42841
11 65525119 rs502468 5.9656e-13
11 65525253 rs372297807 0.36746
11 65525262 rs139847315 2.0626e-06
11 65525290 rs149831300 0.47521
11 65526182 rs117829045 2.2648e-06
11 65526311 rs144557404 0.6271
11 65526446 rs371875707 0.40234000000000003
11 65526474 rs146533388 0.6209600000000001
11 65526511 rs10896040 5.124800000000001e-13
11 65526577 rs141224724 0.8689
11 65526618 rs114329512 0.57707
11 65526988 rs517115 5.9601e-13
11 65527143 rs140512211 0.22549
11 65527241 rs367761932 0.027195999999999998
11 65527327 rs56117302 0.80102
11 65527774 rs12226176 0.30053
11 65527870 rs192200281 0.54028
11 65528213 rs498354 5.3653e-13
11 65528352 rs75936060 0.99206
11 65528480 rs149461967 0.71337
11 65528739 rs143935724 0.71337
11 65528983 rs76254280 0.6060300000000001
11 65529403 rs115964606 0.30019
11 65530440 rs181188434 0.9477399999999999
11 65530553 rs180682922 0.11904
11 65530735 rs186118668 0.6060300000000001
11 65530912 rs558076746 0.13746
11 65530953 rs139677284 0.60534
11 65531222 rs67265750 8.3018e-05
11 65531224 rs751558540 0.62748
11 65531264 rs533075548 0.38776
11 65531412 rs35727622 8.3018e-05
11 65531612 rs112437639 0.8456799999999999
11 65531633 rs75759431 0.6292399999999999
11 65531698 rs12293022 5.0672e-13
11 65532001 rs138414021 0.032594
11 65532783 rs142979246 0.40447
11 65532799 rs146131418 0.48173999999999995
11 65532825 rs565427 0.27026
11 65532895 rs148792702 0.35831999999999997
11 65532925 rs117638278 0.09802999999999999
11 65533000 rs603645 5.638e-13
11 65533256 rs604949 0.035651999999999996
11 65533433 rs147698389 0.41965
11 65533512 rs75217036 0.59883
11 65533580 rs111487465 0.64766
11 65533790 rs7112966 0.41096000000000005
11 65533950 rs77748866 5.8996e-07
11 65533969 rs486364 0.8626299999999999
11 65534046 rs56311201 0.6686
11 65534088 rs487348 0.10550999999999999
11 65534744 rs11227295 0.28286999999999995
11 65534752 rs113976481 0.5977
11 65535171 rs148182217 0.7621399999999999
11 65535392 rs541210028 0.16502999999999998
11 65535464 rs12273982 6.6465e-15
11 65535664 rs114367088 0.60388
11 65535737 rs7121450 0.71405
11 65535759 rs186111375 0.47268000000000004
11 65535889 rs370935235 0.36656
11 65536312 rs187015416 0.36984
11 65536330 rs183458286 0.8559100000000001
11 65536443 rs559051633 0.57045
11 65536652 rs149418449 0.67888
11 65536678 rs10896041 5.237600000000001e-13
11 65537200 rs79392831 0.67184
11 65537453 rs75590024 0.5141
11 65537552 rs372331928 0.21525
11 65537556 rs1193496 5.1005e-13
11 65537663 rs113367515 0.6690699999999999
11 65537835 rs144768350 0.36984
11 65537935 rs7951057 1.8936000000000002e-06
11 65538547 rs73492432 0.4124
11 65538831 rs562380225 0.31664000000000003
11 65538832 rs145223879 0.9769
11 65538887 rs533163071 0.55953
11 65539037 rs749415173 0.94599
11 65539283 rs112224762 0.62132
11 65539449 rs11227297 0.43377
11 65539624 rs148340607 0.72677
11 65539627 rs547235671 0.85124
11 65540189 rs77828083 0.43593999999999994
11 65540350 rs58260755 0.71378
11 65540574 rs764580417 0.42945
11 65540718 rs184157686 0.16502999999999998
11 65540838 rs77308202 0.7768
11 65540886 rs495961 4.5468999999999995e-13
11 65541003 rs574747075 0.28094
11 65541042 rs77639399 0.67679
11 65541132 rs12275175 0.6018600000000001
11 65541215 rs2508303 4.9002e-13
11 65541253 rs2509823 0.85846
11 65541260 rs140715201 0.67206
11 65541356 rs532069900 0.15006
11 65541426 rs2508302 0.85311
11 65541501 rs112466974 0.66361
11 65541506 rs183598289 0.25378
11 65541805 rs190450018 0.87365
11 65541864 11:65541864_C_A 0.8324799999999999
11 65541934 rs536504494 0.80677
11 65542042 rs148656265 0.58717
11 65542054 rs2508301 4.9504e-13
11 65542127 rs115893008 0.59753
11 65542298 rs494003 5.4842e-15
11 65542382 rs61744381 0.25853000000000004
11 65542561 rs140393038 0.35129
11 65542739 rs489574 0.28552
11 65542902 rs56070121 0.7088300000000001
11 65542948 rs74835844 0.62336
11 65542961 rs556992430 0.22709000000000001
11 65543168 rs56221247 0.7084
11 65543421 rs522800 5.655600000000001e-13
11 65543464 rs185222534 0.60668
11 65543612 rs2508299 0.8485799999999999
11 65543697 rs75796448 0.53478
11 65543736 rs117104648 2.8352999999999998e-06
11 65543827 rs10896043 7.2017e-15
11 65543985 rs147327835 0.22748000000000002
11 65544325 rs112563907 0.62447
11 65544366 rs138996559 0.46124
11 65544695 rs141424706 0.86706
11 65544706 rs77787987 0.36141999999999996
11 65544790 rs113195889 0.6057100000000001
11 65544798 rs77627301 0.67097
11 65544888 rs78903837 0.7033699999999999
11 65544946 rs544244726 0.14201
11 65545306 rs7107453 0.35988000000000003
11 65545377 rs200142638 0.9433799999999999
11 65545443 rs372341819 0.06514500000000001
11 65545471 rs78564889 0.60582
11 65545651 rs139309519 0.8235600000000001
11 65545821 rs201648975 0.45211999999999997
11 65545913 rs56798161 0.49237
11 65545972 rs115862115 0.62739
11 65546557 rs79181038 0.60037
11 65546763 rs201041158 0.0015025
11 65546857 rs610037 1.128e-13
11 65546944 rs75389431 0.62876
11 65547075 rs367659364 0.00086353
11 65547199 rs369823451 0.27984000000000003
11 65547333 rs12146493 4.245399999999999e-21
11 65547455 rs12362011 8.634e-05
11 65547613 rs371326946 0.046402
11 65547775 rs114368095 0.54532
11 65547889 rs67995174 0.072475
11 65548108 rs76925283 0.00069359
11 65548338 rs184516947 0.16609000000000002
11 65548432 rs550864645 0.73314
11 65549002 rs564012018 0.69429
11 65549279 rs4274199 0.67223
11 65549415 rs61895677 7.5625e-14
11 65549468 rs116095708 0.72304
11 65549506 rs61895678 9.5301e-05
11 65549570 rs11227299 1.698e-23
11 65549606 rs12801731 7.943e-14
11 65549608 rs762801985 0.7400800000000001
11 65549813 rs35696016 8.9821e-05
11 65550123 rs150336490 0.2599
11 65550132 rs546525166 0.242
11 65550370 rs79219387 0.60519
11 65550718 rs745926158 0.18674000000000002
11 65550898 rs601683 0.076532
11 65550910 rs601673 0.56017
11 65551001 rs34946581 8.893200000000001e-05
11 65551032 rs12283972 0.45138
11 65551104 rs600770 0.81314
11 65551226 rs57494852 0.50139
11 65551417 rs75402887 0.50598
11 65551648 rs11604462 3.2639000000000004e-23
11 65551707 rs75741540 0.7943
11 65551710 rs11604451 3.0651999999999995e-23
11 65551880 rs78439591 0.2436
11 65551894 rs139322863 0.77563
11 65551957 rs479844 6.0055999999999995e-28
11 65552118 rs948494 3.2518000000000003e-23
11 65552154 rs948493 3.4201999999999996e-23
11 65552429 rs753844602 0.82706
11 65552668 rs562815 0.68361
11 65552740 rs663797 0.00086647
11 65552741 rs139269210 0.2271
11 65552743 rs561924 0.07336799999999999
11 65552862 rs79013838 0.8012600000000001
11 65553013 rs499955 0.75389
11 65553306 rs36008241 0.087078
11 65553423 rs116626837 0.082851
11 65553492 rs12287832 7.6525e-15
11 65553864 rs116284154 0.21291999999999997
11 65553954 rs76840700 0.6067
11 65554080 rs11227301 8.6575e-05
11 65554313 rs530132264 0.82509
11 65554502 rs11227302 9.877e-15
11 65554597 rs118057726 0.7771100000000001
11 65555430 rs193230815 0.21479
11 65555458 rs4930319 3.0201e-23
11 65555524 rs10896045 9.183699999999999e-19
11 65555837 rs149756688 0.78955
11 65556080 rs567265955 0.24878000000000003
11 65556286 rs11603206 0.07727200000000001
11 65556721 rs603326 1.6089e-20
11 65556856 rs79650968 0.3837
11 65557028 rs79170017 0.6668
11 65557033 rs67901563 0.062614
11 65557332 rs113207303 0.47948
11 65557904 rs56164300 0.060844
11 65557981 rs76188718 0.62364
11 65558309 rs2277304 0.058433000000000006
11 65558431 rs150483562 0.71834
11 65558752 rs12801669 8.953e-05
11 65558997 rs3759034 8.1864e-05
11 65559266 rs10791824 3.3447e-30
11 65559289 rs145997944 0.35522
11 65559552 rs117467277 0.0039339
11 65560492 rs147148547 0.90954
11 65560567 rs115115139 0.943
11 65560620 rs642803 0.0013196
11 65560701 rs75587416 0.43678999999999996
11 65560785 rs3814707 9.652299999999999e-11
11 65560880 rs3897552 0.00060013
11 65561368 rs501337 0.066438
11 65561369 rs12797706 9.3506e-11
11 65561468 rs644740 0.0013183
11 65561524 rs61730141 0.1128
11 65561574 rs138566993 0.70827
11 65561732 rs12226258 0.9079999999999999
11 65561805 rs56019505 2.9623e-06
11 65562246 rs12294549 0.38627
11 65562257 rs2276133 1.3432999999999999e-11
11 65562294 rs548843913 0.8893399999999999
11 65562626 rs111316258 0.36106
11 65562819 rs116504217 0.5274800000000001
11 65562852 rs72922786 0.00019316
11 65562938 rs140298315 0.6048899999999999
11 65562966 rs529855862 0.43437
11 65563289 rs79060510 0.44127
11 65563902 rs551223135 0.2564
11 65564035 rs491666 0.005976100000000001
11 65564244 rs183632135 0.24093
11 65564390 rs61740441 0.20633
11 65564611 rs141420818 0.09751599999999999
11 65564715 rs575558679 0.70895
11 65564786 rs44205 0.91404
11 65564810 rs117639911 0.90245
11 65564926 rs11227303 2.2726e-14
11 65564987 rs12800057 4.5028e-07
11 65565694 rs116948503 2.3367e-05
11 65565823 rs534447305 0.10733
11 65566021 rs541559161 0.038618
11 65566476 rs662231 0.83006
11 65566719 rs557675 0.00031374
11 65566816 rs11826647 0.78396
11 65567041 rs144458122 6.5651e-06
11 65567395 rs72922791 0.00016518
11 65567451 rs12294096 0.42339
11 65567475 rs12294241 0.4269
11 65567628 rs12802560 0.005764899999999999
11 65568062 rs576596266 0.0033637
11 65568606 rs143862825 0.20485
11 65568819 rs561601405 0.6604
11 65569277 rs560676119 0.70875
11 65569349 rs79019847 0.91005
11 65569486 rs523521 0.0057258000000000005
11 65569548 rs553980 0.0059259
11 65569650 rs554863 0.005702399999999999
11 65569826 rs7115662 0.28197
11 65569930 rs34509162 0.0050631
11 65570405 rs7116758 2.1237e-07
11 65570517 rs7119612 7.1495e-05
11 65570754 rs72922800 0.0007684
11 65571321 rs571699 0.26894
11 65571413 rs74870935 0.90745
11 65571414 rs754141822 0.78152
11 65571524 rs575631 1.0057e-31
11 65571606 rs485036 1.0904e-32
11 65571855 rs674126 1.7140999999999998e-35
11 65572040 rs79488394 0.2685
11 65572216 rs142929351 0.81957
11 65572241 rs117706923 0.25647
11 65572397 rs190018177 0.65833
11 65572542 rs187071651 0.67788
11 65572742 rs77610472 0.8214299999999999
11 65572834 rs75235895 0.8185600000000001
11 65573587 rs566266 2.7764e-35
11 65573814 rs76048416 0.81919
11 65574041 rs115875620 0.10497999999999999
11 65574081 rs60678003 0.00016675
11 65574286 rs528052098 0.39497
11 65574439 rs146373971 0.43056000000000005
11 65574535 rs12575663 2.3149e-35
11 65574588 rs79389646 0.6481899999999999
11 65574846 rs76842710 0.81628
11 65575056 rs7123155 2.6454e-35
11 65575069 rs151023800 0.14820999999999998
11 65575263 rs148654891 2.1021e-19
11 65575550 rs61895682 0.080301
11 65575551 rs147909036 0.87754
11 65575773 rs186122731 0.78422
11 65575850 rs548709 0.20315
11 65576317 rs1204771 0.00016613
11 65576377 rs141675922 0.82029
11 65576470 rs35138525 3.022e-23
11 65576474 rs113668947 0.81965
11 65576578 rs10896049 0.00023415
11 65576585 rs10791825 0.00023461
11 65576741 rs570504986 0.94715
11 65576788 rs4930320 3.5161000000000004e-35
11 65576803 rs72924707 0.011818
11 65576928 rs182531096 0.065355
11 65576951 rs112617391 0.15347
11 65577138 rs4930321 7.2321e-07
11 65577427 rs10750772 2.0964000000000004e-35
11 65577462 rs117980218 1.2823e-11
11 65577466 rs192053961 5.425e-11
11 65577468 rs117901730 4.0835e-11
11 65577516 rs10896050 1.7555999999999998e-19
11 65577619 rs74956044 3.0203e-11
11 65577743 rs11227305 0.8430700000000001
11 65577804 rs138574915 0.22125
11 65577863 rs57532586 0.7276
11 65577953 rs184548889 0.1055
11 65577990 rs113664661 0.23919
11 65578029 rs4930322 0.0002002
11 65578204 rs77738625 0.023989
11 65578309 rs7120517 0.0026317
11 65578672 rs11227306 4.0482e-23
11 65578713 rs184341294 0.8347700000000001
11 65578759 rs10896051 2.4509e-35
11 65578946 rs567227566 0.11269000000000001
11 65579070 rs186144622 0.8358
11 65579533 rs117581002 0.097351
11 65579600 rs10896052 2.2218000000000002e-35
11 65579651 rs145499592 0.8513299999999999
11 65579670 rs10896053 0.00019532
11 65579762 rs12800497 3.8396e-23
11 65580082 rs76534893 0.57463
11 65580207 rs140307616 0.7509
11 65580228 rs7928652 3.8182e-23
11 65580249 rs114459780 0.92579
11 65580254 rs544853148 0.38164000000000003
11 65580638 rs12576996 5.495e-21
11 65580842 rs191162297 0.45813999999999994
11 65580862 rs138550527 0.87555
11 65581070 rs12283874 1.1356e-19
11 65581135 rs11227307 6.2376e-25
11 65581169 rs60553140 0.32744
11 65581579 rs1204772 0.00012713
11 65581638 rs7113768 0.00018433
11 65581752 rs7114237 0.00018314
11 65581772 rs7114014 5.928100000000001e-25
11 65582015 rs78028320 1.7690000000000002e-19
11 65582028 rs7114298 5.4621e-25
11 65582341 rs3892696 3.3732e-35
11 65582829 rs369821567 0.12672
11 65582876 rs373464822 0.63245
11 65582954 11:65582954_T_C 0.22266999999999998
11 65583066 rs3903072 3.6238e-35
11 65583340 rs875311 3.6500999999999996e-35
11 65583564 rs112618950 0.4749
11 65583594 rs61895685 0.0001963
11 65583611 rs117326600 0.6652399999999999
11 65584005 rs575399168 0.031137
11 65584322 rs73492467 0.65555
11 65584512 rs11227309 2.2578e-37
11 65584733 rs11227310 1.6688e-25
11 65585238 rs772803891 0.8280700000000001
11 65585257 rs11227311 2.8523e-37
11 65585352 rs10896054 0.6131800000000001
11 65585626 rs551828209 0.00016751
11 65585757 11:65585757_G_T 0.97919
11 65585990 rs72924721 0.00022286
11 65586040 rs6591191 0.00012983
11 65586282 rs75981411 0.8038
11 65586485 rs58836187 8.7165e-05
11 65586509 rs621348 9.8039e-05
11 65586677 rs532835170 0.70663
11 65586778 rs9971612 0.00012746
11 65587096 rs373763363 0.47401000000000004
11 65587098 rs10896055 0.00012743
11 65587270 rs58847610 0.6555300000000001
11 65587651 rs646675 9.7741e-05
11 65587755 rs4930162 0.00012838
11 65587810 rs34381009 3.3231999999999996e-05
11 65587850 rs4930325 0.00012833
11 65587905 rs10896056 2.1523000000000002e-25
11 65588531 rs75667673 0.11205999999999999
11 65588912 rs143445746 0.40571999999999997
11 65588938 rs11227313 1.4299e-25
11 65589015 rs139439005 0.8713700000000001
11 65589051 rs557796907 0.60827
11 65589174 rs11227314 2.0699e-25
11 65589624 rs75537707 0.16308
11 65589701 rs114004934 0.29029
11 65590017 rs58978352 0.71444
11 65590225 rs614330 0.6150800000000001
11 65590279 rs613953 0.61226
11 65590389 rs11227315 1.9496e-25
11 65590713 rs601887 9.7154e-05
11 65590741 rs521004 9.9555e-05
11 65590794 rs775155345 0.9439
11 65590853 rs74734760 0.8124899999999999
11 65591200 rs138528551 0.17052
11 65591348 rs4930163 3.5818e-05
11 65591368 rs73492475 0.37626
11 65591977 rs79783977 0.086374
11 65592135 rs73492478 0.0020339000000000004
11 65592245 rs56169730 0.00010359
11 65592935 rs11227318 1.4929999999999999e-37
11 65593153 rs189185766 0.73736
11 65593240 rs181208061 0.67916
11 65593756 rs61895733 5.0744e-07
11 65593861 rs7112754 0.00010443
11 65594293 rs11227319 0.53603
11 65594324 rs71455787 7.0282e-08
11 65594516 rs1151515 9.9091e-05
11 65594606 rs533131 0.28076999999999996
11 65594741 rs117624356 1.7537e-09
11 65594820 rs7102454 1.6467e-25
11 65595127 rs641323 0.62846
11 65595353 rs10791826 0.00013233
11 65595414 rs58921817 0.65388
11 65595492 rs115096268 0.6859
11 65595697 rs111953392 2.5698e-24
11 65595803 rs12420336 8.869e-05
11 65595832 rs143671198 0.10800000000000001
11 65596251 rs117347884 0.0039493
11 65596281 rs551986 0.14113
11 65596416 rs550976 0.00010691
11 65596502 rs112215883 0.8053100000000001
11 65596546 rs10791827 1.2498999999999998e-37
11 65596666 rs624067 0.6078399999999999
11 65596871 rs76592978 0.61295
11 65597012 rs562296756 0.5835199999999999
11 65597807 rs573880864 0.70287
11 65598024 rs71455788 0.0017737999999999999
11 65598232 rs59623458 0.65442
11 65598327 rs77836214 0.036911
11 65598441 rs490433 0.27746
11 65598878 rs192797499 0.80593
11 65599052 rs10791828 1.9804e-28
11 65599089 rs12419727 0.0018573
11 65599432 rs11227320 0.54645
11 65599656 rs77779142 3.7667e-24
11 65599676 rs75955411 0.72023
11 65600224 rs117256790 0.15143
11 65600792 rs74801402 0.76581
11 65600913 rs72924752 0.00014828
11 65601086 rs151320196 0.33152
11 65601106 rs140637025 0.38117
11 65601116 rs12804719 0.0017792
11 65601167 rs113038744 0.63195
11 65601466 rs59416249 4.8158e-06
11 65601560 rs17854357 4.187700000000001e-24
11 65602015 rs554822699 0.3826
11 65602264 rs182857910 0.029764999999999996
11 65602327 rs145578354 1.0463999999999999e-10
11 65602413 rs36124259 3.3305999999999996e-05
11 65602743 rs138265063 0.064675
11 65602889 rs78615606 0.73169
11 65603252 rs7107912 1.5123e-39
11 65603295 rs370024298 0.9193100000000001
11 65603297 rs61893861 0.14715999999999999
11 65603530 rs184601089 0.27623000000000003
11 65603970 rs112139708 0.01227
11 65604195 rs2376005 3.2721e-05
11 65604217 rs756885600 0.20434000000000002
11 65604422 rs183657198 0.42846999999999996
11 65604468 rs144070773 0.7411399999999999
11 65604538 rs78127370 0.63352
11 65604631 rs542829006 0.81186
11 65604799 rs77291001 0.08897100000000001
11 65604862 rs7938011 0.00073046
11 65605551 rs148269536 0.63481
11 65605609 rs115442504 0.92669
11 65606535 rs182260325 0.46833
11 65606599 rs12284753 0.060371
11 65607356 rs183699132 0.076507
11 65607395 rs142288669 4.1352000000000005e-08
11 65607483 rs149820605 0.6197
11 65607519 rs187828923 0.79364
11 65607558 rs34924158 0.0019972
11 65607570 rs12418103 9.1327e-06
11 65607731 rs368765640 0.43475
11 65608225 rs183621362 0.74395
11 65608226 rs530087366 0.74445
11 65608663 rs60917081 0.20814000000000002
11 65608889 rs145040386 0.38045
11 65608941 rs11227325 0.64249
11 65609161 rs146810094 0.31482
11 65609475 rs11227326 0.33316999999999997
11 65609801 rs117591916 0.03559
11 65610161 rs137875550 0.72421
11 65610190 rs143394573 0.41156000000000004
11 65610293 rs111327848 0.55101
11 65610898 rs148635416 2.899e-05
11 65610969 rs183401384 0.6066699999999999
11 65611251 rs77503508 0.024706
11 65611298 rs116102721 0.31005
11 65611556 rs112454285 0.22843000000000002
11 65611578 rs144471236 0.093159
11 65611606 rs76705201 0.78998
11 65611939 rs79302988 0.37648000000000004
11 65612207 rs143572704 0.37646
11 65612238 rs7123923 0.15795
11 65612347 rs185072566 0.22855999999999999
11 65612393 rs60576917 0.00027303
11 65612703 rs190362665 0.10107999999999999
11 65612764 rs151185979 0.37484
11 65613218 rs11227330 0.64683
11 65613348 rs12226602 0.78422
11 65613446 rs80043704 1.1473e-10
11 65613668 rs1647569 0.60911
11 65613816 rs186250565 0.64585
11 65613830 rs191957914 0.37531
11 65614310 rs143771186 0.9528700000000001
11 65614311 11:65614311_G_A 0.98956
11 65614704 rs1209552 6.9712e-08
11 65615248 rs145763504 0.3747
11 65615251 rs11227331 0.78065
11 65615356 rs553017499 2.6274e-05
11 65615462 rs61893863 0.29175999999999996
11 65615581 rs149260679 0.43562
11 65615724 rs144504032 0.17282
11 65615785 rs193065635 0.08874800000000001
11 65615934 rs148133049 0.82855
11 65616190 rs79212328 0.65112
11 65616194 rs78731838 0.7365
11 65616443 rs473661 0.34802
11 65616522 rs143952155 0.37145
11 65616607 rs150812976 0.36843000000000004
11 65616656 rs139260494 0.59627
11 65616810 rs78704777 0.6439600000000001
11 65616883 rs12293533 0.063051
11 65617324 rs654638 5.6021e-08
11 65617363 rs201332210 0.42365
11 65617878 rs201843475 0.54597
11 65618053 rs117613663 0.0023559
11 65618236 rs117016392 0.96634
11 65618702 rs73492497 0.72215
11 65618887 rs115949918 0.34571
11 65619009 rs118058551 0.53871
11 65619253 rs138986044 0.20947
11 65619434 rs148592031 0.78275
11 65619532 rs190921687 0.073782
11 65619654 rs368187872 0.76723
11 65619812 rs140768793 0.34775
11 65620169 rs372344292 0.42726000000000003
11 65620244 rs144634991 0.70027
11 65620313 rs684372 0.004280699999999999
11 65620837 rs79443754 0.031082
11 65621057 rs656040 2.068e-27
11 65621101 rs184391833 0.075067
11 65621403 rs111945560 0.7744300000000001
11 65621487 rs668356 1.6952e-27
11 65621642 rs138948257 0.16093
11 65621757 rs78295666 0.732
11 65621995 rs635375 1.716e-27
11 65622345 11:65622345_G_A 0.20933000000000002
11 65623008 rs112357246 0.22901999999999997
11 65623217 rs201465961 0.78873
11 65623240 rs142147292 0.22901999999999997
11 65623257 rs151197635 0.8649899999999999
11 65623347 rs652021 2.0245999999999995e-27
11 65623519 rs4621 2.0235000000000002e-27
11 65623739 rs11227332 1.1590999999999998e-26
11 65623741 rs377357130 0.57972
11 65624025 rs665306 5.2124e-27
11 65624266 rs79486948 0.0034696999999999996
11 65624352 rs143739345 0.023332
11 65624490 rs669300 0.54406
11 65624513 rs60857277 0.97611
11 65624562 rs667555 3.0399999999999996e-31
11 65624934 rs7125986 1.3429000000000001e-27
11 65624965 rs112906941 0.10067000000000001
11 65625135 rs142004150 0.7571100000000001
11 65625163 rs536134910 0.25891
11 65625191 rs7947929 1.4194999999999998e-27
11 65625237 rs7947741 1.6265000000000002e-27
11 65625248 rs532275504 0.34618000000000004
11 65625295 rs571912022 0.8695700000000001
11 65625464 rs117231452 0.027267000000000003
11 65625598 rs115074329 0.15273
11 65625721 rs563308961 0.43562
11 65625824 rs12223734 0.6432100000000001
11 65626285 rs78780936 0.0011808
11 65626457 rs508328 0.099865
11 65626539 rs508548 1.6429999999999997e-27
11 65626701 rs1939212 2.5565e-31
11 65626703 rs79983394 0.0037580999999999995
11 65627416 rs754792956 0.86234
11 65627626 rs631101 0.42513999999999996
11 65627865 rs147461140 0.49082
11 65627946 rs116208358 0.64302
11 65628007 rs61893865 0.29483000000000004
11 65628334 rs13817 4.6938999999999995e-28
11 65628641 rs188481619 0.22916
11 65628717 rs115853520 0.64767
11 65628736 rs80179338 0.23949
11 65628899 rs34381357 0.7521899999999999
11 65629036 rs373952217 0.076695
11 65629060 rs575085 0.0065836
11 65629273 rs187081808 0.22714
11 65629482 rs148465534 0.031332
11 65629932 rs659857 1.2874e-27
11 65629934 rs545500 1.2825e-27
11 65630168 rs4515971 0.0018506
11 65630436 rs78668370 0.65462
11 65630444 rs185200407 0.22916
11 65630698 rs538394 1.3491e-27
11 65631127 rs150334520 0.49201000000000006
11 65631167 rs648732 1.3244000000000001e-27
11 65631203 rs149199066 0.21418
11 65631361 rs34891773 0.32341
11 65631642 rs116908055 0.087504
11 65631879 rs630758 1.4175999999999998e-27
11 65631881 rs630755 1.4149000000000002e-27
11 65631973 rs630303 1.3111e-27
11 65632076 rs115472389 0.84101
11 65632262 rs558114 1.361e-27
11 65632507 rs61754785 0.066581
11 65632698 rs34962862 0.6441
11 65634586 rs149501798 0.4306
11 65634763 rs11820436 0.29994
11 65634870 rs537527660 0.54337
11 65635552 rs2234470 0.26152
11 65635559 rs594689 4.404799999999999e-40
11 65635719 rs118107504 0.0003282
11 65636053 rs601314 0.6116199999999999
11 65636301 rs79851705 0.8809600000000001
11 65636436 rs111540401 0.23786
11 65636509 rs659824 2.2492999999999996e-40
11 65636595 rs79186018 0.43528
11 65637076 rs570387 6.100899999999999e-39
11 65637273 rs501630 6.420999999999999e-35
11 65637773 rs147124207 0.68429
11 65637846 rs2234463 0.78789
11 65637919 rs72924781 0.9591200000000001
11 65637984 rs630394 6.0884e-11
11 65638133 rs111550973 0.7975
11 65638140 rs181514768 0.43537
11 65638286 rs186044528 0.12792
11 65638584 rs138715022 0.0979
11 65638718 rs2234462 0.035618000000000004
11 65638719 rs633800 3.1394e-41
11 65638844 rs2234461 0.66614
11 65638865 rs2234460 0.71537
11 65638972 rs149869007 0.14956
11 65639320 rs2234459 0.07968
11 65639374 rs2234458 2.4705999999999998e-26
11 65639463 rs2234457 0.6645
11 65640562 rs2303385 2.0188000000000002e-26
11 65640817 rs574820863 0.5976100000000001
11 65640906 rs7940691 3.2883999999999995e-26
11 65641033 rs10896064 1.4109000000000001e-43
11 65641169 rs558167 0.14927
11 65641496 rs112971520 0.00010854
11 65641518 rs7122843 0.91456
11 65641931 rs625652 2.5409e-26
11 65642094 rs116997238 0.11760999999999999
11 65642931 rs150181376 0.66419
11 65643113 rs114735548 0.8494700000000001
11 65643596 rs191467873 0.89551
11 65643846 rs516889 0.19421
11 65644027 rs583887 5.7995e-19
11 65644144 rs77334201 0.91171
11 65644354 rs190954006 0.055577
11 65644363 rs679147 1.2667e-27
11 65644910 rs76043753 0.9112299999999999
11 65645354 rs596002 1.6381e-18
11 65645519 rs141788175 0.66497
11 65645580 rs1204650 5.1568999999999995e-19
11 65645589 rs372047993 0.82558
11 65645831 rs1151519 1.5880999999999999e-18
11 65646211 rs538510134 0.12299000000000002
11 65646212 rs7110625 0.68553
11 65646216 rs7110405 0.71124
11 65646240 rs113697045 0.07236000000000001
11 65646247 rs180886350 0.0071018999999999995
11 65646301 rs574405173 0.038876999999999995
11 65646557 rs601863 1.4747999999999998e-18
11 65646589 rs148796882 0.23981999999999998
11 65647105 rs12225345 2.7452e-23
11 65647110 rs112825852 0.047189999999999996
11 65647260 rs658524 1.4834e-18
11 65647288 rs41302417 0.37401
11 65647480 rs79235845 0.042258
11 65647517 11:65647517_T_A 0.9816299999999999
11 65647885 rs145650095 0.004275899999999999
11 65647920 rs565940693 0.82678
11 65647980 rs645043 0.15794
11 65648135 rs645900 1.4382e-18
11 65648198 rs115375470 0.69596
11 65648327 rs74572640 3.7935e-05
11 65648779 rs113802104 0.9209200000000001
11 65648835 rs201586595 0.12696
11 65649002 rs7122964 0.9533200000000001
11 65649203 rs190293474 0.012205
11 65649273 rs72924792 0.87666
11 65649398 rs60266590 0.45991000000000004
11 65649455 rs191724943 0.18999000000000002
11 65649484 rs12418781 1.3765e-05
11 65649676 rs114953123 0.98301
11 65649774 rs604630 0.1922
11 65649841 rs35994027 0.62459
11 65649984 rs687672 4.5123e-19
11 65650177 rs34035680 0.13544
11 65650283 rs606830 0.77772
11 65650515 rs35461885 2.7307999999999998e-06
11 65650519 rs35925512 0.69626
11 65650883 rs35841983 0.37039
11 65651464 rs36080962 0.29085
11 65651662 rs36090851 0.077055
11 65651830 rs658938 4.5566e-19
11 65652177 rs34484428 0.37151999999999996
11 65652536 rs2231891 0.10642
11 65652584 rs35265924 0.16629000000000002
11 65653002 rs34330224 0.044674
11 65653147 rs111732020 0.24318
11 65653242 rs568617 4.4631999999999995e-19
11 65653309 rs694994 4.6998e-19
11 65653377 rs143968056 0.85713
11 65653447 rs36048695 0.09790499999999999
11 65653564 rs180950896 0.15992
11 65653582 rs528961675 0.97414
11 65654478 rs7946742 0.8478700000000001
11 65654618 rs111791333 0.24291999999999997
11 65654665 rs677931 4.6101e-19
11 65654678 rs35496887 0.09862699999999999
11 65654783 rs693824 4.6881e-19
11 65655393 rs641018 5.800600000000001e-19
11 65655470 rs11559153 2.9924e-05
11 65655539 rs34255955 0.050917000000000004
11 65655566 rs145310878 0.37987
11 65656036 rs34359217 0.09336699999999999
11 65656282 rs656980 8.862e-19
11 65656564 rs2231884 6.7674e-24
11 65656956 rs35957860 0.34176
11 65656997 rs150091990 0.036452
11 65657093 rs55715348 0.0053535
11 65657284 rs112021491 0.24138
11 65657913 rs2276318 0.25921
11 65657976 rs112280459 0.23940999999999998
11 65658004 rs146161054 0.098628
11 65658157 rs1048924 0.10092000000000001
11 65658721 rs199500126 0.09649400000000001
11 65658722 rs75556285 0.023436000000000002
11 65659093 rs61893894 0.34171999999999997
11 65659199 rs76584642 2.4906e-09
