CHR BP SNP P
4 2589642 rs571475539 0.45766999999999997
4 2589791 rs375428387 0.5606
4 2589834 rs565679587 0.022835
4 2590260 rs547855690 0.8841200000000001
4 2590324 rs147211603 0.85725
4 2590548 rs73207333 0.031973
4 2591629 rs536907725 0.48395
4 2591793 rs538132733 0.74158
4 2592051 rs182471847 0.043453
4 2592112 rs34322484 0.8482
4 2592274 rs540973747 0.85345
4 2592586 rs150512781 0.89243
4 2592626 rs376640137 0.8286600000000001
4 2592635 rs139796821 0.055875
4 2592655 rs544074447 0.3491
4 2592907 rs73207335 0.029805
4 2593014 rs115158010 0.098156
4 2593267 rs146873028 0.4938
4 2593417 rs539794044 0.84544
4 2593575 rs115519396 0.008637100000000002
4 2593858 rs750019096 0.017536000000000003
4 2594168 rs114517654 0.026882999999999997
4 2594278 rs115084173 0.41494
4 2594308 rs149167269 0.009142
4 2594929 rs75483514 0.0981
4 2594978 rs35840880 0.0008737
4 2595468 rs34572468 0.00023951
4 2595577 rs116155856 0.098173
4 2595901 rs138921243 0.6731600000000001
4 2596045 rs115030146 0.008906
4 2596293 rs138014459 0.6555
4 2596618 rs143939440 0.055786
4 2596659 rs141519309 0.05632
4 2596688 rs35905582 0.8536100000000001
4 2597077 rs77594697 0.056848
4 2597377 rs61790220 2.4633000000000003e-11
4 2597481 rs34887362 0.31704
4 2597987 rs75151623 0.63235
4 2598006 rs565661033 0.8769100000000001
4 2598223 rs114437493 0.01495
4 2598346 rs75615579 0.0090593
4 2598446 rs116046664 0.83578
4 2598799 rs35792778 0.00016293
4 2598893 rs181012035 0.32814
4 2599198 rs79166615 0.024358
4 2599296 rs76473886 0.027037000000000002
4 2599378 rs77237641 0.023657
4 2599559 rs71608210 0.36178
4 2599582 rs190461121 0.76971
4 2599723 rs71608211 0.30162
4 2600002 rs78168512 0.026323000000000003
4 2600060 rs191930926 0.050783
4 2600110 rs115025003 0.008951
4 2600411 rs116738689 0.86679
4 2600449 rs539627627 0.91269
4 2600469 rs149646024 0.45498999999999995
4 2600673 rs148780038 0.047188
4 2600868 rs74662349 0.62962
4 2601067 rs73078394 0.0052776
4 2601457 rs73791839 0.73827
4 2601503 rs139983538 0.60053
4 2602213 rs535018025 0.38426
4 2602239 rs111484594 0.0091532
4 2602299 rs79166932 0.50888
4 2602472 rs79688252 0.49454
4 2602537 rs149965574 0.87125
4 2603105 rs181709297 0.097974
4 2603118 rs145079765 0.026742000000000002
4 2603159 rs186886790 0.44485
4 2603261 rs34020437 0.84365
4 2603382 rs116531539 0.32222
4 2603442 rs181291441 0.49395
4 2603653 rs138637474 0.9989100000000001
4 2603692 rs61790221 1.9737e-11
4 2603779 rs145317003 0.097434
4 2603845 rs147988909 0.0099806
4 2604796 rs190804795 0.49635
4 2604990 rs36116957 0.3183
4 2605308 rs750758152 0.067389
4 2605317 rs183078390 0.24859
4 2605331 rs187673798 0.88705
4 2605421 rs143269882 0.7726
4 2605538 rs115419854 0.83641
4 2605550 rs73207337 0.00022689
4 2605701 rs183727627 0.70177
4 2605715 rs189586639 0.21068
4 2605816 rs147267746 0.95749
4 2605953 rs192518765 0.7091
4 2606161 rs142270597 0.09684
4 2606235 rs151235366 0.77215
4 2606318 rs181346331 0.36765
4 2606775 rs36034895 0.7996300000000001
4 2606885 rs74992793 0.049569999999999996
4 2606981 rs77652334 0.14981
4 2607151 rs115856123 0.0092399
4 2607214 rs116149639 0.009444
4 2607382 rs137978100 0.18185
4 2607427 rs114740490 0.0086297
4 2607588 rs149045439 0.82373
4 2608018 rs567013552 0.14642
4 2608025 rs114254839 0.026462
4 2608066 rs78562048 0.7380800000000001
4 2608069 rs80280170 0.44406999999999996
4 2608141 rs73791840 0.7358600000000001
4 2608319 rs61790222 0.49549
4 2608343 rs143334243 0.46905
4 2608472 rs75892710 0.029325999999999998
4 2608883 rs76691985 0.48158
4 2609066 rs71608215 0.8416600000000001
4 2609068 rs77780973 0.50143
4 2609111 rs115860848 0.7741399999999999
4 2609544 rs80346443 0.17769000000000001
4 2609769 rs114711177 0.026802
4 2609929 rs115671180 0.018538
4 2610096 rs150652841 0.024085
4 2610265 rs545264865 0.60943
4 2610393 rs116146656 0.0086221
4 2610408 rs116445228 0.49827
4 2610432 rs529154112 0.86454
4 2610585 rs73791841 0.7386
4 2610631 rs139776762 0.026208999999999996
4 2610740 rs185072676 0.49838000000000005
4 2610807 rs116619936 0.008876299999999998
4 2610834 4:2610834_C_A 0.047036
4 2610866 rs34421311 0.084138
4 2610882 4:2610882_G_T 0.27355999999999997
4 2611056 rs149787350 0.49813999999999997
4 2611423 rs139484725 0.81294
4 2611988 rs71608217 0.070265
4 2612022 rs182093457 0.67264
4 2612058 rs73791842 0.80095
4 2612121 rs146751694 0.86979
4 2612379 rs74754950 0.81707
4 2612456 rs114604139 0.45176000000000005
4 2612513 4:2612513_G_A 0.2792
4 2612983 rs112849561 0.0089539
4 2613059 rs144096073 0.026232
4 2613103 rs140782804 0.5431
4 2613109 rs111622870 0.34815
4 2613147 rs191687191 0.51586
4 2613497 rs114169889 0.01025
4 2613643 rs552227532 0.50042
4 2613657 rs531328584 0.27975
4 2613709 rs13144951 0.0014085
4 2613998 rs138537202 0.028947000000000004
4 2614230 rs113153524 0.0086732
4 2614259 rs74348218 0.42535
4 2614371 rs75043189 0.029851
4 2614474 rs76676044 0.029502999999999998
4 2614587 rs114824932 0.79945
4 2614685 rs77719514 0.50041
4 2614904 rs141479422 0.008788500000000001
4 2615027 rs115232027 0.55575
4 2615627 rs28843679 0.79378
4 2615744 rs139552028 0.7247399999999999
4 2615802 rs142754646 0.41273000000000004
4 2615892 rs139414793 0.19992000000000001
4 2615944 rs56803054 2.5947000000000002e-11
4 2616202 rs6830472 0.0015826
4 2616369 rs79926902 0.026668
4 2616587 rs73207340 0.066966
4 2616634 rs572134781 0.1285
4 2616727 rs7657265 0.00022691
4 2616801 rs78505576 0.0085825
4 2617290 rs183071552 0.5170399999999999
4 2617478 rs142130538 0.046113999999999995
4 2617490 rs151166152 0.93173
4 2617503 rs141172660 0.8903399999999999
4 2617661 rs146931246 0.7658
4 2617729 rs115998902 0.022475
4 2617730 rs556655492 0.80165
4 2618003 rs74449772 0.020163999999999998
4 2618245 rs147551250 0.6412
4 2618345 rs368675250 0.78414
4 2618667 rs184809027 0.02915
4 2618774 rs111576208 2.0797e-11
4 2619086 rs189997966 0.029466000000000003
4 2619214 rs190669981 0.053859000000000004
4 2619271 rs150263556 0.029466000000000003
4 2619308 rs77907392 0.43745
4 2619341 rs78674510 0.02915
4 2619365 rs114028720 0.0088795
4 2619374 rs79950193 0.31740999999999997
4 2619415 rs543407241 0.15687
4 2619709 rs35679952 3.633e-11
4 2620178 rs28827257 0.015233000000000002
4 2620210 rs146063493 0.029118
4 2620738 rs61790227 0.49261000000000005
4 2620749 rs139589387 0.6533100000000001
4 2620752 rs149717654 0.25515
4 2620957 rs78626554 0.029149
4 2621177 rs139567314 0.097571
4 2621234 rs28882834 0.30818
4 2621253 rs115930985 0.028966000000000002
4 2621315 rs114559499 0.009433
4 2621476 rs145093209 0.4425
4 2621757 rs115133614 0.028116000000000002
4 2621965 rs2857800 0.0031439
4 2622150 rs116415438 0.77961
4 2622174 rs149027140 0.4533
4 2622472 rs114277970 0.0092348
4 2622739 rs77845536 0.029332999999999998
4 2622745 rs35705592 0.0017744
4 2622845 rs150457084 0.89117
4 2623359 rs2857799 0.72288
4 2623898 rs76836944 0.73785
4 2624046 rs76640766 0.77996
4 2624121 rs189785756 0.83624
4 2624278 rs546859325 0.9433
4 2624480 rs113839292 0.011515000000000001
4 2624611 rs115371388 0.5183
4 2624791 rs144189723 0.8643700000000001
4 2625340 rs191480811 0.77958
4 2625354 rs2857798 0.00021429
4 2625542 rs79222891 0.029757
4 2625625 rs3762834 0.0003913
4 2625740 rs34463001 0.73431
4 2625888 rs115746676 0.009435299999999999
4 2625979 rs186628683 0.0060314999999999995
4 2626108 rs111967629 0.7384
4 2626239 rs61790229 0.38837
4 2626569 rs3864117 7.7019e-12
4 2626572 rs2857797 0.77382
4 2626595 rs114889060 0.19319
4 2627161 rs115663967 0.009788600000000001
4 2627163 rs114042485 0.8784200000000001
4 2627199 rs115161487 0.009541599999999999
4 2627367 rs2857796 0.17790999999999998
4 2627598 rs141339565 0.50895
4 2627697 rs115870179 0.009551700000000002
4 2627698 rs2285082 8.2728e-12
4 2627799 rs73791843 0.73722
4 2627845 rs76475419 0.053676999999999996
4 2627950 rs71608219 0.23503000000000002
4 2628369 rs115796188 0.009364200000000001
4 2628574 rs76618888 0.78015
4 2628665 rs374414542 0.37729
4 2628854 rs73207343 2.9573e-11
4 2628920 rs77789764 0.69198
4 2628966 rs138122283 0.010315000000000001
4 2629163 rs149329397 0.87254
4 2629354 rs114937278 0.057635000000000006
4 2629613 rs113497392 0.73459
4 2629690 rs138143561 0.055679
4 2629712 rs553429248 0.5029899999999999
4 2629771 rs186916889 0.50317
4 2629911 rs36062177 0.88089
4 2630105 rs34964397 0.7278600000000001
4 2630216 rs80108140 0.0587
4 2630286 rs28439885 0.7329100000000001
4 2630465 rs17164054 0.05720599999999999
4 2630474 rs16843174 0.73492
4 2630481 rs146427519 0.59197
4 2630510 rs770736835 0.38802
4 2630614 rs187240076 0.50388
4 2630699 rs191701787 0.097376
4 2630703 rs139842873 0.056712
4 2630724 rs56052869 0.75948
4 2630963 rs35980308 0.30230999999999997
4 2631009 rs17824073 0.00021294
4 2631270 rs762454031 0.25349
4 2631360 rs555062413 0.31143000000000004
4 2631429 rs17824109 0.68429
4 2631631 rs151003066 0.57538
4 2631674 rs35546272 0.29973
4 2631895 rs2213316 0.00021082
4 2632193 rs143883966 0.37061
4 2632218 rs17164055 0.061647
4 2632298 rs760863027 0.44159
4 2632301 rs112740614 0.90438
4 2632430 rs115197152 0.78186
4 2632618 rs112748325 0.8762700000000001
4 2633007 rs568706269 0.9654200000000001
4 2633110 rs73207345 0.059576
4 2633581 rs16843176 0.67689
4 2633644 rs114303258 0.49695
4 2633795 rs114742291 0.058561
4 2634535 rs79507481 0.056982000000000005
4 2634546 rs573224626 0.18136
4 2634609 rs17164056 0.28668000000000005
4 2634847 rs559072067 0.67515
4 2634865 rs139105624 0.097825
4 2635069 rs149922324 0.056801
4 2635189 rs142225096 0.50136
4 2635396 rs555246671 0.6702100000000001
4 2635518 rs35910936 0.28160999999999997
4 2635561 rs181129687 0.29363
4 2635630 rs34509041 0.28048
4 2635638 rs74656080 0.057103999999999995
4 2635706 rs76593502 0.7934899999999999
4 2635864 rs148317328 0.74654
4 2635890 rs141475997 0.92995
4 2635981 rs114608394 0.27486
4 2636028 rs35691548 0.292
4 2636042 rs35067072 0.25686
4 2636113 rs150444562 0.16084
4 2636678 rs114806559 0.0090655
4 2636804 rs74398668 0.64278
4 2636806 rs77641593 0.81076
4 2636881 rs17824295 0.59513
4 2637362 rs141503111 0.079662
4 2637551 rs115691521 0.057409
4 2637560 rs34626871 2.4065000000000003e-11
4 2637980 rs544905781 0.10422000000000001
4 2638070 rs2340508 0.56328
4 2638147 rs142565327 0.31156999999999996
4 2638212 rs192490181 0.16035
4 2638379 rs73791844 0.24735
4 2638681 rs75144206 0.085552
4 2638825 rs141460218 0.17271
4 2638865 rs149762294 0.78961
4 2638986 rs181355061 0.47763999999999995
4 2639106 rs11490068 4.0847e-11
4 2639131 rs370577343 0.9481799999999999
4 2639217 rs17164058 0.81905
4 2639244 rs148942165 0.18167
4 2639246 rs73080303 0.0042315
4 2639440 rs1573655 0.00052806
4 2639523 rs545466637 0.19539
4 2640012 rs549468778 0.9050299999999999
4 2640054 rs150706811 0.49953000000000003
4 2640147 rs17164059 0.058319
4 2640462 rs530599528 0.076085
4 2640500 rs34693236 0.0016399000000000001
4 2641132 rs78171149 0.7077600000000001
4 2641236 rs144379993 0.4979
4 2641419 rs200082218 0.49868
4 2641606 rs115371264 0.056551
4 2641973 rs76611319 0.052087
4 2642003 rs16843178 0.057359
4 2642299 rs79781166 0.20895999999999998
4 2642428 rs116773740 0.29076
4 2642480 rs182451859 0.49783
4 2642791 rs73207348 1.0301e-11
4 2642835 rs138965665 0.055878
4 2643250 rs190041794 0.05626799999999999
4 2643677 rs114706005 0.39209
4 2643793 rs141617501 0.05045
4 2643844 rs145789923 0.0034773000000000004
4 2643900 rs34681607 0.64757
4 2643904 rs181913483 0.056242999999999994
4 2643917 rs187609086 0.38742
4 2644031 rs147391854 0.39209
4 2644065 rs376456389 0.56487
4 2644311 rs2298959 9.596399999999999e-09
4 2644445 rs17164015 0.056152999999999995
4 2644499 rs2298960 4.5553999999999996e-11
4 2644716 rs17773385 0.00028791
4 2644751 rs543048736 0.54578
4 2644961 rs2298961 2.5519e-11
4 2645013 rs78333111 0.01052
4 2645046 rs182180002 0.40896
4 2645122 rs2298962 0.0021456
4 2645446 rs16843181 0.055138
4 2645478 rs80261595 0.055390999999999996
4 2645482 rs34745121 0.6537
4 2645572 rs182510315 0.5108600000000001
4 2645632 rs146550168 0.86393
4 2645954 rs79019937 0.055719000000000005
4 2646217 rs17164062 0.18405
4 2646443 rs17164064 0.17598
4 2646454 rs146829516 0.7771899999999999
4 2646600 rs34986912 0.47073000000000004
4 2646925 rs75889295 0.065148
4 2647131 rs16843182 0.057964
4 2647151 rs145724317 0.4854
4 2647275 rs114945476 0.70606
4 2647372 rs35159251 0.17063
4 2647456 rs146954010 0.73635
4 2647464 rs180941647 0.87846
4 2647638 rs148016072 0.9191799999999999
4 2647808 rs17773510 0.16069
4 2648036 rs758291240 0.057344000000000006
4 2648109 rs113890641 0.013628999999999999
4 2648220 rs35834347 0.67713
4 2648248 rs34206504 0.24385
4 2648263 rs74617971 0.023024
4 2648430 rs150567078 0.58189
4 2648675 rs17164066 0.05758099999999999
4 2648818 rs146287135 0.84375
4 2648880 rs115681200 0.055711000000000004
4 2648939 rs181332043 0.662
4 2649013 rs140020083 0.9354600000000001
4 2649040 rs112906441 0.01347
4 2649062 rs2285081 0.0015367
4 2649069 rs536827626 0.66254
4 2649090 rs190166457 0.8620700000000001
4 2649117 rs548605824 0.51954
4 2649148 rs564840627 0.23101
4 2649201 rs111854306 0.8588100000000001
4 2649284 rs569974491 0.76756
4 2649398 rs142904613 0.32091
4 2649421 rs34096174 0.6713600000000001
4 2649458 rs151092100 0.011286
4 2649736 rs192292916 0.86935
4 2649778 rs115868363 0.011031000000000001
4 2649877 rs146903079 0.51571
4 2649979 rs747581817 0.36832
4 2650561 rs112787822 0.48506000000000005
4 2650606 rs61790230 0.22480999999999998
4 2650665 rs112332828 0.027451
4 2650948 rs115038282 0.058198
4 2651291 rs116676066 0.7567
4 2651449 rs149062210 0.86355
4 2651474 rs17164068 0.058486
4 2651646 rs116547423 0.010874
4 2651727 rs148245992 0.87413
4 2651743 rs751103718 0.41333000000000003
4 2651845 rs79816745 0.76961
4 2651871 rs141791715 0.48733000000000004
4 2652053 rs141926929 0.27260999999999996
4 2652086 rs186049065 0.49373
4 2652155 rs73207350 0.00016587
4 2652167 rs112947251 0.64466
4 2652214 rs75464366 0.39442
4 2652492 rs3755887 0.0030372
4 2652513 rs111896207 0.8506299999999999
4 2652563 rs111732006 0.042045
4 2652568 rs34084581 0.80361
4 2652588 rs182752872 0.44371000000000005
4 2652794 rs777385296 0.16174000000000002
4 2652887 rs187215712 0.92115
4 2653093 rs116769060 0.9817
4 2653132 rs192931392 0.44568
4 2653263 rs150932686 0.50015
4 2653399 rs574832249 0.15600999999999998
4 2653732 rs150112176 0.7712
4 2653760 rs115679432 0.0091268
4 2653847 rs2237002 0.0015368
4 2654069 rs16843184 0.060711
4 2654618 rs79533657 0.010365000000000001
4 2654635 rs17164070 0.0085609
4 2654756 rs74812685 0.18875
4 2654915 rs17824835 0.18079
4 2655094 rs115229101 0.0085061
4 2655262 rs150636147 0.59022
4 2655451 rs749822449 0.9907600000000001
4 2655500 rs140843046 0.8735799999999999
4 2655789 rs73791846 0.75316
4 2655885 rs563470644 0.5815100000000001
4 2656254 rs17164071 0.76184
4 2656316 rs79413820 0.74847
4 2656507 rs150061482 0.084364
4 2657188 rs34560825 0.74922
4 2657420 rs149029454 0.71131
4 2657459 rs142076526 0.7087100000000001
4 2657574 rs140296897 0.097801
4 2657638 rs75491027 0.7499899999999999
4 2657720 rs77760003 0.75039
4 2657759 rs145409203 0.49715
4 2657811 rs73080307 0.008683100000000001
4 2658109 rs77341558 0.73953
4 2658122 rs141059023 0.9948600000000001
4 2658327 rs2282766 6.6911e-12
4 2658470 rs114813479 0.9152399999999999
4 2658723 rs186599799 0.63302
4 2658755 rs2282767 6.5683e-12
4 2658762 rs149556116 0.0089177
4 2658822 rs139102073 0.9939899999999999
4 2658857 rs748458050 0.7685
4 2658860 rs143117262 0.66777
4 2659251 rs760517975 0.84167
4 2659543 rs34435530 0.49162
4 2659903 rs34218188 0.44364
4 2660182 rs114746080 0.013655
4 2660325 rs17164076 0.19130999999999998
4 2660326 rs770068186 0.92656
4 2660467 rs61790232 0.24799000000000002
4 2660481 rs113685699 0.54232
4 2660538 rs150687210 0.070073
4 2660604 rs556474207 0.20435
4 2660612 rs576406897 0.19502
4 2660634 rs140009622 0.009614900000000001
4 2660664 4:2660664_G_A 0.80433
4 2660773 rs34967715 0.12070999999999998
4 2660776 rs576834335 0.7223
4 2660786 rs71608221 0.46588999999999997
4 2661009 rs146668192 0.8317700000000001
4 2661197 rs181949598 0.083798
4 2661239 rs144039863 0.49267
4 2661342 rs17164077 0.18306
4 2661437 rs17164078 0.05994
4 2661676 rs147503078 0.34697
4 2661707 rs61731403 0.4283
4 2661939 rs76312567 0.90889
4 2662157 rs77985765 0.5556
4 2663188 rs139033545 0.19813
4 2663217 rs113075136 0.7408399999999999
4 2663663 rs3775070 4.1836e-12
4 2663680 rs191746823 0.70539
4 2663692 rs565125056 0.59136
4 2663751 rs112553629 0.7170000000000001
4 2663779 rs34034747 0.50345
4 2664186 rs115236147 0.011134
4 2664215 rs528300495 0.76315
4 2664250 rs144005982 0.44216000000000005
4 2664527 rs145961653 0.44105
4 2664974 rs34782960 0.01072
4 2665210 rs76673060 0.55078
4 2665416 rs145293617 0.054608000000000004
4 2665650 rs147650613 0.57017
4 2665852 rs76416531 0.76299
4 2666001 rs113392515 0.49632
4 2666120 rs2879791 0.81402
4 2666276 rs74347226 0.0016007
4 2666355 rs140995196 0.0081455
4 2666358 rs534452188 0.22333000000000003
4 2666380 rs66554160 0.0010096
4 2666474 rs574422019 0.9665799999999999
4 2666522 rs182199439 0.49601999999999996
4 2666783 rs146388608 0.039421
4 2667076 rs545037434 0.67091
4 2667212 rs560673784 0.095006
4 2667250 rs747030585 0.9318700000000001
4 2667466 rs145943871 0.49182
4 2667492 rs111670654 0.49625
4 2667572 rs1290932 0.001529
4 2667614 rs150756809 0.49587
4 2667878 rs79072606 0.0082644
4 2668084 rs2137837 0.010223999999999999
4 2668217 rs1290933 0.00038961
4 2668230 rs111560319 0.0078081
4 2668402 rs532950463 0.25861999999999996
4 2668820 rs564122573 0.33685
4 2669054 rs35424748 3.4538000000000007e-11
4 2669409 rs73791847 0.7213
4 2669438 rs767771550 0.40525
4 2669523 rs143284568 0.8608899999999999
4 2669659 rs116830608 0.91246
4 2670005 rs186088561 0.12969
4 2670130 rs188695031 0.28711
4 2670139 rs35524862 0.45068
4 2670161 rs2298963 0.0013615
4 2670164 rs148333740 0.8635799999999999
4 2670186 rs34503595 0.45097
4 2670306 rs35747436 0.45357
4 2670459 rs78628576 0.7297600000000001
4 2670722 rs549105004 0.070259
4 2670732 rs114036423 0.70518
4 2670884 rs28473706 0.10382000000000001
4 2670941 rs538483244 0.54438
4 2671015 rs2858095 0.0015651
4 2671106 rs73207352 7.6651e-12
4 2671122 rs150705505 0.91994
4 2671261 rs149254779 0.10304
4 2671315 rs748791881 0.45171000000000006
4 2671347 rs182481048 0.56958
4 2671715 rs1299493 0.009517200000000002
4 2671760 rs144485462 0.23438
4 2672403 rs113226803 0.010147
4 2672649 rs17164080 0.6974600000000001
4 2672811 rs78373278 0.038564999999999995
4 2672985 rs73791848 0.7521800000000001
4 2673418 rs140560541 0.8803799999999999
4 2673471 rs61791163 0.2599
4 2673729 rs149778748 0.48346999999999996
4 2673892 rs17164082 0.82486
4 2673912 rs145745319 0.70705
4 2673963 rs146511820 0.40012
4 2674271 rs17825119 1.1966e-09
4 2674294 rs145751971 0.34029
4 2674334 rs146606944 0.057757
4 2674361 rs115500796 0.007978399999999998
4 2674428 4:2674428_C_T 0.27436
4 2674540 rs571762738 0.6561600000000001
4 2674911 rs143387358 0.28068000000000004
4 2675013 rs76314880 0.019028
4 2675191 rs79539627 0.67492
4 2675365 rs17164085 0.9007200000000001
4 2675429 rs147178541 0.8803799999999999
4 2675537 rs74615230 0.056137
4 2675765 rs75583070 0.052506
4 2675801 rs75977227 0.5106
4 2675893 rs17164088 4.3229e-11
4 2676016 rs17164090 4.9167000000000003e-11
4 2676237 rs549922651 0.7915
4 2676343 rs74409712 0.21431999999999998
4 2676595 rs181053491 0.41194
4 2676857 rs79466074 0.0038383000000000002
4 2676890 rs35804335 0.36709
4 2676972 rs181744339 0.52713
4 2677148 rs34270938 0.37106999999999996
4 2677366 rs150251586 0.65059
4 2677578 rs78918892 0.098715
4 2677801 rs77510506 0.053265
4 2677941 rs113417703 0.40507
4 2678004 rs71608223 0.46636000000000005
4 2678208 rs231698 0.0015283
4 2678287 rs75080258 0.49656000000000006
4 2678408 rs138751672 0.10031
4 2678576 rs187811954 0.50568
4 2678578 rs141241225 0.80735
4 2678585 rs193188302 0.0095123
4 2678625 rs138064355 0.012562
4 2678645 rs112292078 0.72001
4 2678785 rs78683570 0.8072699999999999
4 2678801 rs61791164 0.45482
4 2678822 rs76605253 0.053429
4 2679236 rs139502025 0.098989
4 2679392 rs140085748 0.6270100000000001
4 2679402 rs35689959 0.31151
4 2679425 rs552541218 0.59919
4 2679470 rs564218959 0.0076868
4 2679521 rs76267462 0.053762
4 2679569 rs78138036 0.8214100000000001
4 2679664 rs77497899 0.053381
4 2679825 rs71608224 0.55828
4 2679869 rs114960639 0.030801
4 2679990 rs140576649 0.14447000000000002
4 2680070 rs147753993 0.98824
4 2680192 rs145790109 0.008728200000000002
4 2680270 rs189960868 0.48466000000000004
4 2680415 rs138702388 0.50888
4 2680449 rs148852284 0.33906
4 2680515 rs7681728 3.2523999999999997e-11
4 2680518 rs79705497 0.7642399999999999
4 2680803 rs188050698 0.43506000000000006
4 2680940 rs116755409 0.015358000000000002
4 2681034 rs59543318 0.61733
4 2681084 rs58230072 0.05296699999999999
4 2681789 rs60747167 0.08907999999999999
4 2682045 rs191452274 0.81293
4 2682174 rs142732445 0.18494000000000002
4 2682178 rs181954611 0.48553
4 2682250 rs114422876 0.48539
4 2682260 rs116395799 0.9853700000000001
4 2682264 rs75978872 0.48836
4 2682278 rs73207355 0.19025999999999998
4 2682362 rs146063092 0.5606800000000001
4 2682375 rs115696501 0.80918
4 2682514 rs57644716 0.05488200000000001
4 2682585 rs192327032 0.86093
4 2682663 rs10937922 2.2883999999999998e-11
4 2682743 rs231700 0.0088183
4 2682816 4:2682816_A_G 0.97754
4 2683002 rs115747257 0.0078296
4 2683055 rs11732673 0.4473
4 2683079 rs75417364 0.6864600000000001
4 2683233 rs231701 0.00033137
4 2683277 rs148555741 0.29739
4 2683336 rs116466071 0.95865
4 2683400 rs13139534 0.27698
4 2683436 rs147738006 0.5979
4 2683580 rs77167939 0.44283999999999996
4 2683619 rs189044462 0.11885
4 2683716 rs575894638 0.49391999999999997
4 2683774 rs59080809 0.055685000000000005
4 2683873 rs144157168 0.029131
4 2683911 rs147771840 0.05581900000000001
4 2684064 rs137998623 0.10702
4 2684077 rs149078986 0.31977
4 2684110 rs77844767 0.76649
4 2684433 rs141856060 0.95993
4 2684582 rs6836434 0.09122999999999999
4 2684972 rs77228605 0.056834
4 2685022 rs150845032 0.65674
4 2685057 rs181113193 0.30018
4 2685085 rs13119919 0.46403999999999995
4 2685520 rs78370945 0.48876000000000003
4 2685751 rs112975957 0.50836
4 2685889 rs144920529 0.76946
4 2686102 rs548438508 0.050222
4 2686191 rs231702 0.017166999999999998
4 2686335 rs231703 0.00026225
4 2686344 rs116535588 0.30351
4 2686428 rs142523426 0.9486600000000001
4 2686848 rs146725146 0.43718999999999997
4 2687004 rs75012485 0.007215699999999999
4 2687024 rs116100149 0.65598
4 2687091 rs170784 0.0010157999999999999
4 2687331 rs573453546 0.49577
4 2687444 rs114811331 0.66959
4 2687472 rs78486415 0.49088000000000004
4 2687484 rs115664217 0.010171
4 2687493 rs115990459 0.96352
4 2687521 rs231704 0.0014614
4 2687670 rs138102110 0.49132
4 2688062 rs143914148 0.7916
4 2688403 rs115698854 0.024256
4 2688407 rs11736152 0.41526
4 2688490 rs10937923 0.43958
4 2688706 rs150897730 0.95788
4 2688719 rs12509340 0.05487
4 2689006 rs7340952 0.71154
4 2689061 rs7340951 0.43846999999999997
4 2689297 rs143260541 0.78361
4 2689449 rs1828803 1.7423e-12
4 2689454 rs16843203 0.63365
4 2689456 rs567051028 0.32001
4 2689743 rs6605352 0.061961
4 2689822 rs114973837 0.8572299999999999
4 2689861 rs143562308 0.072439
4 2690153 rs769622204 0.8383799999999999
4 2690163 rs231705 0.0013141
4 2691065 rs554455934 0.49688000000000004
4 2691551 rs188142882 0.8608
4 2691716 rs538382309 0.7107600000000001
4 2692215 rs115876069 0.0071423
4 2692479 rs146516940 0.09815800000000001
4 2692704 rs79752154 0.008255799999999999
4 2692724 rs114063677 0.51725
4 2692729 rs17629977 0.48883000000000004
4 2692831 rs55835310 0.73535
4 2692993 rs112094240 0.063997
4 2693025 rs531352802 0.8410700000000001
4 2693054 rs6605351 0.044295
4 2693078 rs115115407 0.42281
4 2693237 rs60004707 0.056509000000000004
4 2693284 rs77734969 0.43418999999999996
4 2693738 rs142007299 0.5947899999999999
4 2693775 4:2693775_G_A 0.087212
4 2693896 rs28483 0.001505
4 2693979 rs231706 0.17324
4 2694081 rs11945928 0.77376
4 2694193 rs116108300 0.8487100000000001
4 2694199 rs756135335 0.93005
4 2694201 rs75248207 0.11289
4 2694305 rs78415510 0.085616
4 2694385 rs231707 0.0022170000000000002
4 2694416 rs79480957 0.78782
4 2694483 rs16843208 0.010555
4 2694773 rs231708 0.00029639
4 2694997 rs746942404 0.26361999999999997
4 2695117 rs231709 0.0017194000000000003
4 2695225 rs116675392 0.34468000000000004
4 2695585 rs139214890 0.32758000000000004
4 2695700 rs16843212 0.06489600000000001
4 2695728 rs149920264 0.10536
4 2695761 rs186776119 0.5969800000000001
4 2696120 rs115144921 0.003732
4 2696154 rs2006168 0.33104
4 2696168 rs149097242 0.0085291
4 2696194 rs142214405 0.51436
4 2696245 rs179695 0.0014335
4 2696333 rs10019119 0.36657
4 2696444 rs549062463 0.20313
4 2696487 rs115820200 0.06524500000000001
4 2696501 rs113389201 0.79352
4 2696510 rs231710 0.0020991
4 2696701 rs149980051 0.29686999999999997
4 2696715 rs146560056 0.63471
4 2697089 rs2239726 3.4524e-10
4 2697266 rs10022186 0.41888000000000003
4 2697300 rs4690085 1.2039000000000002e-09
4 2697569 rs231711 0.010095
4 2697741 rs546216915 0.13981
4 2697794 rs55859546 0.32766999999999996
4 2698230 rs16843217 0.72116
4 2698364 rs3733215 2.9508e-10
4 2698422 rs231712 0.008594899999999999
4 2698431 rs114238019 0.5896899999999999
4 2698524 rs4690086 2.6225000000000002e-11
4 2698640 rs9684079 0.6432100000000001
4 2698865 rs4690088 2.8457999999999996e-10
4 2699031 rs147841623 0.87755
4 2699041 rs4690089 2.7969e-10
4 2699396 rs148940316 0.61197
4 2699606 rs533150411 0.60515
4 2699607 rs2298964 1.9808000000000003e-10
4 2699655 rs2298965 1.6156e-10
4 2699682 rs16843228 0.05887100000000001
4 2699805 rs191442236 0.80565
4 2699972 rs231713 0.0013589000000000001
4 2700073 rs80241754 0.83354
4 2700137 rs71608225 0.48608999999999997
4 2700844 rs231694 0.0023843000000000002
4 2701099 rs231695 9.3385e-05
4 2701170 rs567903445 0.85713
4 2701320 rs17774505 0.4951
4 2701540 rs10010434 0.5601
4 2701672 rs115821661 0.43675
4 2701724 rs137878199 0.20486999999999997
4 2701816 rs79969925 0.43675
4 2702034 rs139214563 0.5888100000000001
4 2702066 rs78288161 0.88974
4 2702115 rs17681870 0.59355
4 2702193 rs113844274 0.51842
4 2702398 rs114517635 0.96715
4 2702513 rs543692112 0.80287
4 2702804 rs9683585 2.2466999999999999e-10
4 2702807 rs12503424 3.905e-12
4 2702871 rs193189342 0.7834300000000001
4 2702873 rs182857144 0.35907
4 2703050 rs111234007 0.43136
4 2703081 rs12499320 4.1806000000000007e-11
4 2703094 rs572369265 0.7784399999999999
4 2703101 rs231697 0.00018952
4 2703186 rs115336152 0.022437000000000002
4 2703272 rs371560677 0.014461000000000002
4 2703289 rs577326595 0.53413
4 2703329 rs11933556 0.71531
4 2703862 rs55671848 0.7229
4 2703995 rs75973497 0.5484
4 2704046 rs10937931 0.72216
4 2704426 rs79709021 0.81093
4 2704456 rs374617560 0.6157
4 2704621 rs55641756 2.0523e-10
4 2704628 rs55688738 2.2032e-10
4 2704909 rs79730507 0.046448
4 2704910 rs55993221 1.3578999999999998e-10
4 2705042 rs188681024 0.064927
4 2705371 rs115235580 0.06854600000000001
4 2705425 rs563786503 0.77191
4 2705429 rs191150060 0.89679
4 2705442 rs375218192 0.81274
4 2705449 rs13137721 0.62121
4 2705638 rs13138097 0.60793
4 2705644 rs73189408 1.71e-10
4 2705919 rs541827578 0.6077199999999999
4 2705941 rs140685576 0.7225600000000001
4 2706029 rs529380029 0.48807
4 2706040 rs182429253 0.30677
4 2706103 rs55712042 2.6845000000000004e-09
4 2706301 rs11723413 0.72715
4 2706614 rs114433415 0.5251
4 2706699 rs71608226 0.45958000000000004
4 2706739 rs7677399 3.1787e-10
4 2706926 rs149270663 0.42488000000000004
4 2706949 rs73080320 0.8500700000000001
4 2707032 rs4690015 0.0046003
4 2707132 rs4690016 2.9795e-10
4 2707218 rs181538807 0.47385
4 2707325 rs55679022 3.1061000000000003e-10
4 2707424 rs147389197 0.19562000000000002
4 2707588 rs35030132 4.107399999999999e-09
4 2707889 rs13122980 0.55876
4 2707898 rs115990220 0.45447
4 2708000 rs139651261 0.12361
4 2708068 rs147212115 0.058870000000000006
4 2708544 rs16843240 0.0016455999999999999
4 2708681 rs28586572 0.37694
4 2708814 rs1913448 7.0475e-10
4 2708822 rs76353035 0.4397
4 2709369 rs554174162 0.92481
4 2709535 rs116406617 0.96035
4 2709563 rs61791165 0.23669
4 2709606 rs146826510 0.78422
4 2709860 rs144422719 0.81125
4 2709883 rs182856204 0.52064
4 2709940 rs9683962 0.74074
4 2709969 rs112277114 0.60101
4 2710019 rs114573345 0.10852
4 2710104 rs187454064 0.64451
4 2710147 rs76040495 0.74428
4 2710252 rs73189410 5.564e-10
4 2710306 rs148191142 0.30278
4 2710625 rs113653987 0.9215899999999999
4 2710644 rs232708 0.00032105
4 2710851 rs143594383 0.11455
4 2710962 rs12509102 4.3213000000000004e-10
4 2711162 rs57978437 2.9794e-10
4 2711163 rs762718788 0.90633
4 2711177 rs138617981 0.8107800000000001
4 2711229 rs149322507 0.40206
4 2711329 rs9761503 0.0011263
4 2711519 rs17825741 0.7411300000000001
4 2711556 4:2711556_C_A 0.85654
4 2711940 rs528745690 0.80275
4 2711952 rs184578 0.0015353
4 2712075 rs73189411 3.6373000000000005e-10
4 2712122 rs11726971 2.6613000000000003e-09
4 2712348 rs74608961 0.9736299999999999
4 2712403 rs12506536 4.5239999999999996e-10
4 2712413 rs186537829 0.71772
4 2712688 rs191448856 0.81106
4 2712735 rs151089296 0.62821
4 2712746 rs186431778 0.72317
4 2712795 rs189994562 0.44375
4 2712989 rs182276363 0.47636000000000006
4 2713004 rs529432 0.001574
4 2713007 rs115551078 0.8032199999999999
4 2713515 rs34658712 0.00029497
4 2713576 rs745727980 0.8563299999999999
4 2713603 rs188244329 0.8463
4 2714023 rs12502642 5.6877e-10
4 2714134 rs77255212 0.47389
4 2714169 rs684553 0.00031927
4 2714232 rs116006541 0.06790399999999999
4 2714322 rs13152126 0.30404000000000003
4 2714325 rs770129011 0.80391
4 2714370 rs773722421 0.78778
4 2714425 rs78702895 0.9962
4 2714482 rs12503560 5.0367e-10
4 2714921 rs146935691 0.50805
4 2715025 rs137972608 0.89331
4 2715138 rs13122925 0.53933
4 2715218 rs555423108 0.018036
4 2715373 rs187024093 0.90627
4 2715374 rs190108302 0.9421
4 2715418 rs142065025 0.42726000000000003
4 2715758 rs12499258 1.0415000000000001e-10
4 2715854 rs748835112 0.45361
4 2715903 rs79716113 0.8125600000000001
4 2716066 rs148243466 0.66087
4 2716087 rs76633590 0.10983
4 2716147 rs2282768 3.3147000000000005e-10
4 2716285 rs141278369 0.80475
4 2716704 rs16843264 0.10475
4 2716848 rs115112040 0.34943
4 2716930 rs570063528 0.83854
4 2717290 rs16843266 0.067384
4 2717311 rs183626823 0.24444000000000002
4 2717316 rs542115349 0.68455
4 2717327 rs2237003 0.0014147
4 2717408 rs17697511 0.46705
4 2717468 rs191480386 0.13771
4 2717515 rs16843272 5.255e-11
4 2717638 rs557824698 0.67999
4 2717690 rs2295499 4.6878e-10
4 2717840 rs80247234 0.73027
4 2718163 rs16843279 0.07544400000000001
4 2718448 rs111929483 0.9404299999999999
4 2718602 rs114287284 0.10679000000000001
4 2718714 rs57282339 0.40596
4 2718795 rs534579407 0.81343
4 2718863 rs144303930 0.18742
4 2718898 rs148765322 0.25931
4 2718967 rs151317652 0.40681
4 2719012 rs140202404 0.8966799999999999
4 2719058 rs111559317 6.939899999999999e-11
4 2719538 rs11936155 0.00013428
4 2720077 rs642626 0.0013095000000000001
4 2720191 rs75539632 0.10446
4 2720223 rs141998070 0.8136399999999999
4 2720435 rs114894702 0.11197
4 2720790 rs115466838 0.10178
4 2721080 rs13125136 0.42711000000000005
4 2721132 rs16843281 1.185e-09
4 2721199 rs59425183 1.3898e-10
4 2721239 rs60108859 1.5569000000000003e-09
4 2721342 rs553815699 0.16972
4 2721368 rs182427702 0.49044
4 2721445 rs112736408 0.54396
4 2721670 rs56186950 0.72243
4 2721682 rs58338325 0.7209899999999999
4 2721759 rs142661776 0.31466
4 2721811 rs556203 0.00030481
4 2722181 rs565266028 0.90453
4 2722754 rs74651143 0.6075
4 2722793 rs4690028 4.8144e-11
4 2722815 rs4690029 2.1612e-10
4 2722822 rs4690030 0.45421999999999996
4 2723192 rs11730858 0.7319
4 2723249 rs232711 0.0015658
4 2723266 rs232710 0.0082786
4 2723438 rs115803410 0.38795999999999997
4 2723531 rs4690032 2.1777e-09
4 2723869 rs11725776 0.72863
4 2723964 rs75807625 0.11464
4 2724304 rs181066832 0.49044
4 2724489 rs9291155 0.9638899999999999
4 2725073 rs188172622 0.55375
4 2725588 rs79582601 0.72573
4 2725598 rs114320834 0.33947
4 2725831 rs144861508 0.61121
4 2725890 rs114878179 0.38732
4 2725914 rs114217661 0.73356
4 2725960 rs114873893 0.48899
4 2726196 rs138772110 0.8256700000000001
4 2726396 rs76075679 0.0061343000000000005
4 2726545 rs76889177 0.8151
4 2726589 rs116374492 0.011076
4 2726943 rs115698684 0.9799700000000001
4 2727024 rs187826053 0.66257
4 2727239 rs112556070 0.0063926
4 2727310 rs115612596 0.9444299999999999
4 2727311 rs141465841 0.057288
4 2727394 rs189573282 0.81507
4 2727487 rs552242690 0.31814000000000003
4 2727663 rs140063917 0.014159999999999999
4 2728030 rs71608231 0.46658
4 2728092 rs16843291 5.0222e-12
4 2728186 rs116618009 0.012439
4 2728208 rs186429873 0.1091
4 2728324 rs149655529 0.80604
4 2728501 rs181564016 0.16562000000000002
4 2728596 rs144443049 0.11292999999999999
4 2728804 rs13113593 0.6068600000000001
4 2729048 rs191258378 0.7313
4 2729158 rs9762293 6.261e-12
4 2729655 rs146744848 0.23615999999999998
4 2729680 rs188069084 0.27615
4 2729683 rs113549452 0.0042049
4 2729736 rs192348442 0.46128
4 2729772 rs150389209 0.0042772
4 2729863 rs138711930 0.19462000000000002
4 2729958 rs529539719 0.8504299999999999
4 2730314 rs148937535 0.81516
4 2730410 rs115881273 0.96677
4 2730487 rs183457531 0.86424
4 2730531 rs558277006 0.25761999999999996
4 2730589 rs147055844 0.8153
4 2730614 rs76132906 0.0035881
4 2730700 rs75836234 0.0035494999999999997
4 2730710 rs34108851 2.3043000000000004e-09
4 2730851 rs138408487 0.16554000000000002
4 2731109 rs12509910 7.9129e-11
4 2731120 rs377409890 0.7277
4 2731255 rs59264899 0.058074
4 2731602 rs144001000 0.92033
4 2732009 rs80178032 0.39616
4 2732073 rs73189417 0.10680999999999999
4 2732157 rs139872410 0.81685
4 2732330 rs28752023 0.41413999999999995
4 2732403 rs189361633 0.8157300000000001
4 2732538 rs181782620 0.67402
4 2732557 rs186867364 0.9010600000000001
4 2732559 rs2090082 5.9041e-11
4 2732690 rs232725 0.00019263
4 2732699 rs140430378 0.008108
4 2733120 rs112673023 0.026124
4 2733167 rs138354955 0.41298
4 2733447 rs28567971 0.41513
4 2733759 rs144825076 0.8235299999999999
4 2733811 rs573246853 0.31014
4 2733948 rs11543194 0.075653
4 2734132 rs10311 0.51695
4 2734175 rs8426 0.62353
4 2734188 rs142311748 0.5758300000000001
4 2734332 rs71608232 0.48741999999999996
4 2734380 rs568080623 0.76356
4 2734425 rs61791168 0.5715899999999999
4 2734492 rs12512746 5.461399999999999e-10
4 2734626 rs232722 2.7521999999999997e-09
4 2734747 rs373459383 0.55204
4 2734859 rs12511418 1.5863e-09
4 2735088 rs574315194 0.8704
4 2735233 rs549697830 0.09171699999999999
4 2735252 rs111521540 0.33034
4 2735442 rs147666352 0.8529
4 2735632 rs557734717 0.48972
4 2735649 rs71608233 0.15991
4 2735737 rs181127534 0.14038
4 2735765 rs142365284 0.90781
4 2735783 rs116663401 0.041565
4 2736158 rs79970526 0.48372
4 2736425 rs11723992 0.67411
4 2736567 rs4690052 1.2664999999999999e-11
4 2736579 rs4690053 1.0096e-11
4 2736699 rs545159958 0.26747
4 2736803 rs75493420 0.65628
4 2736834 rs533526624 0.8592799999999999
4 2736850 rs13118890 8.7791e-11
4 2736916 rs56052346 6.2341999999999995e-06
4 2737140 rs232721 0.00027741
4 2737301 rs232720 0.00027493
4 2737416 rs9683573 0.012725
4 2737538 rs56026329 8.1205e-10
4 2737770 rs232719 0.007500499999999999
4 2738032 rs190192235 0.63556
4 2738050 rs232718 0.0016004
4 2738090 rs232717 0.00031209
4 2738408 rs773706789 0.9301299999999999
4 2738720 rs114174116 0.31723
4 2738880 rs232716 0.0091251
4 2738887 rs184331539 0.0017982
4 2738963 4:2738963_G_A 0.70581
4 2739051 rs144480171 0.6563899999999999
4 2739258 rs181528346 0.75985
4 2739455 rs73189421 0.11107
4 2739991 rs114620559 0.45008000000000004
4 2740461 rs116561699 0.47935
4 2740615 rs61791170 0.5137
4 2740680 rs182880921 0.47323000000000004
4 2740688 rs10428283 0.47831
4 2740743 rs115094525 0.14204
4 2740778 rs148956447 0.47712
4 2740856 rs535342596 0.38195999999999997
4 2740895 rs11937966 0.6545
4 2741272 rs4039740 1.5041e-08
4 2741294 rs232715 0.0056003
4 2741377 rs141131360 0.35570999999999997
4 2741570 rs150299101 0.9519
4 2741595 rs112249743 0.006848100000000001
4 2741609 rs137958201 0.42100000000000004
4 2741611 rs149482784 0.38548000000000004
4 2741679 rs232714 0.009315700000000001
4 2741689 rs232713 0.000151
4 2741710 rs58104258 0.8955299999999999
4 2741715 rs139777733 0.38863000000000003
4 2741823 rs142249325 0.59319
4 2741871 rs186431397 0.9682799999999999
4 2741912 rs114693861 0.37588
4 2742156 rs150006259 0.41061000000000003
4 2742497 rs4690054 4.6292e-09
4 2742569 rs146865287 0.99364
4 2742813 rs143843101 0.09972400000000001
4 2742863 rs35327519 0.49832
4 2743015 rs9291158 0.0052388999999999995
4 2743060 rs13146313 0.85819
4 2743177 rs116368226 0.43812
4 2743191 rs115686401 0.5805600000000001
4 2743433 rs7461 0.3117
4 2743678 rs10587 0.67177
4 2743908 rs183471727 0.38111
4 2743937 rs375400848 0.6352300000000001
4 2743970 rs16843312 0.34538
4 2743983 rs16843316 0.65212
4 2743999 rs232712 0.0075155000000000005
4 2744044 rs116678295 0.10514000000000001
4 2744087 rs2269495 4.0784e-09
4 2744227 rs112058145 0.8295299999999999
4 2744289 rs3208469 0.34325
4 2744380 rs74794660 0.8675
4 2744404 rs16843109 0.30330999999999997
4 2744480 rs9683949 1.5225e-08
4 2744519 rs57232780 0.62332
4 2744521 rs17831665 0.0029688
4 2744613 rs149534570 0.23678000000000002
4 2744739 rs144183396 0.35477
4 2744937 rs3733226 0.767
4 2744973 rs16843328 0.5962
4 2745032 rs762066317 0.58317
4 2745098 rs79282776 0.32141
4 2745214 rs143750972 0.90707
4 2745508 rs3733223 1.9875e-07
4 2745734 rs3733222 3.5696e-09
4 2746092 rs16843335 0.07393200000000001
4 2746098 rs74605152 0.43622
4 2746099 rs145779631 0.55779
4 2746146 rs143796684 0.2671
4 2746285 rs13145281 6.425e-08
4 2746307 rs11728346 0.0057807
4 2746400 rs111472973 0.51483
4 2746491 rs148030802 0.013321000000000001
4 2746567 rs116412781 0.33543
4 2746583 rs116129895 0.0098975
4 2746753 rs141750537 0.55806
4 2746898 rs762856 1.3209999999999999e-08
4 2747008 rs75040025 0.72556
4 2747061 rs113135482 0.40324
4 2747079 rs559488831 0.51474
4 2747153 rs79257123 0.016544
4 2747194 rs61734614 0.31783
4 2747469 rs115808738 0.017337
4 2747475 rs2341303 6.9567e-07
4 2747524 rs77122417 0.034837
4 2747707 rs11729691 0.63258
4 2747825 rs10937910 0.036832
4 2747862 rs10937911 7.1856e-07
4 2748646 rs746133056 0.9303299999999999
4 2748663 rs4690055 1.8323e-07
4 2748697 rs142931871 0.79313
4 2748799 rs115578443 0.57767
4 2748934 rs114251657 0.5622199999999999
4 2748953 rs191183378 0.12219000000000001
4 2749069 rs2295498 0.006505800000000001
4 2749075 rs73189423 0.1934
4 2749272 rs116772409 0.37734
4 2749343 rs16843344 0.6059100000000001
4 2749759 rs16843349 0.59837
4 2749838 rs17412860 7.430800000000001e-07
4 2750118 rs57796386 2.7888e-08
4 2750119 rs13138665 0.62983
4 2750231 rs564576918 0.72856
4 2750311 rs149075967 0.81814
4 2750321 rs111739746 2.6814e-08
4 2750455 rs115613720 0.52803
4 2750643 rs181167376 0.8260200000000001
4 2750764 rs150843587 0.7149399999999999
4 2750810 rs7690432 0.0017036999999999998
4 2750826 rs115149998 0.8849600000000001
4 2750908 rs6600768 0.005077399999999999
4 2751046 rs6600767 0.0030915
4 2751239 rs541695511 0.43836
4 2751267 rs73791856 0.599
4 2751346 rs56128852 2.5116e-08
4 2751552 rs10937912 5.8418e-07
4 2751772 rs231178 0.0013573
4 2751773 rs139311794 0.22559
4 2751793 rs149602733 0.10793
4 2751805 rs6851171 3.1608999999999995e-08
4 2751823 rs34388908 0.5945199999999999
4 2752216 rs113317374 0.40631
4 2752253 rs144914395 0.0778
4 2752411 rs528029769 0.014974000000000001
4 2752508 rs79356553 0.42016000000000003
4 2752548 rs231177 0.012586
4 2752744 rs115565578 0.34494
4 2753254 rs150946251 0.15942
4 2753698 rs190183823 0.6046100000000001
4 2753868 rs77516273 0.9903
4 2753953 rs75692427 0.48721000000000003
4 2753987 rs186941081 0.76165
4 2754806 rs231175 0.0031282
4 2755008 rs138147287 0.7013
4 2755339 rs13121085 0.63202
4 2755347 rs80132469 0.54368
4 2755447 rs13111143 0.62862
4 2755495 rs188781162 0.57106
4 2756166 rs150650525 0.030405
4 2756260 rs541641789 0.8168300000000001
4 2756264 rs181547663 0.40951
4 2756412 rs188674836 0.42077
4 2756422 rs180881919 0.25626
4 2756434 rs10011484 0.56886
4 2756447 rs58852067 0.64357
4 2756608 rs13129007 0.6463899999999999
4 2756912 rs56215402 4.8614e-11
4 2756972 rs182268205 0.61368
4 2757162 rs7659351 0.070449
4 2757775 rs201975749 0.90774
4 2757800 rs74548850 0.51537
4 2757915 rs200885945 0.9875700000000001
4 2758009 rs779245238 0.19901
4 2758330 rs115812530 0.43563999999999997
4 2758598 rs575297917 0.37314
4 2759259 4:2759259_T_C 0.72964
4 2759270 rs770669742 0.012179
4 2759355 rs77982793 0.7498199999999999
4 2759441 rs192239458 0.79
4 2759459 rs73791858 0.76869
4 2759583 rs769616198 0.34600000000000003
4 2759826 rs142105331 0.13676
4 2759933 rs184186456 0.10747999999999999
4 2759944 rs140325971 0.49533999999999995
4 2760030 rs4690059 2.3211e-11
4 2760222 rs4690060 6.6077e-09
4 2760330 rs71608235 0.47048
4 2760407 rs116832986 0.5463
4 2760423 rs545007185 0.36241
4 2760454 rs35339646 0.50403
4 2760516 rs146502462 0.748
4 2760597 rs150178038 0.23389000000000001
4 2760719 rs116617153 0.6411899999999999
4 2760732 rs10937914 1.9388e-08
4 2761063 rs149146397 0.8826700000000001
4 2761233 rs114548034 0.43701
4 2762189 rs766413992 0.067531
4 2762440 rs7660684 0.006558800000000001
4 2762479 rs115115113 0.41639
4 2762552 rs114064605 0.47922
4 2762637 rs114666792 0.79981
4 2762679 rs1268385 0.014837999999999999
4 2762765 rs10030656 0.72787
4 2762831 rs114176526 0.14828
4 2763066 rs1616575 0.00030389
4 2763071 rs1784166 0.020276
4 2763111 rs555551998 0.51549
4 2763168 rs186293288 0.504
4 2763270 rs191193846 0.42943000000000003
4 2763426 rs139450706 0.92037
4 2763427 rs112509309 0.63266
4 2763488 rs116247600 0.95294
4 2763544 rs146202524 0.9528399999999999
4 2763607 rs542834737 0.92437
4 2763642 rs73791860 0.7118800000000001
4 2763718 rs115932973 0.52144
4 2763780 rs142209652 0.64298
4 2763823 rs1263494 0.0005605
4 2763892 rs34656064 0.47075
4 2763903 rs1263493 0.02154
4 2763938 rs1784163 0.00062155
4 2763942 rs1784162 6.2223e-05
4 2763967 rs778111585 0.41456000000000004
4 2764047 rs771275390 0.9107
4 2764055 rs28545080 0.48965
4 2764088 rs1263492 0.00057866
4 2764090 rs551589322 0.88989
4 2764167 rs374163580 0.81694
4 2764210 rs147890224 0.94962
4 2764388 rs185015299 0.011940000000000001
4 2764405 4:2764405_C_T 0.67748
4 2764406 rs149621639 0.14628
4 2764507 rs11737132 0.32398000000000005
4 2764512 rs1268853 0.046716
4 2764620 rs192807132 0.99713
4 2764726 rs139136761 0.93811
4 2764773 4:2764773_G_A 0.98788
4 2764888 rs114414567 0.73232
4 2764963 4:2764963_G_C 0.038572
4 2765017 rs186756408 0.054873000000000005
4 2765197 rs113917855 0.042426
4 2765242 rs139555719 0.77918
4 2765364 rs28367027 0.5789
4 2765560 rs1877722 0.45433
4 2765584 rs6840303 0.39688
4 2765615 4:2765615_G_T 0.77341
4 2765675 rs231185 0.00046956
4 2765703 rs929002 0.044027
4 2765956 rs145320323 0.15329
4 2766089 rs2137836 1.2944e-07
4 2766141 rs113285022 0.43972
4 2766181 rs2137835 2.3641e-06
4 2766221 rs28533440 0.55252
4 2766242 rs183490049 0.8398
4 2766281 rs2137834 5.3493e-08
4 2766373 rs11734510 0.35691999999999996
4 2766410 rs231183 0.00063335
4 2766579 rs183412100 0.51298
4 2766670 rs79754580 0.020372
4 2766814 rs147699015 0.33354
4 2766879 rs141025051 0.061915
4 2767155 rs6832191 0.058490999999999994
4 2767205 rs780101022 0.9786299999999999
4 2767286 rs541396893 0.86685
4 2767288 rs551058641 0.63239
4 2767303 rs13139329 0.44777
4 2767306 rs142376629 0.72835
4 2767308 rs558927355 0.057905
4 2767337 rs7693512 0.16841
4 2767366 rs148641227 0.59595
4 2767418 rs1980111 0.00015391
4 2767428 rs9993489 0.00013078
4 2767619 rs231181 0.20672
4 2768123 rs139839578 0.055929
4 2768297 rs149165642 0.020513999999999998
4 2768630 rs6600766 0.0096661
4 2768941 rs78565414 0.80583
4 2769269 rs1877721 0.016668000000000002
4 2769274 rs74521833 0.68886
4 2769502 rs193036588 0.64093
4 2769531 rs115876933 0.023578
4 2769571 rs6422312 0.009717700000000001
4 2769594 rs231179 0.022257
4 2769670 rs118002404 0.65717
4 2769707 rs6848990 0.008627
4 2769721 rs149269570 0.87155
4 2769851 rs57989672 0.63855
4 2770081 rs73080336 0.8165100000000001
4 2770183 rs2040395 0.0052555
4 2770186 rs71608236 0.68387
4 2770202 rs9991665 0.13489
4 2770258 rs557524291 0.18118
4 2770436 rs76227615 0.57998
4 2770572 rs55858954 0.24991999999999998
4 2770599 rs144514391 0.7367199999999999
4 2770698 rs182878199 0.7157399999999999
4 2770742 rs185487243 0.7064
4 2770761 rs148028884 0.62864
4 2770771 rs550105530 4.2038999999999995e-05
4 2770772 rs12504990 0.0064107
4 2770972 rs112413101 0.058691999999999994
4 2771002 rs555029739 0.42086999999999997
4 2771008 rs12502570 0.0083693
4 2771588 rs192654415 0.64909
4 2772119 rs76835120 0.038293
4 2772245 rs11940198 0.83415
4 2772324 rs528103859 0.22775
4 2772522 rs140644896 0.53542
4 2772530 rs7695151 0.007949600000000001
4 2772613 rs192327686 0.27795
4 2772749 rs73791861 0.037687
4 2772756 rs73791862 0.037855
4 2772829 rs188709062 0.007680500000000001
4 2772977 rs758725898 0.8978299999999999
4 2773210 rs577016446 0.65605
4 2773360 rs143416233 0.73766
4 2773467 rs116559977 0.0011064
4 2773765 rs16843381 0.031902999999999994
4 2773852 rs114735877 0.062414
4 2773951 rs148190105 0.79105
4 2773997 rs140123590 0.64267
4 2774072 rs59819051 0.87066
4 2774130 rs77112042 0.046818
4 2774289 rs115255938 0.22046999999999997
4 2774857 rs148709593 0.42868999999999996
4 2774951 rs73791863 0.24224
4 2775138 rs551895883 0.89086
4 2775243 rs34749598 0.9289200000000001
4 2775371 rs59979544 0.048315
4 2775391 rs375005024 0.10063
4 2775398 rs190931377 0.36282
4 2775411 rs71608237 0.48688000000000003
4 2775522 rs115895880 0.56689
4 2775582 rs80163333 0.06819
4 2775653 rs192374501 0.5380699999999999
4 2775779 rs10937915 0.8816700000000001
4 2775786 rs144341429 0.6642899999999999
4 2775874 rs13108696 0.49988
4 2775890 rs760870668 0.45098999999999995
4 2775928 rs13108895 0.90359
4 2775985 rs13108936 0.50721
4 2775988 rs13108937 0.5230899999999999
4 2776006 rs566070578 0.519
4 2776014 rs188251986 0.030389
4 2776036 rs192334486 0.12875999999999999
4 2776053 rs183489466 0.33018000000000003
4 2776269 rs35389119 0.86164
4 2776284 rs147576536 0.40124
4 2776661 rs114517786 0.27278
4 2776711 rs181818915 0.49178
4 2776851 rs191228358 0.36828
4 2776859 rs67596023 0.81488
4 2776893 rs71608238 0.8643799999999999
4 2777017 rs2032457 0.80447
4 2777046 rs75686018 0.10084
4 2777213 rs141269698 0.53284
4 2777406 rs2880008 0.0042701
4 2777673 rs112985607 0.08178200000000001
4 2777687 rs187832158 4.4689e-05
4 2777690 4:2777690_T_C 0.9154700000000001
4 2778024 rs28696111 0.19403
4 2778040 rs73080343 0.77253
4 2778128 rs114667723 0.78305
4 2778364 rs113107672 0.95967
4 2778476 rs7434637 0.0055622
4 2778586 rs12505364 0.0085455
4 2778881 rs55675515 0.73185
4 2778972 rs116680108 0.9127299999999999
4 2779001 rs114057148 0.018132
4 2779091 rs533766132 0.30638000000000004
4 2779536 rs116355813 0.2133
4 2779602 rs185111469 0.8892700000000001
4 2779632 rs6855651 0.14087
4 2779950 rs6855065 0.14652
4 2780044 rs79009721 0.6936399999999999
4 2780358 rs185612796 0.58816
4 2780438 rs73080345 0.73659
4 2780552 rs6858688 0.0042636
4 2780608 rs13123596 0.8690399999999999
4 2780920 rs139412366 0.29339
4 2780928 rs6600763 0.007592399999999999
4 2781240 rs6422311 0.0030554
4 2781487 rs183501111 0.47648
4 2781982 rs578146481 0.56386
4 2782077 rs7377308 0.015937
4 2782356 rs6422310 0.041549
4 2782608 rs2722159 0.007303399999999999
4 2782685 rs186982740 0.39845
4 2782780 rs1268377 0.028341
4 2783013 rs535468103 0.66861
4 2783049 rs1272878 0.5249
4 2783255 rs1271255 0.0071408
4 2783321 rs1270634 0.00715
4 2783393 rs143552132 0.74112
4 2783395 rs114884302 0.38359
4 2783440 rs1269392 0.25445
4 2783566 rs116263765 0.52084
4 2783668 rs6828164 0.019749
4 2783675 rs115030716 0.39993
4 2783688 rs6828148 0.10500999999999999
4 2783839 rs113610235 0.9748700000000001
4 2783913 rs13128628 0.69291
4 2783949 rs115449040 0.9981700000000001
4 2784045 rs10011310 0.030255
4 2784373 rs1271256 0.0014735999999999998
4 2784424 rs111807774 0.45145
4 2784647 rs185950577 0.35831
4 2784673 rs75718107 0.53859
4 2784732 rs113202387 0.52277
4 2785064 rs146082122 0.41673000000000004
4 2785332 rs190669388 0.75434
4 2785413 rs762109347 0.9333899999999999
4 2785428 rs138815745 0.22059
4 2785556 rs2341304 0.05414
4 2785917 rs58126961 0.49265
4 2786056 rs114591335 0.71621
4 2786079 rs1263449 0.0013927999999999998
4 2786101 rs115830363 0.7281
4 2786318 rs13117917 0.41623999999999994
4 2786353 rs6842446 0.036989999999999995
4 2786628 rs541569667 0.21813000000000002
4 2786667 rs111277109 0.40911
4 2786900 rs114885839 0.89597
4 2786909 rs142963686 0.41571
4 2786970 rs10025137 0.9017799999999999
4 2787051 rs79556112 0.9351
4 2787053 rs564573676 0.609
4 2787175 rs74355716 0.90643
4 2787776 rs140191040 0.032775
4 2787930 rs116014490 0.3562
4 2788081 rs113256020 0.8711200000000001
4 2788290 rs144857291 0.11515999999999998
4 2788462 rs74661378 0.51572
4 2788476 rs743691 0.0018494
4 2788619 rs549126015 0.5355800000000001
4 2788738 rs574991503 0.08463999999999999
4 2788935 rs1794369 0.18506
4 2789063 rs13113803 0.083976
4 2789302 rs762834 0.0032503999999999996
4 2789323 rs743690 0.1128
