CHR BP SNP P
3 111908987 rs146515723 0.028256
3 111909471 rs566275431 0.7861600000000001
3 111909675 rs188828137 0.033027999999999995
3 111909696 rs75517399 0.19525
3 111910110 rs144569597 0.17715
3 111910258 rs149263143 0.48553
3 111910361 rs143485330 3.8175e-05
3 111910772 rs369885946 0.008409
3 111911238 rs73219903 0.32222
3 111911633 rs147312131 0.1697
3 111911742 rs140976980 0.34187
3 111911864 rs188511133 0.0090788
3 111912215 rs76041655 0.0056827
3 111912461 rs147448309 0.0090788
3 111912764 rs79663802 0.25397
3 111912840 rs149992224 0.1697
3 111913608 rs190477417 0.0010199
3 111913741 rs79011257 0.19068
3 111913759 rs116509942 0.70791
3 111913922 rs77919226 0.6866899999999999
3 111914011 rs141077049 0.1697
3 111914105 rs112119491 0.59123
3 111914124 rs190077437 0.0085726
3 111914421 rs13086724 4.4921e-19
3 111914624 rs9871650 0.00024532
3 111914666 rs140080049 0.00053749
3 111914710 rs544554928 0.8705299999999999
3 111915091 rs7625249 0.0055645
3 111915239 rs7647280 0.075424
3 111915313 rs191703160 0.057123
3 111915341 rs773212888 0.8642200000000001
3 111915452 rs9865986 0.14277
3 111915608 rs146684293 0.0087772
3 111915627 rs76400391 9.1665e-07
3 111915866 rs566991684 0.08670900000000001
3 111915960 rs143287973 0.61654
3 111916278 rs192621710 0.069899
3 111916493 rs9288937 0.00023646
3 111916529 rs13087387 4.4008e-19
3 111916778 rs73853328 0.20128
3 111917442 rs117029831 0.046862
3 111917583 rs115072992 0.08380900000000001
3 111917904 rs115947331 0.27418000000000003
3 111918051 rs79256733 0.27452
3 111918215 rs28516377 0.00016404
3 111918216 rs13098660 0.0064516999999999994
3 111918417 rs139733138 0.9351299999999999
3 111918578 rs12634031 0.00020575
3 111918692 rs12636943 0.0068524
3 111919002 rs7637682 0.006048899999999999
3 111919046 rs7615460 0.006132
3 111919159 rs7637868 0.17824
3 111919448 rs80153532 0.77452
3 111919652 rs200819968 0.86479
3 111919739 rs116093355 0.75245
3 111919761 rs6438037 0.006299100000000001
3 111920125 rs10511308 8.1475e-19
3 111920315 rs146754332 0.823
3 111920353 rs756794651 0.014985
3 111920553 rs62277480 0.0079363
3 111920697 rs6772480 0.006161
3 111920729 rs73853329 1.0115e-06
3 111920788 rs6797177 0.0061573
3 111921010 rs9821935 0.00019615
3 111921116 rs9288938 0.00020896
3 111921225 rs6781844 0.0061673000000000006
3 111921471 rs114581383 0.041792
3 111921550 rs183530172 0.24470999999999998
3 111921613 rs4234409 0.0061673000000000006
3 111921667 rs55681719 0.5775
3 111921706 rs4234410 0.006171500000000001
3 111921772 rs2029636 0.00019471
3 111921820 rs2029637 0.00019538
3 111921861 rs10511309 1.5468999999999998e-08
3 111921913 rs115541228 0.85787
3 111922104 rs9865214 0.87725
3 111922163 rs13060187 1.6314e-15
3 111922227 rs9810170 0.006591
3 111922259 rs16859316 1.8697999999999999e-06
3 111922443 rs9827894 0.00019657
3 111922527 rs76556333 9.775499999999999e-07
3 111923047 rs4422273 0.0061695
3 111923123 rs4434123 0.0061695
3 111923210 rs73853330 0.25656
3 111923528 rs12489470 0.006169
3 111923682 rs73853357 0.45021000000000005
3 111923684 rs4438628 8.1866e-19
3 111923811 rs4438629 1.8943e-08
3 111925080 rs7651651 0.59101
3 111925368 rs6438038 0.0064742
3 111925445 rs186074748 0.60669
3 111925616 rs180910499 0.5978
3 111925621 rs6438039 1.5182e-08
3 111925689 rs4280608 0.0057001000000000005
3 111925747 rs6796241 5.472100000000001e-17
3 111925780 rs3929356 0.00019376
3 111925871 rs4577433 1.5981e-08
3 111926105 rs4282034 0.26623
3 111926122 rs4564946 0.006319
3 111926225 rs4450779 0.26431
3 111926360 rs12493824 1.621e-08
3 111926553 rs7621219 0.0063555
3 111926812 rs4373039 0.0058633999999999995
3 111926894 rs58698902 0.7603300000000001
3 111926909 rs1492491 0.26563000000000003
3 111926950 rs17505536 0.007634899999999999
3 111927303 rs79442396 0.5967399999999999
3 111927413 rs183708154 0.07520700000000001
3 111927578 rs6766996 1.6277e-08
3 111927834 rs13079745 1.7747e-15
3 111927964 rs6805397 0.006338600000000001
3 111927965 rs55682715 0.024783000000000003
3 111928095 rs6781207 0.0040238
3 111928101 rs13314792 0.00032011
3 111928109 rs73853359 1.0087e-06
3 111928116 rs6805505 0.0040073999999999995
3 111928144 rs6781215 0.0049662
3 111928293 rs13064510 1.6851e-08
3 111928404 rs6805795 0.00018976
3 111928479 rs6805887 0.0065929000000000005
3 111928548 rs6770357 0.0064992999999999995
3 111928840 rs114154459 0.037308999999999995
3 111928869 rs116662726 0.06742000000000001
3 111928887 rs6784524 0.00018888
3 111928960 rs13069887 1.5945e-08
3 111928972 rs181288222 0.12648
3 111928986 rs73219938 0.021294
3 111929015 rs6773161 0.00020281
3 111929031 rs6808920 0.00020478
3 111929165 rs4682367 0.0065123
3 111929452 rs4682092 0.0064968000000000005
3 111929490 rs9819540 0.0064968000000000005
3 111929727 rs9837375 4.6035e-05
3 111930134 rs9841885 0.0064968000000000005
3 111930172 rs13096855 8.3636e-19
3 111930258 rs150585120 0.16560999999999998
3 111930259 rs115666886 0.51267
3 111930289 rs6764248 5.1154e-08
3 111930299 rs6764063 5.0354e-08
3 111930300 rs6764064 5.4278000000000005e-08
3 111930347 rs140658297 0.6513800000000001
3 111930387 rs13327160 0.00019183
3 111930422 rs147773937 0.73533
3 111930433 rs59653496 7.2197e-07
3 111930439 rs13327165 0.00019021
3 111930611 rs144960571 0.55145
3 111930698 rs149186946 0.020247
3 111930803 rs143361906 0.12165
3 111930858 rs116538272 0.30811
3 111930859 rs13059345 1.6107e-08
3 111931068 rs56293101 9.586700000000001e-05
3 111931178 rs6438041 0.006495600000000001
3 111931334 rs140720181 0.56326
3 111931398 rs6762302 1.6342000000000002e-08
3 111931633 rs142832655 0.047333
3 111931706 rs2399408 1.6342000000000002e-08
3 111931862 rs28866639 0.81412
3 111932324 rs4395380 1.6276e-08
3 111932484 rs113771445 0.18950999999999998
3 111932543 rs111363832 1.0072e-06
3 111932607 rs142526426 0.93937
3 111932709 rs188537817 0.33071999999999996
3 111932800 rs6766187 0.0064688
3 111932857 rs369357343 0.12648
3 111932885 rs6804353 1.6323e-08
3 111932931 rs149813189 0.44518
3 111932932 rs146850805 0.71154
3 111933309 rs9820821 0.00019043
3 111933428 rs77273807 0.0064846999999999995
3 111933499 rs190734581 0.34163000000000004
3 111933611 rs150131422 0.32527
3 111933620 rs142817843 0.14714000000000002
3 111933713 rs560591645 0.31513
3 111933980 rs78397556 0.49645
3 111934575 rs146356622 0.59104
3 111935011 rs544813728 0.88094
3 111935099 rs560254726 0.9666100000000001
3 111935621 rs148947679 0.86772
3 111935685 rs527484157 0.88065
3 111935948 rs536379838 0.769
3 111936010 rs554463910 0.13997
3 111936118 rs11921877 0.007241199999999999
3 111936200 rs1388857 0.005835
3 111936207 rs6779306 0.0075842
3 111936281 rs11929693 0.54935
3 111936378 rs73853363 0.35044000000000003
3 111936491 rs9288939 0.0061148
3 111936564 rs9288940 0.0065993
3 111936582 rs146995508 0.38224
3 111936855 rs559425655 0.75049
3 111936937 rs13063452 0.0063013
3 111936951 rs78137850 0.19132000000000002
3 111936961 rs17446282 0.0086309
3 111937105 rs13064242 0.0064008
3 111937399 rs78819805 0.30549
3 111937441 3:111937441_C_A 0.42125
3 111937514 rs79310601 0.27093
3 111937534 rs4638935 0.006391600000000001
3 111937550 rs73853364 0.17662
3 111937659 rs4383485 0.72827
3 111937667 rs2131233 0.00019506
3 111937708 rs62276848 7.155699999999999e-05
3 111937766 rs758572936 0.9847
3 111937869 rs189101464 0.22083000000000003
3 111938091 rs9818716 0.00019795
3 111938489 rs1907763 0.006467699999999999
3 111938538 rs1907764 0.00639
3 111938576 rs142468904 0.55775
3 111938587 rs2895391 0.00639
3 111938647 rs10934138 0.00015490000000000002
3 111938860 rs958695 1.6456e-08
3 111939385 rs4347976 0.0063888999999999994
3 111939462 rs4538347 0.0063888999999999994
3 111939495 rs4321508 0.0059173
3 111939524 rs9862315 0.11051
3 111940606 rs11926389 0.0063261
3 111940717 rs6804836 0.006389
3 111940726 rs555961092 0.13893
3 111940890 rs4682371 8.467600000000001e-19
3 111940933 rs4682372 1.6475e-08
3 111941064 rs11919685 0.28668000000000005
3 111941087 rs9288941 0.10845
3 111941206 rs4682373 0.006386800000000001
3 111941303 rs6789875 0.007064699999999999
3 111941500 rs1388858 0.006351
3 111941592 rs1388859 0.007065300000000001
3 111941832 rs11919901 8.454299999999999e-19
3 111941963 rs11928353 1.6452e-08
3 111942168 rs9877734 0.006386800000000001
3 111942296 rs7616020 0.00019475
3 111942548 rs4682374 1.5865e-08
3 111942782 rs146113218 0.73555
3 111942867 rs4234411 0.006386800000000001
3 111942919 rs73219960 0.26373
3 111942937 rs73853366 1.0175e-06
3 111942971 rs72946208 0.20407
3 111943216 rs7431999 0.0063856
3 111943398 rs9288942 0.0062640000000000005
3 111943421 rs7432037 0.006404699999999999
3 111943697 rs4352358 1.6528e-08
3 111943893 rs11714273 0.00015451
3 111944050 rs11926968 8.498899999999999e-19
3 111944215 rs56284645 9.7148e-07
3 111944297 rs747051641 0.41758
3 111944372 rs4401339 0.0063758
3 111944452 rs4498008 0.0063733999999999996
3 111944675 rs9813882 0.0063733999999999996
3 111944802 rs566080713 0.06362000000000001
3 111944924 rs151282322 0.55215
3 111945173 rs140822098 0.64364
3 111945230 rs13317473 0.12122000000000001
3 111945250 rs190002583 0.78372
3 111945415 rs62279470 0.00019155
3 111945676 rs79291739 0.8794200000000001
3 111945760 rs116291168 0.32893
3 111945865 rs182989918 0.0039295
3 111945994 rs13085810 0.063967
3 111945997 rs75955847 0.4666
3 111946159 rs1586873 8.2542e-19
3 111946300 rs4507228 0.0063216
3 111946527 rs114513332 0.71181
3 111946577 rs9871492 0.006161
3 111946607 rs13067030 1.5482e-08
3 111946642 rs9871532 0.0061502
3 111946853 rs12489616 0.0061994
3 111946964 rs56042414 0.0081622
3 111947036 rs76861022 0.048713
3 111947058 rs7631223 0.0067295
3 111947094 rs7631233 0.22944
3 111947339 rs9838986 0.0061765
3 111947505 rs76215223 0.82915
3 111948212 rs12491362 8.939399999999999e-08
3 111948478 rs9844769 0.00019257
3 111948922 rs9288943 0.00019175
3 111948961 rs116457838 0.8676299999999999
3 111949007 rs573585669 0.60935
3 111949046 rs138304092 0.8641399999999999
3 111949304 rs12634742 9.2232e-08
3 111949362 rs12634769 9.253899999999999e-08
3 111949387 rs12637609 9.2422e-08
3 111949426 rs140693404 0.87677
3 111949553 rs9869657 9.1381e-08
3 111949585 rs114733798 0.27305
3 111949613 rs12629465 0.00019185
3 111949677 rs62279472 9.4545e-06
3 111949760 rs79886081 0.91584
3 111949769 rs9870132 9.059300000000001e-08
3 111949774 rs73853368 0.20418
3 111950089 rs191673080 0.88108
3 111950164 rs75242433 0.18311
3 111950367 rs55735606 0.0020859000000000003
3 111950437 rs73853369 0.24986999999999998
3 111950697 rs74576997 0.6661699999999999
3 111950740 rs13091454 8.9109e-08
3 111950833 rs11707558 8.672900000000001e-08
3 111950844 rs9288945 0.35205
3 111951017 rs57172307 0.15195999999999998
3 111951021 rs6781343 0.00019243
3 111951023 rs6781344 8.8229e-08
3 111951184 rs17446744 0.0021279
3 111951378 rs11924882 7.1354e-19
3 111951552 rs10934141 8.937599999999999e-08
3 111951566 rs11917180 7.17e-19
3 111951703 rs16859355 0.26921
3 111952027 rs9809696 7.8495e-08
3 111952216 rs9865494 8.9109e-08
3 111952267 rs13080128 7.1354e-19
3 111952326 rs13080158 8.9109e-08
3 111952403 rs60228827 0.27305999999999997
3 111952772 rs139395344 0.80928
3 111952901 rs142996336 0.16996
3 111952989 rs143298215 0.00029695
3 111953151 rs62279476 0.0075363
3 111953268 rs188449293 0.27718000000000004
3 111953320 rs553633962 0.6098899999999999
3 111953451 rs7633982 0.0080665
3 111953522 rs77383602 7.3447e-19
3 111953826 rs112464592 8.9109e-08
3 111954724 rs186002740 0.78457
3 111954745 rs6768019 8.9942e-08
3 111955004 rs148080771 9.8147e-07
3 111955137 rs141052403 8.909800000000001e-08
3 111955720 rs148398970 0.021263999999999998
3 111955830 rs7640503 0.56053
3 111955983 rs13071489 7.342399999999999e-19
3 111956154 rs13094817 8.271300000000001e-08
3 111956664 rs113151969 0.29467
3 111956686 rs2399409 5.659399999999999e-19
3 111956704 rs2131234 7.321800000000001e-19
3 111957566 rs191266297 0.78803
3 111957625 rs113062905 0.20565999999999998
3 111957648 rs139225473 0.67094
3 111957686 rs576756622 0.055601
3 111957699 rs6802889 8.8917e-08
3 111957808 rs140366827 0.83281
3 111957825 rs6802832 8.8782e-08
3 111957853 rs6805197 0.00019253
3 111958097 rs113064403 0.2738
3 111958140 rs6805589 8.8782e-08
3 111958223 rs7649200 5.5457e-07
3 111958314 rs9813849 8.9729e-08
3 111958377 rs145683411 0.50152
3 111958429 rs9814007 0.1271
3 111958440 rs71616138 7.413600000000001e-19
3 111958445 rs9831530 8.8835e-08
3 111958458 rs74597248 0.17387
3 111958510 rs4682379 0.0011501
3 111958577 rs10511310 0.0077689
3 111958679 rs13065023 7.421300000000001e-19
3 111958862 rs13089635 9.1632e-19
3 111959114 rs4234412 8.8917e-08
3 111959152 rs4234413 8.8917e-08
3 111959173 rs115066378 0.0027281
3 111959371 rs4505669 8.8917e-08
3 111959608 rs1492478 0.00019193
3 111959649 rs76841582 0.81455
3 111959781 rs6438055 8.8917e-08
3 111959919 rs563498453 0.75789
3 111960035 rs4398404 8.948e-08
3 111960262 rs4364142 8.9407e-08
3 111960278 rs4392388 8.9407e-08
3 111960316 rs61637411 0.19788
3 111960329 rs1907762 0.00019191
3 111960347 rs149210594 0.6035699999999999
3 111960405 rs571992770 0.35472
3 111960510 rs9880461 0.12897999999999998
3 111960725 rs77163809 9.4881e-07
3 111960941 rs62279495 0.0072604
3 111960967 rs12488760 8.9139e-08
3 111961117 rs140502469 0.56396
3 111961128 rs558654961 0.75812
3 111961146 rs9829480 8.9066e-08
3 111961296 3:111961296_C_T 0.5021
3 111961421 rs9847574 8.896000000000001e-08
3 111961426 rs9847583 8.9139e-08
3 111961657 rs6773805 7.341299999999999e-19
3 111961688 rs6798551 8.9255e-08
3 111961748 rs6798471 8.9139e-08
3 111961782 rs6773916 8.9139e-08
3 111961799 rs35140548 3.3564e-17
3 111962173 rs36038789 0.00021211
3 111962231 rs4682380 8.9208e-08
3 111962331 rs11711153 0.00021211
3 111962774 rs13089316 8.6625e-19
3 111962851 rs6768523 0.00017078
3 111963046 rs6438057 0.00021211
3 111963283 rs4274720 5.4357e-07
3 111963284 rs143659978 0.75718
3 111963285 rs56335350 0.89176
3 111963478 rs74653794 0.028508
3 111963714 rs7616261 8.9208e-08
3 111963931 rs10934145 9.014699999999999e-08
3 111964057 rs9863061 9.012299999999999e-08
3 111964148 rs13077603 9.0116e-19
3 111964347 rs56105175 0.007828100000000001
3 111964384 rs13100724 1.8307e-07
3 111964408 rs9826043 9.017e-08
3 111964548 rs13100905 5.3113e-07
3 111964570 rs13101044 9.0061e-08
3 111964581 rs13078713 9.0116e-19
3 111964604 rs76822234 9.4196e-07
3 111964923 rs188491641 0.096584
3 111965019 rs539971511 0.19642
3 111965046 rs374193796 0.28612
3 111965077 rs577634593 0.95291
3 111965122 rs1844995 0.00021043
3 111965136 rs9878213 9.0061e-08
3 111965246 rs9822786 9.0061e-08
3 111965260 rs56275603 9.6308e-07
3 111965563 rs9823421 9.1661e-08
3 111965682 rs9879184 9.429e-08
3 111965761 rs6763462 0.00021141
3 111966018 rs6766122 0.00021146
3 111966408 rs1826392 9.4228e-08
3 111966447 rs1826393 9.814700000000001e-19
3 111966623 rs4282033 9.415100000000001e-08
3 111967078 rs7638520 9.427e-08
3 111967374 rs75016242 0.12415
3 111967439 rs9813794 9.427e-08
3 111967450 rs149158142 0.82915
3 111967633 rs4352356 9.4192e-08
3 111968249 rs151283781 0.45458999999999994
3 111968250 rs10934146 9.429e-08
3 111968297 rs10934147 9.429e-08
3 111968404 rs9838932 9.429e-08
3 111968430 rs9856671 9.4265e-08
3 111968458 rs77833442 0.56281
3 111968586 rs9819582 9.4265e-08
3 111969167 rs567572964 0.65513
3 111969490 rs4401342 9.429e-08
3 111969592 rs4321509 9.4188e-08
3 111969629 rs76167352 0.12483
3 111969743 rs146367235 0.28168000000000004
3 111969944 rs116737281 0.050486
3 111970006 rs11922559 9.4315e-08
3 111970295 rs28449655 0.1229
3 111970330 rs6780137 0.00021429
3 111970334 rs532759640 0.26092
3 111970527 rs6780352 9.2122e-08
3 111971011 rs190155022 0.15242999999999998
3 111971111 rs571086334 0.9728
3 111971333 rs7624367 8.586e-08
3 111971453 rs571978275 0.46901000000000004
3 111971490 rs7613061 8.586e-08
3 111971574 rs116508241 0.065876
3 111971661 rs1602673 8.6184e-19
3 111971723 rs7635069 8.5868e-08
3 111971730 rs114579633 0.24957
3 111971798 rs7635156 8.4965e-08
3 111971848 rs4613425 8.5691e-19
3 111971880 rs4429601 8.5868e-08
3 111972043 rs4280609 8.686299999999999e-08
3 111972108 rs6768781 0.10421
3 111972191 rs1586874 8.5668e-19
3 111972283 rs4682382 8.5862e-08
3 111972427 rs4345043 8.6644e-08
3 111972448 rs1586875 0.00021288
3 111972478 rs4591478 8.6393e-08
3 111972480 rs189080376 0.46846000000000004
3 111972532 rs1119338 0.00021233
3 111972541 rs144385873 0.45598999999999995
3 111972644 rs1119339 8.6511000000000015e-19
3 111972710 rs116514822 0.49418999999999996
3 111972888 rs4434124 8.6624e-08
3 111972914 rs115524741 0.065876
3 111973227 rs4423739 8.6311e-08
3 111973332 rs4481127 8.5406e-19
3 111973458 rs77571975 0.2693
3 111973498 rs9865784 8.583500000000001e-08
3 111973685 rs13320785 0.21978000000000003
3 111973697 rs1304787 8.5833e-08
3 111973834 rs145426582 0.017636000000000002
3 111974026 rs73223638 0.89807
3 111974460 rs10934151 8.5864e-08
3 111974525 rs145044735 0.33276999999999995
3 111974539 rs10934152 8.5864e-08
3 111974588 rs4528910 0.00022254
3 111974907 rs4618193 8.562200000000001e-19
3 111974976 rs6779013 0.21026999999999998
3 111975045 rs4260401 8.562200000000001e-19
3 111975204 rs9827793 0.00021229
3 111975287 rs4420835 8.607900000000001e-08
3 111975454 rs138538981 0.025934
3 111975490 rs62276970 1.1539000000000002e-07
3 111975515 rs140250935 0.0097476
3 111975516 rs4435608 8.6601e-08
3 111975547 rs9828290 0.00021232
3 111975591 rs4530500 8.6601e-08
3 111975665 rs62276971 0.0083926
3 111975944 rs748849497 0.92712
3 111975985 rs10934154 8.5555e-19
3 111976230 rs59967068 1.1639000000000001e-07
3 111976288 rs4440096 0.00021235
3 111976372 rs10804496 8.5567e-19
3 111976452 rs10934155 1.3557e-18
3 111976514 rs4440097 8.555699999999999e-19
3 111976562 rs9834013 0.12462999999999999
3 111976674 rs11923576 0.066103
3 111976702 rs4274721 8.552299999999999e-19
3 111976760 rs4602356 8.1691e-19
3 111976778 rs9834079 0.12236
3 111976830 rs4444687 8.552299999999999e-19
3 111976939 rs6785852 0.20611
3 111977142 rs559801006 0.064242
3 111977196 rs57964682 8.5509e-19
3 111977429 rs187181530 0.8304799999999999
3 111977603 rs34399151 7.1541e-19
3 111977802 rs57890482 8.562500000000001e-19
3 111978228 rs4682386 8.5524e-19
3 111978454 rs4682388 8.5479e-19
3 111978516 rs62276973 0.0083295
3 111978552 rs192211848 0.71899
3 111978660 rs4682389 8.536e-19
3 111978753 rs4682390 8.536e-19
3 111978848 rs10934156 8.536e-19
3 111978856 rs115905317 0.85309
3 111978970 rs59043683 0.26676
3 111979238 rs10934157 8.484899999999998e-19
3 111979383 rs11714145 0.00021515
3 111979419 rs4560274 8.5069e-08
3 111979531 rs4552323 8.443299999999999e-19
3 111979861 rs10934158 0.00021447
3 111980291 rs79342805 0.26389
3 111980558 rs6796949 1.0156e-07
3 111980590 rs114269024 0.018187000000000002
3 111981171 rs4479562 8.5296e-08
3 111981332 rs4560270 1.0151e-07
3 111981410 rs184212690 0.12212999999999999
3 111981433 rs6781683 6.7559e-07
3 111981532 rs4597682 1.0147999999999999e-07
3 111981585 rs187927819 0.3268
3 111981649 rs190448890 0.70731
3 111981849 rs9860819 1.0117000000000001e-07
3 111981878 rs9809384 7.497600000000001e-08
3 111981924 rs9809404 8.8425e-08
3 111982074 rs9864872 0.00020965
3 111982127 rs11918129 8.159999999999998e-19
3 111982526 rs4234414 7.988999999999999e-19
3 111982787 rs4592997 7.8794e-19
3 111982965 rs6788163 3.2844e-06
3 111983060 rs9985308 0.13163
3 111983157 rs62276974 0.0072337
3 111983197 rs6788397 6.6311e-08
3 111983320 rs147533805 0.8456100000000001
3 111983393 rs6801501 0.00020817
3 111983472 rs4568108 8.184599999999999e-08
3 111983503 rs143787795 0.3212
3 111983803 rs73853380 6.312e-07
3 111983871 rs7614211 0.00020714
3 111984000 rs6438061 9.6365e-08
3 111984024 rs6438062 9.6357e-08
3 111984076 rs55869871 0.0082255
3 111984088 rs13091981 7.251100000000001e-19
3 111984245 rs13092211 7.1733999999999995e-19
3 111984390 rs6792318 0.00020844
3 111984420 rs73853381 6.8249e-07
3 111984454 rs114968459 0.49387
3 111984680 rs13092810 6.8839e-19
3 111984701 rs116785711 0.06764099999999999
3 111984736 rs6805084 7.354899999999999e-08
3 111984857 rs4682096 7.948e-08
3 111984902 rs4682097 8.078099999999999e-08
3 111985048 rs4682099 6.763600000000001e-19
3 111985107 rs9872691 0.00021322
3 111985428 rs4264699 7.841700000000001e-08
3 111985452 rs4571212 7.8287e-08
3 111985656 rs9873623 7.117899999999999e-08
3 111985704 rs4580518 7.1442e-08
3 111985896 rs116632224 0.53068
3 111986008 rs12487206 6.821399999999999e-08
3 111986162 rs13072156 3.9094000000000005e-19
3 111986195 rs150936242 0.25505
3 111986340 rs551493672 0.5293399999999999
3 111986511 rs9878675 6.4641e-08
3 111986567 rs150109981 0.13235
3 111986607 rs9858911 6.311499999999999e-08
3 111986621 rs9859163 0.00016939
3 111986810 rs7611019 0.00017087
3 111986880 rs145534064 0.42991999999999997
3 111987040 rs4496447 3.2133e-19
3 111987116 rs73853382 2.2369000000000002e-05
3 111987118 rs4279068 3.1973e-19
3 111987284 rs62277010 0.007440899999999999
3 111987424 rs4279069 3.0623e-19
3 111987534 rs141745381 0.13241
3 111987772 rs7646742 0.00016712
3 111987780 rs13078927 3.1376e-19
3 111987891 rs12485998 0.57028
3 111987968 rs79662370 0.25968
3 111988056 rs9830851 0.1308
3 111988104 rs11926649 3.1390999999999995e-19
3 111988159 rs75940227 0.041406
3 111988193 rs12486083 3.1486000000000003e-19
3 111988301 rs10934159 3.5525999999999993e-19
3 111988305 rs10934160 3.8884999999999996e-19
3 111988437 rs10934161 3.1393e-19
3 111988569 rs75136743 0.31043000000000004
3 111988654 rs114977912 0.35886999999999997
3 111988969 rs4550803 0.6398199999999999
3 111988992 rs13069541 3.1106e-19
3 111989091 rs570063792 0.95014
3 111989330 rs13090086 3.1106e-19
3 111989419 rs777891650 0.036931
3 111989437 rs13090432 3.3561e-19
3 111989528 rs146247088 0.36302
3 111989547 rs13090629 3.3549e-19
3 111989653 rs145124912 0.06106
3 111989900 rs13095956 3.3515e-19
3 111990111 rs12638964 0.0001825
3 111990433 rs9842060 0.11834000000000001
3 111990585 rs13096794 3.4659999999999995e-19
3 111990647 rs13097307 2.4828000000000005e-19
3 111990941 rs13059342 3.4700000000000006e-19
3 111990950 rs9809196 0.00017339999999999999
3 111991127 rs141237592 0.49849
3 111991198 rs9829464 0.00017159
3 111991606 rs75795694 0.26072
3 111991676 rs7642496 0.00017225
3 111991704 rs9847890 0.16914
3 111991829 rs7642447 0.00017293
3 111992014 rs4449289 0.00017382
3 111992097 rs79056972 0.25271
3 111992115 rs73853383 7.665899999999999e-07
3 111992117 rs4568109 0.00017416
3 111992216 rs4568110 0.00017622
3 111992289 rs62277011 0.006719
3 111992369 rs75012883 0.12197000000000001
3 111992378 rs5013874 0.00017292
3 111992480 rs56335531 2.5448e-05
3 111992511 rs11919745 1.2666e-19
3 111992926 rs769345487 0.8061
3 111992944 rs60443450 0.00017473
3 111993050 rs183533273 0.56716
3 111993056 rs56852402 0.00017685
3 111993467 rs116413226 0.043041
3 111993495 rs4564948 3.0428e-19
3 111993591 rs11712289 0.00017376
3 111993716 rs6805112 0.0057979
3 111993749 rs28413123 0.11473
3 111993915 rs4682100 2.9626999999999997e-19
3 111993964 rs116065684 0.033662
3 111994055 rs540208679 0.9364399999999999
3 111994317 rs3924625 0.78542
3 111994367 rs6807950 0.00018312
3 111994562 rs12494678 0.00017733
3 111994576 rs79349023 0.3685
3 111994588 rs116509368 0.3719
3 111995056 rs139287305 0.50113
3 111995326 rs75874904 0.4183
3 111995406 rs4682391 0.00022019
3 111995454 rs6787323 0.0044182
3 111995858 rs9827371 0.00022696
3 111995872 rs13079706 1.6582e-17
3 111996328 rs4572741 0.017730000000000003
3 111996421 rs28421010 0.00022677
3 111996554 rs9828502 0.00019318
3 111996726 rs6791182 4.6538e-05
3 111996730 rs9809174 0.00022348
3 111997042 rs55899888 0.0045523000000000004
3 111997116 rs73853386 0.23529
3 111997172 rs56353930 0.0047438
3 111997212 rs80297206 0.29675999999999997
3 111997510 rs12632408 0.00018841
3 111997763 rs115914376 0.024869
3 111997791 rs13314977 0.00017117
3 111997894 rs78568095 0.57805
3 111997952 rs4478055 4.8407e-08
3 111998111 rs4572740 4.6148e-08
3 111998302 rs73223686 0.004432800000000001
3 111998316 rs114994039 0.049645999999999996
3 111998326 rs9818745 0.12554
3 111998351 rs9288946 3.7156e-08
3 111998354 rs9288947 4.0968999999999994e-08
3 111998642 rs190095594 0.0014172
3 111998908 rs4234415 4.5616e-08
3 111998937 rs9843431 0.13389
3 111999230 rs4585166 5.2429999999999994e-08
3 111999808 rs373593779 0.5635899999999999
3 112000071 rs13081935 5.2117e-08
3 112000096 rs13081485 5.3364e-08
3 112000258 rs9849358 0.12063
3 112000310 rs7637676 0.0043006
3 112000382 rs77138364 0.51952
3 112000562 rs13082509 5.1291e-08
3 112000812 rs7626450 1.231e-06
3 112000889 rs13087080 1.3231e-19
3 112000900 rs13087086 5.0721e-08
3 112000983 rs12632486 5.116e-08
3 112001267 rs73853390 0.52079
3 112001325 rs10934162 5.018900000000001e-08
3 112001464 rs148263777 0.31084
3 112001966 rs4632517 4.6349e-08
3 112002260 rs4611789 6.2077e-08
3 112002355 rs4300982 5.8488e-08
3 112002503 rs4299459 0.00011505
3 112002855 rs115150044 0.82225
3 112003074 rs7625173 0.00089136
3 112003367 rs12497979 2.2924000000000003e-06
3 112003421 rs56404254 0.0007019999999999999
3 112003491 rs75547694 0.0031759
3 112003882 rs7650497 0.00079854
3 112003883 rs7650498 0.00075347
3 112004360 rs9851141 2.2749e-06
3 112004516 rs10934163 2.329e-06
3 112004619 rs114286043 0.7749
3 112004676 rs115061827 0.82075
3 112004762 rs9851760 2.7233e-06
3 112004773 rs145823375 0.55982
3 112005271 rs142966493 0.52587
3 112005346 rs7631673 2.1609e-06
3 112005423 rs7621431 2.1839e-06
3 112005691 rs79950192 0.035470999999999996
3 112006172 rs4682392 6.7905e-08
3 112006214 rs4682393 5.303e-07
3 112006297 rs58720286 0.9904299999999999
3 112006544 rs747488691 0.6954199999999999
3 112006708 rs6766123 7.809400000000001e-20
3 112006739 rs4682394 0.0001996
3 112006747 rs11929523 0.029913
3 112006813 rs4627732 0.0040738
3 112006822 rs11929540 0.032777
3 112006862 rs6768494 0.00019328
3 112007181 rs533990986 0.27216999999999997
3 112007478 rs186035254 0.0024045000000000004
3 112007495 rs6769267 0.00021665
3 112007921 rs114866146 0.005783699999999999
3 112008043 rs144448557 0.66605
3 112008124 rs11923778 0.031728
3 112008221 rs57512585 0.032951999999999995
3 112008750 rs9855755 7.2104e-06
3 112008771 rs56065326 0.00015875
3 112008917 rs73223698 0.033757
3 112008984 rs4682395 5.6176000000000006e-08
3 112009113 rs13074505 0.068479
3 112009199 rs560267060 0.9731299999999999
3 112009566 rs778858337 0.46513999999999994
3 112009918 rs758457863 0.5836
3 112010174 rs55748364 0.0001371
3 112010387 rs13081090 7.127e-19
3 112010781 rs62278760 0.00014098
3 112010944 rs13085836 4.961399999999999e-19
3 112011021 rs547396045 0.22239
3 112011075 rs6788602 6.1294e-05
3 112011676 rs142912240 0.5754
3 112011685 rs71616140 6.470999999999999e-19
3 112011692 rs62278762 5.331e-05
3 112011703 rs57998879 1.186e-05
3 112012014 rs146127704 0.0083714
3 112012300 rs114323836 0.55388
3 112012692 rs10934164 1.1627e-05
3 112012803 rs73225608 0.14954
3 112012840 rs4622877 0.00012546
3 112012863 rs116760558 0.51888
3 112013358 rs73225610 0.14933
3 112013546 rs12491414 0.14405
3 112013595 rs77303904 0.88649
3 112013731 rs10934165 1.5487999999999998e-05
3 112013747 rs10804498 1.5094000000000002e-05
3 112013896 rs12492119 0.12737
3 112013897 rs12495525 0.12938
3 112014120 rs142445949 0.4314
3 112014203 rs559726134 0.062399
3 112014304 rs6774756 1.7439e-05
3 112014787 rs564292987 0.88892
3 112015249 rs78160941 0.86351
3 112015292 rs7636107 2.2319e-05
3 112015469 rs563260978 0.97675
3 112015511 rs78233676 0.14369
3 112015766 rs80162154 0.14975
3 112015979 rs13084103 2.395e-05
3 112016051 rs114394255 0.36935
3 112016180 rs547573528 0.015378999999999999
3 112016188 rs13084897 2.5576e-05
3 112016389 rs73225616 0.1053
3 112016876 rs4682396 2.2532e-08
3 112017012 rs4682397 1.8430000000000002e-06
3 112017127 rs80256494 0.52895
3 112017524 rs138952424 0.53859
3 112017540 rs9837466 7.280099999999999e-36
3 112017959 rs148587139 0.76457
3 112018220 rs150619826 0.77312
3 112018435 rs11716857 0.0030725
3 112018741 rs57025230 6.1327e-06
3 112018769 rs9843666 1.7919999999999999e-22
3 112018927 rs4682398 2.6020999999999996e-29
3 112019051 rs570884773 0.54374
3 112019427 rs9810421 1.6226e-22
3 112019996 rs7639794 4.4855e-36
3 112020212 rs78749816 0.10979000000000001
3 112020317 rs6795820 1.1668e-22
3 112020414 rs11714917 0.0024208000000000003
3 112020480 rs77183748 0.13218
3 112020498 rs79932115 0.46265
3 112021483 rs192193412 0.52757
3 112021668 rs11924673 0.8174
3 112021896 rs1879511 3.988999999999999e-06
3 112021952 rs1317658 1.7613999999999999e-22
3 112022024 rs1317295 1.7605000000000002e-22
3 112022074 rs939576 0.0026398000000000003
3 112022141 rs869042 4.0029e-06
3 112022178 rs571312794 0.4465
3 112022205 rs939577 0.0026766
3 112022462 rs114696095 0.12236
3 112022632 rs149646798 0.9912799999999999
3 112022750 rs28615303 1.7728e-22
3 112022855 rs116590462 0.46711
3 112023078 rs6787547 0.028283
3 112023095 rs115358606 0.45748
3 112023421 rs76601252 0.5204
3 112023442 rs4507229 2.4669e-22
3 112023680 rs147470563 0.16943
3 112023796 rs190536558 0.34996
3 112023863 rs9873846 1.4213e-28
3 112023865 rs2399410 5.4606e-06
3 112024444 rs140327231 0.46391000000000004
3 112024739 rs62278765 2.5917000000000003e-22
3 112024788 rs78376247 0.44965
3 112025030 rs80270073 0.51473
3 112025094 rs73853397 0.5765399999999999
3 112025420 rs9814064 0.42067
3 112025437 rs9814088 0.0026433000000000003
3 112025638 rs9852176 1.9322999999999999e-28
3 112025667 rs4682101 0.024285
3 112025710 rs73853398 0.5281
3 112025744 rs146683401 0.35263
3 112025765 rs9814721 1.2706e-28
3 112025845 rs188019792 0.4375
3 112025858 rs9818526 0.0026555999999999997
3 112025876 rs13069751 1.8746e-28
3 112025947 rs13070091 2.3392999999999997e-28
3 112025971 rs13069935 2.2984999999999997e-28
3 112026016 rs9856838 2.0984e-28
3 112026119 rs76286484 0.073421
3 112026120 rs6773206 1.7688999999999998e-28
3 112026263 rs6762106 1.84e-28
3 112026308 rs75090236 0.2619
3 112026354 rs141966284 0.58439
3 112026373 rs553246794 0.52175
3 112026480 rs6798354 1.841e-28
3 112026748 rs6798486 1.8481999999999999e-28
3 112026810 rs62278768 3.2212e-22
3 112026895 rs8179893 2.9433e-29
3 112027105 rs6438064 1.8075999999999998e-28
3 112027201 rs62278769 3.231e-22
3 112027216 rs6438065 1.785e-28
3 112027246 rs6438066 0.0025854
3 112027835 rs1879514 0.025039
3 112027855 rs1879513 1.7962999999999998e-28
3 112027994 rs8179913 1.751e-28
3 112028041 rs371551510 0.87497
3 112028166 rs6804712 0.53195
3 112028207 rs115073911 0.48134
3 112028239 rs9829698 3.1480000000000003e-22
3 112028462 rs78401729 0.37806999999999996
3 112028544 rs115499906 0.26394
3 112028586 rs6805117 1.6527999999999998e-28
3 112028703 rs6780745 1.65e-28
3 112028757 rs6805142 1.6757999999999999e-28
3 112028851 rs139977091 0.97864
3 112028863 rs56294743 3.3235e-22
3 112028869 rs143130902 0.33288
3 112028883 rs146672607 0.60148
3 112028951 rs79553526 0.72758
3 112029046 rs75546157 0.15441
3 112029119 rs140125295 0.60705
3 112029121 rs62278770 3.4550999999999997e-22
3 112029231 rs187250721 0.09174700000000001
3 112029299 rs6808134 0.48641999999999996
3 112029358 rs78934223 0.52833
3 112029410 rs150320302 0.33589
3 112029579 rs2399411 0.0025534000000000004
3 112029701 rs6808365 0.024243999999999998
3 112030095 rs144971640 0.60882
3 112030258 rs9822925 0.48291000000000006
3 112030521 rs139310608 0.33762
3 112030539 rs9823309 0.024712
3 112030780 rs9879351 0.76305
3 112030789 rs62278771 3.4314999999999995e-22
3 112031245 rs139780447 0.35436999999999996
3 112031584 rs1814987 3.33e-06
3 112031723 rs7653490 3.982e-06
3 112031949 rs184781198 0.00017391
3 112032208 rs78994970 0.39466999999999997
3 112032685 rs74642082 0.9542700000000001
3 112032802 rs146767164 0.13421
3 112032909 rs75649414 0.6260399999999999
3 112033323 rs55947719 4.8998e-22
3 112033542 rs9819202 0.5864199999999999
3 112033617 rs79408299 0.36666
3 112033979 rs6771014 0.0025986
3 112034103 rs56008438 3.4694e-22
3 112034154 rs62278831 3.4276e-06
3 112034222 rs62278832 3.4572e-06
3 112034394 rs11917581 3.4171e-06
3 112034459 rs62278833 3.4171e-06
3 112034517 rs186814907 0.80691
3 112034534 rs11917566 3.4468e-06
3 112034805 rs10934166 3.4241000000000004e-06
3 112034862 rs13092081 1.6857999999999997e-29
3 112034893 rs10934167 3.4308e-06
3 112034927 rs11719721 3.3925e-06
3 112034936 rs79588455 3.1768000000000002e-06
3 112034969 rs72950242 3.4308e-06
3 112035033 rs62278834 3.4291000000000003e-06
3 112035197 rs62278835 3.4224e-06
3 112035282 rs144794841 0.35518
3 112035287 rs9876973 0.022241999999999998
3 112035457 rs116578317 0.1357
3 112035502 rs62278836 3.3898e-06
3 112035716 rs11712036 3.6651e-06
3 112035769 rs138353148 0.33897
3 112035836 rs149126114 0.39050999999999997
3 112036019 rs28843681 0.49138000000000004
3 112036066 rs143242872 0.8503299999999999
3 112036198 rs62278837 3.4115e-06
3 112036240 rs62278838 3.4115e-06
3 112036467 rs115812427 0.35485
3 112036587 rs62278839 3.4160000000000004e-06
3 112036644 rs181773109 0.44906999999999997
3 112036669 rs9882683 0.56215
3 112036715 rs6766013 3.9578999999999997e-22
3 112036753 rs62278840 0.0040541
3 112036804 rs141792159 0.9548200000000001
3 112036814 rs12639474 3.3097000000000003e-06
3 112036868 rs12634619 3.4136000000000002e-06
3 112037099 rs13318166 0.48855
3 112037118 rs13321387 0.49405
3 112037183 rs139203565 0.75776
3 112037186 rs12629421 3.4144e-06
3 112037521 rs62278841 3.4084e-06
3 112037547 rs4550804 0.002721
3 112037650 rs143883189 0.52308
3 112037787 rs79770675 0.0034021999999999998
3 112037942 rs9816969 2.928e-22
3 112037961 rs147808432 0.91209
3 112038031 rs141747776 0.042549000000000003
3 112038038 rs79903156 0.65258
3 112038294 rs12630238 3.4057999999999996e-06
3 112038399 rs9817462 0.47125
3 112038466 rs12630278 3.3992e-06
3 112038674 rs12633029 3.4496e-06
3 112038921 rs141107071 0.38259
3 112039067 rs13316383 3.9279e-22
3 112039416 rs76326755 0.32683
3 112039502 rs150186241 0.34108
3 112039527 rs116662906 0.1254
3 112039773 rs16859469 3.1691000000000003e-06
3 112039861 rs116643164 0.30935
3 112039888 rs59202208 3.1622000000000004e-06
3 112040189 rs79631972 0.9601
3 112040782 rs183917369 0.28357
3 112040913 rs62278842 3.1704e-06
3 112041382 rs62278843 5.3023e-22
3 112041523 rs111520824 0.39087
3 112041805 rs62278844 3.2582e-06
3 112041937 rs144567991 0.6799
3 112042149 rs141773040 0.34009
3 112042286 rs553179561 3.2811e-05
3 112042378 rs114356324 0.34009
3 112042396 rs2399412 2.3535e-29
3 112042438 rs776432600 0.52103
3 112042530 rs116736502 0.58618
3 112042745 rs114532544 0.33616
3 112042953 rs79114639 0.065027
3 112042969 rs2399413 0.0026049
3 112042990 rs4355253 3.1788e-06
3 112043040 rs749798296 0.22989
3 112043091 rs371632334 0.059936
3 112043113 rs115410066 0.50922
3 112043158 rs2895395 3.0857999999999997e-06
3 112043219 rs4355254 3.1842000000000004e-06
3 112043341 rs148775881 0.021966
3 112043446 rs192262206 0.9729
3 112043629 rs142438154 0.9333600000000001
3 112044147 rs4234416 0.0027073
3 112044528 rs6787841 3.2441000000000004e-06
3 112044781 rs4682399 2.4741e-29
3 112044907 rs62278846 3.3023e-06
3 112044972 rs187735614 0.66337
3 112044994 rs62278847 3.3111e-06
3 112045215 rs4682400 3.7824e-22
3 112045920 rs62278848 3.1720999999999997e-06
3 112045984 rs192031356 0.37749
3 112045985 rs149512816 0.2908
3 112046005 rs62278849 3.1731e-06
3 112046264 rs939578 0.0023373
3 112046466 rs11710561 3.1279e-06
3 112046617 rs7649698 0.34031
3 112046704 rs72950270 0.54811
3 112046827 rs7649901 0.34031
3 112047172 rs62278850 3.0622e-06
3 112047229 rs181330051 3.8451e-05
3 112047314 rs6809034 0.0026314
3 112047342 rs59744939 3.1117e-06
3 112047402 rs9837134 8.172199999999999e-22
3 112047461 rs144192073 0.16419
3 112047547 rs72950273 3.1145e-06
3 112047611 rs58425909 3.0563e-06
3 112047631 rs62278853 3.0451999999999997e-06
3 112047715 rs79662476 0.41123999999999994
3 112047772 rs62278854 3.04e-06
3 112047835 rs62278855 3.0795999999999997e-06
3 112048127 rs6788309 3.0981e-06
3 112048404 rs77374107 0.36704000000000003
3 112048550 rs6801708 3.2481e-06
3 112048568 rs6764384 3.2164999999999996e-06
3 112048640 rs6801739 3.2941000000000004e-06
3 112048649 rs140828279 0.34295
3 112048744 rs6789161 3.2296e-06
3 112048755 rs556193769 0.73521
3 112048881 rs62278856 3.42e-06
3 112048886 rs540303662 0.29188000000000003
3 112049533 rs10934169 3.8019e-06
3 112049660 rs6438067 0.0018978999999999999
3 112049746 rs115292343 0.0017614999999999998
3 112050057 rs10804500 3.94e-06
3 112050148 rs11923402 9.6689e-22
3 112050209 rs137869264 0.79948
3 112050544 rs9853669 1.0838e-21
3 112050638 rs59495246 0.64448
3 112050646 rs61651681 0.64699
3 112050742 rs79366038 0.64708
3 112051195 rs6793479 0.8257200000000001
3 112051370 rs373025911 0.9057200000000001
3 112051427 rs13072567 1.0195999999999999e-30
3 112051693 rs13073116 0.010212
3 112051936 rs559929282 0.04567
3 112052103 rs2276772 3.21e-31
3 112052120 rs115847652 0.1373
3 112052173 rs9883527 0.23738
3 112052645 rs114267756 0.9880899999999999
3 112052833 rs73856005 0.72012
3 112052927 rs9868582 2.6256e-41
3 112053246 rs1317243 1.9864e-30
3 112053565 rs1317244 9.509e-25
3 112053624 rs144473062 0.6272300000000001
3 112053751 rs2399415 9.5186e-25
3 112053811 rs116332686 0.090887
3 112054083 rs116139633 0.99989
3 112054124 rs76825821 0.382
3 112054218 rs79776508 0.35528000000000004
3 112054223 rs61165234 0.77282
3 112054234 rs75991791 0.40268000000000004
3 112054236 rs77302616 0.0032114000000000005
3 112054255 rs191536423 0.78213
3 112055023 rs62264124 1.9158e-06
3 112055155 rs79065883 0.8498
3 112055217 rs72950294 0.47048999999999996
3 112055372 rs11923108 0.73627
3 112055636 rs187884778 0.27555999999999997
3 112055711 rs7639471 1.5758000000000002e-06
3 112055793 rs4682103 3.9704e-41
3 112055836 rs79229992 0.12275
3 112055839 rs10511311 7.7468e-32
3 112055952 rs9818407 1.1138e-27
3 112056414 rs7619941 0.00050967
3 112056508 rs147816539 0.36057
3 112056511 rs116537460 0.87311
3 112056631 rs72950298 0.5087
3 112056934 rs6438068 0.00052015
3 112057015 rs554736255 0.4617
3 112057135 rs9881834 5.5041e-25
3 112057193 rs79408930 0.9550299999999999
3 112057575 rs72950301 0.50767
3 112057759 rs189605912 0.29436
3 112058038 rs6779921 0.8187800000000001
3 112058248 rs140700433 0.62155
3 112058428 rs150097935 0.68593
3 112058722 rs181136738 0.91756
3 112058818 rs72950302 0.53178
3 112058824 rs80257314 0.40817
3 112058910 rs72952404 0.4066
3 112058923 rs9834347 1.6962e-06
3 112059128 rs142960246 0.37001
3 112059213 rs2399416 1.6831e-32
3 112059336 rs115228068 0.82985
3 112059378 rs146152362 0.37578
3 112059583 rs72952405 0.5231
3 112059768 rs1131199 1.1009e-41
3 112060043 rs78575250 0.39897
3 112060192 rs188815697 0.64127
3 112060256 rs16859476 0.9192899999999999
3 112060453 rs775966406 0.55804
3 112060758 rs12106967 6.9457e-32
3 112060911 rs76076816 0.9304399999999999
3 112061362 rs532654149 0.134
3 112061423 rs777449168 0.058602999999999995
3 112061508 rs13100916 6.7211e-32
3 112061550 rs141281614 0.099523
3 112061587 rs62264125 5.2093e-29
3 112061731 rs12106673 6.207099999999999e-32
3 112061773 rs12106675 0.9308799999999999
3 112062041 rs57661530 1.2405e-06
3 112062224 rs1343852 2.421e-33
3 112062302 rs149120065 0.38824000000000003
3 112062307 rs4575866 0.95729
3 112062449 rs4582023 0.90451
3 112062488 rs181816324 0.3816
3 112062836 rs148185121 0.3864
3 112062867 rs140103223 0.97164
3 112062920 rs72952411 1.245e-06
3 112063054 rs145301362 0.38447
3 112063189 rs137969468 3.2337e-05
3 112063250 rs7647411 2.3134e-33
3 112063271 rs16859479 0.47903999999999997
3 112063485 rs16859484 0.95325
3 112063663 rs115737691 0.077704
3 112063705 rs3817425 0.9040299999999999
3 112063765 rs115358071 0.13194
3 112063850 rs2272022 2.1893999999999998e-33
3 112063971 rs200570259 0.47462
3 112064204 rs41270439 0.93414
3 112064263 rs11921546 0.90822
3 112064266 rs60497880 0.94405
3 112064326 rs113483136 0.63374
3 112064476 rs78923604 0.29439
3 112064751 rs6783196 0.72854
3 112064795 rs116041397 0.12427
3 112064830 rs60673403 0.90159
3 112064879 rs59863561 0.90092
3 112064912 rs140855418 0.045536
3 112065028 rs6774405 0.0008751
3 112065737 rs2280462 0.00077584
3 112065818 rs114915837 0.068477
3 112065834 rs187084674 0.82084
3 112065835 rs79809734 0.7047899999999999
3 112065946 rs80091595 0.9304600000000001
3 112066141 rs13098589 2.3313000000000004e-33
3 112066360 rs7612748 1.1141e-28
3 112066562 rs1050572 0.91009
3 112066931 rs147953167 0.10131
3 112067241 rs2399417 0.97377
3 112067438 rs2399418 0.93474
3 112067585 rs116151555 0.063043
3 112067615 rs79203299 0.9904
3 112068064 rs59981538 0.9409
3 112068091 rs777566495 0.46837
3 112068145 rs2399419 2.2078e-28
3 112068348 rs144696792 0.004097600000000001
3 112068440 rs60377655 0.91195
3 112068503 rs73227426 0.008101100000000002
3 112068517 rs57404826 0.9783299999999999
3 112068685 rs141526201 0.10874
3 112068727 rs115952260 0.07085
3 112068823 rs76231123 0.64951
3 112069294 rs138352166 0.46346000000000004
3 112069392 rs9842650 4.4531000000000005e-25
3 112069755 rs12491166 4.2886e-33
3 112069765 rs2399420 0.00073442
3 112069788 rs62264127 0.6765
3 112069804 rs556749247 0.9783200000000001
3 112070196 rs546251966 4.7125e-05
3 112070487 rs72952417 0.027923000000000003
3 112070576 rs7637088 9.292299999999998e-29
3 112070859 rs778501005 0.96181
3 112070936 rs2399421 0.76372
3 112070948 rs143077425 0.36246
3 112071068 rs115171261 0.9338700000000001
3 112071195 rs116338635 0.9467399999999999
3 112071282 rs62264128 1.8653e-28
3 112071347 rs148652591 0.41355
3 112071934 rs2399422 1.0923e-28
3 112072031 rs115249612 0.04626
3 112072419 rs116737187 0.13839
3 112072759 rs558384940 0.00012601
3 112072827 rs78819080 0.27437
3 112072833 rs13093633 0.10833
3 112073133 rs34345145 4.4605999999999996e-33
3 112073674 rs144123076 8.4892e-06
3 112073836 rs544037307 0.20465
3 112074090 rs186461756 0.22036999999999998
3 112074147 rs9990215 7.076199999999999e-40
3 112074230 rs115488368 0.30437
3 112074331 rs9990216 8.934799999999998e-40
3 112074579 rs138994822 0.37013
3 112074608 rs9990220 8.4869e-40
3 112074938 rs150850664 0.30514
3 112074977 rs9863371 1.3363e-06
3 112075399 3:112075399_G_A 0.62115
3 112075754 rs187840790 0.63659
3 112075984 rs572237251 0.10549000000000001
3 112075988 rs146033139 0.37904
3 112076303 rs72952422 0.48845
3 112076598 rs77200319 0.38387
3 112077066 rs146879658 0.78765
3 112077109 rs13090468 5.8422e-27
3 112077256 rs77080859 0.73046
3 112077265 rs112319710 0.26621
3 112077340 rs75358256 0.15001
3 112077457 rs12635872 8.3512e-06
3 112077538 rs17513698 0.018354
3 112077588 rs191378284 0.037081
3 112077684 rs62264131 0.026097000000000002
3 112077704 rs62264132 0.026389
3 112077730 rs62264133 0.024419
3 112077880 rs17447803 0.0021413
3 112078134 rs73227438 0.002402
3 112078157 rs62264134 0.0024811
3 112078456 rs116002293 0.6925
3 112078568 rs62264135 0.0023228000000000003
3 112078618 rs62264136 0.0022441999999999996
3 112078695 rs62264137 0.0024943
3 112078740 rs17513726 0.0024906
3 112079088 rs9867245 1.4784000000000001e-05
3 112079131 rs115709967 0.07810399999999999
3 112079277 rs9867544 5.1232e-09
3 112079368 rs146029485 0.0015265
3 112079660 rs139992057 0.17462
3 112079780 rs56037521 0.0027486999999999998
3 112080142 rs2895396 2.5135999999999998e-05
3 112080161 rs113371607 0.73368
3 112080689 rs142543559 0.43753000000000003
3 112081029 rs116528140 0.0048727
3 112081358 rs3732820 0.96483
3 112081397 rs182064488 0.67562
3 112083097 rs138911673 0.35874
3 112083542 rs543478433 0.52892
3 112083547 rs144812587 0.4607
3 112083859 rs4682401 0.012115
3 112083946 rs150801236 0.53694
3 112084072 rs16859507 2.9414e-05
3 112084193 rs149470533 0.67442
3 112084424 rs72952437 3.0579e-05
3 112084455 rs59508894 0.56229
3 112084902 rs116489438 0.9078299999999999
3 112085233 rs12635015 3.3026e-05
3 112085572 rs145022779 0.14794000000000002
3 112085763 rs753459571 0.24661
3 112086074 rs533967331 0.42849
3 112086580 rs764716180 0.91612
3 112086942 rs11708769 3.4121e-05
3 112087205 rs72952446 0.77265
3 112087218 rs79466492 0.40457
3 112087299 rs185486833 0.9884299999999999
3 112087473 rs17513810 0.078985
3 112087847 rs73227447 0.0011714
3 112088157 rs147147636 0.52254
3 112088498 rs7648553 1.1863e-07
3 112089351 rs2399425 0.94857
3 112089865 rs7621578 0.014161000000000002
3 112089897 rs182984754 0.0027296
3 112089997 rs75565158 4.8485e-21
3 112090292 rs10934170 3.9202e-06
3 112090412 rs75489455 0.5134
3 112090824 rs140524663 0.00014654
3 112091001 rs1996723 7.43e-06
3 112091220 rs1996722 0.009384100000000001
3 112091526 rs13080716 7.5778e-06
3 112091696 rs7641311 8.4338e-06
3 112091741 rs760814885 0.30296999999999996
3 112091794 rs7653398 0.0083124
3 112092092 rs189990093 0.034009
3 112092138 rs7611568 0.0081984
3 112092782 rs181783426 0.50768
3 112093174 rs72952454 0.002572
3 112093393 rs60204227 0.0019159000000000003
3 112093413 rs17513880 3.77e-08
3 112093584 rs57785180 0.011176
3 112093900 rs1879512 6.6077e-18
3 112094289 rs2399426 0.0099155
3 112094687 rs12487972 8.6346e-06
3 112095158 rs6785965 0.010994
3 112095935 rs116377692 0.6231800000000001
3 112096609 rs13327539 0.6562600000000001
3 112096685 rs72952463 0.0021633000000000004
3 112096877 rs112848766 0.72302
3 112097370 rs79462600 0.60651
3 112097410 rs113535322 0.51457
3 112097844 rs1906520 0.0023261999999999996
3 112098723 rs7641033 8.6289e-06
3 112098907 rs2633598 0.0071221
3 112099261 rs78655813 8.8335e-19
3 112099603 rs2633597 0.43355
3 112099647 rs9822923 0.0023054000000000004
3 112099702 rs112514184 0.83336
3 112100198 rs112143210 0.21252
3 112100239 rs2971203 0.017922999999999998
3 112100473 rs11709692 0.02274
3 112100640 rs11709796 0.025369
3 112100911 rs11710577 0.23365
3 112100943 rs56153231 0.036347000000000004
3 112100973 rs55723685 0.034714
3 112101315 rs9832976 4.1922e-09
3 112101323 rs111862576 0.67588
3 112101576 rs2220402 0.060365999999999996
3 112101815 rs116255063 0.98115
3 112102024 rs2633596 0.40488
3 112102550 rs116805052 0.65017
3 112102565 rs2633595 0.010589
3 112102805 rs535262616 0.9747
3 112102964 rs2633594 2.0971e-12
3 112103071 rs12633806 2.6645e-12
3 112103140 rs6438069 4.0457999999999994e-06
3 112103300 rs2244035 0.0093604
3 112103352 rs138380652 0.1042
3 112103919 rs1565186 1.4968e-13
3 112104832 rs2244228 0.24635
3 112104875 rs1032239 7.5547e-05
3 112105081 rs114740673 0.68412
3 112105089 rs62262360 0.14461
3 112105134 rs1488264 0.46948
3 112105265 rs72952484 0.21356
3 112105316 rs767520895 0.58931
3 112105769 rs1386897 0.19779000000000002
3 112105863 rs2244350 0.00017384
3 112105999 rs375126538 0.3824
3 112106055 rs2683898 0.18929
3 112106123 rs2633592 0.19812000000000002
3 112106214 rs186612712 0.021932
3 112106293 rs113131090 0.22285
3 112106352 rs9647327 0.25196999999999997
3 112106491 rs73856020 0.7104
3 112106633 rs2683897 0.18796
3 112106691 rs114883504 0.21339
3 112106760 rs2683896 0.19668
3 112107255 rs2087259 0.19688
3 112107594 rs2399427 0.025757
3 112108009 rs2633591 0.18846
3 112108115 rs74765598 8.335500000000001e-19
3 112108303 rs74848318 0.75549
3 112108423 rs182572805 0.60125
3 112108433 rs6771321 1.3833e-07
3 112108664 rs112853887 0.7799
3 112108667 rs77790246 0.0064498
