CHR BP SNP P
13 30962360 rs142755666 0.64293
13 30962678 rs73165266 0.0028377
13 30962752 rs2388538 0.12800999999999998
13 30962804 rs885562 0.8056399999999999
13 30962846 rs192447790 0.9894
13 30963204 rs183738019 0.61537
13 30963409 rs73165269 0.0028984
13 30963468 rs11616517 0.61566
13 30963700 rs77059888 0.78138
13 30963749 rs553560648 0.45061
13 30963857 rs562588222 0.9398700000000001
13 30963923 rs12867032 0.24735
13 30964077 rs12869586 0.17522000000000001
13 30964159 rs7986129 0.20876
13 30964283 rs9508721 0.20819000000000001
13 30964410 rs7988131 0.21097
13 30964431 rs9508722 0.21111999999999997
13 30964550 rs7987063 0.20524
13 30964655 rs190641269 0.30967
13 30964660 rs181400207 0.63313
13 30964819 rs9508724 0.8540700000000001
13 30964954 rs6490457 0.9580700000000001
13 30965028 rs6490458 0.21164000000000002
13 30965065 rs6490459 0.21151
13 30965460 rs111348372 0.062117
13 30965774 rs150805586 0.41353999999999996
13 30965822 rs76912268 0.25518
13 30965975 rs74046004 0.27453
13 30966203 rs74046005 0.16943
13 30966238 rs115447679 0.27007
13 30966251 rs9551906 0.4638
13 30966751 rs115999247 0.59321
13 30966999 rs74046006 0.87313
13 30967530 rs9550562 0.48663
13 30967575 rs73165274 0.002684
13 30967917 rs73165275 0.0026704
13 30968857 rs7327256 0.5320699999999999
13 30969210 rs764566572 0.70426
13 30969319 rs143455209 0.99275
13 30969325 rs56081333 0.002539
13 30969457 rs7995999 0.8752700000000001
13 30969819 rs35624900 0.3786
13 30970010 rs41499344 0.079524
13 30970300 rs183263950 0.0031466999999999997
13 30970401 rs74046008 0.16369
13 30970469 rs73165278 0.0033154000000000005
13 30971018 rs9551911 0.9643799999999999
13 30971023 rs9551912 0.20723000000000003
13 30971074 rs9550563 0.9648100000000001
13 30971104 rs55654158 0.0051688
13 30971206 rs9551913 0.9683799999999999
13 30971237 rs12855287 0.35628000000000004
13 30971254 rs55900136 0.24648
13 30971421 rs2892545 0.94495
13 30971571 rs191856192 0.059879999999999996
13 30971582 rs2388540 0.79219
13 30971808 rs9579564 0.27658
13 30971977 rs55952770 0.0042982
13 30972060 rs56245577 0.0044416
13 30972067 rs7981388 0.098669
13 30972082 rs7981087 0.0973
13 30972445 rs5028431 0.9237200000000001
13 30972479 rs55840653 0.0042158000000000004
13 30972497 rs5028430 0.9665600000000001
13 30972523 rs5028429 0.52657
13 30972664 rs6490460 0.96731
13 30972820 rs193235240 0.66409
13 30973492 rs116980820 0.49481
13 30973842 rs77148471 0.5021899999999999
13 30974266 rs138575348 0.27647
13 30974376 rs7331977 0.85839
13 30975171 rs112644000 0.50407
13 30975213 rs9508727 0.92225
13 30975286 rs2039157 0.5533899999999999
13 30975558 rs79442565 0.11765
13 30975631 rs73447900 0.48951999999999996
13 30975860 rs117138640 0.34365
13 30976220 rs4769828 0.47934
13 30976227 rs75114264 0.44542
13 30976240 rs35052580 0.308
13 30976301 rs11618922 0.46451000000000003
13 30976738 rs4769830 0.76944
13 30976845 rs6490461 0.0028742
13 30977372 rs73165287 0.003638
13 30977609 rs2149848 0.63668
13 30977862 rs61949661 0.50947
13 30977883 rs73165289 0.0036506999999999998
13 30978545 rs11617328 0.32750999999999997
13 30978693 rs117157775 0.78376
13 30980265 rs9579566 0.02878
13 30980319 rs7999704 0.13899
13 30981374 rs9508731 0.030376999999999998
13 30982367 rs61949663 0.73895
13 30982815 rs567892716 0.40609
13 30987135 rs570835117 0.97749
13 30987275 rs143308991 0.82106
13 30989163 rs74421496 0.46381000000000006
13 30989670 rs2104735 0.017497
13 30989792 rs2094711 0.77284
13 30990048 rs2104736 0.68188
13 30993588 rs78365576 0.026271
13 30994430 rs7986681 0.4769
13 30995409 rs9508742 0.8777200000000001
13 30995534 rs77756293 0.6293300000000001
13 30995819 rs186147529 0.4631
13 30995903 rs116956500 0.41151000000000004
13 30996934 rs759921557 0.17567
13 30997071 rs118140868 0.44178999999999996
13 30997114 rs11843108 0.83411
13 30997546 rs9579569 0.14976
13 30997680 rs7319674 0.81495
13 30997831 rs7320510 0.8111
13 30998471 rs66505256 0.80025
13 30999208 rs12877352 0.7973
13 30999476 rs9579571 0.11304000000000002
13 30999907 rs11618418 0.79232
13 30999989 rs145329207 0.011340000000000001
13 31000363 rs11839412 0.79448
13 31000521 rs9579572 0.16979
13 31001708 rs559282566 0.52274
13 31001758 rs192424041 0.47978999999999994
13 31002373 rs2892546 0.8035399999999999
13 31002937 rs61949666 0.013005000000000001
13 31003425 rs11617940 0.8519700000000001
13 31003618 rs1141362 0.9465600000000001
13 31003646 rs1141363 0.8528700000000001
13 31004141 rs114142635 0.058101
13 31004255 rs55849061 0.8777299999999999
13 31004383 rs67905387 0.8504200000000001
13 31004888 rs4769035 0.8698299999999999
13 31004952 rs74046023 0.16102
13 31005045 rs4769832 0.8698100000000001
13 31005134 rs4769833 0.9022100000000001
13 31005142 rs4769036 0.78222
13 31005212 rs28370424 0.15297
13 31005784 rs73167305 0.62403
13 31006880 rs12869179 0.89151
13 31007200 rs11839342 0.7808
13 31007476 rs2388542 0.8806799999999999
13 31007508 rs4643158 0.15461
13 31007519 rs183104445 0.52766
13 31007818 rs7991117 0.49988
13 31007977 rs11619246 0.87744
13 31009105 rs539523295 0.42966000000000004
13 31010344 rs7998275 0.7762399999999999
13 31010795 rs5026917 0.74566
13 31011741 rs55900911 0.25106
13 31011803 rs139756777 0.45364
13 31011870 rs4769834 0.00088539
13 31011872 rs4769835 0.41534
13 31012904 rs1928496 0.31829
13 31013063 rs139571700 0.32481
13 31013328 rs6416344 0.55757
13 31013903 rs116854427 0.67399
13 31014378 rs7139574 0.39342
13 31015138 rs7321331 0.45771999999999996
13 31015154 rs9506311 0.46105
13 31015477 rs7985755 0.17882
13 31016979 rs1331698 0.5285
13 31017258 rs12855502 0.60006
13 31017268 rs12856169 0.48728
13 31017285 rs7335843 0.14492
13 31017751 rs1412124 0.35401
13 31018383 rs117168996 0.055393
13 31018866 rs74046025 0.25477
13 31019151 rs2388543 0.9070799999999999
13 31019284 rs113911431 0.23856
13 31019338 rs142039615 0.87713
13 31019580 rs73167313 0.8707
13 31019786 rs114938105 0.9083700000000001
13 31020063 rs80003978 0.98559
13 31020087 rs7994488 0.94989
13 31020249 rs144167793 0.0080387
13 31020284 rs139904702 0.46651000000000004
13 31020321 rs9508747 0.58445
13 31020585 rs116931731 0.040868
13 31020699 rs17074612 0.71
13 31021262 rs145227321 0.066928
13 31021504 rs73449768 0.80018
13 31021725 rs73449772 0.47555
13 31021968 rs74046027 0.9914799999999999
13 31022637 rs775488128 0.7174699999999999
13 31022829 rs1331699 0.8515799999999999
13 31023297 rs55654259 0.6379
13 31023820 rs55660704 0.22643000000000002
13 31024172 rs555179333 0.6017
13 31025040 rs112759428 0.5091600000000001
13 31025074 rs73449777 0.64931
13 31025452 rs9315009 0.68757
13 31025500 rs139769078 0.22065
13 31025521 rs9315010 0.71722
13 31025570 rs192432180 0.22374000000000002
13 31025634 rs9579574 0.6833600000000001
13 31025903 rs7319455 0.63941
13 31026227 rs7324574 0.53522
13 31026830 rs73167315 0.6561600000000001
13 31026847 rs7989401 0.6150800000000001
13 31027237 rs185113974 0.27392
13 31027274 rs137943681 0.54364
13 31028045 rs73449781 0.71115
13 31028052 rs67455627 0.61751
13 31029053 rs148463513 0.53668
13 31029166 rs115618150 0.28278000000000003
13 31029918 rs188289724 0.30354000000000003
13 31029931 rs7986094 0.68178
13 31030011 rs9578174 0.6762
13 31030121 rs186665532 0.067346
13 31030468 rs9508748 0.6502399999999999
13 31030917 rs74046030 0.61207
13 31031088 rs57106117 0.86355
13 31031097 rs74046032 0.8633
13 31031319 rs61437872 0.8582700000000001
13 31031504 rs9579575 0.67252
13 31031845 rs74046035 0.22774
13 31031884 rs1360485 0.6863
13 31032099 rs138546466 0.96688
13 31032457 rs7993324 0.72378
13 31032697 rs56119368 0.77604
13 31032717 rs2039338 0.81384
13 31032860 rs184723202 0.39041
13 31033215 rs17074615 0.58123
13 31033232 rs1045411 0.5967100000000001
13 31033635 rs189957591 0.26516999999999996
13 31034888 rs140884987 0.3806
13 31036365 rs7997142 0.6815
13 31036544 rs4540927 0.080899
13 31036557 rs17074619 0.52195
13 31036642 rs3742305 0.62274
13 31036837 rs1060348 0.9882
13 31037213 rs969248 0.5463600000000001
13 31037445 rs983723 0.5031399999999999
13 31037903 rs2249825 0.62425
13 31038278 rs112688675 0.4884
13 31038348 rs73451924 0.5230199999999999
13 31038651 rs1056130 0.60652
13 31040482 rs77376623 0.46369
13 31040943 rs2388545 0.43793999999999994
13 31041279 rs2388546 0.57921
13 31041527 rs143816855 0.081506
13 31041595 rs1412125 0.51955
13 31041897 rs74046037 0.22529000000000002
13 31041916 rs1331700 0.145
13 31042452 rs11842871 0.58344
13 31042504 rs9508751 0.47994
13 31042752 rs9508752 0.47548999999999997
13 31043475 rs2892547 0.49136
13 31043808 rs2388547 0.78509
13 31044070 rs112829776 0.66938
13 31044480 rs76498459 0.48712
13 31044546 rs75918219 0.029832
13 31044808 rs12874091 0.17367
13 31044885 rs112224045 0.8306600000000001
13 31045326 rs1291084 0.57817
13 31045340 rs7996887 0.16252
13 31045436 rs74507695 0.20978000000000002
13 31045519 rs9508753 0.60844
13 31046128 rs8002584 0.81037
13 31046305 rs6490464 0.79406
13 31046324 rs111236148 0.51586
13 31046362 rs6490465 0.14768
13 31046390 rs9315011 0.15309
13 31046447 rs6490466 0.14901
13 31047138 rs74046039 0.2514
13 31047249 rs2026751 0.1492
13 31047491 rs7323681 0.077106
13 31047717 rs7325616 0.64865
13 31048169 rs9551924 0.44372
13 31048270 rs4343121 0.45828
13 31048643 rs4353357 0.6852199999999999
13 31048756 rs12430326 0.13682
13 31048845 rs4519192 0.63747
13 31049461 rs61949687 0.638
13 31049491 rs61949688 0.22391
13 31050070 rs2388548 0.091798
13 31050253 rs7332875 0.24416999999999997
13 31050978 rs183819323 0.9325
13 31051037 rs73451973 0.35484
13 31051237 rs8001421 0.20863
13 31051614 rs66555878 0.49304
13 31051712 rs73167319 0.5599
13 31051738 rs17074629 0.56213
13 31051895 rs7339160 0.077894
13 31052068 rs73167321 0.57526
13 31052075 rs9508754 0.6129
13 31052344 rs67510666 0.56935
13 31052410 rs67735674 0.62115
13 31052660 rs115834200 0.93494
13 31053333 rs9506314 0.0019826
13 31053923 rs67587035 0.37665
13 31054043 rs78856638 0.047083
13 31054166 rs1467719 0.67812
13 31054210 rs1467718 0.62016
13 31054330 rs1467717 0.30665
13 31054814 rs7335769 0.14968
13 31054826 rs7335774 0.11945
13 31055776 rs150522659 0.95111
13 31055999 rs73167322 0.19277
13 31056281 rs9550568 0.58114
13 31056768 rs9551925 0.55908
13 31056925 rs4769838 0.41677
13 31058239 rs7339009 0.099008
13 31058627 rs146262412 0.00013252
13 31059084 rs17074652 2.0479e-05
13 31059553 rs35193740 1.9553e-05
13 31059682 rs34700691 1.6202000000000002e-05
13 31060704 rs9551926 0.002273
13 31061075 rs142173713 0.7623800000000001
13 31062190 rs7330209 1.1542999999999998e-09
13 31062699 rs143347419 1.0374e-08
13 31063069 rs9315012 0.48623
13 31063191 rs9315013 0.48426
13 31064114 rs9578177 0.0016819000000000003
13 31064941 rs17663098 0.27479000000000003
13 31065057 rs17074661 0.94611
13 31065433 rs182558111 4.7198e-09
13 31065933 rs111562058 0.73719
13 31066075 rs151105956 0.25565
13 31066350 rs111637214 0.26139
13 31066486 rs77610201 0.093936
13 31066713 rs73167325 0.098512
13 31067113 rs73167326 0.00092065
13 31067546 rs146457761 4.9381999999999996e-05
13 31067619 rs184384795 4.708e-09
13 31067674 rs115479304 0.13005999999999998
13 31067683 rs148272719 4.7653000000000005e-09
13 31067782 rs141383881 0.0001129
13 31067846 rs138141788 0.00020123
13 31067957 rs118015972 4.771e-09
13 31068293 rs147474498 0.0001252
13 31068529 rs190311427 5.6006e-09
13 31068744 rs60247847 0.27073
13 31069970 rs9578178 4.7519e-11
13 31070164 rs146884478 7.9169e-09
13 31070180 rs139658950 4.9811000000000005e-09
13 31070212 rs9579583 2.1306e-11
13 31070732 rs146439586 4.5696000000000004e-09
13 31070983 rs7988478 0.00011093
13 31071037 rs150085905 8.7215e-09
13 31071237 rs12431309 2.2969000000000001e-07
13 31071263 rs188531110 8.7772e-09
13 31071267 rs145478881 8.820100000000001e-09
13 31071350 rs17605768 1.7518e-11
13 31071437 rs9508757 4.8006e-06
13 31071518 rs113743340 0.00011326
13 31071774 rs112612237 4.1788e-12
13 31072010 rs115130084 7.9108e-05
13 31072191 rs141909444 0.63426
13 31072349 rs9579584 1.9355e-07
13 31072447 rs12428576 1.9035999999999997e-07
13 31072636 rs61947766 2.7538e-10
13 31072664 rs146381077 0.55083
13 31072960 rs12019566 1.6939999999999998e-08
13 31073117 rs12583377 3.3201e-10
13 31073220 rs34388067 4.6461e-06
13 31073706 rs576703888 0.24214000000000002
13 31073735 rs7984962 1.6353e-08
13 31073853 rs7986442 1.7454000000000002e-08
13 31073866 rs9579586 3.602200000000001e-10
13 31074203 rs118188773 1.0287e-08
13 31074310 rs117171113 9.1955e-09
13 31074339 rs7326847 2.0909999999999997e-08
13 31074479 rs77038921 0.38991
13 31074487 rs141388503 0.00014311
13 31074938 rs146115623 9.1396e-09
13 31075863 rs9506317 1.9674e-08
13 31075878 rs9579587 3.5593e-10
13 31076750 rs4415869 0.9031899999999999
13 31076776 rs4494391 0.00014795
13 31077234 rs61947767 6.821899999999999e-05
13 31077993 rs140255684 6.915899999999999e-09
13 31078118 rs9579588 2.2298e-08
13 31078511 rs9315015 4.0006e-11
13 31078796 rs117731450 0.06727999999999999
13 31078840 rs9578179 1.0348999999999999e-08
13 31079786 rs34391864 0.00061437
13 31079837 rs9508766 0.76842
13 31080015 rs9551929 0.05395
13 31080093 rs9508767 0.038098
13 31080602 rs79490712 0.055913
13 31080791 rs17074675 0.044639
13 31081102 rs61217059 0.064029
13 31081328 rs117112912 0.00037104
13 31081385 rs60836250 0.063993
13 31081455 rs17074676 0.06428500000000001
13 31081467 rs79959142 0.057512
13 31081685 rs17074678 0.98362
13 31081844 rs77012789 0.10779000000000001
13 31081898 rs35134064 0.61154
13 31082060 rs35801088 0.51844
13 31082232 rs140404267 0.030516
13 31082358 rs117381447 0.14695999999999998
13 31082374 rs73454315 0.075145
13 31082386 rs112525641 0.07195499999999999
13 31082487 rs112036172 0.073351
13 31082914 rs75623756 0.14157
13 31082918 rs77248594 0.14149
13 31083275 rs117164405 0.084275
13 31083438 rs9508768 3.1659e-05
13 31083678 rs7328428 0.14987999999999999
13 31083797 rs74046053 0.059881
13 31084262 rs61124415 0.059910000000000005
13 31084395 rs58727101 0.056932
13 31084627 rs58725178 0.057951
13 31084699 rs17074679 0.1199
13 31084748 rs17074681 0.80716
13 31086573 rs17068097 0.055535
13 31086632 rs17068100 0.056406
13 31086979 rs55957524 0.055082000000000006
13 31087025 rs571966577 0.79578
13 31087092 rs140070134 0.7125199999999999
13 31087116 rs55972812 0.055238
13 31087156 rs55738599 0.05977999999999999
13 31087262 rs60512374 0.045984
13 31087598 rs17074684 0.058815
13 31087939 rs142663283 0.8540700000000001
13 31088009 rs74046056 0.057696000000000004
13 31088023 rs74483103 0.057097
13 31088133 rs58225147 0.056540999999999994
13 31088180 rs56670174 0.8380299999999999
13 31088208 rs7337420 1.9165e-05
13 31088233 rs17074686 0.057442999999999994
13 31088650 rs3742304 0.058811
13 31088936 rs59903983 0.81117
13 31089908 rs117350208 0.5001800000000001
13 31089958 rs146236967 0.22191
13 31091551 rs78100989 0.11105999999999999
13 31091694 rs78242753 0.010661
13 31091761 rs2014826 0.47061000000000003
13 31091988 rs17074691 0.48776
13 31092216 rs79189948 0.050953
13 31092318 rs885152 0.011304
13 31092808 rs75910846 0.011461
13 31092921 rs74620557 0.010822
13 31093106 rs7335287 0.50284
13 31093204 rs79419248 0.0060203999999999995
13 31093358 rs149508653 0.082412
13 31093438 rs9669891 0.56589
13 31093606 rs372669888 0.37742
13 31093774 rs73454338 0.88951
13 31094021 rs7983751 0.36595
13 31094243 rs75811887 0.84236
13 31094247 rs139251845 0.6921
13 31094256 rs146084321 0.59263
13 31095367 rs58777834 0.6853
13 31095752 rs56087056 0.68313
13 31096108 rs79437412 0.17840999999999999
13 31096389 rs9508772 0.066274
13 31096501 rs7332314 0.39966
13 31096630 rs7332693 0.37643000000000004
13 31096808 rs7334511 0.40574
13 31096813 rs7333411 0.37490999999999997
13 31097088 rs7139587 0.37269
13 31097240 rs17074695 0.7408600000000001
13 31097316 rs7316941 0.38761
13 31097573 rs7338997 0.38266
13 31097577 rs75201249 0.89494
13 31097642 rs7317541 0.37305
13 31097800 rs7139735 0.35691999999999996
13 31098041 rs7321258 0.35457
13 31099124 rs9506323 0.29367
13 31099500 rs9506324 0.32896
13 31099659 rs9551931 0.30599
13 31100233 rs9550571 0.17599
13 31100322 rs76082642 0.8857
13 31100476 rs4769839 0.044139
13 31100502 rs79430729 1.7200999999999998e-06
13 31100994 rs9508776 0.1708
13 31100998 rs9508777 0.15824000000000002
13 31101473 rs114113196 0.29761
13 31102759 rs9506325 0.022387999999999998
13 31103047 rs4769840 0.08916900000000001
13 31104008 rs75321397 0.082438
13 31104467 rs9579595 0.034059
13 31104539 rs78481132 0.46931999999999996
13 31104815 rs9578182 0.44404
13 31105158 rs61003188 0.086489
13 31105403 rs58355267 0.10534
13 31106413 rs9579596 0.070237
13 31106895 rs181064019 0.72968
13 31107754 rs147384958 0.23725
13 31107818 rs9578183 0.24729
13 31108216 rs113874861 0.65253
13 31108218 rs111485498 0.68296
13 31108226 rs368381316 0.11460999999999999
13 31108655 rs140319004 0.83388
13 31108727 rs4769841 0.49318999999999996
13 31108750 rs7993867 0.66301
13 31109297 rs9551933 0.73988
13 31109827 rs113285053 0.053855999999999994
13 31110510 rs556164886 0.098464
13 31110609 rs77386427 0.062416
13 31111790 rs912393 0.71017
13 31111837 rs117281533 0.049943
13 31112376 rs74756836 0.51883
13 31112978 rs118063378 0.11800000000000001
13 31113000 rs17358096 0.64591
13 31113128 rs113762469 0.63888
13 31113197 rs111515695 0.64983
13 31113379 rs11618202 0.14259000000000002
13 31113930 rs7992176 0.048833999999999995
13 31115185 rs73454373 0.28153
13 31115203 rs76386208 0.28941999999999996
13 31115204 rs144263979 0.5896399999999999
13 31115338 rs76372878 0.35628000000000004
13 31116194 rs77954118 0.70499
13 31116272 rs115947602 0.32721999999999996
13 31116462 rs142550272 0.64286
13 31116522 rs80111791 0.31938
13 31116998 rs9579598 0.37081
13 31117125 rs9508790 0.54496
13 31117675 rs79960841 0.41663
13 31118532 rs7337652 0.22987
13 31119882 rs80351126 0.55133
13 31120277 rs9508791 0.6422399999999999
13 31120367 rs9508792 0.70122
13 31121327 rs117025320 0.31751
13 31121700 rs78728818 0.49691
13 31122656 rs78441585 0.31461999999999996
13 31123300 rs9508793 0.4575
13 31123302 rs9508794 0.45768000000000003
13 31123436 rs4769040 0.6288699999999999
13 31123984 rs4769844 0.63888
13 31123994 rs4769845 0.40664
13 31124073 rs4769846 0.57499
13 31124651 rs9508795 0.7057100000000001
13 31124678 rs9506337 0.79508
13 31125662 rs4769847 0.39007
13 31127351 rs77187977 0.10378
13 31127894 rs11618264 0.088646
13 31127975 rs17074712 0.48423
13 31129000 rs4769848 0.3717
13 31129386 rs9578186 0.5997
13 31130245 rs9508796 0.3133
13 31130339 rs7338920 0.34893
13 31130539 rs9508797 0.29349000000000003
13 31130842 rs8001337 0.81171
13 31130894 rs8001518 0.27076999999999996
13 31130986 rs7981042 0.27238
13 31131084 rs7984483 0.2698
13 31131185 rs7984366 0.27839
13 31131369 rs56893872 0.27208000000000004
13 31131436 rs9508798 0.26271
13 31131615 rs17074718 0.23917
13 31132712 rs1570613 0.35882
13 31133133 rs1331697 0.8595299999999999
13 31133519 rs116585452 0.31173
13 31133924 rs9551939 0.41052
13 31134313 rs1556427 0.10377
13 31134432 rs1556428 0.08177000000000001
13 31134712 rs1556429 0.11942
13 31134741 rs7982514 0.32837
13 31134749 rs117393265 0.086798
13 31135463 rs7989032 0.41163
13 31135492 rs9508801 0.99329
13 31135656 rs9506340 0.30677
13 31140005 rs7985159 0.54708
13 31143391 rs9579606 0.85509
13 31145248 rs9579607 0.84806
13 31145558 rs112900582 0.51778
13 31145722 rs7333685 0.5009100000000001
13 31146486 rs567388181 0.6402
13 31147764 rs7986336 0.15202000000000002
13 31148643 rs73167354 0.0145
13 31149315 rs7334905 0.91001
13 31149837 rs2150796 0.9930700000000001
13 31150007 rs73456532 0.24647
13 31150262 rs73456534 0.2127
13 31150420 rs56108229 0.24233000000000002
13 31150815 rs17074754 0.24159
13 31152826 rs74898534 0.09275800000000001
13 31153436 rs17074757 0.9149299999999999
13 31155422 rs9551942 0.024965
13 31156539 rs9579611 0.33758
13 31156632 rs9551943 0.67219
13 31159911 rs4769851 0.23112
13 31159924 rs116046790 0.84193
13 31160299 rs34344516 0.14048
13 31160846 rs9508804 0.93184
13 31162098 rs4769852 0.42303999999999997
13 31162125 rs17681594 0.4241
