CHR BP SNP P
16 27249547 rs138108237 0.5987399999999999
16 27250276 rs4787941 6.0441000000000006e-05
16 27250487 rs35187969 1.7847e-15
16 27250506 rs34722339 2.2746e-15
16 27250658 rs35788748 8.859e-16
16 27251038 rs371565146 0.24313
16 27251206 rs4787415 6.4785e-05
16 27251303 rs118179628 0.57293
16 27251623 rs544000735 0.8137300000000001
16 27253663 rs72782373 0.056612
16 27254131 rs4499236 5.7607e-05
16 27254179 rs4531736 8.3626e-06
16 27254328 rs12924419 7.235600000000001e-05
16 27254855 rs76780921 0.13840999999999998
16 27254878 rs185291703 0.16084
16 27254960 rs4553637 0.00021049
16 27255002 rs4536480 2.6911e-06
16 27255106 rs114919067 0.14527
16 27255349 rs4410081 1.9953e-06
16 27255557 rs79939181 0.13310999999999998
16 27255623 rs78629678 0.050229
16 27256107 rs537731951 0.00061394
16 27256129 rs12446162 1.1174000000000002e-15
16 27256223 rs114031262 0.17628
16 27256319 rs12934622 1.7234999999999999e-06
16 27256355 rs149558885 0.8293
16 27256562 rs11644287 1.9556e-06
16 27256748 rs114723873 0.44572
16 27257064 rs777873059 0.51055
16 27257363 rs115317971 0.32511
16 27257583 rs11860191 2.4512e-06
16 27257810 rs74815164 0.31999
16 27258504 rs115594485 0.43961999999999996
16 27258704 rs12923010 1.7969e-05
16 27258881 rs77183237 0.30881
16 27259013 rs12598841 1.1823999999999999e-06
16 27259091 rs12598864 1.5783000000000002e-06
16 27259184 rs140975413 0.42338000000000003
16 27259435 rs4787943 3.3605e-05
16 27259555 rs7359403 2.1589e-05
16 27259818 rs539978127 0.19043
16 27260196 rs6498004 9.9633e-16
16 27260954 rs4468629 1.7115e-06
16 27261169 rs200406906 0.27321999999999996
16 27261679 rs113336335 0.13772
16 27261974 rs12919473 1.6879e-06
16 27262786 rs79568779 0.41052
16 27262793 rs76388641 0.42751000000000006
16 27262843 rs4414501 3.2446999999999996e-05
16 27262889 rs4787944 2.2057e-05
16 27263706 rs80323726 0.07661
16 27263773 rs4545819 9.9543e-16
16 27263902 rs4349150 2.2146999999999996e-05
16 27263930 rs148773964 0.31469
16 27263971 rs4267310 2.1821e-05
16 27264154 rs139462736 0.64694
16 27264218 rs144246772 0.55985
16 27264289 rs112396887 0.14352
16 27265323 rs75641118 0.1668
16 27265470 rs4238952 2.0373e-05
16 27265762 rs111576311 0.24949000000000002
16 27265820 rs72782377 0.037150999999999997
16 27266817 rs4787417 1.9964e-05
16 27267051 rs12445023 1.0792e-15
16 27267309 rs7189192 1.8882e-12
16 27267403 rs7187853 1.9984e-05
16 27267419 rs80321706 0.17527
16 27268000 rs557220523 0.19807
16 27268078 rs79534971 0.17405
16 27268219 rs79814007 0.12365
16 27268779 rs7195194 3.8525e-05
16 27269023 rs7201652 8.3641e-16
16 27269081 rs7200596 1.9449e-05
16 27269114 rs12928578 2.6481e-07
16 27269149 rs78334888 0.13289
16 27269150 rs117564667 0.52522
16 27269241 rs116766391 1.3888e-06
16 27270200 rs6498005 1.9095e-05
16 27270337 rs7184503 4.2153e-05
16 27270607 rs9940555 1.7064e-05
16 27270847 rs76802777 0.13435999999999998
16 27270908 rs117688077 0.39196
16 27270983 rs114900634 0.13533
16 27271072 rs4787418 9.064100000000001e-13
16 27271217 rs4787419 9.0094e-13
16 27271931 rs56763897 0.58441
16 27272753 rs11643082 1.3805e-12
16 27274511 rs4787420 1.6992999999999998e-05
16 27274910 rs11074849 1.2603e-12
16 27274977 rs533287624 0.1121
16 27275248 rs11646066 0.0013725999999999999
16 27275618 rs190349732 0.18687
16 27275740 rs55946348 0.32702
16 27275753 rs143460625 8.7629e-05
16 27275839 rs116991841 0.0070439
16 27276137 rs12448009 7.1765e-16
16 27276463 rs4399540 9.5072e-13
16 27276651 rs6498007 4.933099999999999e-16
16 27276727 rs4523932 2.4735999999999998e-05
16 27277056 rs7195219 8.801700000000001e-16
16 27277425 rs7195953 5.7142e-16
16 27278627 rs72782383 0.00047328
16 27278628 rs576733655 0.023234
16 27278636 rs116942558 0.35170999999999997
16 27279347 rs9930726 5.1306999999999995e-05
16 27279526 rs12102807 4.3623e-05
16 27279818 rs75630104 5.1276e-05
16 27280215 rs778082992 0.89969
16 27280632 rs8052566 2.0918e-14
16 27281429 rs12149695 2.7635999999999998e-05
16 27281686 rs745576619 0.9373799999999999
16 27281802 rs4787945 5.3137e-16
16 27281805 rs4787946 5.1075e-16
16 27281891 rs4787422 5.5964e-16
16 27282146 rs34871055 1.1326e-15
16 27282747 rs9921458 6.5062e-16
16 27284099 rs12923804 6.1645e-16
16 27284288 rs140451940 0.46288999999999997
16 27284395 rs62028358 0.0038357
16 27284574 rs7195717 1.1555999999999999e-15
16 27284710 rs117530526 0.022257
16 27285813 rs7184464 1.094e-15
16 27285997 rs181747559 0.30946
16 27286743 rs190931389 0.009502
16 27287749 rs34213837 1.014e-08
16 27287785 rs4581704 4.5377e-16
16 27287994 rs145991786 7.2535e-06
16 27288166 rs577020098 0.15033
16 27288407 rs8046004 5.399899999999999e-16
16 27288851 rs7192007 0.46187
16 27289977 rs149366685 7.603099999999999e-06
16 27290017 rs61381101 0.56326
16 27290027 rs192537669 0.17702
16 27290377 rs62028359 0.00022669999999999998
16 27292969 rs115065967 0.08816399999999999
16 27293695 rs145532972 0.0085214
16 27293858 rs534574875 0.9304
16 27293886 rs34830380 0.00066698
16 27294131 rs28709245 0.13305
16 27294527 rs113523792 0.55274
16 27296064 rs12597747 0.42127
16 27296112 rs185770917 0.70481
16 27296690 rs4547335 0.00012877
16 27299102 16:27299102_C_T 0.42977
16 27299270 rs146410794 0.47365
16 27299669 rs71388090 2.1619000000000002e-16
16 27300315 rs8043633 0.0025965
16 27300596 rs11074852 6.5022e-09
16 27300887 rs143891856 0.97631
16 27300953 rs143041923 0.0019265
16 27301384 rs8050048 1.7630000000000002e-17
16 27302450 rs146470293 0.59839
16 27302695 rs140792372 2.9741999999999997e-07
16 27302729 rs8056488 4.3261e-24
16 27302913 rs114202292 0.54237
16 27303022 rs7202936 0.45796000000000003
16 27303287 rs7204874 0.50266
16 27303406 rs78214897 0.54783
16 27303697 rs142978682 0.62448
16 27304328 rs117481168 0.026514999999999997
16 27304848 rs12933581 3.3313999999999996e-24
16 27304870 rs150693891 2.5369e-07
16 27305261 rs72782385 0.51886
16 27306644 rs8059713 1.6672999999999997e-23
16 27307386 rs7350849 5.277e-24
16 27307687 rs4360944 2.5522000000000003e-24
16 27307739 rs4309400 1.5107000000000002e-23
16 27308023 rs753030935 0.48962
16 27308031 rs9652598 0.36533000000000004
16 27308154 rs182230990 0.64142
16 27308169 rs72782386 0.5229600000000001
16 27308631 rs9745586 1.5192e-23
16 27308833 rs4453499 1.5249999999999998e-23
16 27309884 rs7186513 0.50913
16 27310233 rs183906124 0.82452
16 27310618 rs4395078 1.3264e-23
16 27311048 rs530088751 0.5556399999999999
16 27311200 rs182235124 0.83539
16 27311715 rs149887024 0.37969
16 27311821 rs187744120 0.9924200000000001
16 27312928 rs80339958 0.55329
16 27313206 rs12929683 0.00015477
16 27313425 rs147814228 8.960299999999999e-05
16 27314089 rs4238953 5.149600000000001e-24
16 27314111 rs4238954 2.1152e-23
16 27314709 rs189333029 0.23719
16 27314916 rs79294130 0.5321899999999999
16 27315551 rs752841500 0.10232999999999999
16 27315759 rs185715045 7.5674e-05
16 27315792 rs67984374 1.4027999999999998e-23
16 27316283 rs4523933 3.0017000000000003e-25
16 27316401 rs4547336 5.147699999999999e-25
16 27316576 rs4238955 6.8677e-32
16 27316882 rs191844054 0.8432700000000001
16 27317277 rs12931920 2.2084000000000002e-21
16 27317305 rs376318144 3.5603e-07
16 27318287 rs150237616 0.72065
16 27318306 rs79876653 0.97657
16 27318362 rs34050529 3.3205999999999996e-25
16 27318429 rs116206024 0.81225
16 27318482 rs35156641 1.7332999999999998e-25
16 27318568 rs138901782 0.67679
16 27318637 rs147168045 0.8307100000000001
16 27318765 rs4787947 0.069939
16 27318824 rs34645004 1.6749e-25
16 27318967 rs190411214 0.5817100000000001
16 27319343 rs77898847 1.2241e-06
16 27319378 rs12933283 5.2008e-32
16 27319661 rs72782391 0.4334
16 27319819 rs535558569 0.54301
16 27319899 rs34469358 1.6698e-25
16 27320369 rs8057585 2.4361e-25
16 27320728 rs187602836 0.98016
16 27320997 rs72782393 0.43199
16 27321063 rs72782394 0.4324
16 27321383 rs7205663 3.1353999999999996e-25
16 27321398 rs7205510 6.8572e-32
16 27322095 rs2057768 3.8787e-32
16 27322393 rs569329166 0.86693
16 27322536 rs539487373 0.042261
16 27322654 rs573229035 0.22776
16 27322678 rs78841236 0.8392299999999999
16 27322723 rs17513616 2.9759e-07
16 27322831 rs17513623 0.37645
16 27322843 rs117654266 0.52668
16 27322867 rs17513630 2.9711e-07
16 27323016 rs76363103 0.32911
16 27323034 rs78692197 0.25456999999999996
16 27323088 rs111556018 0.31003000000000003
16 27323404 rs2107356 4.7681999999999995e-06
16 27323766 rs137922723 6.617e-05
16 27323875 rs112636894 0.36769
16 27323942 rs9923338 0.49112
16 27324016 rs80229434 0.45478999999999997
16 27324038 rs76498905 0.78982
16 27325021 rs12927172 6.7139e-26
16 27325023 rs12927543 0.008843799999999999
16 27325028 rs55919742 0.40565
16 27325300 rs35311840 1.8390999999999998e-07
16 27325515 rs7186051 0.47806000000000004
16 27325634 rs372933624 0.60339
16 27325767 rs116289315 0.6241899999999999
16 27325805 rs575441777 0.6039899999999999
16 27326206 rs34872711 0.28722
16 27326268 rs7499292 2.1704000000000005e-25
16 27326279 rs116795069 1.2578e-07
16 27326800 rs147095694 0.0013714999999999999
16 27326842 rs8052962 1.4715e-25
16 27327116 rs11645013 7.0859e-18
16 27327192 rs114599038 0.79082
16 27327201 rs113001936 4.8335e-07
16 27327214 rs8060025 5.4167e-26
16 27327259 rs181945571 0.40079000000000004
16 27327558 rs549350146 0.23360999999999998
16 27328451 rs541268862 0.81708
16 27328543 rs8044444 0.017152
16 27328549 rs74895265 0.8184899999999999
16 27328602 rs578228378 0.7841899999999999
16 27328925 rs76320907 0.00025772
16 27328963 rs75902417 0.37456
16 27329078 rs79386509 0.19869
16 27329118 rs7190969 0.00742
16 27330116 rs111319849 0.7095100000000001
16 27330809 rs115977088 0.9958
16 27330934 rs9928144 0.57949
16 27330937 rs1075623 0.30546
16 27331030 rs1076238 1.8274e-06
16 27331592 rs151320495 0.017891
16 27331894 rs6498011 3.5082000000000006e-26
16 27331974 rs6498012 3.9099e-26
16 27332334 rs7187471 3.4138999999999994e-26
16 27332611 rs149027361 0.86572
16 27332823 rs777071819 0.30458
16 27333381 rs34213105 0.22138000000000002
16 27333407 rs28549978 0.59302
16 27333654 rs72782398 0.21324
16 27333670 rs779162180 0.19641
16 27333970 rs141806567 0.31251
16 27334289 rs114132031 0.23512
16 27334405 rs114784060 0.41811000000000004
16 27334830 rs144660294 2.9693999999999997e-09
16 27334963 rs117919545 0.10743
16 27335002 rs35092916 0.31519
16 27335296 rs72782399 0.037027
16 27335821 rs140903716 0.8833200000000001
16 27336129 rs117388685 0.6514300000000001
16 27336427 rs1110470 8.2917e-23
16 27336437 rs2040789 2.3998e-24
16 27336508 rs191880160 0.15813
16 27336605 rs115858782 0.21509
16 27337036 rs117122626 1.6789e-05
16 27337552 rs767799506 0.28884
16 27337595 rs80329230 0.38633
16 27337650 rs116565661 0.22155999999999998
16 27337936 rs7187232 0.15632000000000001
16 27338049 rs116315283 0.7736
16 27338080 rs115384592 0.31942
16 27338132 rs115515965 0.32145999999999997
16 27338427 rs180850721 0.89643
16 27338446 rs149080711 0.32815
16 27338630 rs114580388 0.51298
16 27339024 rs71388093 5.7045e-42
16 27339027 rs35004258 2.9512999999999995e-42
16 27339120 rs79559034 0.35658
16 27339140 rs184267617 0.5990800000000001
16 27339145 rs9673499 9.311699999999998e-42
16 27339457 rs147319893 0.33875
16 27339574 rs140991190 0.34654
16 27339762 rs58653621 3.6829999999999994e-27
16 27339940 rs148560479 0.0302
16 27340149 rs140227046 0.3974
16 27340303 rs140866137 0.55276
16 27340375 rs11866332 0.45
16 27340735 rs6498013 9.2916e-40
16 27341059 rs4787948 2.4160999999999993e-43
16 27341342 rs28565926 0.4978
16 27341535 rs56129319 0.3222
16 27341553 rs7190472 1.6926999999999999e-43
16 27341818 rs77318275 0.039437
16 27342596 rs12925861 1.3718e-43
16 27342692 rs79645468 0.78604
16 27342879 rs61373663 0.50874
16 27343479 rs2107355 3.4901e-38
16 27343515 rs2107354 1.5739e-43
16 27343963 rs4787951 2.8312999999999997e-43
16 27344115 rs56943160 0.49561000000000005
16 27344199 rs35630199 0.40706
16 27344421 rs146975524 0.90135
16 27344511 rs62029991 0.72556
16 27344694 rs147618353 1.2047e-08
16 27345114 rs3916997 5.7792999999999995e-28
16 27345121 rs7192673 0.58081
16 27345230 rs148174736 0.2878
16 27345471 rs191256235 0.52386
16 27345650 rs775113895 0.60069
16 27346354 rs2283563 1.2693e-13
16 27346592 rs149673470 3.8799e-08
16 27346953 rs546767092 0.30267
16 27347645 rs112242357 0.71283
16 27348040 rs113204088 0.7116600000000001
16 27348165 rs12708699 0.32058000000000003
16 27348275 rs112868083 0.58454
16 27348322 rs12708700 0.32095
16 27348484 rs143021546 5.864e-08
16 27348630 rs12445247 1.1576e-22
16 27348725 rs77025365 0.73573
16 27349168 rs3785356 1.2865e-43
16 27349396 rs191235205 0.65031
16 27349438 rs9940480 6.744e-34
16 27349493 rs9929928 0.33283
16 27349518 rs528363568 0.00021894
16 27349602 rs72782401 0.23446999999999998
16 27349656 rs114596684 0.9393600000000001
16 27349933 rs117070791 0.40861
16 27350012 rs2382720 6.5961e-29
16 27350687 rs3024530 2.5439e-29
16 27351338 rs2057767 5.6243000000000004e-27
16 27351675 rs35365668 0.22905999999999999
16 27351902 rs3024533 0.78194
16 27351968 rs149258878 0.8940299999999999
16 27352121 rs3024535 0.60138
16 27352241 rs143452644 0.16984000000000002
16 27352713 rs3024536 0.25699
16 27352819 rs3024537 0.2548
16 27352886 rs3024538 0.69648
16 27352935 rs3024539 0.66519
16 27352938 rs3024540 0.66945
16 27352965 rs3024541 0.72849
16 27353021 rs139150442 0.058961
16 27353082 rs117067442 0.6714100000000001
16 27353118 rs35035754 0.26802
16 27353188 rs3024542 0.69429
16 27353230 rs3024543 0.25094
16 27353268 rs3024686 0.6047100000000001
16 27353357 rs3024544 0.25636
16 27353479 rs17548704 0.2141
16 27353625 rs115326390 0.19822
16 27353785 rs3024545 0.53325
16 27353792 rs556771136 0.32278
16 27353801 rs114906480 0.20269
16 27354067 rs3024546 0.21618
16 27354155 rs115630053 0.84455
16 27354289 rs80162602 0.91707
16 27354290 rs75688795 0.7792
16 27354361 rs3024547 0.21798
16 27354491 rs113317533 0.66872
16 27354500 rs141065635 0.68016
16 27354531 rs3024548 1.6252000000000003e-26
16 27354818 rs573577735 0.37405
16 27354839 rs3024549 0.91653
16 27354947 rs3024550 0.20906999999999998
16 27355001 rs3024551 0.99787
16 27355004 rs3024552 3.945e-31
16 27355050 rs3024553 0.68247
16 27355138 rs78144591 0.063075
16 27355285 rs3024554 0.2058
16 27355349 rs3024555 0.20719
16 27355362 rs3024556 1.5424000000000002e-41
16 27355430 rs3024557 0.91076
16 27355849 rs149311794 4.044e-08
16 27355971 rs764657793 0.3883
16 27356203 rs1805010 1.9688e-26
16 27356359 rs2074572 2.7798999999999997e-42
16 27356398 rs2072130 1.0856999999999998e-42
16 27356412 rs2074571 0.60092
16 27356607 rs3024559 0.060663
16 27356655 rs56144432 1.6586e-08
16 27356667 rs3024560 7.963999999999999e-41
16 27356689 rs3024562 0.092173
16 27356741 rs3024563 0.67418
16 27356892 rs3024564 0.46726999999999996
16 27357013 rs3024565 0.54667
16 27357064 rs3024566 0.069161
16 27357108 rs3024567 0.0942
16 27357279 rs3024568 0.083229
16 27357531 rs3024569 0.81291
16 27357784 rs3024570 0.00097048
16 27357927 rs2234895 2.4684999999999997e-06
16 27358040 rs3024572 0.9356399999999999
16 27358045 rs17548726 0.24275
16 27358098 rs2301807 3.1656000000000002e-24
16 27358132 rs3024575 1.4248e-35
16 27358190 rs3024576 2.5162e-06
16 27358203 rs3024577 7.0219e-29
16 27358351 rs3024578 0.0010812999999999999
16 27358644 rs3024579 0.80587
16 27358763 rs2283562 2.0187000000000002e-21
16 27358888 rs2239349 0.0012444
16 27358948 rs2239348 1.3632e-17
16 27359021 rs2239347 2.8276e-25
16 27359061 rs2239346 3.3789000000000003e-25
16 27359066 rs115366257 0.29701
16 27359194 rs3024582 0.7769699999999999
16 27359296 rs3024583 0.0011814
16 27359515 rs145986476 5.7847e-08
16 27359575 rs3024584 0.95015
16 27359588 rs60124533 0.68177
16 27359836 rs3116578 0.24174
16 27359844 rs3024585 5.913e-29
16 27360041 rs3024586 5.321e-05
16 27360085 rs3024587 0.8813200000000001
16 27360222 rs148503893 0.29775999999999997
16 27360627 rs3024589 2.8345e-13
16 27360628 rs3024590 2.7538000000000003e-13
16 27360856 rs3024591 0.5948100000000001
16 27360932 rs3024592 0.85851
16 27361052 rs3024593 2.3872e-06
16 27361167 rs2283561 4.3532e-17
16 27361313 rs3024596 2.8064e-06
16 27361337 rs3024597 0.96672
16 27361362 rs2283560 0.066211
16 27361577 rs3024598 0.90117
16 27361793 rs2239345 0.068236
16 27362449 rs3024599 0.082072
16 27362533 rs3024600 2.0497e-06
16 27363035 rs144927874 0.30437
16 27363041 rs3024602 2.77e-06
16 27363047 rs3024603 0.0010741
16 27363230 rs3024604 2.5718e-06
16 27363265 rs3024605 0.64918
16 27363503 rs3024606 0.4288
16 27363611 rs3024607 2.2697e-06
16 27363686 rs3024608 3.6422e-25
16 27363734 rs3024609 0.9303
16 27364158 rs3024610 0.0001952
16 27364200 rs3024611 1.6804000000000002e-25
16 27364233 rs3024612 2.5887e-24
16 27364253 rs3024613 0.00019898
16 27364345 rs3024614 4.2153e-24
16 27364355 rs3024615 0.8442700000000001
16 27364472 rs3024616 0.48555
16 27364572 rs3024617 0.9842700000000001
16 27364806 rs3024619 6.183699999999999e-31
16 27364918 rs3024620 3.7490999999999998e-25
16 27365046 rs117026454 0.083891
16 27365077 rs3024690 0.8896299999999999
16 27365118 rs3024621 3.1949e-06
16 27365278 rs151096314 1.0329000000000001e-07
16 27365310 rs140152038 1.0036e-07
16 27365334 rs180870430 0.9280200000000001
16 27365453 rs3024622 7.640100000000001e-31
16 27365468 rs3024623 0.0014419
16 27365614 rs3024624 0.00018585
16 27365672 rs3024625 0.34318000000000004
16 27366030 rs3024629 1.2747e-24
16 27366126 rs3024630 2.2963e-06
16 27366296 rs3024632 0.0017782
16 27366499 rs3024633 0.0010306
16 27366562 rs3024634 6.561e-25
16 27366869 rs3024635 0.27513000000000004
16 27366972 rs56110971 0.13258
16 27366982 rs3024636 0.0011461
16 27367226 rs3024638 0.35794000000000004
16 27367279 rs116387421 0.8397700000000001
16 27367334 rs4787423 7.7192e-21
16 27367527 rs3024639 0.89846
16 27367826 rs3024644 4.4178e-25
16 27367838 rs3024692 0.64265
16 27367863 rs3024645 0.8918799999999999
16 27367907 rs3024646 0.6955899999999999
16 27367972 rs3024647 1.4216e-24
16 27367999 rs3024648 7.921400000000001e-25
16 27368098 rs3024649 0.26405
16 27368496 rs148782181 0.05807999999999999
16 27368745 rs3024650 0.25606
16 27368790 rs2891057 3.8666999999999995e-20
16 27368833 rs2891058 2.4497e-24
16 27369237 rs115110584 0.27913000000000004
16 27369495 rs3024654 0.9813799999999999
16 27369502 rs3024655 4.3696e-29
16 27369609 rs3024656 0.012125
16 27370165 rs139173507 0.016709
16 27370278 rs55988941 0.9425100000000001
16 27370288 rs2234896 0.049437
16 27370454 rs3024658 3.1008e-24
16 27370517 rs138295780 0.037612
16 27370546 rs142005955 0.031229000000000003
16 27370867 rs149411324 0.074419
16 27370986 rs115426951 0.65984
16 27371158 rs3024660 5.8295e-24
16 27371244 rs143278810 1.9103e-05
16 27371248 rs3024661 0.66074
16 27371397 rs3024662 0.00015209
16 27371420 rs3024663 0.77264
16 27371424 rs3024664 6.0637e-30
16 27371539 rs3024665 7.543999999999999e-29
16 27371571 rs3024666 2.4416e-24
16 27371584 rs3024667 1.7761e-23
16 27371669 rs56188488 1.7588999999999998e-06
16 27371949 rs3024668 1.7010000000000002e-23
16 27372272 rs550634867 0.6984
16 27372316 rs3024669 0.91517
16 27372395 rs3024670 0.16998
16 27372523 rs3024694 0.0098719
16 27372650 rs3024671 0.47255
16 27372692 rs143382253 0.004486199999999999
16 27373131 rs3024672 0.016753
16 27373467 rs3024675 0.11157
16 27373477 rs146350515 0.0092069
16 27373558 rs3024676 1.5896e-09
16 27373612 rs2234897 0.55772
16 27373817 rs146226201 0.73377
16 27373833 rs6413500 0.045659
16 27373872 rs1805011 1.4477000000000001e-06
16 27373915 rs2234898 1.1434e-06
16 27373964 rs1805012 7.2762e-07
16 27373966 rs2234899 0.046874
16 27373972 rs2234900 1.1231e-07
16 27373980 rs1805013 0.013517
16 27374077 rs200966772 0.81187
16 27374147 rs35606110 0.57519
16 27374180 rs1805015 6.0864e-10
16 27374400 rs1801275 3.5318e-11
16 27374408 rs3024677 0.012189
16 27374696 rs3024678 0.00054531
16 27374927 rs1805016 0.0042303
16 27375025 rs114396429 0.019732
16 27375029 rs1805014 0.028861
16 27375070 rs3024679 0.27269
16 27375157 rs2074570 0.12186
16 27375159 rs3024680 0.026608
16 27375200 rs3024681 0.34608
16 27375239 rs2234924 0.013397
16 27375423 rs3024682 0.54378
16 27375450 rs77218469 0.45897
16 27375556 rs150183816 0.89674
16 27375601 rs180881480 0.7479600000000001
16 27375787 rs8832 1.043e-17
16 27375889 rs8674 0.014582
16 27375984 rs55802840 0.59755
16 27376217 rs1029489 4.9655e-16
16 27376469 rs762072428 0.32558000000000004
16 27376476 rs187994148 0.16959000000000002
16 27376483 rs3024697 0.29144000000000003
16 27376637 rs2382721 1.9158e-20
16 27376748 rs72784315 0.09887
16 27376910 rs3024685 1.2350999999999999e-15
16 27377102 rs139465884 0.030458
16 27377638 rs545174318 0.40269
16 27377736 rs181137762 0.39855
16 27377768 16:27377768_G_A 0.46913
16 27378053 rs12102586 0.015421
16 27378170 rs4787955 1.6788e-08
16 27378249 rs4787956 8.1367e-20
16 27378736 rs576153846 0.81266
16 27379605 rs74016060 0.48325
16 27380023 rs149472327 0.057002
16 27380058 rs143972529 0.55384
16 27380163 rs148188764 0.38577
16 27380164 rs185231700 0.38166
16 27380387 rs117652078 0.38345999999999997
16 27380672 rs75763833 2.2296999999999995e-15
16 27380718 rs9302448 0.7695
16 27380832 rs75577043 0.34724
16 27381322 rs28720073 0.6508
16 27381383 rs139493170 0.0060579
16 27381648 rs77315098 7.1062e-16
16 27381712 rs16976728 3.7475999999999996e-15
16 27381751 rs112507215 0.8584200000000001
16 27382246 rs114348635 0.068577
16 27382561 rs9944374 0.19601
16 27382816 rs9944377 0.9457700000000001
16 27382850 rs549844315 0.069113
16 27383110 rs77687084 0.24197
16 27383399 rs538482615 0.016753
16 27383420 rs76757984 0.41796000000000005
16 27383733 rs148660349 0.35358
16 27384331 rs141274613 0.6038100000000001
16 27384368 rs4787424 3.8584000000000005e-15
16 27384383 rs4787425 4.1534e-12
16 27384629 rs13331165 0.8106
16 27384731 rs4787426 4.021e-12
16 27385308 rs140049631 6.243e-09
16 27385393 rs149012192 0.09704199999999999
16 27385451 rs61590591 5.7384e-12
16 27385464 rs143744416 0.35053
16 27385480 rs13337730 0.24018
16 27385506 rs12445135 0.8982600000000001
16 27385699 rs112431131 0.36243000000000003
16 27385744 rs192845622 0.097968
16 27386394 rs4787427 0.0075618
16 27386545 rs150161388 0.6965
16 27386690 rs144526892 0.41861000000000004
16 27386707 rs111765334 0.43811000000000005
16 27386760 rs74016062 1.2202999999999999e-11
16 27386761 rs74016063 1.8052e-11
16 27386979 rs570143192 0.049492
16 27387289 rs17786423 0.23895999999999998
16 27387809 rs139388697 0.073067
16 27388011 rs142578926 0.10605999999999999
16 27388083 rs145115415 0.072804
16 27388213 rs112869008 1.2315e-13
16 27388219 rs756655072 0.99666
16 27388501 rs4787957 6.067e-13
16 27388512 rs148196635 0.029372000000000002
16 27388529 rs150389352 0.13818
16 27388709 rs373305437 0.11957999999999999
16 27388854 rs548389521 0.040777999999999995
16 27388935 rs146005328 0.13118
16 27389038 rs56025418 0.082289
16 27389128 rs72640498 0.0043589
16 27389289 rs9928745 0.004780899999999999
16 27389411 rs7191188 0.0005838999999999999
16 27389632 rs74016065 0.09332
16 27389639 rs9939917 0.090874
16 27389699 rs772167057 0.25398000000000004
16 27389836 rs144795309 0.20335999999999999
16 27389858 rs147934628 0.9609
16 27389926 rs112731607 0.047758
16 27390048 rs537869584 0.98455
16 27390107 rs17786483 2.7021e-09
16 27390245 rs73529295 0.24019000000000001
16 27390274 rs12919770 0.0010145
16 27390547 rs9944344 0.00088079
16 27390645 rs9944343 0.0009292999999999999
16 27390751 rs77901222 0.0014995
16 27391028 rs113706520 0.27082
16 27391182 rs111613227 0.050761
16 27391198 rs12923710 0.0011322
16 27391219 rs150439891 0.20262
16 27391503 rs77985207 0.47043
16 27391538 rs72640499 0.69689
16 27391624 rs6498015 0.0012711999999999999
16 27391788 rs6498016 0.00030402
16 27391891 rs8062714 0.00036835
16 27391995 rs8046249 0.00037818
16 27392450 rs57498615 0.19905
16 27392462 rs74016066 0.45802
16 27392574 rs55741844 0.081622
16 27392622 rs74526968 0.059109
16 27392626 rs2382722 0.54838
16 27392659 rs55906456 0.09711900000000001
16 27392701 rs11074853 1.3673e-05
16 27392942 rs2040788 0.54692
16 27393096 rs569427908 0.85783
16 27393249 rs58907306 0.06250800000000001
16 27393507 rs7195407 1.1114e-05
16 27393573 rs4398113 1.304e-05
16 27393591 rs9944340 1.8657e-08
16 27393736 rs7194299 1.3194000000000001e-05
16 27393968 rs79405647 0.010916
16 27394415 rs74016067 0.26689
16 27394438 rs114988359 0.19992000000000001
16 27394773 rs62030018 0.36717
16 27394858 rs6498017 1.9289e-07
16 27394941 rs13332002 0.0021156
16 27394963 rs78397322 0.7045399999999999
16 27395178 rs757374 1.666e-07
16 27395256 rs13332151 0.0015195
16 27395396 rs139039706 0.42211000000000004
16 27395460 rs62030019 0.32139
16 27395781 rs539354040 0.051428999999999996
16 27396193 rs74016069 0.42773
16 27396326 rs79557500 0.43072
16 27396406 rs72784323 0.74642
16 27396461 rs722516 0.99816
16 27396530 rs564994225 0.017518000000000002
16 27396560 rs116076356 0.44772
16 27396563 rs186590407 0.44242
16 27396595 rs722517 1.5286e-07
16 27396721 rs62030020 0.027482
16 27397226 rs1107789 5.6466000000000005e-05
16 27397235 rs1107788 0.9881700000000001
16 27397392 rs756573528 0.40579
16 27397420 rs62030021 0.0078115
16 27397539 rs11074854 1.4295e-07
16 27397821 rs1859309 0.99046
16 27397998 rs1859308 1.3077e-07
16 27398024 rs1859307 0.98974
16 27398039 rs73531121 0.030086
16 27398064 rs534639080 0.18392
16 27398094 rs1859306 0.97326
16 27398142 rs142385568 0.9625
16 27398390 rs11074855 0.9979899999999999
16 27398555 rs10852316 0.9949100000000001
16 27398581 rs74016070 0.21606
16 27398754 rs60146582 0.027391000000000002
16 27398804 rs141572029 0.006201
16 27399008 rs59765990 0.029944
16 27399100 rs7199163 1.4465e-07
16 27399159 rs61324527 0.43498000000000003
16 27399325 rs188474305 0.62976
16 27399456 rs982205 0.00011086
16 27399526 rs77725528 0.9948600000000001
16 27399648 rs982204 0.99841
16 27399906 rs62030024 0.028776999999999997
16 27399986 rs4605171 4.5798000000000003e-07
16 27400101 rs6498018 1.4302999999999998e-07
16 27400142 rs554229967 0.085115
16 27400868 rs56402147 9.925799999999999e-05
16 27400893 rs7205704 0.00011549
16 27400987 rs148469340 0.41901000000000005
16 27401070 rs142700370 0.59539
16 27401557 rs74016071 0.30872
16 27401932 rs117209764 0.30193000000000003
16 27402155 rs141660472 0.63253
16 27402178 rs115388450 0.80637
16 27402537 rs28870797 0.19313
16 27402936 rs62030025 0.007591
16 27403190 rs58357586 0.13716
16 27403293 rs55830045 0.42253
16 27403469 rs1119132 3.5713e-07
16 27403673 rs9933895 1.7524999999999998e-07
16 27403834 rs75249146 0.9458700000000001
16 27404285 rs572512408 0.057254
16 27404431 rs117520116 0.75569
16 27404503 rs779321331 0.75647
16 27404568 rs8045119 0.48375
16 27404697 rs55903834 8.570399999999999e-05
16 27404699 rs184549080 0.068484
16 27405074 rs12932077 6.592100000000001e-05
16 27405358 rs149956240 0.12987
16 27405426 rs1988004 1.5880000000000002e-07
16 27405519 rs140487394 0.26957
16 27405607 rs777969803 0.78851
16 27405848 rs7193656 5.4566000000000006e-05
16 27405916 rs1116973 0.9852700000000001
16 27405983 rs11639739 5.889e-05
16 27406598 rs554970449 0.5233800000000001
16 27406679 rs62030026 9.353600000000001e-05
16 27406689 rs34411505 5.4071000000000005e-05
16 27406889 rs141609138 0.77954
16 27406924 rs59001120 0.45391000000000004
16 27406971 rs2382582 0.9839200000000001
16 27407460 rs542327190 0.10393
16 27407533 rs12924589 4.6173999999999995e-05
16 27407633 rs7193779 0.00010173
16 27407831 rs76407455 0.7266199999999999
16 27408301 rs183081133 0.24484
16 27408619 rs8057826 4.0116999999999996e-05
16 27408633 rs182911762 0.32978
16 27408682 rs62030027 0.004123600000000001
16 27408751 rs8058205 3.7941e-05
16 27408764 rs73531137 0.0037611999999999993
16 27408945 rs6498019 1.2082000000000002e-07
16 27408974 rs13336739 0.21586
16 27408996 rs79149638 0.17179
16 27409011 rs147143644 0.71844
16 27409080 rs6498020 1.1876e-07
16 27409108 rs189357219 0.49705
16 27409962 rs181577057 0.6714
16 27410082 rs11648218 2.4636e-05
16 27410130 rs7190377 0.49992
16 27410133 rs7189071 0.5027
16 27410264 rs73531141 0.27795
16 27410513 rs185167911 0.5092300000000001
16 27410529 rs1018949 0.24606
16 27410761 rs62030028 0.014525
16 27410829 rs2107357 1.8995e-07
16 27411034 rs148748165 0.033958999999999996
16 27411460 rs79884197 0.28051
16 27411510 rs146788149 0.31821
16 27411688 rs114993433 0.25803000000000004
16 27411802 rs2189523 2.4512e-05
16 27412414 rs8060368 0.00038568
16 27412809 rs149488819 0.48522
16 27412862 rs543211090 0.34541
16 27412867 rs77474100 0.0176
16 27413151 rs2214537 0.00044002
16 27413178 rs777783338 0.8378200000000001
16 27413269 rs757228101 0.92404
16 27413330 rs2189522 0.94937
16 27413393 rs35646287 3.4161999999999996e-05
16 27413566 rs2189521 0.6182300000000001
16 27413670 rs3826254 0.5000399999999999
16 27413850 rs961914 0.00010107
16 27413898 rs184674457 0.7510399999999999
16 27414339 rs12934152 2.1939e-05
16 27414378 rs6498021 3.3794e-09
16 27414502 rs117535117 0.04295
16 27414524 rs114226509 0.57397
16 27414536 rs79854010 0.90089
16 27414840 rs6498022 6.6341e-12
16 27414935 rs77070103 0.2773
16 27415161 rs78561566 0.95439
16 27415194 rs139564397 0.008067699999999999
16 27415214 rs56078039 0.0029956999999999996
16 27415632 rs4140673 0.0033
16 27415709 rs1160536 0.038308
16 27416210 rs179774 0.044571
16 27416360 rs2214032 0.00051709
16 27416647 rs179773 0.29016
16 27416649 rs145908313 0.18062
16 27416834 rs7206666 0.0019593
16 27416965 rs62030030 0.040427
16 27417118 rs4787958 0.97624
16 27417154 rs192094793 0.10446
16 27417283 rs9938401 0.69072
16 27417297 rs9938190 0.5202
16 27417467 rs556319449 0.1584
16 27417479 rs984710 0.2203
16 27417523 rs77287078 0.15391
16 27417645 rs179772 0.00030349
16 27417744 rs179771 6.6993e-08
16 27417854 rs181751094 0.043222000000000003
16 27417871 rs112051318 7.3685e-05
16 27417927 rs61307071 0.043255
16 27417997 rs146340627 0.24834
16 27418085 rs7206845 0.8410700000000001
16 27418394 rs76541906 0.9635100000000001
16 27418715 rs115151999 0.15127000000000002
16 27418839 rs113222987 0.8462299999999999
16 27418911 rs113341055 0.8612799999999999
16 27418957 rs568002552 0.07437
16 27419063 rs2891016 0.00034672
16 27419071 rs62032061 0.038945999999999995
16 27419204 rs145813093 0.21288
16 27419383 rs141252769 0.10687
16 27419514 rs28433001 0.00026744
16 27419813 rs115292953 0.21238
16 27420037 rs1158136 0.00049121
16 27420131 rs75242337 0.8117800000000001
16 27420142 rs12596049 0.0024075
16 27420805 rs118047715 0.18682
16 27420820 rs62032062 0.040271
16 27421265 rs2382583 0.0036229
16 27421517 rs147984054 0.95419
16 27421876 rs179770 0.0030709
16 27421878 rs77718993 0.086732
16 27421927 rs58579343 0.0038498000000000004
16 27422117 rs60766122 0.0038865
16 27422240 rs77132909 0.089862
16 27422247 rs571247789 0.060441999999999996
16 27422526 rs59891297 0.0037220999999999995
16 27422567 rs62032065 0.045277
16 27422958 rs12448874 0.0024192
16 27422960 rs141781791 0.041624
16 27423036 rs112116801 0.79775
16 27423082 rs113746681 0.71636
16 27423193 rs113509770 0.00156
16 27423501 rs7193869 0.0034555
16 27423621 rs62032066 0.039908
16 27423852 rs116303361 0.07316399999999999
16 27423873 rs179769 0.0047665
16 27424171 rs179768 1.9041e-06
16 27424576 rs140210189 0.076873
16 27424636 rs58485601 0.73758
16 27424648 rs62032067 0.0034575
16 27424807 rs77037785 0.73785
16 27425736 rs179767 0.0073426
16 27425794 rs116524229 0.1546
16 27425998 rs149040084 0.70175
16 27426388 rs577342475 0.52623
16 27426395 rs56383417 0.61083
16 27426760 rs76191236 0.13192
16 27426766 rs80332516 0.39092
16 27426794 rs179766 0.0071322
16 27426946 rs545508838 0.036779
16 27427090 rs62032068 0.003204
16 27427144 rs114150143 0.30306
16 27427174 rs28637763 0.00012814
16 27427299 rs115911906 0.14765
16 27427459 rs138709846 0.6555
16 27427526 rs149341978 0.40321
16 27427551 rs72784339 0.00043917
16 27427592 rs8057432 0.0032256999999999997
16 27428161 rs77563448 0.03953
16 27428255 rs192774096 0.23539000000000002
16 27428262 rs179765 0.075261
16 27428304 rs77725077 0.70945
16 27428753 rs142551798 0.37037
16 27428801 rs74571763 0.61735
16 27428843 rs543694592 0.082821
16 27429120 rs559577741 0.47446000000000005
16 27429237 rs11074858 0.004174100000000001
16 27429306 rs11074859 0.0060642
16 27429546 rs576066468 0.23221999999999998
16 27429642 rs56006474 0.019615
16 27429752 rs148318271 0.18231
16 27429822 rs141470910 0.1026
16 27429847 rs150392329 0.43331000000000003
16 27429942 rs747261654 0.57617
16 27429971 rs140901978 0.9031899999999999
16 27429988 rs181424676 0.010039
16 27430257 rs527422486 0.14602
16 27430286 rs179764 0.00013647
16 27430409 rs139124718 0.22660999999999998
16 27430461 rs72784340 0.2291
16 27430524 rs7195657 0.036926
16 27430829 rs149707158 0.52148
16 27430874 rs6498025 0.020043000000000002
16 27430908 rs145570469 0.65022
16 27430972 rs8059254 0.029033999999999997
16 27431681 rs6498026 0.0079036
16 27431852 rs62032070 0.55994
16 27431892 rs7203086 0.0088634
16 27432010 rs7184992 0.0080956
16 27432013 rs57450992 0.8879299999999999
16 27432042 rs6498027 0.0081312
16 27432219 rs6498028 0.008397799999999999
16 27432262 rs138293138 0.39696
16 27432308 rs78023004 0.060492
16 27432735 rs2040790 0.022653
16 27433197 rs179763 5.5316000000000004e-08
16 27433394 rs6498029 0.020384
16 27433414 rs76678990 0.61542
16 27433475 rs180678438 0.7854300000000001
16 27433701 rs142242299 0.39341
16 27434012 rs192633172 0.33703
16 27434111 rs115923024 0.62352
16 27434318 rs11074861 0.01704
16 27434533 rs7199138 0.016949000000000002
16 27434830 rs114389029 0.6421600000000001
16 27434927 rs8057551 0.014962999999999999
16 27435038 rs8061992 0.01584
16 27435206 rs8062670 0.015213999999999998
16 27435472 rs189903060 0.71309
16 27435488 rs8062892 0.014777
16 27435778 rs9930086 0.01426
16 27435937 rs9921638 0.013881999999999999
16 27436033 rs116324109 0.3741
16 27436133 rs115674035 0.62308
16 27436172 rs9921668 0.014125
16 27436357 rs561907190 0.096563
16 27436433 rs188250724 0.52947
16 27436783 rs8049804 0.013184999999999999
16 27436959 rs62032071 0.53345
16 27436978 rs62032072 0.53766
16 27437102 rs62032073 0.6562399999999999
16 27437491 rs3093285 0.07645700000000001
16 27437971 rs179762 0.0031447
16 27439436 rs3093391 0.0036588999999999997
16 27439483 rs3093291 0.020026
16 27439484 rs3093292 0.021122
16 27439695 rs3093294 0.5164
16 27439891 rs189086343 0.1262
16 27440252 rs3093392 0.070733
16 27440524 rs2157866 0.30723
16 27440691 rs3093298 0.00043973
16 27440741 rs118064471 0.00020324
16 27440812 rs80055645 0.9244100000000001
16 27440830 rs3093301 0.0625
16 27440921 rs561426781 0.4946
16 27440923 rs179761 7.1921e-08
16 27441138 rs114333897 0.41896000000000005
16 27441283 rs179760 0.013875
16 27441859 rs3093305 0.9344299999999999
16 27442004 rs567773554 0.55306
16 27442092 rs3093395 0.16734000000000002
16 27442294 rs571631066 0.12212
16 27442526 rs3093396 0.0010482000000000002
16 27442654 rs3093308 0.15284
16 27442673 rs572629255 0.8091
16 27442789 rs117303179 0.010461
16 27442852 rs3091235 0.0089955
16 27443293 rs8057464 0.0054903999999999994
16 27443503 rs3093310 0.021373
16 27443819 rs3093313 0.00017468
16 27444030 rs3093315 0.0012435
16 27444078 rs3093317 0.35524
16 27444363 rs3093397 0.10557000000000001
16 27444401 rs3093318 0.16464
16 27444492 rs3093319 0.0019809000000000003
16 27444711 rs3093320 0.017093
16 27444915 rs554752128 0.25495999999999996
16 27445056 rs148851265 0.8054899999999999
16 27445071 rs3093321 0.088603
16 27445188 rs3091236 0.00026456
16 27445360 rs3093322 0.32142
16 27445755 rs137946070 0.0028566999999999998
16 27445869 rs3093326 0.8604299999999999
16 27446035 rs3093329 0.30683
16 27446054 rs3093330 0.72151
16 27446118 rs537230783 0.20756999999999998
16 27446809 rs3093333 0.22921999999999998
16 27447035 rs3093334 0.22555
16 27447060 rs143886473 0.21001999999999998
16 27447158 rs146868257 0.84078
16 27447234 rs3093399 0.13115
16 27447304 rs3093336 0.76407
16 27447551 rs117797353 0.23959
16 27447923 rs3093338 0.22096999999999997
16 27448358 rs79505739 0.45677
16 27448386 rs3093340 0.22159
16 27448401 rs3093341 0.23917
16 27449059 rs3093344 0.23771
16 27449173 rs3093345 0.40591
16 27449186 rs146302124 0.10939000000000002
