CHR BP SNP P
16 84689656 rs139142231 0.49278
16 84689718 rs34278530 0.47433000000000003
16 84689944 rs149518662 0.58213
16 84690467 rs72797510 0.031561
16 84690569 rs151283957 0.5523
16 84690608 rs74338298 0.14633
16 84691044 rs3751762 0.02221
16 84691094 rs116680199 0.57615
16 84691433 rs72797514 0.17027
16 84691725 rs115879323 0.31161
16 84691823 rs12444911 0.025008000000000002
16 84692005 rs28576011 0.51546
16 84692176 rs148525162 0.9383799999999999
16 84692572 rs12445708 0.022306
16 84692765 rs34499035 0.70612
16 84692827 rs59261606 0.10024
16 84692828 rs150288961 0.43633
16 84693043 rs114202295 0.08037000000000001
16 84693084 rs11149671 0.036375
16 84693099 rs11149672 0.032576999999999995
16 84693148 rs74422610 0.8352700000000001
16 84693149 rs67118461 0.78101
16 84693222 rs142829153 0.9634299999999999
16 84693273 rs755605192 0.088923
16 84693560 rs60628472 0.10052
16 84693675 rs2303230 0.027083999999999997
16 84693879 rs9319452 0.024836
16 84693897 rs117825597 0.9952200000000001
16 84693986 rs57436454 0.10405
16 84694140 rs9989398 0.32256999999999997
16 84694180 rs8053324 0.021217
16 84694198 rs8053334 0.021262
16 84694275 rs8054417 0.04405
16 84694490 rs150008519 0.46553
16 84694611 rs13336232 0.37424
16 84694671 rs114236777 0.43887
16 84694718 rs4782649 0.041099000000000004
16 84694833 rs4782650 0.9057200000000001
16 84694948 rs574552510 0.076172
16 84694993 rs112013799 0.35134
16 84695038 rs560224555 0.61738
16 84695126 rs12924673 0.8448200000000001
16 84695280 rs17755815 0.82385
16 84695301 rs73259550 0.32369000000000003
16 84695451 rs140746047 0.064398
16 84695490 rs12928590 0.86819
16 84695864 rs3087669 0.9366700000000001
16 84695990 rs4783041 0.022854
16 84696046 rs79610925 0.55585
16 84696052 rs17755862 0.9036700000000001
16 84696102 rs35172224 0.90197
16 84696116 rs35739726 0.92996
16 84696175 rs138755752 0.27821
16 84696201 rs116060196 0.24545
16 84696205 rs114785794 0.24736
16 84696214 rs74838822 0.11282
16 84696385 rs7184873 0.045026
16 84696398 rs75076828 0.35562
16 84696894 rs17828772 0.11423
16 84697148 rs12934624 0.85096
16 84697321 rs115867016 0.019224
16 84697439 rs12920360 0.7639600000000001
16 84697584 rs873856 0.76251
16 84697589 rs3826114 0.81407
16 84697706 rs873857 0.06630499999999999
16 84697728 rs9922877 0.54723
16 84697729 rs570052218 0.94481
16 84697796 rs3803624 0.8009999999999999
16 84697888 rs11555907 0.73515
16 84697912 rs3803625 0.41078000000000003
16 84697925 rs77019536 0.11135999999999999
16 84698088 rs881585 0.6128600000000001
16 84698110 rs16974367 0.41063
16 84698123 rs149028127 0.12613
16 84698186 rs34074285 0.7179
16 84698208 rs881584 0.82644
16 84698394 rs881583 0.8185600000000001
16 84698545 rs143062408 0.6502
16 84698675 rs147775783 0.34901
16 84698732 rs867425 0.71822
16 84698807 rs77620202 0.6048100000000001
16 84698808 rs883135 0.76444
16 84699088 rs186904541 0.044858999999999996
16 84699126 rs34451258 0.69211
16 84699144 rs889613 0.81728
16 84699225 rs73259579 0.65017
16 84699276 rs34965909 0.6843100000000001
16 84699709 rs16974380 0.30837
16 84699839 rs3803626 0.15747
16 84699866 rs113960475 0.11774000000000001
16 84699901 rs71386863 0.68874
16 84700067 rs5009530 0.09762699999999999
16 84700219 rs62048800 0.084896
16 84700401 rs1065263 0.33127
16 84700443 rs144935114 0.71363
16 84700500 rs62048801 0.52435
16 84700540 rs11865201 0.8924700000000001
16 84700797 rs112581770 0.4236
16 84701515 rs750429251 0.10711
16 84701562 rs16974381 0.157
16 84701577 rs140371564 0.30523
16 84701655 rs13338784 0.674
16 84701712 rs7185089 0.29967
16 84701757 rs7206572 0.6259600000000001
16 84701761 rs772953038 0.79998
16 84701793 rs4783043 0.30212
16 84701942 rs7206835 0.22753
16 84701981 rs7184123 0.24768
16 84701993 rs73259589 0.27039
16 84702016 rs12933137 0.50141
16 84702097 rs11149673 0.25624
16 84702206 rs73259594 0.25190999999999997
16 84702435 rs58485395 0.11508
16 84702503 rs4783045 0.11867
16 84702538 rs13330198 0.48108
16 84702555 rs34660738 0.59318
16 84702603 rs4783046 0.2266
16 84702659 rs73259599 0.5568
16 84702683 rs4783047 0.2255
16 84702887 rs13330364 0.6322800000000001
16 84703119 rs71386864 0.71896
16 84703205 rs62048802 0.22013000000000002
16 84703219 rs62048803 0.22369
16 84703243 rs145055379 0.71862
16 84703404 rs72797539 0.6782199999999999
16 84703437 rs73259600 0.73278
16 84703496 rs67387986 0.69787
16 84703593 rs75068609 0.73009
16 84703713 rs66749151 0.67406
16 84703967 rs12596786 0.12390999999999999
16 84704141 rs76529083 0.0015065
16 84704161 rs13332849 0.80982
16 84704178 rs12597258 0.12305999999999999
16 84704193 rs112633579 0.9456700000000001
16 84704328 rs75813301 0.35307
16 84704380 rs13332830 0.7451
16 84704650 rs143249435 0.27995
16 84704669 rs16974398 0.07489
16 84704747 rs114778013 0.19605999999999998
16 84704945 rs138522482 0.28147
16 84704953 rs112222493 0.48646000000000006
16 84704967 rs143850778 0.98664
16 84705163 rs4783049 0.00076547
16 84705245 rs12597932 0.047894
16 84705322 rs144083662 0.26676
16 84705414 rs35227674 0.36004
16 84705523 rs143282355 0.27997
16 84705524 rs139169258 0.27981999999999996
16 84705902 rs61055670 0.00058992
16 84706036 rs141972518 0.29491
16 84706070 rs114333968 0.7746
16 84706160 rs28540747 0.001843
16 84706161 rs28582210 0.0025633
16 84706756 rs78645596 0.67208
16 84706797 rs139165266 0.6683399999999999
16 84706916 rs11645777 0.06367300000000001
16 84707109 rs78937720 0.62929
16 84707138 rs111541484 0.8360299999999999
16 84707828 rs141606813 0.8363700000000001
16 84707864 rs147063089 0.045011
16 84707950 rs147717929 0.1037
16 84708198 rs7194051 0.17875
16 84708552 rs145201369 0.17393
16 84708963 rs117834197 0.9404399999999999
16 84709100 rs12596570 0.4365
16 84709603 rs9673515 0.15949000000000002
16 84710103 rs180738434 0.18182
16 84710196 rs113498267 0.13890999999999998
16 84710397 rs74250158 0.33019
16 84711070 rs570057875 0.96241
16 84711271 rs541430241 0.32881
16 84711491 rs13335390 0.0097275
16 84711876 rs74517305 0.56982
16 84711977 rs76022942 0.63118
16 84712054 rs113734828 0.58627
16 84712057 rs113837869 0.5788300000000001
16 84712118 rs777386655 0.48163999999999996
16 84712147 rs112121016 0.28247
16 84712241 rs112697689 0.0017976
16 84712387 rs74036743 0.59277
16 84712397 rs11149675 0.198
16 84712589 rs191766724 0.75031
16 84712744 rs570372456 0.8903
16 84713055 rs7198236 0.1912
16 84713241 rs55828953 0.0081977
16 84713329 rs148837527 0.64654
16 84713351 rs7203776 0.20276
16 84713823 rs79365960 0.79027
16 84713875 rs9938739 0.21149
16 84713993 rs73261512 0.69379
16 84714076 rs11643579 0.13544
16 84714290 rs73261513 0.36478
16 84714861 rs80053288 0.41139
16 84715252 rs4453470 0.11918
16 84715345 rs61445233 0.35248
16 84715560 rs61249922 0.64212
16 84716039 rs191676683 0.07674199999999999
16 84716499 rs8059611 0.8869100000000001
16 84716643 rs73261519 0.9285100000000001
16 84716656 rs117018522 0.50841
16 84716714 rs8058583 0.45048999999999995
16 84717059 rs79214254 0.7894899999999999
16 84717514 rs9888944 0.12274000000000002
16 84717722 rs11643824 0.15634
16 84717852 rs75964907 0.92996
16 84717862 rs139672951 0.30867
16 84717974 rs9888963 0.14945
16 84718039 rs9888964 0.8886799999999999
16 84718223 rs4782651 0.057513
16 84718232 rs80311342 0.54719
16 84718583 rs59435810 0.34407
16 84718777 rs117108132 0.54513
16 84718861 rs12929389 0.23948000000000003
16 84718867 rs7202477 0.52368
16 84718937 rs12929424 0.14614000000000002
16 84719052 rs73261531 0.76466
16 84719220 rs11866586 0.14442
16 84719304 rs11866683 0.39819
16 84719309 rs12934687 0.40694
16 84719361 rs11862882 0.30962
16 84719542 rs35480244 0.13101
16 84719602 rs16974412 0.008479299999999999
16 84719898 rs59819976 0.006005600000000001
16 84719927 rs60065291 0.13114
16 84719948 rs58305066 0.14464000000000002
16 84719980 rs111540754 0.0038564
16 84720037 rs59797303 0.23634000000000002
16 84720084 rs58316035 0.14459
16 84720260 rs117950133 0.93704
16 84720372 rs58385266 0.15412
16 84720473 rs57403716 0.77386
16 84720478 rs58592562 0.26377
16 84721170 rs73261540 0.33066999999999996
16 84721313 rs73261543 0.33402
16 84721401 rs12925758 0.271
16 84721743 rs112345297 0.086489
16 84721792 rs73261545 0.86661
16 84721896 rs114496885 0.35775
16 84721936 rs115547970 0.32943
16 84722071 rs142015755 0.30153
16 84722106 rs145907414 0.30188000000000004
16 84722397 rs62048808 0.40996000000000005
16 84722501 rs115797856 0.32231
16 84722803 rs59960221 0.9580200000000001
16 84722862 rs116854787 0.41944
16 84722864 rs7205940 0.40328
16 84723115 rs28415400 0.44264
16 84723124 rs11149676 0.1648
16 84723414 rs114525077 0.29523
16 84723489 rs73261552 0.51699
16 84723526 rs77390415 0.34753
16 84724090 rs150063821 0.31813
16 84724156 rs58686418 0.68116
16 84724176 rs57432882 0.32797
16 84724256 rs16944618 0.015672
16 84724319 rs58698511 0.34915
16 84724350 rs16944620 0.33388
16 84724424 rs536019674 0.02188
16 84724651 rs12447360 0.014608000000000001
16 84724672 rs12923602 0.58606
16 84724890 rs7195507 0.40296
16 84724998 rs62048810 0.4987
16 84725307 rs74414388 0.8021699999999999
16 84725598 rs77167704 0.37472
16 84725723 rs62048811 0.59592
16 84725901 rs111360715 0.02308
16 84725904 rs113107323 0.042226
16 84726075 rs76069732 0.39818000000000003
16 84726081 rs62048812 0.45195
16 84726314 rs76901409 0.8656200000000001
16 84726315 rs572675367 0.29325
16 84726409 rs34048399 0.50541
16 84726495 rs116363350 0.5245
16 84726766 rs73261561 0.57427
16 84726854 rs113415551 0.078125
16 84728954 rs61613787 0.26566
16 84729485 rs7193019 0.35586999999999996
16 84729834 rs549514276 0.81815
16 84730039 rs148414696 0.09021599999999999
16 84730046 rs113532770 0.015683000000000002
16 84730237 rs760736505 0.80925
16 84730830 rs9936719 1.1214000000000001e-05
16 84731192 rs193164213 0.23124
16 84731729 rs9929813 1.4957e-12
16 84732376 rs79035621 0.006358399999999999
16 84732568 rs7191081 0.0023856
16 84732582 rs139352643 0.05904500000000001
16 84733189 rs111562666 0.07533200000000001
16 84733197 rs4783053 1.2695e-14
16 84733220 rs186373767 0.031525
16 84733284 rs12716755 0.012028
16 84734147 rs56158152 0.011946
16 84734412 rs6564067 1.1902999999999998e-15
16 84734631 rs112006743 0.060836
16 84734732 rs143804801 0.27484000000000003
16 84734782 rs62048813 1.417e-15
16 84734857 rs74032916 0.024809
16 84735081 rs4783054 1.2639e-06
16 84735141 rs79214119 0.45685
16 84735483 rs11644121 0.81697
16 84735748 rs11867157 0.20354
16 84735977 rs62048814 1.0147000000000001e-15
16 84736051 rs187907115 0.09501
16 84736089 rs12935354 1.9952e-12
16 84736333 rs72797562 0.043054
16 84736879 rs62048815 0.73851
16 84736952 rs76655253 0.17352
16 84737001 rs56163001 0.7533
16 84737149 rs72797564 0.36462
16 84737468 rs74032918 1.4553e-05
16 84738085 rs41451547 0.53182
16 84738420 rs73243904 0.30172
16 84738520 rs73243905 0.38906999999999997
16 84739126 rs140689262 0.030047000000000004
16 84739212 rs1968266 0.8542299999999999
16 84739658 rs73243908 0.29779
16 84740337 rs113666236 0.28936
16 84740827 rs8044557 0.30165
16 84740884 rs8044259 0.07219500000000001
16 84741125 rs55689833 0.29689
16 84741149 rs8045120 0.6362
16 84741219 rs117776868 0.9594299999999999
16 84741343 rs3764286 2.9761999999999997e-15
16 84741600 rs2113253 0.6513399999999999
16 84741669 rs143737588 0.013821
16 84741681 rs3764284 0.35886
16 84741794 rs73243919 0.43467
16 84742203 rs4783055 5.1054e-17
16 84742246 rs56141709 0.33804
16 84742355 rs58182109 0.44821000000000005
16 84742395 rs76575785 0.3891
16 84742830 rs7197496 1.6581e-07
16 84742878 rs7197843 0.89095
16 84742921 rs145496256 0.084754
16 84743261 rs79103513 0.35362
16 84743372 rs35705630 2.5186e-07
16 84743503 rs34438310 1.1423e-11
16 84743640 rs556628733 0.21400999999999998
16 84743685 rs573384486 0.079193
16 84744023 rs539815876 0.7335
16 84744043 rs75965700 0.76531
16 84744205 rs544492966 0.73246
16 84744383 rs76176572 1.1217000000000001e-05
16 84744521 rs74855443 0.043162
16 84744750 rs6564068 1.6050999999999999e-06
16 84745645 rs16974422 0.7385
16 84745653 rs76255952 0.89169
16 84745660 rs67729455 0.41228000000000004
16 84746383 rs115288324 0.14681
16 84746806 rs73243927 0.42921000000000004
16 84746872 rs73243928 0.35648
16 84747016 rs12445172 4.3224999999999997e-16
16 84747127 rs9937760 0.42008999999999996
16 84747289 rs77381225 0.58382
16 84747428 rs7206264 0.061187
16 84747503 rs9929430 2.5998000000000003e-11
16 84747652 rs8064001 0.7601899999999999
16 84747896 rs1541699 1.3887999999999998e-13
16 84747898 rs76582666 0.3089
16 84747966 rs55973229 0.39797
16 84748270 rs11149677 2.3640999999999998e-11
16 84748478 rs115296459 0.9008299999999999
16 84748515 rs7203065 7.0136e-06
16 84749068 rs75183916 0.80845
16 84749343 rs74029976 0.005316700000000001
16 84749437 rs186071421 0.059777
16 84749480 rs535089220 0.55734
16 84749686 rs77169832 0.86166
16 84749734 rs8044948 2.5236e-16
16 84749856 rs74029977 0.4245
16 84749859 rs8046664 2.4315e-16
16 84750225 rs79448434 0.85825
16 84750595 rs1862794 0.31483
16 84750816 rs41422347 0.49157
16 84750829 rs113531592 0.20365
16 84750846 rs112629629 0.27948
16 84751046 rs36008565 5.9573e-16
16 84751061 rs115692602 0.8385100000000001
16 84751224 rs8056190 0.40421
16 84751237 rs10220981 0.78509
16 84751411 rs8056245 0.41478000000000004
16 84751494 rs16974436 0.29158
16 84751551 rs76693763 0.9786299999999999
16 84751725 rs113622944 0.26345999999999997
16 84751796 rs112899675 0.09361699999999999
16 84751813 rs117935640 0.41238
16 84752078 rs78693258 0.35438000000000003
16 84752163 rs113294300 0.093514
16 84752247 rs185693909 0.5636800000000001
16 84752293 rs139106421 0.9443
16 84752436 rs146488064 0.8627799999999999
16 84752463 rs112739598 0.40210999999999997
16 84752577 rs77749545 0.0010082000000000001
16 84752628 rs146543718 0.23051
16 84752714 rs59072366 0.58558
16 84752840 rs143277554 0.10703
16 84753055 rs113596803 0.10413
16 84753140 rs16974437 0.27224
16 84753408 rs8047286 0.10457000000000001
16 84753453 rs7187994 1.1392e-15
16 84753527 rs6564069 3.0272e-10
16 84753657 rs7188512 6.1081e-11
16 84753726 rs78463846 0.56904
16 84753740 rs16974444 1.2074000000000003e-15
16 84753905 rs78035613 0.73873
16 84754100 rs7189781 0.0050325000000000005
16 84754249 rs58935940 0.0071717
16 84754390 rs186989642 0.048836000000000004
16 84754419 rs185162940 0.25633
16 84754442 rs56345464 0.39697
16 84754600 rs59864194 0.0073257999999999995
16 84754625 rs142457230 0.60923
16 84754649 rs145998836 0.0093992
16 84754658 rs7195111 0.0058153
16 84754749 rs143465900 0.36451999999999996
16 84754898 rs12149617 0.37651
16 84754964 rs16974449 6.2059e-12
16 84755185 rs61123209 0.63537
16 84755243 rs149762757 0.9776600000000001
16 84755455 rs35269236 1.1898999999999999e-14
16 84755485 rs10459848 0.24086
16 84755657 rs8060744 0.65828
16 84755825 rs7202154 2.842e-05
16 84755863 rs114452686 0.75767
16 84756006 rs74029978 3.0784e-05
16 84756480 rs57798593 0.65392
16 84756531 rs59808744 0.73269
16 84756733 rs72797570 0.14147
16 84756841 rs12600094 0.22918000000000002
16 84756898 rs58643642 0.004012300000000001
16 84756929 rs189856367 0.031948000000000004
16 84757003 rs113690501 0.10534
16 84757305 rs117985202 0.094291
16 84757340 rs55634451 0.0041265
16 84757522 rs573505240 0.18206
16 84757617 rs6564070 0.42536
16 84757648 rs117403363 0.0095424
16 84757690 rs8050833 0.36896
16 84757733 rs60664037 0.67388
16 84758237 rs554743409 0.22543000000000002
16 84758470 rs116759886 0.13114
16 84758510 rs16974453 1.4191999999999999e-14
16 84758551 rs7186451 1.517e-14
16 84758745 rs79196683 0.0038280000000000002
16 84758806 rs561962232 0.032773000000000004
16 84758827 rs112284636 0.5170100000000001
16 84759065 rs74612215 0.0033508
16 84759174 rs143839139 0.0040766
16 84759181 rs9673314 0.8266
16 84759234 rs1820246 0.45818000000000003
16 84759446 rs2216762 0.7346699999999999
16 84759482 rs190897952 0.011092
16 84759483 rs11863989 0.94411
16 84759568 rs55927324 0.30546999999999996
16 84759758 rs8052070 0.5312100000000001
16 84759829 rs77762177 0.52461
16 84759873 rs11149678 0.77736
16 84760061 rs62048854 0.50571
16 84760244 rs62048855 0.50683
16 84760354 rs28602709 5.937e-11
16 84760420 rs16944624 0.43814
16 84760541 rs58517537 0.27587
16 84760746 rs114192901 0.8606299999999999
16 84760779 rs74812254 0.14178
16 84760945 rs78318978 0.23317
16 84760977 rs75785736 0.14053
16 84761487 rs6564072 1.1270000000000001e-10
16 84761568 rs8063429 1.2566e-05
16 84761590 rs8063704 0.23969000000000001
16 84761669 rs8063610 2.3027e-14
16 84761909 rs536350311 0.27045
16 84761973 rs115650037 0.7289800000000001
16 84762006 rs12933675 1.3206e-13
16 84762067 rs144571558 0.91201
16 84762515 rs113621861 0.64069
16 84762708 rs8048680 7.1898e-15
16 84762798 rs58075439 0.93022
16 84762813 rs115742664 0.11850999999999999
16 84762836 rs8048989 1.7558e-08
16 84762928 rs115074831 0.61788
16 84763152 rs74428272 0.00069447
16 84763179 rs117907709 0.00063697
16 84763253 rs61633079 0.46695
16 84763510 rs57664580 0.52177
16 84763690 rs79666811 0.032536
16 84763705 rs56410536 0.51779
16 84763732 rs574244824 0.48023999999999994
16 84764241 rs11642656 7.0201e-10
16 84764479 rs111726185 0.45883
16 84764491 rs62048856 1.5764e-13
16 84764662 rs188096628 0.17504
16 84764673 rs55864363 0.4013
16 84764695 rs58284103 0.45136000000000004
16 84764799 rs35791148 4.7098999999999996e-11
16 84765270 rs759066734 0.034723000000000004
16 84765274 rs116618850 0.6342800000000001
16 84765303 rs113327958 0.42725
16 84765548 rs75621478 0.46483
16 84766008 rs115637766 0.7921100000000001
16 84766020 rs11862996 8.2935e-06
16 84766023 rs57023162 0.34419
16 84766032 rs113910819 0.51465
16 84766138 rs11863037 1.1285e-05
16 84766190 rs141400820 0.55282
16 84766206 rs150829174 0.11563
16 84766268 rs112869911 0.61529
16 84766627 rs188932300 0.011945
16 84766743 rs115078357 0.60429
16 84766760 rs770184850 0.5151899999999999
16 84766970 rs958309 0.5634399999999999
16 84767152 rs3764281 2.3168000000000003e-13
16 84767406 rs79263353 0.6587
16 84767676 rs9936114 1.0735e-12
16 84768087 rs185279959 0.016613
16 84768143 rs56308535 0.56603
16 84768151 rs10438619 0.12205
16 84768235 rs964453 1.6567e-12
16 84768426 rs147820791 0.1124
16 84768443 rs75820212 0.9996
16 84768539 rs746955508 0.51751
16 84768722 rs11640943 3.2662000000000006e-10
16 84768737 rs56824306 0.00078531
16 84769024 rs41386649 0.46393999999999996
16 84769210 rs779296259 0.7725
16 84769277 rs116476938 0.9768600000000001
16 84769447 rs77570454 0.9886799999999999
16 84769714 rs11642461 1.3322e-05
16 84769716 rs11642462 1.3238e-05
16 84769913 rs146366801 0.0041381
16 84769941 rs72797575 0.72616
16 84770487 rs2161692 1.4439e-13
16 84770521 rs561824704 0.27408000000000005
16 84770570 rs7498187 1.3726e-13
16 84770599 rs12933927 1.3647e-13
16 84770691 rs12933228 1.4475999999999998e-13
16 84770867 rs12933276 2.3650999999999997e-13
16 84770913 rs12934432 1.26e-13
16 84770961 rs17830698 0.98979
16 84770973 rs12933308 1.7347999999999998e-13
16 84771043 rs3829554 0.00016723
16 84771089 rs115184057 0.7763399999999999
16 84771176 rs17763304 0.9699700000000001
16 84771290 rs80086851 0.8733
16 84771304 rs3751866 9.0035e-13
16 84771349 rs114818635 0.99456
16 84771504 rs74029989 0.5736399999999999
16 84771765 rs4782652 0.94999
16 84771886 rs116946301 0.0045066
16 84771992 rs115281405 0.8412799999999999
16 84772012 rs74029990 0.78946
16 84772019 rs11645413 2.0434e-05
16 84772097 rs780190266 0.52235
16 84772235 rs78233420 0.60495
16 84772473 rs34139611 7.1325e-14
16 84772534 rs36081182 1.3779000000000001e-05
16 84772618 rs114371769 0.93845
16 84772898 rs8056258 0.53379
16 84773140 rs8056348 5.6204e-05
16 84773314 rs141998648 0.10297
16 84773348 rs150700912 0.0064751
16 84773373 rs113843440 0.35697
16 84773456 rs144168149 0.025667000000000002
16 84773460 rs34923260 4.2310000000000005e-14
16 84773496 rs8061015 7.586799999999999e-06
16 84773625 rs12149780 0.93
16 84773687 rs76783913 0.6996399999999999
16 84773702 rs79958608 0.98667
16 84773739 rs538613905 0.15177000000000002
16 84773795 rs12149794 0.00010460000000000001
16 84774022 rs12448489 4.9233999999999995e-14
16 84774109 rs151212700 0.0069759
16 84774120 rs4510001 0.89917
16 84774170 rs78309523 0.55455
16 84774173 rs74032675 5.601e-06
16 84774348 rs41403646 0.8488700000000001
16 84774436 rs744839 4.459e-05
16 84774452 rs7498516 7.2274e-14
16 84774686 rs744838 4.354e-05
16 84774799 rs60566983 3.1029e-15
16 84774904 rs116372305 0.7699199999999999
16 84774942 rs186724162 0.95488
16 84774951 rs73243979 0.71348
16 84775184 rs57656289 3.947e-06
16 84775203 rs73243980 0.41685
16 84775220 rs563567823 0.84575
16 84775305 rs577557399 0.3396
16 84775425 rs80122916 0.00026531
16 84775459 rs111227747 0.11285
16 84775524 rs149608035 0.0011546
16 84775557 16:84775557_A_G 0.66081
16 84775588 rs143351359 0.090264
16 84776071 rs11641007 3.788e-06
16 84776178 rs7199123 2.8425e-06
16 84776286 rs7199508 0.9302799999999999
16 84776301 rs11647467 4.6222e-06
16 84776343 rs115065800 0.72948
16 84776522 rs34179694 3.5164e-16
16 84776660 rs79054764 0.99711
16 84776758 rs114060015 0.07772000000000001
16 84776832 rs139406394 0.18538
16 84776868 rs144169755 0.08805700000000001
16 84776959 rs114698264 0.096987
16 84776991 rs34327141 1.3779e-16
16 84777018 rs113994255 0.97321
16 84777020 rs111978893 0.081848
16 84777056 rs75033764 0.69499
16 84777117 rs113747778 0.11797
16 84777238 rs151054739 0.64317
16 84777447 rs150233675 0.00098767
16 84777486 rs112209761 0.80881
16 84777587 rs16974500 0.88905
16 84777589 rs9929223 0.9371299999999999
16 84777727 rs74754154 0.28951
16 84777926 rs3829516 0.67469
16 84777953 rs139292986 0.20462
16 84778049 rs3751760 0.8859
16 84778222 rs3751759 1.6006e-16
16 84778685 rs1862792 1.3592e-16
16 84778690 rs1812062 0.72526
16 84778694 rs2326391 0.71819
16 84778697 rs1812061 0.6338199999999999
16 84778762 rs4553618 2.1506e-16
16 84778766 rs139338093 0.46542
16 84779043 rs115881577 0.59628
16 84779063 rs111471007 0.29218
16 84779248 rs7185949 2.9960000000000003e-16
16 84779394 rs113692620 0.06551699999999999
16 84780069 rs78866288 0.6462100000000001
16 84780202 rs12443928 4.7271e-15
16 84780357 rs113396376 0.11863
16 84780358 rs116360189 0.56128
16 84780400 rs4782653 0.9688200000000001
16 84780468 rs8050719 1.2906e-06
16 84780613 rs12920732 5.7348e-16
16 84780753 rs60131277 0.69179
16 84780766 rs58203633 0.91945
16 84780788 rs2326392 0.70514
16 84780907 rs11149680 2.0453000000000002e-16
16 84780999 rs8051593 0.94055
16 84781075 rs16974508 6.7891e-16
16 84781101 rs8051512 1.5789e-15
16 84781127 rs12447199 1.3106e-06
16 84781253 rs11647063 8.2354e-15
16 84781365 rs55719773 0.45606
16 84781409 rs8056366 0.091721
16 84781526 rs114984943 0.32647
16 84781628 rs142246104 0.66432
16 84781707 16:84781707_C_T 0.29493
16 84781949 rs62050862 1.947e-15
16 84782027 rs111609540 0.74036
16 84782048 rs73243990 0.76256
16 84782062 rs112799054 0.09946100000000001
16 84782085 rs183801750 0.090696
16 84782098 rs111518935 0.09961
16 84782132 rs4783056 0.992
16 84782155 rs61274531 0.76312
16 84782171 rs193019224 0.57586
16 84782178 rs553916879 0.29233000000000003
16 84782214 rs35019923 1.8710000000000002e-15
16 84782279 rs60997847 0.7792
16 84782298 rs57563757 0.7742100000000001
16 84782442 rs112119065 0.10057999999999999
16 84782510 rs16974515 1.2062999999999999e-15
16 84782646 rs113935486 0.098906
16 84782647 rs58589110 0.39845
16 84782670 rs559430961 0.0011778
16 84782704 rs9928400 6.455800000000001e-10
16 84782750 rs16974519 6.7467e-16
16 84782765 rs9928495 8.5478e-10
16 84782822 rs16974527 1.1945e-15
16 84782857 rs35210690 1.7293e-15
16 84782871 rs34457873 1.4194000000000001e-15
16 84783254 rs12232414 0.8308
16 84783310 rs16974532 2.0879000000000003e-15
16 84783355 rs111840816 0.087144
16 84783414 rs543053902 0.042117
16 84783457 rs527905478 0.041574
16 84783473 rs16974535 8.5695e-16
16 84783612 rs59043454 0.73937
16 84783658 rs16974538 6.5807e-06
16 84783699 rs58798707 0.8340700000000001
16 84783788 rs61143707 0.8176399999999999
16 84783831 rs57351008 0.82111
16 84783873 rs12598223 2.4647e-15
16 84783943 rs142461369 0.025525
16 84783955 rs112980413 0.081875
16 84784069 rs56739018 0.68575
16 84784094 rs116910794 0.18571
16 84784172 rs60830776 0.8296399999999999
16 84784202 rs114315095 0.7488
16 84784234 rs80310873 0.31479
16 84784290 rs12922556 2.3985e-15
16 84784387 rs138612909 0.7452300000000001
16 84784546 rs58682387 0.7447199999999999
16 84784719 rs79017354 6.739299999999999e-06
16 84784729 rs73245611 0.91158
16 84784762 rs116392963 0.67962
16 84784763 rs74032682 7.2386000000000005e-06
16 84785004 rs114797475 0.25292
16 84785083 rs77676929 0.67189
16 84785190 rs16974541 0.32027
16 84785203 rs8058755 5.3265e-06
16 84785243 rs59937517 0.69034
16 84785274 rs16974548 0.32918000000000003
16 84785378 rs17831494 0.94395
16 84785672 rs4783057 0.68096
16 84785882 rs73245617 0.49191
16 84785978 rs73245618 0.77863
16 84786069 rs534821528 0.5243899999999999
16 84786175 rs8044808 0.00086316
16 84786185 rs17764145 6.305e-06
16 84786250 rs6564074 0.70338
16 84786344 rs147458191 0.22866999999999998
16 84786347 rs6564075 2.3554000000000002e-05
16 84786460 rs7184644 4.6397e-16
16 84786715 rs7185379 5.1625e-10
16 84786855 rs7186789 4.7118e-10
16 84787111 rs16974558 5.1758e-16
16 84787184 rs114103644 0.35972
16 84787885 rs117153286 0.14856
16 84787935 rs576455930 0.95216
16 84788328 rs17764258 7.8337e-06
16 84788355 rs74814974 0.099313
16 84788425 rs16974560 2.4835e-16
16 84788481 rs113701208 1.498e-06
16 84788514 rs34536612 2.0778e-12
16 84788605 rs963246 0.32133
16 84788704 rs182700876 0.13335
16 84788742 rs77204762 0.37593000000000004
16 84788948 rs1477392 2.6772000000000004e-06
16 84789050 rs4782654 7.0425e-10
16 84789263 rs3180185 0.9140799999999999
16 84789832 rs542950585 0.17401
16 84789909 rs16974564 0.70033
16 84790060 rs562373431 0.86003
16 84790068 rs139905467 0.21869
16 84790152 rs11863660 0.06342300000000001
16 84790258 rs573526767 0.3168
16 84790371 rs17764342 0.91404
16 84790460 rs116084310 0.31209000000000003
16 84790559 rs2012708 3.4969e-13
16 84790634 rs74032690 0.31373
16 84790675 rs79004051 0.7390899999999999
16 84790729 rs139757602 0.23559000000000002
16 84790821 rs12596112 1.0266e-09
16 84790828 rs2012733 0.45625
16 84790868 rs12596157 9.8126e-10
16 84791049 rs55773851 0.71483
16 84791113 rs78233201 0.6518
16 84791278 rs117522014 0.010246
16 84791615 rs76778276 0.9081899999999999
16 84791822 rs542511106 0.17901
16 84791941 rs114574349 0.18508
16 84792022 rs56404731 0.99782
16 84792173 rs75198562 0.49033999999999994
16 84792291 rs41327444 1.3191999999999998e-06
16 84792371 rs71386866 3.3714e-10
16 84792428 rs7202832 0.011294
16 84792495 rs7203008 0.049375999999999996
16 84792861 rs115844061 0.56667
16 84792918 rs58807397 0.22205
16 84793219 rs116479287 0.19976
16 84793261 rs3764333 1.7069000000000002e-16
16 84793285 rs3764332 0.6545300000000001
16 84793348 rs3764331 0.017357
16 84793692 rs77446854 0.11959000000000002
16 84793720 rs60900812 0.8227399999999999
16 84793749 rs2288017 0.26735
16 84793795 rs34121691 0.82494
16 84793797 rs116648135 0.27015
16 84793870 rs78115766 0.25361
16 84793906 rs368919556 0.91185
16 84793946 rs73245646 0.39725
16 84794097 rs574569342 0.0041758
16 84794231 rs144782490 0.010706
16 84794632 rs1541698 2.1853e-12
16 84794636 rs1541697 0.69404
16 84794733 rs181501535 0.94101
16 84794753 rs73245649 2.8858e-06
16 84794831 rs74442068 0.9372
16 84794844 rs1541696 3.2744e-12
16 84794870 rs12922301 3.4171999999999996e-16
16 84795035 rs12598730 9.7712e-13
16 84795067 rs72797595 0.9634299999999999
16 84795226 rs116730152 0.18722
16 84795265 rs114686537 0.23431
16 84795546 rs76471633 0.19646
16 84795549 rs12599287 0.74051
16 84795795 rs566171396 0.94783
16 84795959 rs79486046 0.41862
16 84796175 rs7205708 0.8306100000000001
16 84796232 rs7205741 0.2272
16 84796268 rs138341791 0.46247
16 84796402 rs7205632 0.7933
16 84796603 rs12932018 3.0934e-13
16 84796754 rs111870658 0.10016
16 84796864 rs35594082 1.7436e-13
16 84797004 rs78682985 0.17126
16 84797012 rs74549091 0.14834
16 84797018 rs149862235 0.016961
16 84797063 rs114605464 0.42089
16 84797080 rs144433688 0.083362
16 84797199 rs4782655 0.5348
16 84797412 rs147836854 0.71419
16 84797637 rs3213810 0.029722000000000002
16 84797655 rs55928403 0.45929
16 84797967 rs75396687 0.0064505
16 84797985 rs58299117 0.23895999999999998
16 84798003 rs35893650 3.1568000000000003e-07
16 84798053 rs78765389 0.3817
16 84798089 rs35307127 5.726e-13
16 84798165 rs12932991 0.0017648
16 84798300 rs12933163 5.783399999999999e-13
16 84798308 rs11862543 3.4357999999999998e-06
16 84798511 rs139417614 0.97252
16 84798610 rs13343260 2.6393e-07
16 84798707 rs76457974 7.664500000000001e-06
16 84798781 rs7186685 4.1111999999999997e-13
16 84798928 rs58480742 0.41017
16 84798962 rs57432502 0.36409
16 84799013 rs7185686 3.7917e-13
16 84799098 rs59538429 0.20307999999999998
16 84799205 rs59190412 0.20528000000000002
16 84799410 rs7191287 5.1551e-06
16 84799580 rs11645315 8.4042e-06
16 84799708 rs79169299 0.40681999999999996
16 84799774 rs76444989 0.32541
16 84799984 rs145614272 0.27626999999999996
16 84800009 rs114677057 0.17399
16 84800152 rs72797596 0.75171
16 84800419 rs6564076 2.2864999999999997e-07
16 84800481 rs111641715 0.063484
16 84800485 rs2291648 2.0325e-10
16 84800657 rs59214516 0.22248
16 84800723 rs77666703 0.92674
16 84800907 rs2291649 3.6853e-13
16 84801218 rs79998926 0.057548
16 84801352 rs77343851 0.00050174
16 84801382 rs7203766 6.5753e-11
16 84801751 rs2641688 0.7914899999999999
16 84801977 rs376665649 0.71755
16 84802071 rs60875796 0.45171999999999995
16 84802172 rs11149681 1.6730000000000001e-06
16 84802227 rs11649591 0.73937
16 84802295 rs61082930 0.42502
16 84802298 rs114576342 0.17787
16 84802518 rs77493977 0.9581299999999999
16 84802623 rs774294 3.4633999999999997e-06
16 84802666 rs11863406 3.9235e-13
16 84802691 rs774295 2.8416000000000005e-06
16 84802888 rs774296 3.2667e-07
16 84802905 rs143518412 0.4887
16 84802925 rs80153232 0.17103
16 84803107 rs79656403 0.080939
16 84803211 rs116483394 0.28246
16 84803278 rs11859963 5.0112e-13
16 84803381 rs116255115 0.37025
16 84803783 rs117405502 0.56595
16 84804045 rs140499045 0.26905999999999997
16 84804060 rs116443686 0.8614200000000001
16 84804146 rs11641132 1.1639000000000002e-05
16 84804205 rs138295986 0.7035399999999999
16 84804234 rs11642223 1.5895e-05
16 84804372 rs571633923 0.41745
16 84804409 rs774297 4.9277e-07
16 84804631 rs62050888 5.5106e-10
16 84804679 rs8059257 2.0703e-12
16 84804714 rs58123091 1.5175e-05
16 84804874 rs8059636 0.50351
16 84805157 rs185582155 0.25809
16 84805201 rs115846298 0.83754
16 84805312 rs112359372 0.88986
16 84805406 rs537172614 0.36099000000000003
16 84805784 rs244564 8.9576e-09
16 84805788 rs78729263 0.80947
16 84805792 rs113204609 0.5727399999999999
16 84805829 rs143535161 0.50662
16 84806837 rs3893782 2.0800000000000003e-09
16 84806958 rs244563 0.6574399999999999
16 84807135 rs74033141 0.65583
16 84807138 rs577842036 0.79752
16 84807153 rs60972366 0.28386999999999996
16 84807261 rs244562 1.2115e-13
16 84807531 rs173419 0.24748
16 84808532 rs117879661 0.5421600000000001
16 84808622 rs2303231 0.8452299999999999
16 84808872 rs9934055 0.4435
16 84808900 rs774299 0.57147
16 84808969 rs2303232 0.70626
16 84808984 rs774300 0.7841899999999999
16 84809415 rs114306977 0.39841
16 84809916 rs570928412 0.8856200000000001
16 84810224 rs774302 0.002092
16 84810608 rs76089031 0.00052287
16 84810641 rs117523331 0.27778
16 84810689 rs774303 0.31151999999999996
16 84810754 rs55638897 0.0040555
16 84810776 rs12932847 0.0023066999999999996
16 84810949 rs774304 0.5027
16 84811265 rs11644667 0.0054863
16 84811603 rs774305 0.25405
16 84811789 rs17597942 0.89899
16 84811813 rs527877024 0.8375299999999999
16 84811961 rs774306 0.017884
16 84812140 rs16974592 0.35715
16 84812179 rs115622199 0.83378
16 84812216 rs143540832 0.46418999999999994
16 84812367 rs116156397 0.8485299999999999
16 84812466 rs74992092 0.9649200000000001
16 84812968 rs146442833 0.89218
16 84813023 rs16974598 0.06847
16 84813400 rs145960971 0.25556
16 84813648 rs57836713 0.025892000000000002
16 84813675 rs16974599 0.44531000000000004
16 84813708 rs811330 0.0017176
16 84813799 rs774307 0.0019678
16 84813883 rs189095742 0.46326000000000006
16 84813965 rs774308 0.98924
16 84814076 rs113676589 0.031699
16 84814153 rs8060725 0.041901999999999995
16 84814170 rs774309 0.030616
16 84814261 rs2015666 0.033787
16 84814497 rs707241 0.24506999999999998
16 84814507 rs55717315 0.42036
16 84814527 rs138213360 0.6472899999999999
16 84814566 rs527579020 0.48053
16 84814619 rs189460616 0.037896
16 84814653 rs73245689 0.05279400000000001
16 84814672 rs116554396 0.8551
16 84814740 rs77083412 0.051197
16 84814784 rs774310 0.82025
16 84815137 rs186025098 0.77642
16 84815217 rs2002382 0.9032100000000001
16 84815222 rs75005760 0.047599
16 84815235 rs542782637 0.42123999999999995
16 84815549 rs72628284 0.079169
16 84815636 rs74033145 0.055517
16 84815693 rs186186144 0.072901
16 84815860 rs60955730 0.52182
16 84815882 rs889623 0.16078
16 84816169 rs1075526 0.15337
16 84816229 rs141880402 0.22023
16 84816264 rs138821511 0.18082
16 84816364 rs12925734 0.82735
16 84816409 rs16974603 0.17282
16 84816782 rs12596908 0.27936
16 84817020 rs58348498 0.87787
16 84817032 rs12596933 0.14861
16 84817090 rs2911322 0.52485
16 84817274 rs115848278 0.2432
16 84817371 rs139559457 0.15741
16 84817436 rs12597526 0.14751
16 84817595 rs187965411 0.23321
16 84817609 rs117333369 0.9127299999999999
16 84817751 rs12597561 0.10107999999999999
16 84818294 rs149129642 0.9416899999999999
16 84818303 rs774311 0.092416
16 84818665 rs11861435 0.1799
16 84818984 rs145789069 0.95421
16 84819078 rs562076856 0.41589
16 84819273 rs113365377 0.54502
16 84819573 rs118061529 0.22211
16 84819711 rs185914971 0.42133000000000004
16 84819752 rs42450 0.29969
16 84819774 rs770769846 0.56483
16 84819950 rs40136 0.40249
16 84819969 rs43201 0.21214
16 84820001 rs140395386 0.14948
16 84820039 rs2641687 0.013066999999999999
16 84820042 rs2550410 0.20809
16 84820207 rs79772310 0.15491
16 84820513 rs113199003 0.039924
16 84820600 rs16974614 0.31524
16 84820743 rs114674578 0.065731
16 84821394 rs9924540 0.12264000000000001
16 84821429 rs11641407 0.73557
16 84821490 rs9924839 0.54501
16 84821618 rs143342572 0.017977
16 84821663 rs75469581 0.11604
16 84821824 rs191195761 0.37558
16 84822128 rs773185342 0.38161999999999996
16 84822216 rs112271263 0.5475899999999999
16 84822336 rs35349246 0.77331
16 84822341 rs35555 0.27810999999999997
16 84822373 rs577777390 0.1525
16 84822434 rs148479396 0.4487
16 84822519 rs866845597 0.9335
16 84822713 rs551241755 0.20663
16 84822813 rs148869134 0.5400699999999999
16 84822854 rs17764993 0.80619
16 84822923 rs7204971 0.7567
16 84822961 rs16974619 0.046466
16 84823096 rs765754350 0.37535
16 84823158 rs35556 0.28528000000000003
16 84823211 rs192767437 0.060944000000000005
16 84823246 rs79437263 0.52794
16 84823385 rs35557 0.66914
16 84823437 rs116413056 0.78671
16 84823646 rs35558 0.31556999999999996
16 84823830 rs8046318 0.8252
16 84823853 rs113526719 0.064
16 84824220 rs118063008 0.26021
16 84824374 rs36039228 0.68324
16 84824633 rs16974623 0.22383000000000003
16 84824637 rs192070568 0.095081
16 84824979 rs41145 0.27869
16 84825027 rs74445051 0.27401
16 84825087 rs35559 0.20481999999999997
16 84825651 rs42869 0.925
16 84825833 rs8057996 0.11212000000000001
16 84825897 rs8058483 0.10457000000000001
16 84825907 rs8058022 0.1031
16 84825936 rs8058513 0.079468
16 84826007 rs8058668 0.10849
16 84826062 rs8059767 0.11065
16 84826174 rs8062661 0.11087999999999999
16 84826200 rs8062816 0.10585
16 84826208 rs35560 0.15389
16 84826336 rs116176303 0.81555
16 84826385 rs532849902 0.010776
16 84826509 rs73247720 0.11108
16 84826536 rs73247722 0.1066
16 84826619 rs79588156 0.16756
16 84826698 rs35561 0.3259
16 84826706 rs77424591 0.43776000000000004
16 84826752 rs35562 0.18263
16 84826763 rs79125497 0.80582
16 84826971 rs180869473 0.21445999999999998
16 84826999 rs145113895 0.16906
16 84827154 rs72628285 0.00022643
16 84827212 rs56072274 0.11558
16 84827222 rs58225444 0.10777
16 84827279 rs28496753 0.14275
16 84827290 rs60348254 0.10437
16 84827364 rs7189075 0.10805
16 84827568 rs7189465 0.10022
16 84827600 rs79673962 0.96835
16 84827605 rs7189937 0.09742100000000001
16 84827611 rs7190955 0.10497000000000001
16 84827634 rs4783060 0.00087929
16 84827756 rs4783061 0.0016024000000000001
16 84827923 rs35563 0.005379
16 84828016 rs79709899 0.099242
16 84828232 rs57441812 0.092225
16 84828334 rs73247732 0.087672
16 84828378 rs56385118 0.086451
16 84828512 rs35564 0.8866
16 84828542 rs7184572 0.058458
16 84828559 rs111434749 0.067131
16 84828592 rs76110730 0.69307
16 84828882 rs193446 0.83031
16 84828924 rs1106402 0.49405
16 84829071 rs799300 0.27796
16 84829169 rs139965630 0.8300700000000001
16 84829403 rs188404628 0.80852
16 84829467 rs8049757 0.62889
16 84829475 rs116439995 0.17490999999999998
16 84829693 rs550192549 0.016257
16 84829708 rs774318 0.9569700000000001
16 84830098 rs7192478 0.063537
16 84830136 rs7404347 0.28257
16 84830157 rs547623362 0.40218000000000004
16 84830312 rs538596237 0.9605
16 84830537 rs116217110 0.23586
16 84830677 rs80243086 0.14674
16 84830896 rs186328339 0.80801
16 84831264 rs150300058 0.5182
16 84831491 rs9928676 0.34491
16 84831726 16:84831726_C_G 0.23938
16 84832129 rs4783063 0.0028635
16 84832321 rs147714053 0.015112
16 84832354 rs183046343 0.13235
16 84832468 rs9941177 0.058572000000000006
16 84832868 rs12917786 0.77071
16 84832989 rs141701670 0.031168
16 84832998 rs12917961 0.81018
16 84833220 rs12923132 0.84991
16 84833292 rs138085262 0.9678700000000001
16 84833752 rs2641690 0.67602
16 84833763 rs2641691 0.9335700000000001
16 84833921 rs2641692 0.38073
16 84833926 rs752521814 0.7905399999999999
16 84833936 rs2641693 0.33886
16 84834067 rs74673572 0.36874
16 84834336 rs150068536 0.62752
16 84834349 rs7200030 0.8758799999999999
16 84834360 rs7200488 0.087716
16 84834384 rs7201597 0.0085784
16 84834436 rs7201638 0.6642899999999999
16 84834443 rs143176078 0.9516399999999999
16 84834828 16:84834828_G_T 0.26154
16 84834834 rs72799514 0.44043000000000004
16 84834836 rs535461204 0.21581
16 84835028 rs79147653 0.9271299999999999
16 84835101 rs16974666 0.56482
16 84835110 rs12928874 0.47638
16 84835281 rs112213706 0.7117899999999999
16 84835295 rs2087988 0.96021
16 84835404 rs149385732 0.37767
16 84835414 rs182738322 0.14612
16 84835532 rs144773939 0.58175
16 84835536 rs531560432 0.35839
16 84835783 rs200041959 0.45124
16 84835909 rs146140878 0.69822
16 84835971 rs140183097 0.14895999999999998
16 84835977 rs113976817 0.8755799999999999
16 84836043 rs8044777 0.47781
16 84836056 rs8044924 0.34225
16 84836066 rs8044928 0.9033700000000001
16 84836091 rs76653830 0.9001100000000001
16 84836123 rs568427751 0.10485
16 84836281 rs184421916 0.88177
16 84836338 rs8049134 0.52433
16 84836349 rs8049425 0.52955
16 84836387 rs8050534 0.56266
16 84836468 rs138883366 0.9521200000000001
16 84836682 rs76854351 0.65036
16 84836819 rs74030742 0.8871100000000001
16 84836915 rs78258068 0.78874
16 84836942 rs115793321 0.28967
16 84837030 rs4782658 0.7941199999999999
16 84837224 rs4782659 0.49326000000000003
16 84837342 rs8055215 0.031365
16 84837480 rs8055092 0.9665100000000001
16 84837487 rs549427420 0.29458
16 84837533 rs112157573 0.15315
16 84837624 rs754572444 0.87434
16 84837656 rs142281903 0.47808999999999996
16 84837720 rs112877319 0.58043
16 84837893 rs142518734 0.23723000000000002
16 84837972 rs116781552 0.69829
16 84838011 rs116553024 0.5985199999999999
16 84838022 rs115956054 0.59592
16 84838033 rs114661474 0.5747800000000001
16 84838170 rs116068836 0.60715
16 84838177 rs111890607 0.22853
16 84838436 rs116159621 0.21094000000000002
16 84838541 rs4783064 0.012737
16 84838542 rs4783065 0.04396
16 84838639 rs7192280 0.068256
16 84838650 rs148112398 0.6189600000000001
16 84838681 rs141913341 0.6059399999999999
16 84838693 rs145100553 0.6310600000000001
16 84838701 rs182399186 0.7670399999999999
16 84838752 rs138977854 0.56791
16 84838761 rs12921670 0.26334
16 84838768 rs28571688 0.11434000000000001
16 84838816 rs56952720 0.033087
16 84838975 rs4783067 0.027043
16 84838982 rs114175607 0.63868
16 84839033 rs60907322 0.0050113
16 84839046 rs115287133 0.62502
16 84839121 rs116472540 0.64142
16 84839186 rs116244246 0.62831
16 84839211 rs75803337 0.60534
16 84839470 rs72799517 0.010254000000000001
16 84839622 rs4783068 0.6307699999999999
16 84839684 rs148636309 0.64402
16 84839754 rs147803013 0.70767
16 84839796 rs139626386 0.89799
16 84839876 rs78914099 0.70212
16 84839954 rs8057431 0.6763899999999999
16 84839973 rs116551528 0.65009
16 84840036 rs57191175 0.050039
16 84840095 rs116323504 0.64347
16 84840172 rs12930739 0.6154
16 84840223 rs17184445 0.060163
16 84840388 rs8062411 0.24305
16 84840468 rs764155261 0.47493
16 84840518 rs6564077 0.17837999999999998
16 84840622 rs75051635 0.038898
16 84840753 rs6564078 0.15113
16 84840856 rs75468753 0.0089689
16 84840883 rs6564079 0.07311799999999999
16 84840952 rs7205807 0.25392
16 84840957 rs28619515 0.10625
16 84841105 rs190266403 0.50402
16 84841172 rs72799520 0.008503
16 84841178 rs59013757 0.27897
16 84841331 rs543018114 0.99334
16 84841405 rs75495537 0.64591
16 84841411 rs138364741 0.88621
16 84841571 rs551869724 0.15512
16 84841694 rs554527130 0.6494800000000001
16 84841700 rs147367446 0.6494800000000001
16 84841750 rs7190381 0.017369
16 84841806 rs116243236 0.64935
16 84841883 rs7189422 0.019366
16 84841937 rs144079235 0.8985200000000001
16 84841963 rs116815704 0.60719
16 84841975 rs114670924 0.65037
16 84842013 rs114801838 0.65699
16 84842014 rs115479676 0.65699
16 84842072 rs186192049 0.59823
16 84842073 rs192053549 0.65867
16 84842158 rs112120464 0.025643
16 84842222 rs56239809 0.73456
16 84842404 rs183143373 0.89371
16 84842438 rs72799522 0.025844
16 84842514 rs142234968 0.7991
16 84842567 rs187960737 0.33487
16 84842569 rs192264942 0.8001199999999999
16 84842680 rs60873537 0.10647999999999999
16 84842717 rs75452591 0.070645
16 84842812 rs115609006 0.8966
16 84842828 rs56147110 0.80665
16 84842860 rs192595434 0.81509
16 84842946 rs9934611 0.8101
16 84842951 rs115895364 0.82855
16 84842971 rs114681356 0.7743800000000001
16 84842977 rs4572384 0.8473
16 84842985 rs141184604 0.90753
16 84843253 rs2131752 0.38048000000000004
16 84843275 rs2131753 0.11588
16 84843429 rs560340780 0.7263
16 84843430 rs72799524 0.027591
16 84843611 rs2326394 0.13828
16 84843852 rs115414883 0.28329
16 84843896 rs1532301 0.31399
16 84844191 rs11862765 0.2323
16 84844194 rs751926845 0.1683
16 84844204 rs112298072 0.29104
16 84844233 rs2029724 0.020605000000000002
16 84844445 rs12600053 0.025561
16 84844522 rs185946686 0.98808
16 84844544 rs8045858 0.029149
16 84844649 rs11149682 0.025218
16 84844664 rs149723510 0.95425
16 84844978 rs140601518 0.7144199999999999
16 84844997 rs116969375 0.049378
16 84845034 rs4783069 0.10829000000000001
16 84845139 rs151066668 0.010907
16 84845518 rs10735709 0.087271
16 84845763 rs72799528 0.36443000000000003
16 84845839 rs141899775 0.27029000000000003
16 84845981 rs7192411 0.004606300000000001
16 84846144 rs146926538 0.8774700000000001
16 84846174 rs768893062 0.031620999999999996
16 84846251 rs962682 0.11435
16 84846415 rs1532302 0.12287000000000001
16 84846456 rs12925984 0.30158
16 84846546 rs4783070 0.124
16 84846550 rs77241602 0.09414
16 84846744 rs72799530 0.0032530000000000002
16 84846814 rs4783071 0.12797999999999998
16 84846840 rs4783072 0.1271
16 84846873 rs4783073 0.082397
16 84846982 rs5022975 0.25201
16 84847079 rs11149683 0.25617
16 84847119 rs11149684 0.25685
16 84847159 rs11149685 0.25695
16 84847185 rs142699401 0.047054
16 84847213 rs73247770 0.47506000000000004
16 84847247 rs11149686 0.0017180999999999997
16 84847257 rs146296290 0.046824
16 84847290 rs11149687 0.26537
16 84847443 rs72799534 0.0033908000000000002
16 84847509 rs72799535 0.44596
16 84847682 rs7204752 0.34481999999999996
16 84847823 rs7205113 0.028222000000000004
16 84847870 rs7205287 0.0038304000000000003
16 84847924 rs148755769 0.69524
16 84848054 rs147939065 0.074794
16 84848123 rs4783074 0.29236999999999996
16 84848166 rs182259454 0.53435
16 84848193 rs4783075 0.29147
16 84848220 rs4783076 0.0030253
16 84848221 rs4783077 0.0030285999999999998
16 84848277 rs111524569 0.022482
16 84848310 rs7199197 0.0034119
16 84848509 rs8057539 0.35113
16 84848592 rs8057721 0.15022
16 84848613 rs147749270 0.11068
16 84848999 rs183343295 0.40836999999999996
16 84849042 rs116018081 0.021230000000000002
16 84849063 rs74563708 0.0037265
16 84849066 rs80251194 0.0037799
16 84849068 rs12929017 0.96578
16 84849100 rs8058664 0.0029386
16 84849126 rs72799537 0.0038124
16 84849280 rs8063190 0.0027964
16 84849488 rs34982393 0.33987
16 84849597 rs114553897 0.071911
16 84849705 rs77449759 0.024038999999999998
16 84849885 rs188450282 0.085642
16 84849890 rs190140082 0.6574800000000001
16 84849982 rs182150117 0.16155
16 84850323 rs112572821 0.60375
16 84850601 rs11645298 0.18534
16 84850701 rs763789669 0.73756
16 84850714 rs12919414 0.11739000000000001
16 84850780 rs111571869 0.058965
16 84850854 rs10871288 0.18055
16 84850904 rs116215253 0.37734
16 84851241 rs7196894 0.28596
16 84851336 rs116699052 0.045854
16 84851422 rs72799538 0.045447
16 84851517 rs115165413 0.045918
16 84851574 rs115780850 0.0035913000000000004
16 84851590 rs11860474 0.11599000000000001
16 84851641 rs151152718 0.20388
16 84851825 rs187739466 0.41741999999999996
16 84851854 rs72799541 0.0036515999999999996
16 84852088 rs137945846 0.39078
16 84852096 rs140955617 0.39078
16 84852114 rs138638095 0.18589
16 84852194 rs192752443 0.22699
16 84852264 rs11149688 0.041727999999999994
16 84852313 rs8060099 0.11185999999999999
16 84852549 rs147472666 0.39844
16 84852696 rs28372679 0.13455999999999999
16 84852738 rs113414925 0.4428
16 84852743 rs4783078 0.35143
16 84852994 rs74033538 0.08511
16 84853321 rs75107126 0.3932
16 84853352 rs931536 0.30718
16 84853432 rs117174171 0.39350999999999997
16 84853502 rs117713474 0.53645
16 84853572 rs7403974 0.23517
16 84853622 rs2172623 0.92564
16 84853840 rs115401270 0.0038795
16 84853919 rs773568883 0.14724
16 84853961 rs72799542 0.0038167
16 84854001 rs28437095 0.69335
16 84854103 rs74033539 0.65104
16 84854245 rs6564080 0.11152999999999999
16 84854251 rs9933001 0.11494000000000001
16 84854624 rs114078144 0.67003
16 84854743 rs12447060 0.71312
16 84855208 rs2326396 0.09114900000000001
16 84855444 rs9936237 0.28219
16 84855477 rs1874013 0.24236999999999997
16 84855516 rs1874014 0.8388399999999999
16 84855561 rs76808759 0.031609
16 84855692 rs79668783 0.30203
16 84855963 rs8057998 0.1545
16 84856182 rs773076483 0.6556
16 84856414 rs7205746 0.8750899999999999
16 84856478 rs9938987 0.51457
16 84856502 rs4238713 0.87631
16 84856532 rs9939197 0.3413
16 84856542 rs2326397 0.63552
16 84856552 rs4238714 0.56457
16 84856703 rs563779788 0.28906
16 84856831 rs4782660 0.14718
16 84856889 rs4783079 0.8707
16 84856930 rs4782661 0.53503
16 84856931 rs116203465 0.8193299999999999
16 84856963 rs79330592 0.16810999999999998
16 84856972 rs75627216 0.67066
16 84857031 rs78891773 0.75113
16 84857244 rs17111 0.55535
16 84857308 rs16938 0.60214
16 84857345 rs2131754 0.55499
16 84857378 rs2131755 0.54624
16 84857452 rs73247796 0.8310299999999999
16 84857552 rs1021478 0.0030651
16 84857679 rs8048917 0.56161
16 84857702 rs111956501 0.18238
16 84857850 rs11859343 0.074347
16 84857941 rs114863789 0.41303999999999996
16 84857972 rs115610002 0.30896999999999997
16 84857976 rs746978610 0.69739
16 84858017 rs73247798 0.28367
16 84858123 rs11859415 0.085989
16 84858553 rs13339223 0.43123999999999996
16 84858642 rs574322965 0.30204000000000003
16 84858734 rs184750773 0.32733
16 84858781 rs11149689 0.005631000000000001
16 84858807 rs74657169 0.38500999999999996
16 84858822 rs143858423 0.70832
16 84858877 rs76805623 0.62876
16 84858911 rs117804434 0.6090300000000001
16 84858935 rs12934709 0.026638
16 84859223 rs138817642 0.42331
16 84859421 rs73247800 0.16705
16 84859433 rs11645145 0.015068999999999999
16 84859494 rs11645187 0.71195
16 84859672 rs36028059 0.007917
16 84859809 rs74614598 0.11679
16 84859934 rs36076623 0.12092
16 84860030 rs11645414 0.12838
16 84860112 rs72799546 0.10022
16 84860140 rs11645545 0.12980999999999998
16 84860358 rs116810107 0.27279000000000003
16 84860379 rs9935182 0.15455
16 84860380 rs4783080 0.50097
16 84860720 rs116922853 0.0029256
16 84860859 rs117249060 0.53762
16 84860896 rs12925986 0.17263
16 84861069 rs6564081 0.25822
16 84861236 rs11648054 0.043507
16 84861316 rs11648092 0.48123999999999995
16 84861374 rs11643247 0.073397
16 84861480 rs191486282 0.76384
16 84861558 rs187539332 0.11141
16 84861568 rs80321569 0.1156
16 84861734 rs7204018 0.9405399999999999
16 84862030 rs142972220 0.33931
16 84862151 rs373488625 0.77347
16 84862368 rs2131756 0.80514
16 84862666 rs2101750 0.18829
16 84863017 rs117679392 0.02345
16 84863306 rs564296178 0.083342
16 84863332 rs181548437 0.79893
16 84863509 rs73250011 0.075295
16 84863726 rs144423431 0.11590999999999999
16 84863826 rs147838680 0.69385
16 84864242 rs112770742 0.097365
16 84864761 rs143695836 0.5989800000000001
16 84865140 rs138323345 0.61522
16 84865325 rs9673668 0.541
16 84865509 rs9319453 0.63095
16 84865620 rs139014490 0.17876
16 84865628 rs9673710 0.099616
16 84865760 rs73250016 0.035507
16 84865987 rs9929787 0.16451
16 84866091 rs59700878 0.70809
16 84866157 rs115902965 0.19055999999999998
16 84866402 rs74480845 0.16635999999999998
16 84866420 rs9932059 0.23883000000000001
16 84866473 rs4783081 0.087552
16 84866484 rs116878396 0.80504
16 84866554 rs115360478 0.6904399999999999
16 84866669 rs140409928 0.67669
16 84866846 rs75879381 0.43253
16 84867002 rs8051428 0.0020854
16 84867029 rs8050497 0.16103
16 84867037 rs8051450 0.016973
16 84867140 rs112047304 0.20292000000000002
16 84867169 rs8054355 0.018529
16 84867173 rs8055796 0.018315
16 84867251 rs76818221 0.011475
16 84867322 rs60712980 0.42755
16 84867383 rs12924623 0.009764499999999999
16 84867404 rs8055199 0.24477
16 84867483 rs57549126 0.65945
16 84867495 rs60605285 0.16872
16 84867507 rs58151657 0.4278
16 84867525 rs7404695 0.011268
16 84867526 rs16974687 0.15744
16 84867612 rs72799550 0.16952
16 84867643 rs56656259 0.1615
16 84867646 rs573838701 0.50442
16 84867654 rs111239198 0.19751
16 84867672 rs7404749 0.081643
16 84867677 rs72799551 0.17396
16 84867696 rs58549476 0.17035999999999998
16 84867765 rs59454465 0.67091
16 84867797 rs7404726 0.73092
16 84867848 rs7404740 0.068948
16 84867896 rs56804635 0.17587
16 84867988 rs766119029 0.5392899999999999
16 84867994 rs57027901 0.17342
16 84868332 rs551361877 0.028686
16 84868518 rs11640364 0.19697
16 84868557 rs192892512 0.12308
16 84868576 rs4782662 0.8760600000000001
16 84868669 rs62048663 0.00018249
16 84868704 rs4782663 0.078545
16 84868736 rs4782664 0.010162000000000001
16 84868765 rs4782665 0.010402
16 84868845 rs4782666 0.011537
16 84868847 rs4782667 0.011484000000000001
16 84868849 rs551964725 0.73219
16 84868860 rs189394414 0.8901
16 84868862 rs4782668 0.47418999999999994
16 84869017 rs11149690 0.044927999999999996
16 84869070 rs79708900 0.26388
16 84869096 rs4782669 0.72909
16 84869099 rs7193354 0.10975
16 84869166 rs4783082 0.34318000000000004
16 84869206 rs4782670 0.07535800000000001
16 84869298 rs12716756 0.043737
16 84869311 rs4783083 0.07171699999999999
16 84869416 rs543357208 0.26671
16 84869448 rs9925686 0.24138
16 84869469 rs573450303 0.7185
16 84869838 rs113802951 0.27315
16 84869845 rs114432918 0.94924
16 84869899 rs559172124 0.9757
16 84869902 rs17766265 0.27015
16 84870034 rs1466716 0.61973
16 84870124 rs141730602 0.5186
16 84870336 rs11149691 0.014822
16 84870345 rs117188893 0.021525
16 84870583 rs8062617 0.14126
16 84870695 rs72799558 0.1653
16 84870767 rs57096225 0.53665
16 84871092 rs8063717 0.78445
16 84871128 rs12448841 0.51376
16 84871158 rs769567806 0.50602
16 84871409 rs8047416 0.46358999999999995
16 84871513 rs4782671 0.022322
16 84871640 rs117905384 0.92263
16 84871793 rs4782672 0.5171
16 84871799 rs72799559 0.42475
16 84871849 rs76308337 0.19504000000000002
16 84871971 rs117512632 0.11903
16 84872051 rs1546124 0.87211
16 84872086 rs200402899 0.36827
16 84872420 rs542214280 0.041636
16 84872699 rs4783085 0.019344
16 84873395 rs147954748 0.77008
16 84873558 rs923869 0.20974
16 84874181 rs11648947 0.25682
16 84874258 rs7185928 0.057027999999999995
16 84874635 rs140318895 0.32495
16 84874638 rs75650095 0.41255
16 84875549 rs73250054 0.66796
16 84875610 rs73250056 0.78904
16 84875888 rs190872357 0.59439
16 84876274 rs182983472 0.98895
16 84876282 rs12102503 0.6430600000000001
16 84876693 rs12599235 0.66559
16 84876756 rs149020459 0.015837999999999998
16 84876879 rs12596928 0.6612600000000001
16 84876905 rs12596874 0.7749199999999999
16 84876990 rs78092406 0.44301999999999997
16 84877532 rs1874015 0.96399
16 84877777 rs12932183 0.81347
16 84877890 rs568446561 0.040362999999999996
16 84878168 rs9745776 0.8737
16 84878261 rs12445066 0.66427
16 84878839 rs12447888 0.004833
16 84878990 rs1472233 0.39055
16 84879219 rs375131849 0.5715899999999999
16 84879286 rs12931881 0.0038086999999999995
16 84879324 rs12051168 0.0032319000000000002
16 84879464 rs12051468 0.0014044
16 84879559 rs143154352 0.5303899999999999
16 84879920 rs12932773 0.0017622
16 84880285 rs76246564 0.039223
16 84880424 rs12919905 0.0018928
16 84881292 rs73250070 0.4941
16 84881477 rs17766576 0.5291600000000001
16 84881758 rs1032451 0.72526
16 84881805 rs60284268 0.12957
16 84882015 rs3042 0.63212
16 84882027 rs113626769 0.65061
16 84882207 rs12928808 0.01235
16 84882440 rs113557704 0.3294
16 84882911 rs4783086 0.34569
16 84882974 rs4783087 0.56924
16 84883063 rs138500867 0.8284799999999999
16 84883102 rs8061351 0.11900999999999999
16 84883164 rs142350120 0.6529699999999999
16 84883610 rs12935642 0.16025999999999999
16 84883759 rs4783089 0.08088300000000001
16 84883937 rs567789479 0.5716399999999999
16 84884072 rs4782673 0.13931
16 84884116 rs4783090 0.071627
16 84884460 rs568742686 0.11932999999999999
16 84884464 rs745441453 0.27279000000000003
16 84884496 rs76313540 0.043128
16 84884780 rs4783091 0.13807
16 84884995 rs113680565 0.23674
16 84885001 rs566245404 0.23531
16 84885137 rs11645819 0.14822000000000002
16 84885318 rs16974723 0.2551
16 84885506 rs2641696 0.023497
16 84885523 rs56290224 0.37105
16 84885623 rs150697270 0.235
16 84885777 rs2641697 0.008494499999999999
16 84885820 rs79593965 0.23131
16 84886030 rs2641698 0.0087714
16 84886132 rs66476874 0.96168
16 84886145 rs770788575 0.82791
16 84886306 rs2641699 0.025318
16 84887046 rs116925818 0.68092
16 84887244 rs2646129 0.019226
16 84887542 rs190623829 0.23067
16 84887564 rs2641700 0.075405
16 84887752 rs112709064 0.62061
16 84887849 rs113834114 0.62163
16 84887921 rs113067468 0.41363
16 84888151 rs142262771 0.13952
16 84888295 rs4782674 0.21908000000000002
16 84888310 rs4782675 0.20197
