CHR BP SNP P
2 203155819 rs114777347 0.74255
2 203155896 rs147158311 0.2158
2 203155936 rs3731700 3.8631000000000004e-08
2 203156063 rs369099255 0.5077699999999999
2 203156238 rs766030023 0.9483
2 203156284 rs148585524 3.8457e-08
2 203156319 rs114177656 3.8305e-08
2 203156327 rs142945261 0.37249
2 203156422 rs113075198 6.8936e-05
2 203156603 rs75054183 0.60965
2 203156605 rs563768843 0.086046
2 203156637 rs16824594 0.27668000000000004
2 203156749 rs112373260 0.67451
2 203156961 rs56069403 3.4709e-09
2 203156984 rs143719010 3.5249e-08
2 203157122 rs760830509 0.2525
2 203157238 rs146804609 0.62466
2 203157247 rs62194071 0.1995
2 203157538 rs16839032 0.73119
2 203157865 rs376607678 0.21844
2 203158513 rs7595169 0.67852
2 203158609 rs79130332 0.075379
2 203158764 rs115141476 0.65365
2 203158939 rs12478194 3.8102e-09
2 203158947 rs143590081 4.1868e-08
2 203159023 rs28449541 0.97635
2 203159124 rs16839037 0.62833
2 203159210 rs59671558 0.67884
2 203159382 rs138347090 0.042321
2 203159420 rs573142945 0.61524
2 203159610 rs146144581 0.60864
2 203159949 rs78390594 0.64335
2 203160641 rs188608586 0.90453
2 203160798 rs189120550 0.6108600000000001
2 203160921 rs562013895 0.8442200000000001
2 203161016 rs187376467 0.47896000000000005
2 203161021 rs76664732 3.8911e-08
2 203161214 rs189993510 0.11615
2 203161434 rs547513613 0.60785
2 203161763 rs13035723 1.9724e-09
2 203162132 rs141407789 0.053907000000000004
2 203162413 rs73990227 0.6381
2 203163002 rs34233851 0.012827000000000002
2 203163060 rs60103442 0.62284
2 203163573 rs73990242 0.6240100000000001
2 203163581 rs73990243 0.8427899999999999
2 203163749 rs4470328 9.4752e-10
2 203163888 rs1811791 0.010574
2 203163973 rs116437099 8.46e-08
2 203164069 rs76221445 0.68765
2 203164324 rs563163057 0.93295
2 203164439 rs77718084 0.007104899999999999
2 203164943 rs200416852 0.15116
2 203164972 rs138554847 0.29374
2 203165404 rs562074575 0.36004
2 203165433 rs6753044 5.1993999999999996e-08
2 203165476 rs73990246 0.96826
2 203165534 rs6753156 1.8965000000000002e-09
2 203166364 rs12464254 4.3879e-08
2 203166480 rs753297999 0.33762
2 203166896 rs4429452 0.011932
2 203167280 rs564771104 0.8312200000000001
2 203168173 rs1054446 0.011679
2 203168235 rs16841867 4.2228000000000006e-08
2 203168437 rs13029433 1.8358e-09
2 203168991 rs577679702 0.057662
2 203168992 rs545084821 0.057662
2 203169224 rs2138380 0.011752
2 203169512 rs115162189 0.88197
2 203170615 rs6744699 0.012718
2 203171167 rs75781882 0.13860999999999998
2 203171216 rs12463846 0.010781
2 203171672 rs10084427 1.9624e-09
2 203171699 rs115310363 0.55399
2 203172413 rs79117531 4.2458e-08
2 203172562 rs561971000 0.57843
2 203172573 rs143046066 0.010378
2 203172882 rs114431649 0.74716
2 203173497 rs16839065 4.4277e-08
2 203173884 rs58071314 0.011769
2 203174105 rs111875224 0.5381
2 203174320 rs12471060 4.6144e-08
2 203174476 rs573688404 0.75572
2 203174606 rs7562584 0.69877
2 203174628 rs7588835 5.9717e-08
2 203174775 rs140886980 0.5534399999999999
2 203175255 rs568859164 0.11080999999999999
2 203175409 rs146671566 4.335e-08
2 203175467 rs189248379 0.18816
2 203175703 rs184364591 0.019293
2 203175897 rs776501868 0.54496
2 203176067 rs74801679 0.70001
2 203176201 rs35225240 0.011676
2 203177095 rs149940091 0.21786
2 203177168 rs60255419 1.9905999999999997e-09
2 203177568 rs140149685 0.18402000000000002
2 203177873 rs755715972 0.12161
2 203178314 rs143442773 0.8383700000000001
2 203178446 rs185637025 0.9769
2 203178638 rs13398233 1.9111e-09
2 203179666 rs191648995 0.29036
2 203179828 rs35685528 0.011724
2 203179868 rs115418918 4.4008e-08
2 203179972 rs141798876 0.28003
2 203179979 rs146019451 0.10001
2 203180058 rs76363267 0.70336
2 203180200 rs58604180 0.7146899999999999
2 203180681 rs114922024 4.3853e-08
2 203180892 rs77664220 0.5108199999999999
2 203180956 rs77261109 4.5545999999999996e-08
2 203181248 rs6717586 0.70427
2 203181516 rs146226790 4.5909000000000004e-08
2 203181533 rs80030634 0.8199299999999999
2 203181949 rs113174618 0.52432
2 203182040 rs12466003 4.4289999999999995e-08
2 203182575 rs76111924 9.795799999999999e-05
2 203182693 rs78612738 0.25405
2 203182714 rs112703843 0.98961
2 203182765 rs76501067 4.3983e-08
2 203182767 rs80315897 4.6057e-08
2 203182832 rs78655127 0.004684000000000001
2 203183671 rs570305662 0.8324799999999999
2 203183672 rs10178655 0.8927799999999999
2 203183683 rs539859275 0.29581999999999997
2 203183764 rs55681656 6.1569e-08
2 203184096 rs760830710 0.6190899999999999
2 203184918 rs551087063 0.19012
2 203186053 rs115355454 0.5143800000000001
2 203186381 rs79146292 0.70521
2 203186411 rs778126682 0.50542
2 203186547 rs115227748 0.60642
2 203186799 rs55919519 0.71968
2 203187057 rs114856139 0.069849
2 203187235 rs73990253 0.7067
2 203187766 rs376281875 0.019659
2 203187840 rs114272395 0.25448000000000004
2 203187925 rs6435142 0.7058800000000001
2 203188016 rs144153086 0.0032989000000000004
2 203188773 rs373721345 0.0073788
2 203188898 rs147724762 0.1528
2 203188924 rs182144220 0.67724
2 203191852 rs56177139 2.6312e-08
2 203192153 rs184865602 0.65333
2 203192208 rs189688051 0.64383
2 203192267 rs149823746 0.030554
2 203192564 rs569499562 0.8848799999999999
2 203192669 rs12471019 8.7065e-10
2 203193791 rs6719586 0.70387
2 203194062 rs7597156 1.9764e-08
2 203194256 rs6435143 0.11515999999999998
2 203194270 rs7597469 2.2964000000000003e-08
2 203194294 rs116000310 0.13327999999999998
2 203194721 rs113877751 2.0817e-08
2 203194724 rs114849261 0.37390999999999996
2 203194826 rs13021995 0.28791
2 203195171 rs113021930 2.0808e-08
2 203195300 rs114364984 0.57745
2 203195460 rs76172796 0.011894
2 203195835 rs143368288 2.0754000000000002e-08
2 203196190 rs144414766 0.51372
2 203196447 rs113491584 1.952e-08
2 203197126 rs150872752 0.5061100000000001
2 203197601 rs111620073 2.0764999999999998e-08
2 203197919 rs183539786 0.25140999999999997
2 203197930 rs188985709 0.89305
2 203198078 rs746921816 0.97549
2 203198147 rs6735994 8.8403e-10
2 203198618 rs112849283 2.0041e-08
2 203198767 rs6711339 0.73807
2 203198888 rs77435512 2.8211e-08
2 203198918 rs112306637 2.029e-08
2 203198939 rs145134849 0.52018
2 203199091 rs111917540 0.7014699999999999
2 203199188 rs111252524 2.0425e-08
2 203199219 rs112753638 1.8039e-08
2 203199330 rs149108028 0.73154
2 203199670 rs7566155 3.3586e-08
2 203199818 rs58901085 0.51089
2 203199824 rs7592692 2.1207e-08
2 203200041 rs544413835 0.75649
2 203200439 rs112614658 0.5868800000000001
2 203200960 rs113188021 2.0755e-08
2 203201254 rs192089757 0.43418999999999996
2 203201848 rs182422924 0.43818999999999997
2 203202166 rs6731027 2.1306e-08
2 203202363 rs7607792 0.72958
2 203202417 rs139708520 0.57189
2 203202958 rs1105047 1.3521e-09
2 203203018 rs144353721 0.49278
2 203203088 rs7584400 0.33446
2 203203865 rs4516412 0.044909
2 203204127 rs116750274 0.05563200000000001
2 203204567 rs12473579 0.039475
2 203204658 rs7588727 0.5061399999999999
2 203204785 rs56282628 0.23633
2 203204932 rs7565477 0.79282
2 203205005 rs189441836 0.41728999999999994
2 203205168 rs13006074 0.039854
2 203205311 rs13006458 0.040109
2 203205457 rs183663298 0.15262
2 203205527 rs116119012 0.7071
2 203205712 rs191541254 0.54525
2 203206171 rs186805780 0.37739
2 203207410 rs77542503 0.5177
2 203207524 rs112107697 0.79578
2 203207631 rs183455631 0.46953
2 203207934 rs73990260 0.77671
2 203208345 rs138478681 2.2108e-08
2 203208374 rs192795160 0.29228000000000004
2 203208693 rs16839077 2.3083999999999997e-08
2 203208876 rs7580283 0.8216899999999999
2 203208993 rs75364758 0.007370000000000001
2 203209583 rs140092581 0.76143
2 203209811 rs6435144 0.75407
2 203209945 rs35167836 0.038338
2 203210029 rs6435145 0.10817
2 203210575 rs78880269 0.48932
2 203211385 rs10165082 0.10029
2 203211460 rs111342623 0.8081
2 203211721 rs189240337 0.0016312000000000002
2 203212229 rs6435146 0.102
2 203212305 rs6736678 0.79804
2 203212797 rs145259153 0.73124
2 203213061 rs16839090 1.6592e-08
2 203213093 rs13389798 1.9985999999999998e-08
2 203213896 rs746673898 0.45022
2 203214060 rs184382928 0.032271
2 203214179 rs760072315 0.50878
2 203214370 rs186161950 0.8155899999999999
2 203214451 rs59036261 0.08731599999999999
2 203214739 rs58288071 2.692e-08
2 203214822 rs145489232 0.63521
2 203215132 rs138495481 2.5072e-08
2 203215328 rs6733923 0.5179
2 203215831 rs6737292 0.5371
2 203216019 rs145143596 0.78587
2 203216422 rs7587234 1.8168e-08
2 203216700 rs182359720 0.73669
2 203216862 rs191589478 0.39778
2 203217070 rs141496567 0.07624
2 203217136 rs77658161 0.88095
2 203217305 rs530562021 0.0033602
2 203217472 rs116540410 0.0104
2 203218147 rs866202318 0.29615
2 203218531 rs1996270 0.043276
2 203218815 rs4675277 0.26919
2 203218825 rs34296356 0.043085000000000005
2 203219384 rs6749908 0.050196
2 203219406 rs10179525 0.2752
2 203220271 rs552600989 0.16626
2 203220766 rs116320436 0.6118100000000001
2 203221468 rs12994463 0.047527
2 203221574 rs6435147 0.093685
2 203221594 rs55962937 0.42194
2 203222408 rs62194078 0.38299999999999995
2 203222966 rs16824599 4.2985e-08
2 203223075 rs114148447 0.77986
2 203223295 rs6715945 0.07838300000000001
2 203223345 rs140757509 0.82273
2 203223565 rs145163769 0.17354
2 203223937 rs138942228 0.67262
2 203224161 rs12467948 4.0448000000000006e-08
2 203224196 rs148120284 0.8455799999999999
2 203224222 rs6748618 0.060367
2 203224956 rs73990262 0.45025
2 203225228 rs142952678 0.34845
2 203225576 rs147232076 0.77649
2 203225762 rs112034968 0.3519
2 203225839 rs193063376 0.30672
2 203226195 rs73990263 0.34189
2 203226214 rs148448475 0.39569
2 203226285 rs183488048 0.78508
2 203226349 rs7604888 0.62685
2 203226371 rs72925015 1.5542e-05
2 203226472 rs144046770 0.55638
2 203226927 rs773874532 0.37761999999999996
2 203226933 rs55833714 0.99041
2 203226974 rs184807954 0.5212
2 203227249 rs2350747 0.011715999999999999
2 203227345 rs181667053 0.60378
2 203227348 rs186189131 0.8448100000000001
2 203228003 rs770310216 0.7772
2 203228070 rs779843324 0.56991
2 203228757 rs182673163 0.20226
2 203229245 rs778317316 0.62615
2 203229379 rs115932747 0.79055
2 203229384 rs55800803 0.27962
2 203229541 rs75316849 0.0039898
2 203230583 rs35738446 0.013368999999999999
2 203230742 rs7576387 0.04398
2 203231650 rs113744084 0.012574
2 203232004 rs113939272 1.2386e-05
2 203233025 rs144095054 0.33100999999999997
2 203233738 rs114834270 0.1465
2 203233807 rs72925021 1.2924e-05
2 203233845 rs541716881 0.5397
2 203233949 rs145471428 0.57016
2 203234164 rs755764394 0.18166
2 203234252 rs75845683 0.47253
2 203235139 rs6714523 1.6755e-09
2 203235477 rs115579181 0.7954100000000001
2 203235523 rs73050797 0.32151
2 203235753 rs138157310 0.5432600000000001
2 203235885 rs530405763 0.94963
2 203235912 rs183815770 0.8166899999999999
2 203236010 rs555299158 0.097853
2 203236011 rs113072358 0.29074
2 203236039 rs11899836 1.8423000000000001e-09
2 203236049 rs756496582 0.73051
2 203236163 rs189751830 0.066111
2 203236397 rs143627066 0.8788799999999999
2 203236731 rs138119624 0.9443799999999999
2 203238507 rs71425935 0.011387999999999999
2 203238623 rs139042575 1.7288e-09
2 203238668 rs757366158 0.37543000000000004
2 203239879 rs560956888 0.50565
2 203241529 rs115604088 0.9715
2 203241897 rs116154690 0.9718600000000001
2 203242206 rs549281044 0.9400200000000001
2 203243049 rs546940751 0.88728
2 203243230 rs114864779 0.41889
2 203243342 rs72925025 6.5645e-06
2 203243417 rs114021105 0.9183399999999999
2 203243522 rs12469610 0.68278
2 203243593 rs150188888 0.019871
2 203243891 rs79326750 0.0028545000000000003
2 203243951 rs138151947 0.5805
2 203244510 rs73050800 1.7433e-05
2 203244955 rs528549017 0.012473999999999999
2 203245215 rs62194080 0.46171
2 203245733 rs13386740 1.3299e-09
2 203246189 rs114823135 0.56338
2 203246304 rs6717924 0.006905500000000001
2 203246340 rs1980153 0.49748000000000003
2 203246411 rs4303700 3.1949e-05
2 203246510 rs116354867 0.57329
2 203246717 rs181948786 0.39404
2 203246734 rs116022136 0.44261999999999996
2 203247137 rs144942499 1.5034e-09
2 203247249 rs71425937 0.0066336
2 203247509 rs79919139 1.4657e-09
2 203247718 rs776543183 0.64949
2 203248085 rs13394159 0.24964
2 203248091 rs540213482 0.78932
2 203248098 rs192245934 0.15732000000000002
2 203248219 rs1980152 0.59734
2 203248296 rs141095250 0.12959
2 203248776 rs537566725 0.33944
2 203248880 rs61412062 0.53999
2 203248957 rs72925038 2.8373e-05
2 203249476 rs150033015 0.55896
2 203249805 rs116557864 0.90328
2 203249806 rs115966268 0.9034700000000001
2 203250237 rs146790879 0.071427
2 203251506 rs6435148 0.022119
2 203252225 rs149489649 0.7156899999999999
2 203252427 rs13415189 0.54242
2 203252546 rs745366520 0.99645
2 203252707 rs142672659 0.8754299999999999
2 203252885 rs147546372 0.6379
2 203253380 rs139843234 0.46543999999999996
2 203254375 rs12991822 0.006974899999999999
2 203254450 rs140559226 0.80978
2 203254841 rs73990266 0.21033000000000002
2 203255201 rs555620447 0.10321
2 203255396 rs574803801 0.6717
2 203255407 rs779573452 0.98524
2 203255485 rs13426118 1.1953e-09
2 203256036 rs113719199 0.66072
2 203256097 rs187060949 0.89056
2 203256187 rs191789020 0.95342
2 203256255 rs34047945 0.0064518
2 203256577 rs564102944 0.39774
2 203258014 rs551753015 0.52542
2 203258192 rs72925043 2.3348e-05
2 203258193 rs190230708 0.79896
2 203258294 rs113690556 0.91515
2 203258495 rs559377283 0.097791
2 203259709 rs10197665 0.8603700000000001
2 203259831 rs13033003 0.0068995
2 203260288 rs112529457 0.19483
2 203260628 rs140919092 0.55761
2 203260701 rs13025713 0.0072908
2 203260744 rs188122426 0.9057299999999999
2 203261278 rs72925044 2.3097e-05
2 203261432 rs772999974 0.11953
2 203262378 rs7588864 0.0071065
2 203262772 rs75228962 0.6532399999999999
2 203263342 rs17271393 0.007113600000000001
2 203263573 rs75597391 1.7194e-09
2 203263773 rs548738628 0.93839
2 203263967 rs186581812 0.32242
2 203264552 rs80307290 0.36169
2 203264977 rs7573030 0.022940000000000002
2 203265102 rs78593245 0.55679
2 203265331 rs146358353 0.79637
2 203265556 rs187418097 0.34184000000000003
2 203265642 rs16839126 0.34033
2 203266260 rs144266574 0.84749
2 203266610 rs16839127 0.6693
2 203266964 rs553484294 0.48244
2 203267139 rs143795388 0.13318
2 203267735 rs112610042 2.2686e-05
2 203267840 rs140585852 0.079368
2 203268097 rs144485661 0.0082959
2 203268380 rs184839253 0.8555799999999999
2 203268455 rs6706495 0.006702600000000001
2 203269161 rs185978435 0.79991
2 203269216 rs773940805 0.52781
2 203269651 rs147827532 0.08962
2 203269850 rs17271400 0.006653699999999999
2 203270092 rs2056145 2.6489999999999997e-11
2 203270379 rs112757487 2.2573000000000002e-05
2 203271267 rs6435149 2.1021999999999997e-11
2 203271282 rs77085326 0.17159000000000002
2 203272021 rs74182351 0.0066118999999999995
2 203272222 rs185406902 0.78446
2 203272504 rs72925055 1.7712e-05
2 203272691 rs185903993 0.09882200000000001
2 203273559 rs7583801 0.02375
2 203273561 rs12469580 0.0066664
2 203273885 rs1969282 0.023728
2 203274963 rs2350806 0.023315
2 203275153 rs188348473 0.00039942
2 203275598 rs3942565 0.0066402
2 203275708 rs542043660 0.69791
2 203276706 rs187036953 0.72512
2 203276810 rs71425938 0.006852199999999999
2 203277015 rs190015222 0.59651
2 203277017 rs182676428 0.31155
2 203277300 rs7572075 0.9618200000000001
2 203277331 rs12466016 0.0068137
2 203277523 rs188667799 0.79769
2 203278595 rs77312874 0.056902
2 203278696 rs12472408 1.128e-09
2 203279041 rs138479707 0.057712
2 203279347 rs184676996 0.22459
2 203279414 rs72925057 2.2094000000000002e-05
2 203279702 rs7582681 0.021097
2 203280615 rs141475900 0.27426
2 203280961 rs78857880 0.0064646999999999994
2 203281513 rs115170232 1.0036000000000001e-09
2 203281835 rs111536773 2.1057e-05
2 203281975 rs13026462 0.0066387
2 203282268 rs550890887 0.62511
2 203282511 rs12465810 0.0063945
2 203282533 rs62194082 0.48448
2 203282946 rs146646286 0.8569
2 203283243 rs77881051 0.52528
2 203283482 rs58275216 0.65698
2 203284153 rs138895919 0.8991
2 203284266 rs11889765 8.264e-10
2 203284594 rs72925065 1.9965999999999998e-05
2 203284701 rs6732066 0.021606999999999998
2 203284990 rs115725476 0.73021
2 203285157 rs6747299 0.021598
2 203285697 rs13027711 0.006590100000000001
2 203285961 rs150578341 0.14572000000000002
2 203286046 rs184809675 0.055823000000000005
2 203286422 rs7586383 0.006761
2 203286558 rs146226509 0.7745
2 203286655 rs76891186 0.58143
2 203286725 rs6435150 1.8936e-11
2 203286798 rs6435151 0.0067783999999999995
2 203286882 rs759036453 0.9744200000000001
2 203287580 rs12471515 0.0067986999999999995
2 203288619 rs147700502 0.25159000000000004
2 203288684 rs539750044 0.10109
2 203288702 rs142458290 0.8529399999999999
2 203288774 rs10206674 8.934400000000001e-10
2 203288847 rs75855069 0.52478
2 203288922 rs10194377 0.54096
2 203289863 rs6435152 0.31072
2 203290013 rs6752522 0.0068247
2 203290095 rs139486368 0.8275
2 203290437 rs13034114 0.006793
2 203290782 rs13384734 0.24761
2 203291061 rs112054978 2.0651e-05
2 203291104 rs7558089 0.021408
2 203291532 rs6735776 0.020339
2 203291839 rs76284304 9.986e-10
2 203291915 rs7561618 0.006805299999999999
2 203292039 rs6435153 0.005106
2 203292344 rs16839149 1.0397e-09
2 203292428 rs142497256 0.055147
2 203292610 rs12466376 0.0064973
2 203292942 rs12474455 0.0064973
2 203293010 rs185666664 0.74147
2 203293174 rs116573705 0.57745
2 203293278 rs115544214 0.87661
2 203293635 rs62194089 0.4651
2 203293933 rs75697473 0.0022946
2 203293996 rs10177045 0.53733
2 203294455 rs34360304 0.081525
2 203294648 rs143972538 0.7158
2 203295790 rs2350807 0.0065477
2 203296074 rs563147515 0.22161999999999998
2 203296254 rs193103867 0.78414
2 203296750 rs183937624 0.9339700000000001
2 203297068 rs13010656 0.021783
2 203297815 rs62194090 0.18292
2 203298123 rs551704533 0.42567
2 203298967 rs148949823 0.054896
2 203299814 rs191155196 0.062903
2 203300426 rs111365253 1.9321e-05
2 203300673 rs149275158 0.6383300000000001
2 203301662 rs190445442 0.45581000000000005
2 203302246 rs115239036 0.75374
2 203302627 rs12693968 1.9199000000000003e-11
2 203302660 rs12693969 0.021843
2 203303987 rs116540939 0.72822
2 203304242 rs551508515 0.74838
2 203304257 rs192810291 0.62354
2 203305018 rs114229592 0.0065413
2 203305050 rs56348231 0.006972
2 203305179 rs192043478 0.71332
2 203305413 rs75569831 0.31171
2 203305507 rs530848422 0.42343000000000003
2 203305693 rs563602730 0.38813000000000003
2 203305855 rs74182353 0.0065307
2 203306098 rs181035846 0.33509
2 203306153 rs7422693 0.022057
2 203306327 rs7424404 0.022274000000000002
2 203306758 rs13016850 0.006965100000000001
2 203306932 rs113541500 0.94552
2 203307477 rs6736794 0.02147
2 203308169 rs187500188 0.96257
2 203308170 rs116760149 0.10683
2 203308994 rs547046877 0.65299
2 203309066 rs13430786 1.7855999999999998e-11
2 203309263 rs78831137 0.8362700000000001
2 203309891 rs74766638 1.0174999999999998e-09
2 203310698 rs566256144 0.76562
2 203310873 rs182587886 0.00032562
2 203310917 rs148571731 0.053277
2 203310991 rs577022405 0.79246
2 203311370 rs72925072 1.5340999999999998e-05
2 203311796 rs573398942 0.26145
2 203311997 rs13422311 0.025438
2 203311998 rs563070883 0.14954
2 203312178 rs6720187 0.006568899999999999
2 203312522 rs186642544 0.9979100000000001
2 203313417 rs186517809 0.90074
2 203313638 rs7589059 1.9095e-11
2 203313856 rs185601242 0.5323100000000001
2 203313945 rs188633446 0.077445
2 203314641 rs114480384 0.39064
2 203315049 rs551845885 0.61166
2 203315052 rs75298509 0.20139
2 203315141 rs56390233 0.6735800000000001
2 203315540 rs34758780 0.0065378
2 203315612 rs6747756 2.0861000000000002e-11
2 203316013 rs6736047 0.67757
2 203317438 rs79247484 0.095225
2 203317474 rs181337923 0.59904
2 203318580 rs145837560 0.18336
2 203318618 rs138672613 0.8933200000000001
2 203319960 rs192037039 0.38823
2 203320423 rs72925077 4.4559e-06
2 203320887 rs74720868 0.55114
2 203321240 rs3927303 0.47363
2 203321574 rs116813633 0.32268
2 203322098 rs145282856 0.9367200000000001
2 203322766 rs79783863 0.66376
2 203323837 rs12467506 0.0064356000000000005
2 203324750 rs116635509 3.5431000000000003e-09
2 203324961 rs559660501 0.42977
2 203325311 rs145140623 0.75939
2 203325610 rs771461128 0.74403
2 203325840 rs77466141 0.67532
2 203327383 rs76795605 0.37983
2 203327655 rs79024393 0.0079955
2 203328360 rs114548385 0.89707
2 203328919 rs45442097 1.962e-05
2 203328933 rs2350809 1.0833e-09
2 203329950 rs6742403 0.0017242000000000002
2 203329994 rs11688990 0.14987999999999999
2 203330348 rs747374019 0.0041551
2 203330839 rs76528043 1.2629e-09
2 203330981 rs67714233 1.7544e-11
2 203331111 rs186526442 0.63635
2 203332467 rs75813650 0.1062
2 203332494 rs76651977 0.092714
2 203332601 rs141901159 0.29065
2 203332624 rs71425943 0.0061618
2 203332632 rs183797117 0.82876
2 203332723 rs542365332 0.93806
2 203332957 rs560756571 0.33781
2 203333493 rs35223496 0.006495600000000001
2 203333783 rs4349332 0.0065032
2 203333822 rs182119697 0.65978
2 203333856 rs112238992 0.52879
2 203334501 rs535260919 0.8834700000000001
2 203334572 rs4675278 6.489099999999999e-06
2 203334573 rs4675279 5.729400000000001e-10
2 203334849 rs781144713 0.10515
2 203334919 rs12474115 0.0061749
2 203335633 rs13009018 0.0061143000000000005
2 203336739 rs35771804 0.0061241
2 203336778 rs192772386 0.69952
2 203337001 rs12468226 1.1473e-09
2 203337160 rs35556566 0.0060967
2 203337895 rs138257921 3.1829e-06
2 203337899 rs556165046 0.62511
2 203338157 rs12469436 0.0060734
2 203338245 rs12477602 0.006072600000000001
2 203338297 rs55766198 0.47266
2 203338595 rs149507570 0.9221
2 203338998 rs112404720 0.006460300000000001
2 203339008 rs112909073 0.0058149
2 203339124 rs143971220 0.71467
2 203339496 rs373627825 0.57515
2 203340568 rs12989487 0.006071899999999999
2 203341437 rs542996509 0.47002
2 203342617 rs72925078 2.0823e-05
2 203342741 rs150238823 0.57782
2 203342821 rs55908474 0.7519899999999999
2 203343876 rs6722942 0.7588600000000001
2 203344932 rs146006317 2.9526e-06
2 203344938 rs111790163 0.0057581
2 203346006 2:203346006_A_G 0.31068
2 203346145 rs555146753 0.71973
2 203346374 rs77590103 0.2615
2 203346397 rs540300831 0.37334
2 203346495 rs76020651 0.82762
2 203347284 rs148802328 1.3309000000000002e-09
2 203347285 rs142438260 0.57782
2 203347460 rs6720579 1.2372e-09
2 203349353 rs558681006 0.8036399999999999
2 203349670 rs76117909 0.46461
2 203349755 rs13020692 0.0055245
2 203349783 rs191171028 0.57153
2 203349796 rs13021039 0.0054487
2 203350235 rs114339346 0.51527
2 203350530 rs13022353 0.0055288
2 203350691 rs114322863 0.71462
2 203351107 rs141666309 0.00049266
2 203351696 rs75040639 1.6596e-09
2 203351822 rs62194093 0.46442
2 203352077 rs72925080 1.9506e-05
2 203352196 rs75968390 0.02995
2 203352330 rs186498693 0.13346
2 203352630 rs34519942 0.0055985
2 203352739 rs6750950 0.49688999999999994
2 203352937 rs6751210 0.026673000000000002
2 203353447 rs6738541 2.0377e-11
2 203353782 rs183435232 0.7791100000000001
2 203353810 rs6435154 0.18397
2 203353842 rs144932197 0.58804
2 203354116 rs35939513 0.0057284
2 203354263 rs113539301 0.63594
2 203354865 rs188060634 0.49993999999999994
2 203355196 rs576223207 0.31956
2 203355463 rs370517672 0.019716
