CHR BP SNP P
17 20164108 rs74850712 0.042482
17 20164279 rs78952345 0.50853
17 20164554 rs146869212 0.013297
17 20164565 rs547904868 0.50054
17 20164581 rs769853734 0.72965
17 20164769 rs550173588 0.5183800000000001
17 20165054 rs2526467 7.743399999999999e-21
17 20165239 rs76242567 0.31285999999999997
17 20165251 rs2526466 1.3882999999999998e-19
17 20165333 rs118137939 0.44505
17 20165621 rs72830202 7.7643e-06
17 20165783 rs114211053 0.8696
17 20165883 rs78169251 0.63218
17 20166143 rs72832504 8.5494e-06
17 20166490 rs185361319 0.9290299999999999
17 20166531 rs116833962 0.06625199999999999
17 20166658 rs188633484 0.81915
17 20166950 rs2703792 8.295499999999999e-21
17 20167153 rs147225004 0.040582
17 20167365 rs117058912 0.03248
17 20167387 rs138881241 0.72283
17 20167611 rs2526465 1.3811e-19
17 20167635 rs76724337 0.9590000000000001
17 20167692 rs2013576 9.268299999999999e-21
17 20167693 rs117096120 0.26558000000000004
17 20167867 rs2005722 9.2727e-21
17 20168685 rs185534179 0.8686799999999999
17 20168793 rs149913191 0.6833899999999999
17 20169059 rs112574871 0.12945
17 20169624 rs113267087 0.2599
17 20169822 rs192106445 0.69685
17 20170173 rs184007076 0.10640999999999999
17 20170423 rs564179999 0.08085
17 20170608 rs61660810 0.54923
17 20170715 rs79678129 0.7499600000000001
17 20170787 rs115627700 0.36157
17 20170879 rs140927554 0.94826
17 20170885 rs150223403 0.94826
17 20171377 rs548050925 0.17169
17 20171524 rs2158472 1.9050999999999997e-19
17 20171526 rs80140414 0.9530799999999999
17 20171546 rs192817315 0.10640999999999999
17 20171735 rs117888607 0.71562
17 20171872 rs3850779 1.2739e-19
17 20172447 rs16959946 0.32084
17 20172459 rs116796407 0.47594
17 20172492 rs185774938 0.71068
17 20172612 rs189195926 0.065746
17 20172833 rs181578325 0.65389
17 20173184 rs28831144 0.012532
17 20173400 rs116844272 0.8972600000000001
17 20173610 rs28559317 0.53317
17 20174463 rs115468240 0.54587
17 20174526 rs9899514 0.5675600000000001
17 20174674 rs149144258 0.14476
17 20174715 rs57647643 0.12705999999999998
17 20174794 rs118055956 0.97465
17 20174852 rs9897328 9.0455e-21
17 20175006 rs118145105 0.12753
17 20175086 rs79106774 0.9452200000000001
17 20175264 rs79610501 0.0055192
17 20175376 rs76505169 0.44435
17 20175391 rs79873844 1.3821e-06
17 20175421 rs147061953 0.11912
17 20175460 rs76309839 0.29034
17 20175498 rs562699932 0.56847
17 20175674 rs140259820 0.67807
17 20175723 rs75186852 1.008e-06
17 20175742 rs76111182 0.69111
17 20176703 rs8074047 6.4046000000000006e-21
17 20176893 rs141667686 0.036822
17 20176920 rs146208794 0.17202
17 20177104 rs9915059 6.497499999999999e-21
17 20177255 rs148564174 0.16802999999999998
17 20177830 rs141931255 0.63908
17 20178298 rs76661829 0.39300999999999997
17 20178312 rs28550747 0.32326
17 20179073 rs17795703 0.0006239
17 20179140 rs73305551 0.12842
17 20179418 rs188303126 0.0061496
17 20179552 rs145487421 0.039058999999999996
17 20180096 rs72832506 8.8519e-06
17 20180337 rs9896221 6.6684e-21
17 20180429 rs115228559 0.14562
17 20180536 rs9904928 6.7877e-21
17 20180550 rs9896709 6.806600000000001e-21
17 20180558 rs72832508 8.1616e-06
17 20180715 rs11657161 1.6445999999999998e-19
17 20180951 rs137958599 0.6219600000000001
17 20180969 rs184999437 0.79409
17 20180989 rs144359985 0.78341
17 20181108 rs74713345 0.16946
17 20181184 rs57110692 0.54573
17 20181296 rs78460626 0.098425
17 20181566 rs12603372 1.0744999999999999e-19
17 20181655 rs115395384 0.87244
17 20181766 rs115992911 0.72002
17 20181902 rs3850780 1.187e-19
17 20182034 rs555495706 0.15325
17 20182067 rs75957082 0.058714999999999996
17 20182725 rs11654942 1.2211e-19
17 20182769 rs191591755 0.15068
17 20182846 rs151065176 0.014195
17 20182894 rs139818002 0.10554000000000001
17 20182924 rs9892630 8.163e-21
17 20183358 rs140992173 0.096112
17 20183675 rs9901102 0.5431199999999999
17 20183787 rs77161723 0.036393
17 20184361 rs567876781 0.51326
17 20184362 rs77763041 0.013748
17 20184501 rs3850783 7.7753e-21
17 20184660 rs73307278 0.1562
17 20184711 rs150109141 0.8830100000000001
17 20184836 rs191888646 0.12913
17 20184926 rs115700808 0.20260999999999998
17 20185030 rs3850784 7.388699999999999e-21
17 20185248 rs3850785 7.3184e-21
17 20185435 rs144082371 0.044505
17 20185456 rs78448425 0.82125
17 20185733 rs9894809 0.064733
17 20185965 rs79406441 0.17071
17 20186002 rs150841930 0.64712
17 20186229 rs7224153 0.79168
17 20186438 rs140448663 0.11082
17 20186794 rs72832515 7.9084e-06
17 20187356 rs181449094 0.38914
17 20187816 rs141758037 0.8798299999999999
17 20187964 rs147098222 0.66914
17 20188028 rs6587061 0.54586
17 20188053 rs138473147 0.12013
17 20188174 rs10491107 9.148700000000001e-20
17 20188238 rs192462003 0.75369
17 20188581 rs9905493 6.4386000000000005e-21
17 20189046 rs11653630 1.0499000000000001e-19
17 20189156 rs146257103 0.17828
17 20189327 rs73307286 0.14440999999999998
17 20189476 rs73307289 0.14492
17 20189528 rs149655122 0.23376999999999998
17 20189670 rs189115362 0.12133
17 20189968 rs116277366 0.15927
17 20190061 rs147728033 0.9558200000000001
17 20190355 rs181569127 0.70596
17 20190900 rs148364609 0.68966
17 20190960 rs79371727 0.012674
17 20190974 rs12949481 1.1005000000000002e-19
17 20191141 rs150413678 0.8812399999999999
17 20191331 rs115105068 0.41255
17 20191568 rs73307292 0.9656799999999999
17 20191795 rs139323725 0.1683
17 20191859 rs75696103 2.9625e-10
17 20191860 rs77449863 1.2715e-19
17 20192043 rs191888741 0.7437699999999999
17 20192184 rs532345463 0.68358
17 20192207 rs192375168 0.8840399999999999
17 20192252 rs12942627 1.4e-19
17 20192382 rs148700698 0.6721600000000001
17 20192969 rs9900166 5.7596000000000004e-21
17 20193131 rs114355749 0.72012
17 20193250 rs147778432 0.15834
17 20193334 rs139435915 0.72882
17 20193697 rs115154270 0.29038
17 20193940 rs6587063 5.5755e-21
17 20193985 rs145146274 0.7236600000000001
17 20194042 rs184485808 0.29038
17 20194415 rs72832518 7.7955e-06
17 20194523 rs12051865 0.52185
17 20194598 rs115183572 0.8913200000000001
17 20195147 rs546045734 0.74415
17 20195217 rs12938355 8.4661e-20
17 20195279 rs76239273 0.72468
17 20195330 rs115124271 0.18968
17 20195438 rs11204300 1.354e-19
17 20195599 rs7225533 0.17034000000000002
17 20195659 rs7224558 0.44595
17 20195667 rs142730706 0.48536999999999997
17 20195786 rs145067775 0.15904000000000001
17 20195873 rs148313585 0.33066
17 20195874 rs141461908 0.28778000000000004
17 20196144 rs1561974 5.111e-21
17 20196340 rs28563081 0.075562
17 20196483 rs533753601 0.18052
17 20196633 rs2034109 4.9129e-21
17 20196793 rs116370609 0.19968
17 20197045 rs9325893 0.12074000000000001
17 20197073 rs148647029 0.0093168
17 20197101 rs9325894 7.580999999999999e-21
17 20197483 rs140866594 0.56487
17 20197530 rs192649185 0.30982
17 20197586 rs11653869 8.762e-20
17 20197737 rs8077852 0.54459
17 20197858 rs76007343 0.37867
17 20198024 rs2034110 0.37525
17 20198160 rs11654025 2.5906e-21
17 20198204 rs115819408 0.76655
17 20198557 rs12950564 8.416000000000001e-20
17 20198631 rs62066878 0.15055
17 20198708 rs7223481 0.074837
17 20198758 rs143705542 0.93709
17 20199079 rs142781167 0.79086
17 20199658 rs147437147 0.12070999999999998
17 20199825 rs192113322 0.0018522000000000002
17 20199939 rs527453013 0.10795
17 20200022 rs143715704 0.013665
17 20200510 rs79134173 0.14099
17 20200535 rs186758012 0.13762
17 20201127 rs56237951 3.7364000000000003e-05
17 20201291 rs78325877 0.33171999999999996
17 20201396 rs114313923 0.26704
17 20201479 rs141459329 0.43814
17 20201891 rs77160461 0.9516399999999999
17 20202396 rs140426286 0.047347
17 20202741 rs141349928 0.70209
17 20202984 rs72832520 6.9806e-06
17 20203073 rs57837691 7.9716e-20
17 20203098 rs80158377 0.17110999999999998
17 20203801 rs142437760 0.038979
17 20204016 rs530410247 0.73897
17 20204370 rs116533754 0.68153
17 20204468 rs182216030 0.13035
17 20204490 rs115291174 0.028600999999999998
17 20204511 rs544760184 0.86314
17 20204516 rs7207611 4.6081e-21
17 20205158 rs146137981 0.21556
17 20205261 rs145842286 0.017713999999999997
17 20205369 rs79934172 0.43746
17 20205394 rs148514014 0.063546
17 20205627 rs182877533 0.22594
17 20205632 rs187178252 0.23262
17 20205741 rs142761576 0.1446
17 20205806 rs151032442 0.7348100000000001
17 20205817 rs5025290 0.2874
17 20205867 rs191760493 0.12369000000000001
17 20205885 rs58664968 0.0093177
17 20206027 rs142464195 0.1682
17 20206281 rs9914219 0.53464
17 20206311 rs62066879 0.59442
17 20206424 rs73981899 0.0095536
17 20206484 rs778045275 0.5181399999999999
17 20206645 rs1373147 4.1147e-21
17 20206669 rs550971208 0.17121
17 20206675 rs1373146 1.1319000000000002e-19
17 20206883 rs11871945 4.2691000000000005e-21
17 20206898 rs11869258 7.7673e-20
17 20207053 rs138628533 0.1682
17 20207091 rs9915628 4.1079e-21
17 20207121 rs143462299 0.51903
17 20207419 rs181140861 0.91219
17 20207594 rs9895177 0.29677
17 20207884 rs6587064 3.4046999999999996e-13
17 20208475 rs79044184 0.32884
17 20208476 rs7208290 0.79774
17 20208719 rs140132156 0.72564
17 20208846 rs78041331 0.28346
17 20208921 rs7212886 0.052663999999999996
17 20209365 rs139428957 0.70877
17 20209474 rs2120282 4.3244999999999995e-21
17 20209512 rs571451915 0.89307
17 20209584 rs79120706 0.93626
17 20209721 rs2165897 4.567899999999999e-21
17 20209943 rs8071665 4.3606e-21
17 20210087 rs572482699 0.16538
17 20210150 rs144729663 0.17686
17 20210193 rs78997506 0.7489600000000001
17 20210534 rs76348384 0.39719
17 20210616 rs73309111 0.5761
17 20210722 rs55650639 6.7218e-06
17 20210809 rs2386429 4.6704e-21
17 20210835 rs547313129 0.8888
17 20210929 rs114006340 0.92856
17 20210955 rs184941176 0.9262100000000001
17 20210985 rs72832522 7.4754e-06
17 20211064 rs74700491 0.6574399999999999
17 20211345 rs75900334 0.069341
17 20212223 rs185931157 0.69322
17 20213107 rs116433136 0.065298
17 20213133 rs541653428 0.5381
17 20213208 rs144801498 0.7568199999999999
17 20213431 rs188305182 0.8581700000000001
17 20213719 rs76462982 0.75712
17 20213888 rs140715260 0.20583
17 20213978 rs115810821 0.9188299999999999
17 20214052 rs114584256 0.035894999999999996
17 20214340 rs77638333 0.80478
17 20214348 rs75866373 0.90797
17 20214492 rs8070401 1.4133e-12
17 20214565 rs9908418 0.29655
17 20215352 rs7223476 3.2835000000000003e-18
17 20215428 rs60388215 0.029202
17 20215535 rs562554768 0.9225
17 20215814 rs140818426 0.31745999999999996
17 20215836 rs116016163 0.9386899999999999
17 20215905 rs11871827 1.9884000000000002e-21
17 20216095 rs11870147 1.8782e-21
17 20216348 rs115636655 0.91595
17 20216565 rs8079701 1.8531e-21
17 20216688 rs115633213 0.91595
17 20216900 rs150320975 0.69316
17 20216928 rs8071274 3.5041e-20
17 20217122 rs7209889 0.0093477
17 20217218 rs149602062 0.62152
17 20217375 rs75296798 0.4772
17 20217460 rs191585744 0.847
17 20217959 rs182922697 0.76912
17 20218507 rs114247640 0.6630199999999999
17 20218793 rs1992562 1.73e-21
17 20218994 rs147463814 0.24483000000000002
17 20219051 rs62066880 0.9130299999999999
17 20219119 rs1992561 4.3728e-20
17 20219226 rs9913192 0.061852
17 20219508 rs2058971 2.1693e-21
17 20219870 rs146482025 0.75429
17 20219999 rs141144890 0.55972
17 20220635 rs115268295 0.65701
17 20220659 rs117820098 0.6096
17 20220817 rs9913312 0.009273100000000001
17 20221050 rs7222647 1.6705e-11
17 20221328 rs7207817 1.7931e-13
17 20221347 rs143362040 0.70303
17 20221392 rs74319100 0.38163
17 20221400 rs75334890 0.37938
17 20221470 rs7223363 0.34962
17 20223152 rs7212571 1.3006e-19
17 20223640 rs183947066 0.84734
17 20223789 rs544666193 0.1213
17 20224251 rs190472570 0.34443
17 20224290 rs11658116 1.6509e-19
17 20224349 rs36111993 0.00013931
17 20224693 rs548646459 0.55304
17 20224732 rs188698031 0.6368699999999999
17 20225008 rs535843020 0.27729000000000004
17 20225360 rs538437568 0.57599
17 20226269 rs187493210 0.41658999999999996
17 20227198 rs570374245 0.64137
17 20227609 rs11204302 0.42741999999999997
17 20227797 rs9913394 0.43725
17 20227876 rs56020078 7.5934e-06
17 20227885 rs188123796 0.79584
17 20227953 rs9913818 1.6423e-21
17 20228550 rs565829477 0.96625
17 20228795 rs147120593 0.042693
17 20229681 rs192447955 0.72404
17 20229721 rs60832375 0.14323
17 20230368 rs184447116 0.73917
17 20230519 rs543306208 0.9722200000000001
17 20231050 rs184846648 0.33375
17 20231230 rs142666771 0.5857899999999999
17 20231379 rs186081028 0.99072
17 20231628 rs150465846 0.7240300000000001
17 20232286 rs556511567 0.29377
17 20232580 rs554652803 0.96586
17 20233515 rs552715912 0.63212
17 20233989 rs533681539 0.69152
17 20235650 17:20235650_A_T 0.22003000000000003
17 20236584 rs552242011 0.5979
17 20236788 rs140322197 0.011615
17 20237261 rs78350404 0.38324
17 20237501 rs547611663 0.96877
17 20237900 rs555574422 0.28368000000000004
17 20237964 rs574117184 0.82804
17 20238084 rs187793719 0.9608700000000001
17 20238174 rs146869615 0.016816
17 20238228 rs145656496 0.09473200000000001
17 20238312 rs138192739 7.5473000000000006e-06
17 20239482 rs571816602 0.60745
17 20239827 rs8078442 0.012931999999999999
17 20239966 rs536536923 0.71929
17 20240428 rs551168746 0.49623999999999996
17 20240779 rs552586999 0.040928
17 20241489 rs565293822 0.5318
17 20241507 rs200600676 0.03134
17 20241647 rs567141344 0.5827399999999999
17 20242557 rs188205737 0.9241299999999999
17 20242661 rs538244870 0.81934
17 20243181 rs527870352 0.74755
17 20243847 rs556476349 0.9296399999999999
17 20244155 17:20244155_C_T 0.5919800000000001
17 20244264 rs7223488 4.2658999999999995e-13
17 20244489 rs200625459 0.15753
17 20245221 rs112974162 0.16111
17 20245914 rs539505737 0.9445399999999999
17 20247197 rs574188291 0.9671799999999999
17 20247248 rs541688569 0.96625
17 20247428 rs183172404 0.031188999999999998
17 20247435 rs138828483 0.038485000000000005
17 20247903 rs147982580 0.085863
17 20248546 rs539363087 0.54467
17 20248758 rs543090177 0.72229
17 20248959 rs540809787 0.94526
17 20250711 rs149265434 0.60363
17 20250839 rs866944958 0.6916899999999999
17 20251251 rs550920494 0.94531
17 20251406 rs552650929 0.38945
17 20251409 rs187775058 0.9308200000000001
17 20251846 rs117186571 0.6298
17 20252874 rs183612148 0.97908
17 20253621 rs141285677 0.21952
17 20253953 rs191436887 0.59623
17 20254231 rs115615772 0.96236
17 20254479 rs527933094 0.71524
17 20254480 rs552462483 0.70949
17 20254499 rs564840565 0.96625
17 20255200 rs541922841 0.8498
17 20255255 rs146200087 0.12353
17 20255829 rs552385240 0.96662
17 20257116 rs74670959 0.62598
17 20257560 rs534140509 0.6247699999999999
17 20257926 rs141350065 0.32921999999999996
17 20259675 rs539404627 0.039346
17 20259835 rs543115985 0.34317
17 20259929 rs555102348 0.15943
17 20260094 rs140907076 0.34831999999999996
17 20260186 rs73309121 0.44301
17 20261111 rs527429122 0.72108
17 20261797 rs137957806 0.9879
17 20261885 rs553092228 0.61836
17 20263038 rs7216866 1.8871e-21
17 20263229 rs77184299 0.07697000000000001
17 20263333 rs542108704 0.12192
17 20263702 rs7213156 1.9668e-22
17 20264137 rs574689141 0.96649
17 20264541 rs564901339 0.0769
17 20264876 rs8078183 0.24927
17 20267069 rs541954331 0.6339
17 20267076 rs560037278 0.039962
17 20267526 rs531463161 0.04024
17 20267534 rs543305452 0.07518999999999999
17 20267581 rs529225966 0.55118
17 20269167 rs189254683 0.69419
17 20270102 rs573744481 0.75192
17 20271332 rs188854580 0.8724200000000001
17 20272243 rs116929821 0.6368699999999999
17 20272253 rs140241686 0.044472000000000005
17 20272861 rs181440665 0.38764
17 20274106 rs2543794 0.11045
17 20276500 rs568497578 0.61934
17 20276977 rs544252310 0.96852
17 20277192 rs541980182 0.93724
17 20277753 rs182878732 0.94944
17 20277944 rs59640562 0.033545
17 20278263 rs144146151 0.074706
17 20278675 rs552082754 0.22558000000000003
17 20278986 rs547570519 0.96649
17 20279706 rs146426615 0.039786
17 20279740 rs559849950 0.9607600000000001
17 20280482 rs187555517 0.9507200000000001
17 20281519 rs528716975 0.73465
17 20281530 rs565268139 0.96109
17 20281964 rs534543838 0.70377
17 20282382 rs116689933 0.31011
17 20282711 rs149342370 0.9704299999999999
17 20282871 rs549059732 0.4158
17 20282986 rs187614728 0.35114
17 20283026 rs144740249 0.90817
17 20284562 rs181219799 0.62532
17 20284911 rs145449663 0.60358
17 20285181 rs529942526 0.70353
17 20285568 rs189258984 0.6409
17 20285571 rs4003767 1.4434000000000001e-21
17 20285804 rs562240696 0.52676
17 20286346 rs576340029 0.43255
17 20286575 rs543812773 0.56494
17 20286650 rs529394940 0.03997
17 20287500 rs568023048 0.5881
17 20287677 rs557731736 0.53186
17 20288098 rs3910761 4.8426e-20
17 20288125 rs7212584 0.20586999999999997
17 20288367 rs537344882 0.83225
17 20288427 rs145995327 0.8112
17 20288623 rs180712104 0.73779
17 20288668 rs142218416 0.3149
17 20288745 rs78743668 4.3189999999999997e-20
17 20288900 rs4003797 6.6876999999999995e-22
17 20289121 rs551231026 0.37253000000000003
17 20289412 rs557202425 0.040817
17 20289509 rs144856249 0.033957
17 20290334 rs55749943 8.6035e-22
17 20290394 rs544935354 0.70506
17 20290503 rs143797571 0.73779
17 20290514 rs114324977 0.023395
17 20290829 rs148088458 0.011706999999999999
17 20290830 rs140922331 0.040797
17 20291019 rs9909852 0.44764
17 20291257 rs9912844 6.2523e-20
17 20291873 rs572975875 0.20232999999999998
17 20292395 rs16941857 0.36725
17 20292788 rs527728391 0.42152
17 20293213 rs548153392 0.082715
17 20293467 rs187773328 0.59254
17 20294009 rs569492188 0.25699
17 20294757 rs553621704 0.57575
17 20295301 rs62066893 1.2581e-22
17 20295329 rs560044481 0.51425
17 20297209 rs535120497 0.9112
17 20297324 rs16941914 0.25982
17 20299759 rs141242906 0.045508
17 20300449 rs143707426 0.9250299999999999
17 20300858 rs140256987 0.7470600000000001
17 20301366 rs571147267 0.9953700000000001
17 20301958 rs577075801 0.67957
17 20302745 rs576675074 0.5099899999999999
17 20302815 rs574460214 0.24456999999999998
17 20303207 rs145229416 0.41668999999999995
17 20304648 rs539468387 0.83129
17 20304796 rs543973201 0.8813700000000001
17 20305035 rs541696353 0.8084899999999999
17 20305552 rs539779543 0.96757
17 20306606 rs547282714 0.7431
17 20307895 rs551668785 0.70631
17 20310072 rs1725737 1.8216999999999998e-22
17 20310166 rs117680630 0.61968
17 20310198 rs151030549 0.16637000000000002
17 20311423 rs192268540 0.8429200000000001
17 20312317 rs552872799 0.60746
17 20315102 rs568289316 0.089838
17 20315462 rs8074429 0.5068
17 20315619 rs117021454 0.60764
17 20315910 rs551790031 0.46857
17 20316567 rs189656515 0.36733000000000005
17 20317037 rs577097706 0.034575999999999996
17 20317180 rs139774147 0.17812
17 20317259 rs573705999 0.037836
17 20320857 rs149025188 0.066609
17 20320896 rs546601394 0.60177
17 20321387 rs533864951 0.15565
17 20323056 rs62066927 2.1928e-22
17 20323199 rs191412962 0.39250999999999997
17 20323210 rs182735204 0.037647
17 20323224 rs187773923 0.46926999999999996
17 20323242 rs535941155 0.030930000000000003
17 20323584 rs555100904 0.74634
17 20324743 rs183286176 0.029554
17 20324959 rs9913007 0.082897
17 20325182 rs116865291 5.1956e-06
17 20325398 rs147827174 0.085672
17 20325422 rs148864774 0.41653999999999997
17 20325731 rs9895295 0.32523
17 20325776 rs576124490 0.73283
17 20325850 rs543590197 0.83265
17 20325973 rs55903118 0.012657999999999999
17 20327033 rs553259961 0.6562
17 20327425 rs573890958 0.75588
17 20327637 rs2694188 0.79038
17 20328969 rs186939096 0.8428100000000001
17 20329052 rs74255392 0.30558
17 20329068 rs117875592 0.098012
17 20329847 rs148703106 0.7097100000000001
17 20331035 rs182040971 0.55028
17 20331131 rs2694192 0.21874000000000002
17 20331704 rs12942125 0.59892
17 20332056 rs117113726 0.5746399999999999
17 20332072 rs148750602 0.5687800000000001
17 20333726 rs8080171 0.018119999999999997
17 20334301 rs201967513 0.028564
17 20334398 rs2694201 2.6299e-22
17 20334924 rs549140662 0.9645
17 20335368 rs147117664 0.08064
17 20335609 rs142614013 0.6033
17 20336073 rs532870085 0.10808
17 20338746 rs111282183 0.29864
17 20338831 rs57263574 1.6395e-20
17 20340030 rs570895926 0.9622700000000001
17 20340342 rs113794582 0.58634
17 20340525 rs8076285 0.08947000000000001
17 20340701 rs2950202 0.66697
17 20342338 rs137983888 0.60209
17 20342346 rs62066941 2.5976999999999997e-22
17 20342538 rs573972741 0.8453
17 20342543 rs541482434 0.85056
17 20342767 rs181492999 0.63447
17 20344923 rs567446290 0.6793
17 20345455 rs559363214 0.32511999999999996
17 20347880 rs368945620 0.96181
17 20350472 rs143621490 0.9372799999999999
17 20350585 rs4985819 2.1469000000000002e-19
17 20350968 rs6650602 0.014738
17 20351032 rs138225695 0.038743
17 20351386 rs62066946 2.0236e-12
17 20351458 rs62066947 1.4687e-20
17 20351547 rs529436734 0.13015
17 20351723 rs570081969 0.038209
17 20351775 rs144683046 0.21047
17 20351927 rs142882213 0.60405
17 20352524 rs62066949 1.3269000000000001e-20
17 20353205 rs559468966 0.69313
17 20354656 rs1682191 1.4135999999999998e-20
17 20358787 rs558353408 0.6451899999999999
17 20363507 rs551332994 0.75527
17 20363592 rs147047589 0.13491
