CHR BP SNP P
8 41494152 rs116299276 0.67188
8 41494173 rs115498615 0.76527
8 41494434 rs73625164 0.74327
8 41494581 rs113538591 0.0016196
8 41494685 rs551662816 0.78094
8 41494774 rs533743047 0.75559
8 41494841 rs114959683 0.48435
8 41494941 rs561943271 0.052628999999999995
8 41495106 rs772388939 0.43037
8 41495113 rs6995380 0.93935
8 41495133 rs141365388 0.17725
8 41495206 rs6996696 0.00012757
8 41495226 rs6996701 0.92104
8 41495466 rs145966645 0.3437
8 41495661 rs34342951 0.10749
8 41495841 rs56288115 0.0014364
8 41495867 rs145465484 0.5149
8 41496007 rs2920126 0.00012495
8 41496176 rs73625165 0.87992
8 41496212 rs55816022 0.24656999999999998
8 41496244 rs4736818 0.00012372
8 41496289 rs551817348 0.66132
8 41496314 rs2977864 1.0455e-07
8 41496536 rs11780890 3.9177e-10
8 41496566 rs532825 0.48108
8 41496577 rs11777395 3.2388e-10
8 41497284 rs577517518 0.0066771
8 41497730 rs67065288 0.005771500000000001
8 41498036 rs75966489 0.16505
8 41498218 rs150711108 0.46776
8 41498501 8:41498501_C_T 0.28353
8 41498629 rs36006376 0.0056921
8 41499051 rs13268215 0.00021269
8 41499086 rs57903049 1.1584000000000001e-05
8 41499112 rs534766198 0.045874
8 41499281 rs60202299 1.262e-05
8 41499437 rs55898405 0.0058128
8 41499714 rs537519 0.18386
8 41499718 rs574025839 0.10659
8 41500085 rs528581030 0.7979999999999999
8 41500101 rs111543778 2.243e-05
8 41500141 rs13269863 0.024888999999999998
8 41500181 rs13269907 6.0931e-09
8 41500354 rs76314823 1.2484000000000001e-05
8 41500399 rs75445792 0.654
8 41500461 rs79149006 0.036076
8 41500622 rs184659779 0.5342
8 41500710 rs543950942 0.48923
8 41500861 rs59191643 6.853100000000001e-09
8 41500901 rs61030600 0.0004122
8 41500910 rs62508162 0.00044236
8 41500948 rs191065883 0.75341
8 41501022 rs60847419 0.00052155
8 41501356 rs538842301 0.43051999999999996
8 41501438 rs1020251 5.7691e-05
8 41501525 rs56131446 0.00058483
8 41501562 rs13254454 0.00040363
8 41501614 rs80255109 0.0014280999999999999
8 41501871 rs115702525 0.6549
8 41502169 rs79952690 0.00067741
8 41502520 rs115008983 0.87726
8 41503003 rs11996576 0.00020946
8 41503293 rs2241895 2.4398e-06
8 41503727 rs755162 0.00021384
8 41503937 rs58895504 0.23560999999999999
8 41504220 rs74990493 0.50269
8 41504317 rs184152075 0.0023026999999999995
8 41504884 rs73674902 0.32371
8 41504936 rs531798930 0.36964
8 41505115 rs77290997 0.99408
8 41505277 rs55794933 0.83004
8 41505339 rs115435888 0.8736299999999999
8 41505804 rs564591770 0.19943
8 41505814 rs111315008 0.49254
8 41505849 rs116964396 0.088872
8 41505938 rs115440851 0.78152
8 41506082 rs72638939 0.8657100000000001
8 41506090 rs76025734 0.2975
8 41506152 rs4736999 1.0406e-14
8 41506162 rs72638940 0.91838
8 41506380 rs12549294 5.5771e-15
8 41506770 rs76356889 0.08561
8 41507158 rs560582882 0.27719
8 41507237 rs7825337 6.2398e-15
8 41507350 rs7825494 5.6536e-15
8 41507474 rs12550546 4.391100000000001e-05
8 41507562 8:41507562_C_T 0.85325
8 41507600 rs114042023 0.85255
8 41507684 rs548904915 0.66598
8 41507949 rs28412445 0.50563
8 41508034 rs28516847 0.8997
8 41508137 rs183301050 0.10248
8 41508168 rs6981607 5.9221000000000005e-15
8 41508411 rs116452478 0.50056
8 41508577 rs13262861 1.3994e-13
8 41508590 rs73632502 0.032226
8 41508729 rs139287197 0.23973000000000003
8 41509083 rs117135799 0.071698
8 41509099 rs72638941 0.81612
8 41509180 rs77385495 0.00017602
8 41509218 rs117956059 0.070953
8 41509259 rs12549902 1.5977000000000001e-15
8 41509335 rs186661576 0.25329
8 41509336 rs114508932 0.025289
8 41509723 rs186929823 0.049685
8 41509727 rs4737000 1.5787e-15
8 41509776 rs77247675 0.6269
8 41509842 rs72638942 9.1442e-19
8 41509867 rs117308321 0.070921
8 41509898 rs552550949 0.59847
8 41509915 rs4736819 1.7758e-15
8 41510002 rs543095986 0.6660699999999999
8 41510024 rs76421049 9.1989e-05
8 41510260 rs12550613 1.6309000000000001e-15
8 41510717 rs115462249 0.35564
8 41511028 rs545505994 0.78919
8 41511186 rs560472367 0.6054
8 41511287 rs112447985 0.00072896
8 41511410 rs72638943 0.8667100000000001
8 41511601 rs182454354 0.0044878
8 41511688 rs545131396 0.10865
8 41511700 rs78203311 0.8240200000000001
8 41511907 rs116137861 0.43773999999999996
8 41512357 rs540355578 0.21946999999999997
8 41512488 rs115248068 0.29741999999999996
8 41513071 rs72638944 0.84391
8 41513437 rs74828008 0.21649000000000002
8 41513451 rs77546242 0.44473999999999997
8 41513453 rs79227184 0.29338000000000003
8 41513531 rs17659386 3.0537e-17
8 41513539 rs72638945 0.85454
8 41513619 rs116220465 0.46908
8 41513670 rs72638946 0.00019692
8 41513705 rs183266139 0.00017299
8 41513796 rs72638947 0.90186
8 41513809 rs17659428 2.9441999999999995e-17
8 41514187 rs562724796 0.22818000000000002
8 41514272 rs375377804 0.48711000000000004
8 41514297 rs2883631 3.9837e-05
8 41514758 rs72638950 0.90361
8 41514888 rs12544241 4.3901e-17
8 41514899 rs75850726 0.45419
8 41515015 rs72638952 0.9154
8 41515036 rs367762520 0.48795
8 41515130 rs6990613 4.464e-17
8 41515531 rs716199 5.0917999999999994e-17
8 41515625 rs184477441 0.9259200000000001
8 41515696 rs550766310 0.29945
8 41515817 rs112771403 0.42686
8 41515993 rs10504042 5.889300000000001e-17
8 41516364 rs149083300 0.69424
8 41516485 rs4415368 6.4621e-06
8 41516581 rs4317621 2.0611999999999998e-16
8 41516790 rs492083 0.015673
8 41516915 rs6981587 0.00056416
8 41516987 rs57559291 0.95036
8 41516991 rs484328 0.017084000000000002
8 41517064 rs16890723 0.028208999999999998
8 41517860 rs565491 5.4418e-13
8 41518715 rs77023555 0.9267200000000001
8 41518872 rs3736217 0.0011152
8 41519165 rs118027206 0.041382
8 41519248 rs516946 3.3325000000000005e-11
8 41519303 rs72638959 0.0079297
8 41519462 rs515071 5.2588999999999994e-11
8 41519476 rs142836307 0.27055
8 41519551 rs115982663 0.23642
8 41519944 rs6983305 0.00066852
8 41519989 rs552142081 0.66602
8 41520012 rs147827877 0.01728
8 41520264 rs115694783 0.27158000000000004
8 41520660 rs561905999 0.00048789
8 41520674 rs186732616 0.6903199999999999
8 41521048 rs28667543 0.7308399999999999
8 41521432 rs569696373 0.75956
8 41521469 rs474059 0.00028178
8 41521663 rs563118 0.00036464
8 41521762 rs117183306 3.0125999999999995e-17
8 41521942 rs55765355 0.0013153
8 41522190 rs112848649 0.58511
8 41522407 rs112350393 0.5726600000000001
8 41522422 rs145094714 0.30673
8 41522749 rs7815433 0.9516
8 41522860 rs150848796 0.0011029000000000002
8 41522966 rs181204187 0.45152
8 41522991 rs508419 2.0853e-12
8 41523163 rs28411393 0.0016277000000000002
8 41523177 rs117227707 0.0049467
8 41523280 rs191638139 0.27987
8 41523281 rs571490674 0.46588999999999997
8 41523358 rs9694034 2.0066e-12
8 41523413 rs557306928 0.68338
8 41523436 rs59895098 0.28543
8 41523668 rs183552040 0.07087
8 41523745 rs6989203 1.8117e-12
8 41523775 rs76627364 0.33926999999999996
8 41523841 rs76120550 0.28379
8 41524287 rs475831 0.0024646
8 41524425 rs28591316 1.9988e-12
8 41524505 rs28602970 1.9891e-12
8 41524536 rs77263373 0.34347
8 41524577 rs117486278 0.099745
8 41524644 rs558991813 0.81915
8 41524688 rs35273426 1.5340000000000001e-12
8 41524689 rs78952659 0.52046
8 41524808 rs580901 0.0024425000000000002
8 41524899 rs10109812 2.0218e-12
8 41525343 rs61420991 0.00074854
8 41525356 rs75119929 0.0015677
8 41525387 rs2439826 0.00022251
8 41525465 rs150076586 0.19167
8 41525500 rs573939 0.0023615
8 41525588 rs541194 3.8506e-12
8 41525763 rs7830156 0.2298
8 41525914 rs750625 2.0761e-12
8 41526116 rs185434561 0.058221
8 41526214 rs140250646 0.013378999999999999
8 41526229 rs10481313 0.0016527
8 41526398 rs111293997 0.23684000000000002
8 41526527 rs570675 0.000227
8 41526575 rs78722018 2.1109e-08
8 41526706 rs114303148 0.9680700000000001
8 41526785 rs74816732 0.0016309
8 41526963 rs143765686 0.79909
8 41526971 rs115509048 0.8044
8 41527255 rs79077040 0.27763000000000004
8 41527420 rs72638969 0.0097666
8 41527631 rs75159846 0.28522
8 41527842 rs775991002 0.071595
8 41528004 rs17659744 0.00061217
8 41528178 rs3802315 2.5458e-12
8 41528228 rs3802316 2.7927e-12
8 41528915 rs191594729 0.29465
8 41529598 rs142103986 2.0368e-05
8 41529789 rs80105613 0.069844
8 41529856 rs508112 0.98203
8 41529994 rs149859024 9.6874e-08
8 41530362 rs146416859 0.17518
8 41530482 rs499295 0.7996
8 41530532 rs76382848 0.051479
8 41530834 rs76462813 0.006698300000000001
8 41531003 rs539999 0.00012698
8 41531074 rs493773 0.62671
8 41531239 rs541892 0.00013773
8 41531478 rs12543292 0.0044217
8 41531515 rs61003954 0.39886
8 41531577 rs186002074 0.50008
8 41531616 rs12543328 0.0045022
8 41532133 rs7844136 0.23038000000000003
8 41532146 rs28675175 0.59913
8 41532256 rs7826650 0.23828000000000002
8 41532265 rs115872823 0.53686
8 41532580 rs78673930 0.10959
8 41532647 rs486499 0.070799
8 41532763 rs57427874 0.24720999999999999
8 41532768 rs537967014 0.9051799999999999
8 41532771 rs58299989 0.10267000000000001
8 41532782 rs775296784 0.091706
8 41532834 rs139183594 0.11832999999999999
8 41533036 rs368390912 0.54228
8 41533201 rs521467 0.071171
8 41533397 rs519619 0.063072
8 41533514 rs13266210 9.917e-11
8 41533766 rs10099310 0.00010956
8 41533847 rs518629 0.068965
8 41534068 rs11995075 8.938600000000002e-11
8 41534251 rs372908934 0.90207
8 41534457 rs524127 0.00013685
8 41534484 rs76427664 0.076706
8 41534485 rs545936 0.13083
8 41534867 rs574602301 0.91919
8 41534919 rs117590808 0.094163
8 41535102 rs482897 0.78082
8 41535211 rs7814389 0.25158
8 41535403 rs554340 0.070002
8 41535440 rs1685323 0.0001493
8 41535648 rs118063548 1.0968e-08
8 41535886 rs56306962 0.13517
8 41535903 rs182397737 1.3835e-08
8 41536822 rs1685324 0.98829
8 41537183 rs185000683 0.71319
8 41537226 rs372222359 0.83521
8 41537374 rs190245859 0.23231999999999997
8 41537615 rs113040429 0.69462
8 41537910 rs112601576 1.3362000000000002e-20
8 41538286 rs2355254 0.11437
8 41538394 rs777058603 0.8359700000000001
8 41538520 rs570303285 0.73938
8 41538871 rs12544752 0.11848
8 41538922 rs79580625 0.0072805000000000005
8 41539710 rs118088515 0.84911
8 41539784 rs12114695 0.9817600000000001
8 41539970 rs73617318 0.9879100000000001
8 41540071 rs16890736 0.89697
8 41540087 8:41540087_G_C 0.036621
8 41540192 rs78095756 0.9935700000000001
8 41540387 rs11986485 0.68198
8 41540435 rs58013395 0.81193
8 41540622 rs72638977 5.06e-59
8 41540800 rs117951307 0.66175
8 41540810 rs117271404 0.090702
8 41540828 rs72638978 3.3585e-34
8 41540884 rs4737004 1.2592e-07
8 41540973 rs73675104 0.9406
8 41541049 rs7844297 0.55098
8 41541489 rs72638979 0.00052389
8 41541639 rs144780507 0.7421800000000001
8 41541668 rs147933779 0.26026
8 41541741 rs572033 0.068117
8 41541846 rs60558868 0.88745
8 41541863 rs113468193 0.35468
8 41541978 rs111899611 0.91664
8 41542093 rs34265667 1.1248999999999999e-58
8 41542151 rs141408004 0.87798
8 41542257 rs73617320 0.99251
8 41542350 rs191963146 0.24056999999999998
8 41542455 rs150194683 0.07686799999999999
8 41542543 rs72638980 0.5334800000000001
8 41542667 rs149328354 0.048983
8 41542974 rs112002941 0.8620200000000001
8 41543341 rs115263411 0.11845
8 41543675 rs34664882 2.8019999999999995e-59
8 41543942 rs118172314 1.6819000000000002e-10
8 41544330 rs72638982 2.7262e-28
8 41544725 rs187880448 0.28081999999999996
8 41544754 rs80140948 0.87775
8 41544992 rs117567416 0.54297
8 41545076 rs11780566 4.5002e-05
8 41545103 rs56378539 0.00078674
8 41545195 rs144945010 0.48982
8 41545258 rs188192983 0.23675
8 41545485 rs28497799 0.45736000000000004
8 41545505 rs140075127 0.0083833
8 41545513 rs80306626 1.0603e-10
8 41545516 rs72638983 2.5186e-59
8 41545641 rs55846950 0.6371600000000001
8 41546253 rs77766445 0.076021
8 41546394 rs61559971 0.5979300000000001
8 41546426 rs73617322 0.91699
8 41546484 rs555225 0.075099
8 41546512 rs80008824 2.1646999999999997e-59
8 41546656 rs73617325 0.91504
8 41546734 rs144779892 0.3558
8 41546921 rs6981415 0.12830999999999998
8 41546938 rs73617329 0.92517
8 41547059 rs75994476 0.45829
8 41547133 rs112502032 1.6293999999999998e-10
8 41547325 rs547414779 0.38040999999999997
8 41547386 rs7831590 5.828599999999999e-27
8 41547553 rs73675105 0.8464299999999999
8 41547574 rs7831871 5.9986000000000005e-27
8 41547660 rs2278621 0.86405
8 41547678 rs143462842 0.055803
8 41547683 rs7835812 4.2772e-27
8 41547748 rs7816734 4.2848999999999995e-27
8 41547827 rs145562489 0.0069809
8 41548003 rs10093583 9.5943e-05
8 41548207 rs6987255 3.6457000000000005e-27
8 41548209 rs6987261 3.4758e-27
8 41548312 rs6987404 5.1514999999999996e-27
8 41548313 rs145514087 0.9673
8 41548435 rs55924225 6.2412e-28
8 41548479 rs369541083 0.28668000000000005
8 41548529 rs13268584 0.6089
8 41548588 rs55769849 2.2623999999999997e-25
8 41548595 rs55832342 3.8905e-27
8 41548800 rs73617337 0.56338
8 41548911 rs66593272 1.4431e-55
8 41548958 rs113433737 0.87464
8 41549194 rs6474359 1.9415999999999999e-56
8 41549279 rs115231926 0.68852
8 41549491 rs72638986 3.0579000000000002e-59
8 41549501 rs184777114 0.3283
8 41549637 rs57095696 0.0010417999999999998
8 41549685 rs141120942 0.85477
8 41549747 rs530704776 0.52264
8 41549786 rs192427606 0.32706
8 41549818 rs111370895 0.57097
8 41549871 rs80338618 0.56826
8 41550098 rs60999018 0.69901
8 41550211 rs16890758 0.8315
8 41550511 8:41550511_G_A 0.31690999999999997
8 41550787 rs11992067 0.084215
8 41551009 rs73617342 0.22154000000000001
8 41551163 rs112081518 0.033935
8 41551295 rs754037950 0.44911
8 41551298 rs111525605 0.97024
8 41551462 rs35964634 0.43243000000000004
8 41551549 rs117516263 0.97844
8 41551720 rs1530328 0.9500700000000001
8 41551728 rs13438835 0.00069743
8 41552046 rs148766658 0.091254
8 41552089 rs61207451 0.99349
8 41552091 rs200871595 0.02622
8 41552213 rs35213384 0.6675399999999999
8 41552509 rs190019933 0.49313999999999997
8 41552777 rs61758866 0.9426899999999999
8 41553233 rs72638988 0.0068771
8 41553280 rs112994094 0.8203
8 41553346 rs577211 0.8161
8 41553458 rs57459970 0.88344
8 41553688 rs57546478 0.34113000000000004
8 41553835 rs2304883 0.007394800000000001
8 41553928 rs504574 2.215e-13
8 41554011 rs35797405 0.2452
8 41554184 rs75296105 0.18728
8 41554448 rs191735467 0.9001100000000001
8 41554748 rs475842 0.12125999999999999
8 41554754 rs72638989 0.00036207
8 41554811 rs475028 0.30125
8 41554851 rs142083035 9.558e-07
8 41554910 rs474051 0.17074
8 41554925 rs777835082 0.31675
8 41554981 rs801100 0.00015044
8 41555077 rs2241897 0.00061301
8 41555080 rs10104042 0.12047000000000001
8 41555166 rs145740978 0.63751
8 41555366 rs559651 0.6988300000000001
8 41555373 rs559000 0.54562
8 41555473 rs2241896 0.5673
8 41555489 rs138638346 0.38329
8 41555736 rs55935493 3.9378e-05
8 41555740 rs492008 2.3950999999999998e-05
8 41555804 rs6474360 4.8763e-08
8 41555810 rs7841477 0.019372999999999998
8 41555925 rs138979280 0.99529
8 41555933 rs72638990 0.00033596
8 41555954 rs490157 2.5379000000000002e-05
8 41556108 rs537982199 0.0019425
8 41556118 rs77998270 0.050622
8 41556198 rs76002688 0.052438
8 41556405 rs139585013 0.052773
8 41556609 rs113898012 5.6995e-06
8 41556703 rs73619313 0.88989
8 41556736 rs547745200 0.466
8 41556751 rs79601857 0.82715
8 41556767 rs525742 0.00031616
8 41556773 rs75367459 0.053023
8 41556792 rs115804096 0.7734300000000001
8 41556842 rs57017888 9.251e-05
8 41556886 rs76627107 0.052940999999999995
8 41557033 rs34523608 0.9743299999999999
8 41557096 rs78358384 0.053349
8 41557101 rs75330043 0.052565
8 41557149 rs183987661 0.12788
8 41557398 rs554664123 0.2648
8 41557464 rs11990973 0.10724000000000002
8 41557518 rs73619317 7.6135e-06
8 41558037 rs16890764 0.053391999999999995
8 41558095 rs190769777 3.0594e-07
8 41558259 rs79043482 0.15986
8 41558269 rs28537406 0.14917
8 41558332 rs117572837 0.9672299999999999
8 41558476 rs75161982 0.054341999999999994
8 41558686 rs73675109 9.392399999999999e-05
8 41558802 rs79031919 0.053828999999999995
8 41558898 rs2304881 0.14645999999999998
8 41558954 rs79446529 0.053391999999999995
8 41559126 rs147130318 1.7869e-07
8 41559182 rs79120732 0.4221
8 41559211 rs113350899 0.45335
8 41559256 rs186697432 0.9716
8 41559284 rs1020253 0.053445000000000006
8 41559359 rs533687597 1.7785e-07
8 41559470 rs2839767 0.052272000000000006
8 41559609 rs2304880 7.156699999999999e-07
8 41559682 rs73619321 0.857
8 41559697 rs79505893 0.05405599999999999
8 41559927 rs79954465 0.054849
8 41560399 rs143446127 0.054480999999999995
8 41560540 rs111366452 0.054530999999999996
8 41560722 rs76759842 0.054327999999999994
8 41560769 rs76141671 0.05404199999999999
8 41561181 rs58635565 5.061399999999999e-09
8 41561366 rs575192090 0.44456
8 41561383 rs11778833 4.1975e-06
8 41561446 rs561570768 1.7230999999999999e-07
8 41561643 rs34194642 0.60327
8 41561801 rs776430337 0.82081
8 41562029 rs78850893 0.81305
8 41562081 rs72638993 3.8404999999999996e-33
8 41562367 rs73619323 0.053965
8 41562552 rs76081750 0.05500599999999999
8 41562728 rs75420794 0.12049000000000001
8 41562760 rs191401301 0.8471
8 41562824 rs146088508 0.011411
8 41563007 rs149339973 0.44723
8 41563249 rs78698488 0.96859
8 41563359 rs2304879 0.0001167
8 41563685 rs1137177 6.5453e-07
8 41563791 rs1020252 0.055363
8 41564323 rs113295786 0.24288
8 41564427 rs142670567 8.4166e-07
8 41564531 rs7842694 9.8998e-06
8 41564663 rs76699031 8.4947e-07
8 41564697 rs16890767 0.9443600000000001
8 41565006 rs12114161 0.75372
8 41565342 rs56702141 1.1366e-07
8 41565582 rs72612139 0.009464299999999998
8 41565587 rs184771646 0.44506999999999997
8 41565665 rs771416404 0.44566000000000006
8 41565741 rs192423749 0.69306
8 41565982 rs76965178 0.30809000000000003
8 41566042 rs149868537 0.42662
8 41566438 rs2304877 0.19871
8 41566543 rs149040283 0.59867
8 41566611 rs57028613 0.50639
8 41566919 rs78197637 8.220999999999999e-07
8 41567012 rs756666735 0.57934
8 41567631 rs186229017 0.9572799999999999
8 41567871 rs10504043 0.060649
8 41567922 rs117190745 0.6362
8 41568006 rs117586291 0.11760999999999999
8 41568150 rs73675110 0.24921
8 41568158 rs67814672 0.013621000000000001
8 41568625 rs117005542 0.0052770000000000004
8 41569239 rs77329165 0.055935000000000006
8 41569313 rs10104202 0.057930999999999996
8 41569374 rs10088938 0.013992
8 41569601 rs543030173 2.8245e-07
8 41569739 rs118190414 7.178499999999999e-07
8 41569844 rs77716289 0.19044
8 41569973 rs12235008 0.41845
8 41569975 rs78040661 0.13167
8 41570356 rs140612881 0.43968999999999997
8 41570689 rs72638994 6.2211e-33
8 41570741 rs148421003 3.1867e-07
8 41570803 rs80212857 0.83462
8 41570828 rs59793548 0.32269000000000003
8 41570845 rs894403 0.28731
8 41570882 rs12334489 0.05340399999999999
8 41570883 rs1872875 0.031136
8 41570930 rs558793114 0.18689
8 41570939 rs57661868 0.33069
8 41570945 rs575556135 0.52363
8 41571233 rs10958696 0.00041524
8 41571391 rs55890012 6.0123e-33
8 41571433 rs558889 0.0011496
8 41571802 rs16890776 0.0061132
8 41571826 rs17660898 6.336e-07
8 41571905 rs60847205 0.4593
8 41571963 rs74771278 6.1208e-07
8 41572101 rs116586988 0.75322
8 41572113 rs75288634 0.055923
8 41572357 rs148990802 0.53569
8 41572385 rs73619336 0.39098
8 41573182 rs61758865 0.0024565
8 41573266 rs34387324 3.4709e-12
8 41573488 rs473235 3.5229e-13
8 41573557 rs60335527 0.2043
8 41573682 rs11994013 0.79623
8 41574022 rs58123140 0.23053
8 41574088 rs80209606 0.98535
8 41574432 rs61073092 0.25356
8 41574456 rs201598401 0.029477
8 41574555 rs28533718 0.07256900000000001
8 41574785 rs561080958 0.45401
8 41575042 rs530062661 0.60363
8 41575054 rs149520651 0.023015
8 41575098 rs115994804 0.9249200000000001
8 41575383 rs143130643 2.1471999999999998e-07
8 41575420 rs2304876 0.0013061
8 41575439 rs2304875 1.1739e-05
8 41575591 rs113377681 0.97291
8 41575677 rs142626656 3.7665e-11
8 41575844 rs59352080 0.74249
8 41576249 rs116367399 0.89928
8 41576254 rs151337199 3.9179000000000005e-10
8 41576284 rs76577745 0.93676
8 41576406 rs190588873 0.07005700000000001
8 41576425 rs80120156 1.0245e-07
8 41576450 rs780896513 0.75149
8 41576528 rs17603128 5.6014e-06
8 41576619 rs186910983 2.0012e-07
8 41576701 rs113120258 0.96619
8 41576746 rs12549656 0.0015274000000000002
8 41576847 rs553524300 0.19899999999999998
8 41576856 rs12550218 0.0015607999999999998
8 41576943 rs74419569 9.8406e-18
8 41577014 rs7841341 0.9467399999999999
8 41577024 rs112410847 0.97564
8 41577121 rs7823698 1.2392000000000003e-19
8 41577289 rs147608206 0.53
8 41577437 rs530442592 0.25263
8 41577495 rs78660118 0.0054986
8 41577523 rs17661031 0.0054884999999999995
8 41577683 rs78596347 0.7245699999999999
8 41577732 rs10093932 0.9785200000000001
8 41577750 rs76507739 1.0043e-05
8 41578028 rs17661137 0.006155699999999999
8 41578364 rs75288353 0.0060034
8 41578626 rs150566795 0.089206
8 41578657 rs189711625 0.74764
8 41578748 rs13267429 0.0017429000000000001
8 41578876 rs139851312 0.0085286
8 41578913 rs73619350 0.17662
8 41578925 rs80078338 0.0059941000000000005
8 41578928 rs7816486 0.0018419
8 41579126 rs116003898 0.92058
8 41579244 rs73619353 0.39962
8 41579253 rs78519830 0.0059854
8 41579398 rs17661149 0.0059863
8 41579491 rs56299882 2.4106999999999997e-32
8 41579598 rs117541568 0.041527999999999995
8 41579607 rs73619356 0.97291
8 41579700 rs146224246 8.3624e-08
8 41580146 rs117824825 0.005985
8 41580155 rs117222184 0.0059815
8 41580395 rs72638997 2.3081999999999996e-32
8 41580607 rs7826127 0.00010558
8 41580636 rs17661203 0.005964
8 41580676 rs373060967 0.080059
8 41580880 rs188681804 0.93335
8 41580906 rs2304874 9.3565e-06
8 41581287 rs2099861 6.0401999999999995e-05
8 41581330 rs182181603 0.9266
8 41581347 rs186344734 0.94658
8 41581456 rs4595112 0.9401299999999999
8 41581598 rs570394220 7.6048e-08
8 41581599 rs117622194 2.4502e-13
8 41581718 rs17603470 0.005966300000000001
8 41581807 rs73619358 0.67091
8 41581941 rs115806956 0.67414
8 41582031 rs61735313 0.09694
8 41582094 rs78699455 0.9822
8 41582162 rs73619361 0.8881399999999999
8 41582314 rs72638998 1.16e-19
8 41582713 rs149542641 0.1019
8 41582756 rs755965446 0.74471
8 41582943 rs368140117 0.31271
8 41583031 rs542182179 0.024809
8 41583202 rs17661275 0.2738
8 41583215 rs80058016 0.0059613999999999995
8 41583261 rs57815524 0.12672
8 41583294 rs2304873 0.0012394
8 41583402 rs34173100 0.9769
8 41583441 rs6982971 0.0065702
8 41583714 rs6987189 0.0065914
8 41583808 rs141792052 0.050504
8 41583917 rs77512723 0.045634
8 41584204 rs115099606 0.62984
8 41584241 rs7819278 0.13202
8 41584260 rs17661350 0.01706
8 41584441 rs61352286 0.69455
8 41585349 rs190074431 0.9254899999999999
8 41585384 rs2304872 0.80905
8 41585438 rs2304871 0.0013556
8 41585571 rs1872877 2.9236e-05
8 41585577 rs2304870 9.2241e-06
8 41585579 rs80118742 0.0060963
8 41585867 rs76754137 0.62416
8 41585960 rs186024381 6.9435e-08
8 41586356 rs11989909 0.0062783000000000005
8 41586392 rs115174833 0.0020285
8 41586750 rs7003385 0.09153700000000001
8 41586773 rs6999302 0.091808
8 41586822 rs7016707 2.2363e-16
8 41586829 rs150164645 7.0281e-08
8 41587228 rs558611519 0.040663
8 41587428 rs10101635 1.0653999999999999e-32
8 41587726 rs10111617 0.00077681
8 41587844 rs56014358 0.8244100000000001
8 41588186 rs2279437 1.8517e-05
8 41588267 rs2279436 1.2022000000000001e-05
8 41588398 rs10095222 1.1171999999999999e-32
8 41588675 rs75118776 0.2795
8 41588864 rs117514137 0.54671
8 41589271 rs114847291 0.38704
8 41589297 rs117704252 9.2246e-24
8 41589335 rs145464196 4.0143000000000004e-08
8 41589468 rs79454302 0.033088
8 41589728 rs16890785 0.047031
8 41589736 rs149489081 1.3006e-19
8 41589745 rs114191111 0.16488
8 41589830 rs143966262 0.061778999999999994
8 41590087 rs147324860 0.007479899999999999
8 41590128 rs111685774 0.6113
8 41590133 rs537586549 0.0016840999999999998
8 41590150 rs144780974 0.96125
8 41590273 rs139373564 5.764e-07
8 41590338 rs181955387 6.9949e-08
8 41590502 rs189270104 0.012253
8 41590547 rs117823762 1.485e-05
8 41590680 rs111853032 0.9066
8 41590991 rs17661508 1.6999000000000002e-13
8 41591058 rs28571142 0.009485700000000001
8 41591274 rs17661532 1.4052999999999999e-05
8 41591534 rs61753680 0.0045858
8 41591643 rs2304869 0.0033006
8 41591765 rs2304868 0.047774000000000004
8 41592257 rs145419625 0.21903000000000003
8 41592620 rs11777488 5.6103e-14
8 41592671 rs72638999 0.0024822
8 41592783 rs187577105 7.8813e-08
8 41592938 rs114744484 0.005743
8 41592973 rs538987016 1.3153e-07
8 41593223 rs493915 0.50949
8 41593309 rs17603828 0.46484
8 41593379 rs28620644 0.041336000000000005
8 41593626 rs138556331 0.82526
8 41593783 rs113564730 0.98364
8 41593802 rs7820101 0.00022855
8 41593949 rs146933081 0.00028474
8 41593954 rs139312328 8.6402e-08
8 41593986 rs143294447 0.22205
8 41594037 rs60808091 0.4848
8 41594044 rs77677893 2.2475e-16
8 41594152 rs16890788 0.57013
8 41594259 rs116952772 0.11803
8 41594298 rs13261129 0.29934
8 41594628 rs1025870 9.405799999999999e-05
8 41594771 rs79033126 0.00015741
8 41595017 rs146794359 0.67785
8 41595335 rs56198301 0.41634
8 41595528 rs117746146 9.66e-26
8 41595613 rs516606 0.4354
8 41596163 rs56919090 0.45811999999999997
8 41596420 rs151158755 3.7884000000000004e-08
8 41596717 rs1583991 0.004581399999999999
8 41596733 rs76084059 0.6968
8 41596778 rs73675116 0.75366
8 41596843 rs55865526 0.00064692
8 41597132 rs3611 0.12944
8 41597486 rs531955318 6.1275e-07
8 41597568 rs111691881 0.6612399999999999
8 41597764 rs567794071 0.22996
8 41597823 rs536737245 0.23395
8 41597824 rs7838541 0.50488
8 41597853 rs509125 0.0025978000000000004
8 41597886 rs149604770 0.72587
8 41597903 rs144346927 0.17260999999999999
8 41597920 rs7826747 0.4918
8 41598720 rs188368024 7.5959e-08
8 41599012 rs477541 0.13569
8 41599258 rs28476178 0.9265
8 41599343 rs116687298 0.97956
8 41599364 rs144235272 0.28593
8 41599417 rs497561 3.8684e-05
8 41599481 rs72640304 0.43428
8 41599544 rs150997487 0.39902
8 41599560 rs28701044 0.62915
8 41599685 rs180941758 0.013541
8 41600025 rs76508735 4.7984e-06
8 41600109 rs77075019 0.7289800000000001
8 41600125 rs7836809 0.49504
8 41600127 rs112319997 0.72845
8 41600177 rs149710074 0.35283000000000003
8 41600206 rs115969210 0.22118000000000002
8 41600357 rs114549718 0.26784
8 41600555 rs552474 2.1547e-05
8 41600648 rs551580 0.019612
8 41600696 rs7819638 0.56242
8 41601063 rs182428196 0.0015620999999999999
8 41601524 rs546310 0.02546
8 41601685 rs521184 0.024822999999999998
8 41601881 rs76774312 0.74536
8 41602140 rs561908833 0.22946999999999998
8 41602209 rs117744485 0.065428
8 41602343 rs57513607 0.47446000000000005
8 41602392 rs872844 0.023224
8 41602475 rs775541538 0.099789
8 41602500 rs116194189 0.64151
8 41602668 rs11784487 0.00012347
8 41602775 rs11782039 0.00016476
8 41603007 rs148158221 0.31666
8 41603413 rs1657 1.6626e-05
8 41603546 rs16890812 0.26959
8 41603673 rs571133 4.4101e-10
8 41603922 rs13268341 0.92655
8 41604223 rs190331464 0.66474
8 41604320 rs77131800 0.080413
8 41604358 rs116501237 0.09891799999999999
8 41604369 rs116120863 0.25693
8 41604444 rs116273864 0.23115
8 41604548 rs75660235 0.097541
8 41604672 rs372636908 0.45388999999999996
8 41604738 rs72640306 0.25059000000000003
8 41604967 rs115110148 0.10236
8 41605003 8:41605003_T_C 0.855
8 41605266 rs16890813 0.54942
8 41605626 rs117204079 0.0021499
8 41605632 rs2355256 0.47686000000000006
8 41605637 rs2355257 5.700499999999999e-10
8 41605979 rs510889 1.508e-19
8 41606227 rs111999410 0.3647
8 41606309 rs142208440 0.55409
8 41606319 rs55818279 0.00080099
8 41606320 rs55797269 0.00076917
8 41606350 rs10103896 0.57575
8 41606470 rs145450557 0.0003356
8 41606729 rs181952139 0.71503
8 41606744 rs143388064 0.9140299999999999
8 41606908 rs57429285 0.012676
8 41607279 rs10808955 8.7366e-21
8 41607453 rs561459687 0.21565
8 41607478 rs74579468 0.8313299999999999
8 41607590 rs79562351 0.72249
8 41607692 rs560359 0.50033
8 41607715 rs488758 1.2271999999999997e-62
8 41607911 rs13257621 8.1252e-06
8 41608013 rs79802538 0.2472
8 41608033 rs114832643 0.7085899999999999
8 41608076 rs74464682 0.48
8 41608164 rs501154 1.6397000000000003e-11
8 41608345 rs138282824 0.0096031
8 41608366 rs557956764 0.85962
8 41609100 rs114186401 0.20045
8 41609310 rs76006795 0.72372
8 41609568 rs73619381 0.012929
8 41609622 rs575956505 0.24261999999999997
8 41609623 rs60792897 2.5011e-30
8 41609768 rs139777669 0.6006100000000001
8 41609843 rs57596574 2.7070999999999997e-30
8 41610114 rs552904 1.0073999999999998e-63
8 41610157 rs145202222 0.584
8 41610173 rs73619385 0.82132
8 41610234 rs777870 1.0066999999999999e-63
8 41610345 rs80316886 0.00035822
8 41610346 rs555466 9.131399999999998e-64
8 41610443 rs56336210 4.1621e-29
8 41610490 rs192052279 0.6086600000000001
8 41610494 rs56131030 2.6076e-20
8 41610509 rs547909 2.3145999999999998e-05
8 41610643 rs7009778 3.0394999999999996e-30
8 41610691 rs73619388 0.012659
8 41610836 rs112292869 0.7372
8 41610863 rs523316 2.7984000000000002e-05
8 41610880 rs111833702 0.015782
8 41610942 rs557441242 2.0817e-12
8 41610969 rs522407 7.834999999999998e-64
8 41611223 8:41611223_C_T 0.97945
8 41611375 rs518718 7.254799999999999e-64
8 41611548 rs149878680 2.0205e-12
8 41611745 rs515791 1.9299e-05
8 41611794 rs493981 2.1637e-05
8 41612255 rs6981979 2.691e-30
8 41612337 rs149200662 0.8439700000000001
8 41612487 rs506763 3.919099999999999e-64
8 41612551 rs487320 2.1563000000000003e-05
8 41612587 rs74918198 0.00011152
8 41612664 rs148326125 0.58291
8 41612790 rs77194238 0.57494
8 41612815 rs72640314 0.00031837
8 41612823 rs13272958 6.8443e-06
8 41613060 rs11787367 1.1738000000000001e-20
8 41613069 rs13270595 6.8569e-06
8 41613145 rs57300031 0.39715
8 41613202 rs13273072 6.8499e-06
8 41613340 rs28399235 0.012844
8 41613496 rs11787479 7.7523e-30
8 41613749 rs12335070 6.9245e-06
8 41613883 rs143711773 0.68093
8 41613992 rs192123984 0.45514
8 41614201 rs10089280 4.7358e-06
8 41614256 rs76144180 8.084100000000001e-21
8 41614258 rs78199333 0.005169600000000001
8 41614287 rs80352772 2.1933e-20
8 41614377 rs7831252 2.4599e-14
8 41614503 rs7831492 3.1583000000000002e-27
8 41614567 rs7831530 1.3603999999999999e-36
8 41614715 rs11784321 3.6335e-11
8 41614920 rs148431062 6.1358e-15
8 41615040 rs569068756 0.0023945999999999998
8 41615059 rs115591163 0.9803299999999999
8 41615138 rs7006290 5.6051e-13
8 41615166 rs73675120 0.9079799999999999
8 41615806 rs146429310 6.3492e-15
8 41615960 rs575599629 3.7911e-05
8 41616478 rs11989912 2.7332e-08
8 41616501 rs34034830 4.9552e-06
8 41616528 rs13268624 2.7404000000000002e-08
8 41616576 rs114280348 0.33721
8 41616678 rs146649224 0.94
8 41616713 rs141018829 6.2936e-15
8 41616809 rs117247801 0.029657
8 41616879 rs10111371 2.7599e-08
8 41616938 rs10111477 0.65693
8 41616949 rs7845118 8.205000000000001e-21
8 41617192 rs562857 0.32811999999999997
8 41617535 rs74959350 0.0049256
8 41617557 rs75548427 0.56802
8 41617720 rs57079159 0.40696
8 41617827 rs1972918 1.3875e-12
8 41617951 rs57422201 0.5667
8 41618177 rs72640315 2.2415e-18
8 41618213 rs1565124 4.6920999999999995e-06
8 41618782 rs10098281 0.90286
8 41618818 rs10098289 4.4663e-06
8 41618853 rs6990338 1.3613e-12
8 41618920 rs6990491 1.3958e-12
8 41619155 rs117333164 0.053597000000000006
8 41619517 rs188711231 0.8267
8 41619535 rs146141207 0.47583000000000003
8 41619538 rs13279038 4.5174e-06
8 41619562 rs114539797 0.52763
8 41619713 rs13282514 1.017e-71
8 41619768 rs115541680 0.15463
8 41619782 rs151295109 0.98866
8 41620028 rs140570699 6.4098e-15
8 41620059 rs145441919 0.15345
8 41620112 rs57466991 0.0054769
8 41620172 rs73621112 0.3667
8 41620635 rs765574990 0.56738
8 41620711 rs13254234 2.9175e-06
8 41621001 rs146372689 0.99898
8 41621145 rs75714560 0.005091
8 41621175 rs34493563 0.61668
8 41621324 rs13263002 3.9904e-06
8 41621387 rs13265346 2.9792e-12
8 41621501 rs71521548 5.7607e-15
8 41621558 rs114005530 0.62636
8 41621628 rs13263917 2.2521e-08
8 41621760 rs142605203 0.43196999999999997
8 41621804 rs13273560 3.9358e-06
8 41621826 rs145955372 0.74203
8 41621903 rs11997827 2.4941e-08
8 41622107 rs141495101 6.834899999999999e-15
8 41622202 rs80114952 0.79914
8 41622240 rs149848138 6.4708e-15
8 41622387 rs60515879 0.8210799999999999
8 41622621 rs188435916 6.5906e-15
8 41622677 rs73621172 0.5053
8 41622784 rs144862982 6.4781999999999994e-15
8 41622890 rs140083087 0.51991
8 41622949 rs79577097 0.0058652999999999995
8 41623001 rs569451 2.4613999999999997e-84
8 41623051 rs115257389 0.15423
8 41623538 rs142448089 6.3207e-15
8 41623602 rs11780780 3.8013000000000006e-11
8 41623849 rs117336151 0.00080773
8 41624084 rs189188816 6.882899999999999e-15
8 41624105 rs11774972 4.5358e-29
8 41624190 rs144588302 1.4614e-14
8 41624419 rs570851967 0.013347999999999999
8 41624808 rs57101367 0.53555
8 41624899 rs528073173 0.7171
8 41624941 rs187967954 0.049799
8 41624991 rs13266603 2.4369999999999997e-06
8 41625401 rs13271053 2.2836e-06
8 41625704 rs10109520 1.4974e-11
8 41626067 rs73621181 0.46212
8 41626147 rs10098437 1.5903999999999998e-06
8 41626687 rs73621184 0.46321999999999997
8 41626867 rs78375973 0.019757
8 41626954 rs489429 2.8763e-57
8 41627085 rs115619760 0.44317
8 41627315 rs138570530 2.4051e-15
8 41627545 rs34900716 1.6038999999999998e-06
8 41627649 rs572269 0.0046674
8 41627844 rs185339997 1.5722e-10
8 41628138 rs57958686 0.46471
8 41628410 rs61105284 0.94816
8 41628650 rs7461534 1.5316999999999997e-85
8 41628999 rs13255921 2.1311000000000002e-06
8 41629293 rs140198066 0.89946
8 41629333 rs13254730 1.3696e-06
8 41629661 rs114874678 0.17995999999999998
8 41629674 rs13258053 1.3731999999999998e-06
8 41629835 rs13263404 1.3615e-06
8 41629885 rs72640317 1.4312e-20
8 41629971 rs116898928 0.11055
8 41630016 rs74479224 0.00014659999999999999
8 41630083 rs4737008 0.0047136
8 41630173 rs115455271 0.9122899999999999
8 41630331 rs149794144 3.9419e-13
8 41630405 rs4737009 1.2544999999999997e-126
8 41630447 rs4737010 5.915199999999997e-138
8 41630702 rs1372725 0.006497399999999999
8 41630844 rs529314923 0.13935
8 41630932 rs3886945 8.373899999999999e-05
8 41631121 rs7460837 0.428
8 41631242 rs765495 0.76995
8 41631304 rs117166152 0.004513399999999999
8 41631481 rs9785172 0.021325999999999998
8 41631625 rs77324688 0.0020584
8 41631633 rs36066801 1.8456999999999997e-68
8 41631745 rs113266337 0.0056691
8 41631754 rs114661793 0.34731
8 41631762 rs55768780 8.026699999999999e-46
8 41631788 rs10099921 1.0869999999999999e-60
8 41631833 rs6992661 0.01529
8 41631897 rs116685391 0.17728
8 41631930 rs13251399 2.8330000000000002e-06
8 41632034 rs140364193 0.021546
8 41632230 rs990174 6.985699999999998e-55
8 41632278 rs78079105 0.004368
8 41632485 rs6474361 0.21619000000000002
8 41632506 rs143034296 0.49417
8 41632682 rs74666598 0.20202
8 41632746 rs6990073 0.80485
8 41632773 rs11785162 0.20543000000000003
8 41632852 rs56387461 0.9065
8 41633320 rs13259410 9.8652e-05
8 41633498 rs13262061 0.00011656
8 41633607 rs28705109 0.15958
8 41633857 rs34342524 5.0177e-55
8 41634354 rs7013826 0.21736
8 41634442 rs192927512 0.037475
8 41634480 rs140042352 0.063115
8 41634693 rs143477564 0.22171999999999997
8 41634756 rs111258740 0.023641
8 41634793 rs116584783 0.00125
8 41634895 rs146771351 0.31709
8 41635015 rs143554389 0.0026997
8 41635033 rs7005490 6.452200000000001e-53
8 41635296 rs111369968 0.0045984
8 41635838 rs138642579 0.085884
8 41636002 rs13263799 6.358e-05
8 41636011 rs7006815 8.543799999999999e-05
8 41636071 rs13255458 0.00010766
8 41636154 rs79994965 0.0036549
8 41636251 rs34421889 2.8704999999999995e-61
8 41636404 rs13254281 0.0001115
8 41636439 rs184494787 0.20978000000000002
8 41636452 rs149394767 0.76244
8 41636916 rs61497681 0.0021074
8 41637202 rs80190890 0.37251
8 41637324 rs13263961 7.111e-05
8 41637360 rs13266245 0.00012227
8 41637372 rs13264191 7.9387e-05
8 41637486 rs13264512 6.9268e-05
8 41637566 rs146104665 0.70128
8 41637672 rs114417894 0.16832
8 41637894 rs146261396 0.5324399999999999
8 41637994 rs73675128 0.71972
8 41638058 rs373273199 0.70286
8 41638091 rs16890829 0.72182
8 41638138 rs7459992 0.78591
8 41638220 rs544767237 0.057701
8 41638231 rs13279368 6.8885e-05
8 41638758 rs144295749 0.37440999999999997
8 41638908 rs148287183 0.94514
8 41638973 rs11774448 0.19818
8 41639240 rs13252428 0.30289
8 41639266 rs2032736 1.1019e-52
8 41639627 rs546815913 0.014078
8 41639760 rs76584894 0.26578
8 41640091 rs28490030 0.83726
8 41640096 rs193263989 0.014780000000000001
8 41640125 rs9650332 0.2511
8 41640273 rs114312590 0.1547
8 41640321 rs76136207 0.33641
8 41640646 rs10958697 0.37596
8 41640657 rs12156072 0.30756
8 41640906 rs10096102 0.2063
8 41641075 rs10958698 0.62033
8 41641151 rs13282526 0.00016982
8 41641393 rs13274736 0.33392
8 41641557 rs10096908 2.1588e-05
8 41641624 rs13273224 0.47075
8 41641750 rs114921652 0.14734
8 41641757 rs10086218 3.4841e-05
8 41641934 rs17662389 0.19908
8 41642116 rs9886398 0.16769
8 41642164 rs9886512 2.8846999999999997e-05
8 41642538 rs9886516 0.07228
8 41642720 rs7813245 0.8206399999999999
8 41642738 rs1861924 2.9814e-11
8 41642886 rs72640329 8.9359e-36
8 41642968 rs75121779 0.2364
8 41643107 rs143816320 0.0082946
8 41643457 rs2111805 2.4896999999999993e-43
8 41643511 rs10104738 0.16580999999999999
8 41643536 rs77828209 0.017141
8 41643598 rs78011620 0.22184
8 41643672 rs117674566 0.22179000000000001
8 41643771 rs547847532 0.052371
8 41643822 rs78841126 0.23922
8 41643965 rs538416198 0.35253
8 41644054 rs28374492 0.09990399999999999
8 41644127 rs72640331 0.8411700000000001
8 41644266 rs2111804 6.0795e-36
8 41644498 rs138142649 0.6587
8 41644558 rs149575108 0.30101
8 41644592 rs80177655 0.70678
8 41644861 rs7823138 5.3377e-36
8 41645074 rs12548116 2.4938999999999995e-43
8 41645249 rs142787225 0.7027
8 41645565 rs10112594 1.3515e-36
8 41645710 rs4026 1.8663e-36
8 41646021 rs13253960 0.20988
8 41646363 rs76846978 0.2796
8 41646683 rs11995974 7.657899999999999e-36
8 41646740 rs7844700 0.1365
8 41646761 rs141453099 0.16812
8 41646799 rs77441162 0.9534299999999999
8 41646931 rs75206450 0.01566
8 41646944 rs145179168 0.027452999999999998
8 41646997 rs6474364 3.7493e-36
8 41647114 rs77815774 0.0030995999999999997
8 41647181 rs116074234 0.91376
8 41647237 rs776512423 0.32252
8 41647363 rs6999958 0.5108600000000001
8 41647493 rs7000282 1.9117e-43
8 41647560 rs545456465 0.00074739
8 41647777 rs13252646 5.0142e-36
8 41647968 rs771768734 0.32782
8 41648123 rs114708271 0.30269
8 41648181 rs11995745 2.7921999999999998e-05
8 41648274 rs150197335 0.014934999999999999
8 41648292 rs139065912 0.0004309
8 41648358 rs10958699 1.5441999999999998e-34
8 41648772 rs112213611 2.339e-05
8 41649152 rs114933204 0.27893
8 41649201 rs181023637 0.39771
8 41649286 rs13266063 0.072922
8 41649485 rs772979198 0.6755899999999999
8 41649504 rs112559526 0.015593000000000001
8 41649772 rs79902129 0.27426999999999996
8 41649842 rs74424534 0.01427
8 41649963 rs75299757 0.2964
8 41649973 rs76313699 0.2964
8 41650133 rs575771855 0.0032729
8 41650372 rs77604514 0.29481999999999997
8 41650599 rs151138196 0.025963
8 41650622 rs113266963 0.015636
8 41650687 rs75552769 0.8637600000000001
8 41650756 rs113980407 0.0034128
8 41650954 rs79399630 0.28192
8 41651077 rs113127490 0.078575
8 41651300 rs77150118 0.28175
8 41651468 rs879638 0.74683
8 41651514 rs79623703 0.46402
8 41651601 rs150458878 0.92881
8 41651726 rs113891554 0.0042115
8 41651740 rs115071673 0.31738
8 41652012 rs113729583 0.01599
8 41652301 rs111670556 0.0052548000000000004
8 41652383 rs184749162 0.26839
8 41652466 rs143307847 0.27429000000000003
8 41652565 rs79098530 0.27378
8 41652569 rs77136326 0.27378
8 41652587 rs76437910 0.27378
8 41652648 rs79558807 0.27303
8 41652649 rs117449287 0.6301
8 41652720 rs112662225 0.015727
8 41652732 rs77766916 0.2654
8 41652733 rs111661559 0.015734
8 41652806 rs201215322 0.27129000000000003
8 41652829 rs149267837 0.015031999999999998
8 41652879 rs73623029 2.0181e-05
8 41653066 rs146226351 0.016305
8 41653090 rs78046809 0.014641
8 41653266 rs55756078 0.21194000000000002
8 41653471 rs79432940 0.014188
8 41653540 rs12550646 2.8107999999999996e-50
8 41653591 rs75462119 0.43363999999999997
8 41653847 rs542724559 0.039581
8 41654458 rs10099197 2.6738999999999995e-43
8 41654474 rs139767345 0.25259000000000004
8 41654493 rs142908631 0.35853
8 41654516 rs117559237 0.014288999999999998
8 41654517 rs117878885 0.014328
8 41654597 rs55839665 0.85815
8 41654753 rs112406538 0.014894
8 41654803 rs75201175 0.35873
8 41655164 rs77173848 0.019312
8 41655209 rs183894680 0.017906000000000002
8 41655241 rs540120343 0.35586999999999996
8 41655260 rs117184692 0.31924
8 41655690 rs12676896 1.4539000000000001e-05
8 41655758 rs7839782 0.0055455
8 41655775 rs190924904 0.32953000000000005
8 41655808 rs182486840 0.35859
8 41655947 rs187305792 0.082137
8 41656099 rs78863300 0.24083000000000002
8 41656239 rs114007037 0.88944
8 41656448 rs80100032 0.016259
8 41656551 rs557312533 0.45801000000000003
8 41656839 rs13272013 0.47633000000000003
8 41656845 rs143204984 0.38816999999999996
8 41657366 rs3758128 7.782099999999999e-55
8 41657536 rs146199710 0.52503
8 41657739 rs74447180 0.23043000000000002
8 41657897 rs61334818 0.63513
8 41658545 rs79557212 0.85488
8 41658741 rs57403398 0.89454
8 41658923 rs1579274 6.7633e-43
8 41659088 rs73623041 0.94381
8 41659235 rs113456943 0.38825
8 41659393 rs76895529 0.5606300000000001
8 41659505 rs112040650 0.018422
8 41659667 rs75970596 0.22174000000000002
8 41659671 rs113630867 1.3090000000000002e-50
8 41659684 rs553284427 0.013694999999999999
8 41659785 rs191918743 0.22885999999999998
8 41659985 rs147893927 0.037129
8 41660239 rs116889368 0.22174000000000002
8 41660362 rs147662723 0.037129
8 41660389 rs74192083 0.22163000000000002
8 41660854 rs6999814 5.745499999999999e-43
8 41660883 rs116492799 0.71821
8 41661532 rs13264181 0.48855
8 41661631 rs77480063 0.87182
8 41661716 rs13272350 0.68993
8 41661937 rs7818173 0.68728
8 41662013 rs79747352 0.0013885
8 41662164 rs139999555 0.27410999999999996
8 41662256 rs7835438 0.47541000000000005
8 41662307 rs189212197 0.40369
8 41662419 rs7818962 0.9946799999999999
8 41662494 rs112050337 0.020055
8 41662671 rs28689087 1.1898e-05
8 41662877 rs6982135 0.90748
8 41662940 rs6474365 6.568300000000001e-43
8 41663026 rs76655086 0.018765
8 41663090 rs77788808 0.016653
8 41663433 rs74443250 0.072389
8 41663711 rs79386488 0.020127000000000003
8 41663896 rs10103618 1.4465999999999998e-05
8 41664146 rs10089438 2.5391e-34
8 41664298 rs10107121 1.5065e-05
8 41664544 rs145293180 0.23496
8 41665510 rs10092989 2.6401999999999995e-07
8 41665940 rs145591131 0.039454
8 41665954 rs1819953 9.1749e-50
8 41666000 rs113701489 0.24042
8 41666157 rs1819952 5.7042999999999995e-42
8 41666278 rs183578201 0.32122
8 41666299 rs1362891 0.059392999999999994
8 41666355 rs12680139 2.5418e-34
8 41666409 rs113564894 0.016353
8 41666702 rs77440698 0.36830999999999997
8 41666788 rs10090278 0.1233
8 41666874 rs10090395 8.2445e-34
8 41667048 rs111676259 0.017523
8 41667442 rs150631104 0.44966000000000006
8 41667896 rs77393860 0.016588
8 41668033 rs558901708 0.30579
8 41668034 rs528816928 0.30579
8 41668201 rs145698305 0.044183
8 41668314 rs76233269 0.21194000000000002
8 41668702 rs7826221 0.5163
8 41669517 rs80177241 0.095476
8 41669819 rs9650333 0.52369
8 41670017 rs140171361 0.9632200000000001
8 41670205 rs114237668 0.9731799999999999
8 41670420 rs76429883 0.36609
8 41670444 rs75729364 0.21104
8 41670474 rs137893055 0.68989
8 41670699 rs189030230 0.30882
8 41670933 rs76065107 0.29318
8 41670952 rs7006871 1.6725999999999996e-42
8 41671368 rs11990823 0.63084
8 41671503 rs10110994 1.9700999999999998e-33
8 41671611 rs113591002 0.01932
8 41671849 rs4737011 2.0904e-09
8 41672042 rs75115236 0.014154
8 41672161 rs141460591 0.017998
8 41672453 rs10089948 1.6508e-33
8 41672947 rs149752246 9.2126e-05
8 41673008 rs76846234 0.22705999999999998
8 41673091 rs999522 7.9215e-49
8 41673161 rs75118918 0.21111
8 41673232 rs76103123 0.21101999999999999
8 41673285 rs115489277 0.36014
8 41673688 rs113673781 0.016934
8 41673929 rs2010743 2.972e-42
8 41674525 rs17662607 2.7262e-46
8 41674765 rs78572716 0.20986999999999997
8 41674900 rs76625237 0.22789
8 41675436 rs77252782 0.20926999999999998
8 41675976 rs116608917 0.36716
8 41676807 rs563698444 0.34715999999999997
8 41676881 rs73675140 0.794
8 41676962 rs73675141 0.794
8 41677319 rs112474949 0.017703999999999998
8 41677554 rs76115903 0.22696
8 41677703 rs13262554 0.92285
8 41677805 rs112741696 0.020174
8 41677831 rs193251141 0.058609
8 41678034 8:41678034_A_G 0.9999
8 41678127 rs2174731 0.9625299999999999
8 41678167 rs540730815 0.2963
8 41678349 rs79385151 0.22676
8 41678390 rs112295391 0.018827
8 41678485 rs28480310 0.040933
8 41679058 rs111827109 0.026260000000000002
8 41679476 rs140041034 3.5369e-15
8 41679555 rs4358791 0.54147
8 41679803 rs114159834 0.78679
8 41679853 rs4466386 2.6870999999999995e-45
8 41680077 rs149934306 0.31471
8 41680177 rs569771789 0.12685
8 41680330 rs11990864 0.79406
8 41680337 rs535288828 0.1144
8 41680362 rs11997839 0.9350200000000001
8 41680508 rs73623070 0.11474000000000001
8 41680525 rs118034329 0.64656
8 41680854 rs11784438 0.029949
8 41681105 rs112206310 0.26127
8 41681232 rs148834950 0.33037
8 41681258 rs566195297 0.69993
8 41681360 rs778591101 0.11880999999999999
8 41681439 rs558107181 0.87067
8 41681476 rs111896456 0.021352
8 41681626 rs112604824 0.10202
8 41681735 rs546414417 0.28512
8 41681782 rs111412919 0.022057
8 41681935 rs74887565 3.6264999999999996e-37
8 41682150 rs79551187 0.87279
8 41682581 rs57661382 0.9072899999999999
8 41682702 rs16890853 0.55515
8 41682857 rs16890856 0.35302
8 41683015 rs115123215 0.56267
8 41683348 rs112966044 0.022255
8 41683462 rs141722021 0.17294
8 41683624 rs10504044 0.88908
8 41683667 rs7825382 0.93014
8 41683758 rs113786768 0.023853
8 41683840 rs114319494 0.85241
8 41683935 rs115898912 0.91781
8 41684488 rs1549064 4.9587999999999995e-37
8 41684588 rs144297542 0.7764
8 41684870 rs6990967 0.9712700000000001
8 41685090 rs13254560 0.44482
8 41685166 rs2111807 9.7663e-35
8 41685275 rs113242736 0.025814999999999998
8 41685346 rs28541788 0.7700100000000001
8 41685503 rs115547324 0.9604
8 41685608 rs112394712 0.028193
8 41685613 rs146603566 0.29304
8 41685750 rs182816561 0.4349
8 41685751 rs114467756 0.9707899999999999
8 41685791 rs28462982 0.17443
8 41685814 rs12708213 1.7286000000000004e-26
8 41685845 rs13438989 1.0173e-35
8 41685906 rs113894294 0.022864
8 41686017 rs13439740 1.0693e-31
8 41686048 rs10092958 0.030073000000000003
8 41686363 rs13265366 0.12641
8 41686490 rs59035299 0.7107
8 41686527 rs3739368 0.9301299999999999
8 41686672 rs7839944 0.020189
8 41686808 rs187702841 0.35720999999999997
8 41686888 rs150409299 3.8611e-22
8 41687194 rs112694088 0.20175
8 41687318 rs558131896 0.614
8 41687319 rs57847331 0.614
8 41687334 rs147229676 0.022397
8 41687651 rs548583164 0.35466
8 41687700 rs1362889 0.39971999999999996
8 41687712 rs114621301 0.96272
8 41687828 rs78480755 2.7777e-20
8 41687902 rs7815239 0.42428999999999994
8 41688018 rs16890865 0.027807
8 41688047 rs1362890 4.7663999999999995e-27
8 41688190 rs117452590 0.6253
8 41688277 rs545138702 0.018699
8 41688689 rs114810463 0.92119
8 41688719 rs184388898 0.4962
8 41688721 rs11986335 0.087907
8 41688775 rs7460807 0.013199
8 41688828 rs2102360 0.79043
8 41688844 rs79839923 0.012549
8 41689070 rs74617301 0.014343999999999999
8 41689216 rs77983722 0.01643
8 41689437 rs78821058 0.22463000000000002
8 41689486 rs74441194 0.5163300000000001
8 41689628 rs116661513 0.6721600000000001
8 41689773 rs11995448 0.8802700000000001
8 41689847 rs188494055 0.32992
8 41689966 rs11988164 0.87245
8 41690086 rs79481087 0.72897
8 41690347 rs75400889 0.52194
8 41690500 rs60261820 0.76265
8 41690732 rs6474366 0.32449
8 41690965 rs77623894 0.22538000000000002
8 41691108 rs16890872 0.74005
8 41691237 rs79361488 0.46256
8 41691331 rs16890874 0.8463299999999999
8 41691402 rs75673490 0.52094
8 41691585 rs6986379 0.14849
8 41691671 rs10092506 0.049489
8 41691823 rs16890877 0.6855100000000001
8 41691872 rs79378943 0.40514
8 41691919 rs16890879 0.016257
8 41691924 rs113970084 0.018432
8 41691932 rs73675143 0.7390000000000001
8 41691939 rs77586718 0.015101
8 41692074 rs10109347 0.21194000000000002
8 41692076 rs115965899 0.22863000000000003
8 41692096 rs10108560 0.2223
8 41692231 rs16890885 0.013663
8 41692859 rs4736822 0.23413
8 41692893 rs12682517 0.016206
8 41693033 rs4527855 0.89008
8 41693043 rs80070715 0.016225
8 41693044 rs73626613 0.02244
8 41693070 rs146069294 0.5292600000000001
8 41693158 rs538320508 0.81065
8 41693213 rs4737013 0.34919
8 41693324 rs28743134 0.44782
8 41693425 rs13255835 0.0058288
8 41693486 rs58882531 0.6745800000000001
8 41693502 rs561064771 0.86861
8 41693559 rs34196128 0.0022677
8 41693707 rs28624498 0.14089000000000002
8 41693749 rs112549198 0.1444
8 41693768 rs906290 0.28655
8 41693786 rs187470704 0.009468700000000002
8 41693844 rs568585103 0.010979000000000001
8 41693868 rs191826489 0.009328200000000002
8 41693883 rs76282315 0.004696199999999999
8 41693923 rs16890886 0.0046268
8 41694027 rs143978160 0.30374
