CHR BP SNP P
11 8652053 rs57836157 0.8543799999999999
11 8652244 rs146966810 0.4787
11 8652592 rs11042019 0.00058661
11 8652612 rs138002387 0.07585
11 8652736 rs11825777 0.030628
11 8653171 rs145720631 0.8165
11 8653359 rs9633894 8.020699999999999e-07
11 8653507 rs148170281 0.42994
11 8653626 rs79039371 0.8387700000000001
11 8653666 rs188950612 0.40802
11 8654259 rs28476482 0.93906
11 8654528 rs10769936 2.9578e-10
11 8654538 rs115962032 0.64008
11 8654613 rs139617087 0.1057
11 8654671 rs144204188 0.41253
11 8654925 rs115412070 0.77362
11 8655187 rs4929925 2.2155000000000002e-06
11 8655352 rs79826898 0.032135000000000004
11 8655442 rs78534649 0.033523000000000004
11 8655569 rs67365081 0.10277
11 8655922 rs116891394 0.026452
11 8656000 rs113603104 0.20282
11 8656035 rs77131596 0.029036000000000003
11 8656038 rs115955769 0.30763
11 8656442 rs185153137 0.33163000000000004
11 8656583 rs77774854 0.027159
11 8656755 rs570178475 0.17598
11 8656835 rs114668696 0.6554300000000001
11 8656869 rs76553652 0.2773
11 8657002 rs76204778 0.028664999999999996
11 8657274 rs537853728 0.054502999999999996
11 8657286 rs180912780 0.26035
11 8657317 rs185312503 0.32608000000000004
11 8657321 rs10743084 0.00047256
11 8657377 rs556565574 0.69962
11 8657730 rs114180333 0.22639
11 8657923 rs76955672 0.02897
11 8658362 rs115050548 0.93511
11 8658376 rs4929926 1.8398e-06
11 8658485 rs4929927 2.0212000000000002e-06
11 8659134 rs10743085 5.7599e-07
11 8659404 rs12295729 0.00050791
11 8659425 rs115814838 0.22488000000000002
11 8659452 rs73408082 0.5715
11 8659908 rs74053012 0.31594
11 8660117 rs34655699 0.0070810000000000005
11 8660574 rs558832532 0.79555
11 8661045 rs79596408 0.2425
11 8661062 11:8661062_G_C 0.18729
11 8661397 rs35578541 0.080838
11 8661398 rs189368026 0.19846
11 8661489 rs118054187 0.045892
11 8661490 rs115339741 0.23255
11 8661545 rs76006292 0.25109000000000004
11 8661751 rs77450953 0.29167
11 8662007 rs183065153 0.014531
11 8662310 rs202229005 0.077579
11 8662422 rs754524842 0.38289
11 8662516 rs11042023 1.7975e-06
11 8662649 rs61743935 0.025556
11 8663035 rs11605978 0.26164
11 8663098 rs7934978 4.9445e-07
11 8663433 rs116014302 0.207
11 8663630 rs58505829 0.47631999999999997
11 8663970 rs77232328 0.080454
11 8664019 rs35847366 0.1597
11 8664157 rs115639040 0.92415
11 8664454 rs4503528 2.2949e-10
11 8664869 rs10769937 5.038399999999999e-07
11 8664909 rs186735122 0.12677
11 8665043 rs143706101 0.43081
11 8665737 rs375387753 0.18664
11 8665768 rs77335324 0.51181
11 8666390 rs4511283 0.27423000000000003
11 8666411 rs61875910 0.14432999999999999
11 8666611 rs192826328 0.63171
11 8666910 11:8666910_T_C 0.18342999999999998
11 8666976 rs10840098 0.9840200000000001
11 8667343 rs61730185 0.48326
11 8667515 rs138815716 0.8889100000000001
11 8667680 rs10840099 1.5434000000000001e-06
11 8668016 rs61742770 0.36558
11 8668082 rs61741649 0.025069
11 8668350 rs6486253 1.5174e-06
11 8668402 rs76022785 0.51493
11 8668551 rs138326262 0.4053
11 8668569 rs12787554 0.00043533
11 8669159 rs116286752 0.93211
11 8669242 rs114901518 0.26715
11 8669437 rs10840100 1.4497999999999999e-06
11 8669510 rs78482760 0.73021
11 8669694 rs35319120 2.4350999999999997e-10
11 8669923 rs150760704 0.5153399999999999
11 8670172 rs7950801 0.96391
11 8670331 rs7106755 0.35901
11 8670343 rs116596625 0.64149
11 8670517 rs74053014 0.70053
11 8670747 rs7939673 2.0437999999999997e-10
11 8670776 rs35904890 0.82442
11 8670812 rs182686320 0.94315
11 8671136 rs778080107 0.26238
11 8671137 rs749606119 0.47431999999999996
11 8671218 rs776174135 0.7984899999999999
11 8671369 rs10840101 0.9464899999999999
11 8671547 rs10769938 2.0393000000000001e-10
11 8671588 rs114860161 0.27514
11 8671776 rs138648207 0.65099
11 8671997 rs115695971 0.91555
11 8672111 rs116291856 0.68429
11 8672260 rs115041135 0.5006
11 8672340 rs78276861 0.26429
11 8672472 rs184453924 0.56888
11 8672600 rs189334211 0.053708000000000006
11 8672969 rs558637890 0.18237
11 8673475 rs775406020 0.87328
11 8673716 rs78737968 0.0039747
11 8673729 rs763856691 0.51742
11 8673735 rs181654225 0.92076
11 8673939 rs4256980 1.1902e-06
11 8674049 rs7123627 0.83554
11 8674200 rs7123873 0.32892
11 8674381 rs186059608 0.6592899999999999
11 8674654 rs76023987 0.02928
11 8675011 rs7942340 0.26635
11 8675066 rs7930642 0.26615
11 8675086 rs4929928 1.2172e-06
11 8675282 rs190333790 0.8399399999999999
11 8675328 rs118143986 0.028120999999999997
11 8675475 rs11042025 1.8835e-10
11 8676088 rs553647935 0.74436
11 8676089 rs184031898 0.37315
11 8676133 rs536014203 0.031185
11 8676184 rs76600773 0.2059
11 8676238 rs10840102 1.5962999999999997e-10
11 8676288 rs73408102 0.98434
11 8676440 rs72856558 0.09375499999999999
11 8676465 rs188719188 0.90755
11 8676582 rs150385195 0.32492
11 8676639 rs112575617 0.25604
11 8676725 rs113960211 0.47189
11 8676788 rs567182769 0.92866
11 8677031 rs141607996 0.49841
11 8677063 rs7941510 1.6834e-10
11 8677185 rs7950528 1.1589e-06
11 8677188 rs538455451 0.29286999999999996
11 8677201 rs34867877 1.3238e-06
11 8677367 rs185282082 0.9550799999999999
11 8677848 rs747797476 0.20402
11 8677877 rs554225645 0.36406
11 8677892 rs79215488 0.27948
11 8678276 rs182329689 0.10324000000000001
11 8678514 rs189567763 0.49241
11 8678632 rs114839797 0.40235
11 8678756 rs885114 1.4677e-10
11 8678868 rs114036110 0.27193
11 8678991 rs116380759 0.26463000000000003
11 8679016 rs2316901 1.179e-06
11 8679106 rs77250884 0.14037
11 8679157 rs565771587 0.46916
11 8679546 rs16938564 0.18274
11 8679604 rs544694109 0.73749
11 8680084 rs112096207 0.092973
11 8680097 rs148939556 0.88136
11 8680381 rs79413888 0.47888000000000003
11 8680816 rs114142211 0.27503
11 8680885 rs11042026 4.1317e-07
11 8680891 rs4291677 1.7613999999999997e-10
11 8681438 rs61875912 0.10021000000000001
11 8681441 rs192899191 0.16172999999999998
11 8682018 rs1502317 1.5144999999999998e-10
11 8682465 rs10840103 0.42253999999999997
11 8682639 rs77945468 0.024946
11 8682979 rs550281505 0.24452
11 8683071 rs78285579 0.35354
11 8683585 rs539031204 0.74426
11 8683625 rs140206101 0.18011
11 8683639 rs10769939 1.7781e-06
11 8683759 rs144063818 0.27442
11 8684037 rs147319775 0.602
11 8684051 rs1502316 0.58052
11 8684134 rs75780186 0.70937
11 8684538 rs75033840 0.028151
11 8685352 rs78323932 0.31334
11 8685393 rs4272783 1.7972999999999998e-10
11 8685451 rs11042027 0.010621
11 8685648 rs7933556 0.32619000000000004
11 8685685 rs7118611 1.7416000000000002e-10
11 8686068 rs11042028 4.544e-07
11 8686847 rs7106264 0.32402
11 8687353 rs554949419 0.9432200000000001
11 8687642 rs192429279 0.0092424
11 8687705 rs4495896 1.7746999999999998e-10
11 8687710 rs7110529 1.6187e-10
11 8687819 rs150093066 0.33478
11 8688016 rs7113874 1.0234e-06
11 8688125 rs11042029 8.7295e-11
11 8688127 rs530727920 0.37758
11 8688291 rs114009276 0.32735
11 8688319 rs56321966 0.733
11 8688922 rs12364516 0.0099241
11 8688998 rs117989651 0.10550999999999999
11 8689200 rs76683401 0.32532
11 8689247 rs142689023 0.011818
11 8689336 rs7126235 1.0717e-06
11 8689429 rs75676708 0.9692700000000001
11 8689514 rs75744729 0.035599
11 8690112 rs117488032 0.029708999999999996
11 8690257 rs10840104 1.655e-10
11 8690390 rs769291234 0.65017
11 8690618 rs187291530 0.76202
11 8690718 rs11042030 3.5393e-10
11 8690772 rs12285011 0.70634
11 8691012 rs12271470 1.5293e-10
11 8691094 rs116112207 0.35922
11 8691144 rs140046218 0.8385
11 8691719 rs140356246 0.91466
11 8691720 rs149934556 0.007538600000000001
11 8691811 rs7101911 0.026876999999999998
11 8691848 rs116280420 0.90171
11 8692339 rs36092927 9.145100000000001e-07
11 8692566 rs79052020 0.027221
11 8692955 rs78022088 0.91706
11 8693290 rs146920368 0.70797
11 8694073 rs12575252 6.6084e-07
11 8694248 rs138292109 0.35631
11 8694713 rs149612715 0.94825
11 8694716 rs530801328 0.32989
11 8694726 rs57012665 0.00031339
11 8694830 rs10128597 3.4100000000000004e-11
11 8694882 rs72856576 0.16527
11 8694998 rs140053246 0.68733
11 8694999 rs7121168 0.024766
11 8695046 rs116917741 0.34826999999999997
11 8695133 rs141962701 0.33608000000000005
11 8695211 rs114733189 0.95026
11 8695376 rs117184436 0.00090219
11 8695472 rs7118686 0.021911
11 8695520 rs117605558 0.0036564
11 8695687 rs113119137 0.79994
11 8695990 rs7122232 0.3504
11 8696527 rs188847852 0.8974
11 8696872 rs11042032 0.22646999999999998
11 8697005 rs576929273 0.088327
11 8697054 rs11042033 0.00011328
11 8697135 rs191523727 0.007054
11 8697227 rs11042034 4.39e-07
11 8697372 rs146936826 0.038439999999999995
11 8698067 rs143841252 0.93666
11 8698328 rs3942866 0.00015356
11 8698451 rs138874789 0.88787
11 8698630 rs542937878 0.46576999999999996
11 8698909 rs777173591 0.10450999999999999
11 8699225 rs2036423 0.001381
11 8699294 rs12273403 0.78317
11 8699414 rs764214318 0.22328
11 8699662 rs10840105 0.33004
11 8700158 rs4520599 0.53189
11 8700167 rs1875568 0.88635
11 8700284 rs11042035 0.0013943
11 8700326 rs118169339 0.071635
11 8700327 rs11042036 0.00057294
11 8700660 rs74055103 0.43858
11 8701002 rs549490204 0.11949000000000001
11 8701129 rs75015732 0.99939
11 8701607 rs77374023 0.9979
11 8701836 rs10840106 0.49112
11 8701888 rs12363135 0.11685
11 8702016 rs61045588 0.53782
11 8702036 rs78966200 0.06362000000000001
11 8702073 rs112369934 0.76451
11 8702142 rs10840107 0.085628
11 8702213 rs77663712 0.025554
11 8702229 rs11042037 0.109
11 8702469 rs10769940 0.9043899999999999
11 8702473 rs181214519 0.15457
11 8702575 rs117631225 0.024413999999999998
11 8702726 rs59752192 0.39582
11 8702733 rs11042038 0.00059989
11 8702809 rs55931237 0.42161000000000004
11 8702950 rs374264891 0.05329400000000001
11 8702975 rs529277729 0.27831
11 8703431 rs114328093 0.62258
11 8703433 rs766005649 0.17532
11 8703941 rs10840108 0.06415
11 8703955 rs145631877 0.45537
11 8703987 rs116358005 0.9197299999999999
11 8704038 rs76178622 0.9410799999999999
11 8704039 rs10840109 0.05375599999999999
11 8704091 rs10840110 0.057182000000000004
11 8704302 rs200312442 0.33168000000000003
11 8704329 rs80106507 0.9480200000000001
11 8704346 rs199996172 0.2723
11 8704384 rs143278201 0.33321999999999996
11 8704398 rs189117738 0.56708
11 8704641 rs75984823 0.79783
11 8704711 rs3365 0.0003128
11 8704718 rs142988643 0.15888
11 8704965 rs2073684 0.45692
11 8705162 rs75651224 0.9124
11 8705257 rs34010112 0.7165699999999999
11 8705312 rs563468490 0.38989
11 8705480 rs7951084 0.00018315
11 8705528 rs61875926 0.44455
11 8705539 rs199517409 0.45028
11 8705993 rs567756662 0.44005
11 8706056 rs569924781 0.1514
11 8706406 rs4670 0.044624000000000004
11 8706628 rs2073685 0.00039488
11 8706636 rs143988471 0.24586999999999998
11 8706639 rs77786762 0.044045
11 8707083 rs2073686 0.00045168
11 8707147 rs74055106 0.030054
11 8707233 rs6735 0.00039028
11 8707404 rs371505842 0.20959
11 8707719 rs112745188 0.98021
11 8708160 rs74735701 0.16274
11 8708477 rs546910066 0.092689
11 8708527 rs35957960 0.00038551
11 8708654 rs61685207 0.025722000000000002
11 8708781 rs142931735 0.9107200000000001
11 8708804 rs534109771 0.9287799999999999
11 8708893 rs151097261 0.97054
11 8708960 rs115347301 0.94883
11 8708989 rs7925000 0.08213999999999999
11 8709241 rs7945657 0.00034844
11 8709337 rs2036422 0.32134
11 8709551 rs10840111 0.00035421
11 8709628 rs138213023 0.16707
11 8709687 rs184238362 0.25117
11 8709715 rs113826612 0.96511
11 8709722 rs76595323 0.6805
11 8710112 rs568324243 0.38885
11 8710244 rs10769941 0.9333799999999999
11 8710511 rs10840112 0.42727
11 8710607 rs117603983 2.7112e-06
11 8711740 rs74055109 0.024172
11 8712173 rs75868796 0.030349
11 8712779 rs117098258 0.70452
11 8713215 rs116537867 0.9756600000000001
11 8713580 rs7933677 0.048534
11 8713651 rs7941844 0.049946
11 8713727 rs111228483 0.047162
11 8713806 rs35330493 0.00021848
11 8714138 rs11042041 0.38121
11 8714198 rs79600575 0.030323000000000003
11 8714275 rs35104495 0.39633
11 8714278 rs114181415 0.4585
11 8714300 rs188526561 0.010778
11 8714325 rs4929908 0.40693
11 8714861 rs145929768 0.1664
11 8714940 rs572946948 0.1056
11 8715074 rs79050107 0.025292
11 8715275 rs3751072 0.13838
11 8715892 rs78115107 0.47125
11 8716165 rs117118858 0.046068
11 8716284 rs188794056 0.037689
11 8716285 rs140928568 0.7628699999999999
11 8716968 rs2270955 0.034082
11 8717003 rs2270956 0.6338
11 8717290 rs551610555 0.8776799999999999
11 8717607 rs2134309 0.9326399999999999
11 8717795 rs148622300 0.075287
11 8717996 rs143547948 0.75344
11 8718575 rs145487593 0.93861
11 8718658 rs541098523 0.11083
11 8718674 rs59942149 0.5307
11 8718941 rs114265331 0.14290999999999998
11 8719262 rs75105504 0.61674
11 8719615 rs10840113 0.8412
11 8719644 rs537106470 0.53895
11 8719955 rs4929930 0.00038474
11 8719997 rs35126830 0.014611
11 8720740 rs60449221 0.5203
11 8721082 rs79647539 0.49646999999999997
11 8721100 rs149246995 0.72593
11 8721105 rs78184392 0.51822
11 8721123 rs74716282 0.55373
11 8721160 rs113674580 0.5252899999999999
11 8722144 rs538486062 0.40941
11 8722217 rs529921275 0.8257399999999999
11 8722325 rs7105248 0.6954100000000001
11 8722440 rs147532882 0.1201
11 8722621 rs7123653 0.66768
11 8722985 rs184768053 0.6194
11 8723058 rs57312436 0.5353600000000001
11 8723071 rs188048565 0.073911
11 8723431 rs12290299 0.10885999999999998
11 8723500 rs116345325 0.29678000000000004
11 8723563 rs10769942 0.091818
11 8723574 rs10769943 0.09446
11 8723749 rs79651315 0.96811
11 8723826 rs115156660 0.6885399999999999
11 8724191 rs113126215 0.015994
11 8724325 rs73410009 0.9179
11 8724333 rs181593798 0.056541999999999995
11 8724455 rs143411658 0.30861
11 8724554 rs74055113 0.52289
11 8724571 rs10769944 0.045826
11 8725268 rs7928370 0.67503
11 8725583 rs142365775 0.030563999999999997
11 8725626 rs7940366 0.44227
11 8726071 rs74055115 0.037021
11 8726103 rs144176846 0.9519799999999999
11 8726275 rs146519621 0.6608
11 8726459 rs113691233 0.0078656
11 8726712 rs76667021 0.73314
11 8726736 rs143520973 0.21105
11 8727174 rs76868749 0.60197
11 8727609 rs112435381 0.45403999999999994
11 8727697 rs7108849 0.27846
11 8727827 rs7115086 0.61582
11 8727923 rs114706465 0.47201000000000004
11 8727959 rs72858217 0.83796
11 8728229 rs77786559 0.9359799999999999
11 8728869 rs79094992 0.031807999999999996
11 8729057 rs3752849 0.036199
11 8729276 rs80340218 0.032027
11 8729421 rs116131401 0.45038
11 8729449 rs201882001 0.8094100000000001
11 8729625 rs7935091 0.5274
11 8729851 rs117295970 0.062554
11 8730167 rs11042044 0.40751
11 8730633 rs7117300 0.27097
11 8731138 rs750209597 0.28936
11 8731752 rs117396370 0.010559
11 8731778 rs769932480 0.97869
11 8732965 rs118142343 0.030804
11 8733065 rs11820703 0.48100000000000004
11 8733639 rs114959446 0.77409
11 8733738 rs114553571 0.7175
11 8733763 rs4929909 0.23618000000000003
11 8733969 rs147779319 0.99649
11 8734140 rs112354780 0.10243
11 8734260 rs61756193 0.13178
11 8734285 rs115598488 0.97954
11 8734934 rs182024873 0.373
11 8735662 rs931756 0.35689
11 8735945 rs12420824 0.058812
11 8736041 rs117144548 0.73879
11 8736046 rs931757 0.68829
11 8736468 rs554026806 0.91976
11 8736679 rs61875929 0.0058382
11 8736695 rs10840114 0.00016765
11 8737389 rs76303325 0.28973000000000004
11 8737481 rs884188 0.0091324
11 8737595 rs1104773 0.0023304000000000003
11 8737671 rs1104774 0.0057033000000000006
11 8737724 rs4061049 0.017571
11 8737750 rs4061048 0.0063223
11 8738248 rs1104772 0.87884
11 8738365 rs140485240 0.16827999999999999
11 8738382 rs144342326 0.90417
11 8738500 rs117746981 0.00028267
11 8738532 rs871676 0.8919799999999999
11 8738843 rs871677 0.052819000000000005
11 8739219 rs140095881 0.9049299999999999
11 8739379 rs145864147 0.87997
11 8739491 rs144526641 0.5491
11 8739821 rs56797102 0.5897
11 8740564 rs138100770 0.86392
11 8740634 rs147215227 0.85129
11 8741672 rs78137796 0.8850299999999999
11 8742521 rs57212881 0.16560999999999998
11 8742781 rs773481268 0.040635000000000004
11 8743419 rs115492695 0.11763
11 8743458 rs562401316 0.52188
11 8743579 rs1910146 0.57322
11 8744017 rs145088338 0.047413
11 8744219 rs7105372 0.45925
11 8744250 rs567383821 0.65269
11 8744300 rs143698800 0.032874
11 8744375 rs117734282 0.36368
11 8744539 rs769713996 0.33965
11 8744648 rs61875931 0.47576999999999997
11 8745008 rs56980703 0.98245
11 8745055 rs4300398 0.36571
11 8745081 rs4370937 0.14816
11 8745149 rs1393382 0.56965
11 8745203 rs77558048 0.0099655
11 8745413 rs117582149 0.0019680999999999995
11 8745711 rs4390341 1.3197e-27
11 8746170 rs114860071 0.65941
11 8746684 rs4929931 6.7105e-14
11 8747609 rs142344349 0.40267
11 8747822 rs7128811 0.074153
11 8747977 rs7110224 0.62913
11 8748045 rs146305008 0.26855999999999997
11 8748142 rs566937099 0.22582
11 8748490 rs10769946 0.50715
11 8749736 rs117899564 0.53842
11 8750113 rs114365852 0.27310999999999996
11 8750553 rs11042052 0.33462
11 8750577 rs75175581 0.06732300000000001
11 8750669 rs182239495 0.71655
11 8751479 rs11042053 0.004637
11 8751640 rs3812762 1.2265999999999998e-16
11 8751746 rs80010688 0.64555
11 8751889 rs3794153 3.8645e-10
11 8752380 rs148990882 0.40728000000000003
11 8752598 rs61751342 9.3001e-13
11 8752760 rs182856766 0.23187
11 8752784 rs375888687 0.6513800000000001
11 8752999 rs143936573 0.5119199999999999
11 8753305 rs192396913 0.46213000000000004
11 8753455 rs78750346 0.85514
11 8753552 rs905289 3.281e-14
11 8753648 rs60619855 0.20365
11 8753717 rs6484007 0.33753
11 8753729 rs905290 1.2336e-10
11 8753948 rs562260098 0.36698000000000003
11 8754031 rs7952335 1.7266e-14
11 8754148 rs6484008 1.7295e-14
11 8754559 rs72858243 7.7221e-05
11 8755588 rs16938636 0.7390399999999999
11 8756553 rs138606430 0.23989000000000002
11 8756856 rs11042055 1.2256e-10
11 8757577 rs72858249 0.40586
11 8757900 rs74053134 0.30487
11 8758026 rs11042056 0.0012778
11 8758114 rs10769947 7.9953e-11
11 8758309 rs184236435 0.01157
11 8758344 rs117602024 0.0069838999999999995
11 8758420 rs192912331 0.090179
11 8759027 rs72858253 0.70448
11 8759162 rs140868971 0.0056549999999999994
11 8759163 rs75249858 0.37282
11 8759547 rs140336296 0.94735
11 8759610 rs76437692 0.025463999999999997
11 8759715 rs75631054 0.24254
11 8759795 rs60501641 0.41523000000000004
11 8760078 rs76247475 0.023452
11 8760156 rs10840115 0.82878
11 8760243 rs565369152 0.013323
11 8760905 rs142026498 0.0092194
11 8761087 rs147323184 0.34119
11 8761782 rs10769948 5.5928e-11
11 8762162 rs12296005 0.25468
11 8762523 rs546005368 0.89479
11 8762643 rs192990867 0.6667
11 8763109 rs74053135 0.40292
11 8763228 rs72858257 0.77712
11 8763415 rs145409456 0.61421
11 8763549 rs188029180 0.56489
11 8763561 rs1875567 0.94421
11 8763815 rs11042058 3.8285999999999995e-17
11 8764002 rs4403807 0.50976
11 8764958 rs75662286 0.32763000000000003
11 8765117 rs10840116 3.7078000000000003e-16
11 8765202 rs16938637 0.9055799999999999
11 8765300 rs181519295 0.032185000000000005
11 8765660 rs143539190 0.025952999999999997
11 8765932 rs139375971 0.80682
11 8766343 rs74053138 0.30679
11 8767027 rs12226180 0.16825
11 8767163 rs78178266 0.27481
11 8767301 rs182266885 0.30735999999999997
11 8767748 rs74053139 0.036798000000000004
11 8768410 rs572717571 0.6625
11 8768647 rs17330190 0.5433399999999999
11 8769071 rs184243023 0.6581600000000001
11 8769097 rs7120004 5.3655e-15
11 8769207 rs16905630 0.028332
11 8769273 rs56388022 0.32045999999999997
11 8769298 rs139370630 0.99744
11 8769318 rs769767798 0.39333
11 8769359 rs75410285 0.2343
11 8769440 rs116794194 0.10752
11 8769526 rs78182154 0.48283000000000004
11 8769593 rs2055462 0.60372
11 8770113 rs16905637 0.036531
11 8770139 rs144288088 0.94205
11 8770555 rs141972997 0.042263999999999996
11 8770759 rs189806485 0.0034926000000000002
11 8770837 rs80066389 0.030469
11 8771054 rs78575614 0.030233999999999997
11 8771087 rs74053141 0.30128
11 8772367 rs77860546 0.02578
11 8772571 rs186554242 0.41806000000000004
11 8772573 rs57145477 0.29825999999999997
11 8772574 rs59314560 0.29825999999999997
11 8772812 rs10734636 3.8161e-17
11 8772813 rs760124334 0.32225
11 8772854 rs61875934 0.6774600000000001
11 8773031 rs150236605 0.74082
11 8773136 rs192440313 0.32561999999999997
11 8773538 rs60980006 0.29803
11 8773555 rs57208947 0.037351
11 8773824 rs138264781 0.73351
11 8773869 rs142715491 0.029251999999999997
11 8773976 rs7944777 0.29766
11 8774213 rs77259679 0.029855
11 8774465 rs7945378 0.29798
11 8774923 rs10743086 0.47441000000000005
11 8775419 rs10160684 2.2316e-14
11 8775974 rs558355889 0.66254
11 8776173 rs72858268 0.86524
11 8776312 rs180928900 0.007541
11 8776693 rs75156496 0.7693
11 8776700 rs10769952 1.1287e-14
11 8776794 rs115272295 0.030529
11 8777393 rs7949286 0.32285
11 8777408 rs34524863 2.1677e-17
11 8777654 rs72858272 0.87585
11 8777789 rs4929934 9.3216e-15
11 8777878 rs75556292 0.023919
11 8778047 rs143383342 0.58
11 8778077 rs2173999 1.7827000000000002e-17
11 8778186 rs72858278 0.36207
11 8778352 rs10769953 3.4713e-17
11 8778787 rs116063342 0.0707
11 8779172 rs1079452 9.603499999999999e-15
11 8779759 rs74053166 0.29631
11 8779944 rs114496515 0.7189399999999999
11 8780632 rs78392113 0.28433
11 8781458 rs117954710 0.18778
11 8782195 rs74053168 0.036846
11 8782270 rs59619952 0.9290299999999999
11 8782351 rs149864039 0.74728
11 8782429 rs75632991 0.033852999999999994
11 8782444 rs35670750 1.3215e-17
11 8782520 rs34599227 3.4605e-18
11 8782728 rs74053169 0.32556999999999997
11 8782754 rs12795943 0.13497
11 8783044 rs115779358 0.8226100000000001
11 8783713 rs10769954 3.8603000000000003e-17
11 8783879 rs74053170 0.2781
11 8783918 rs16905739 0.032869
11 8784225 rs150377841 3.6961e-15
11 8784361 rs555837949 0.7606
11 8784362 rs189933078 0.7548699999999999
11 8784640 rs140485425 0.024044
11 8784647 rs10769955 1.2124e-11
11 8784869 rs4929910 1.1075e-14
11 8784992 rs74053172 0.27896
11 8785294 rs75558879 0.09484
11 8785599 rs148403013 0.39202
11 8785752 rs80163977 0.27525
11 8786058 rs10743087 1.0532e-14
11 8786086 rs74053175 0.27797
11 8786206 rs141038149 0.17624
11 8786273 rs150231818 0.029243
11 8786835 rs148931551 0.0079124
11 8787176 rs530223028 0.73731
11 8787263 rs115177848 0.032827999999999996
11 8787282 rs4929935 0.8915700000000001
11 8787620 rs10743088 2.0774000000000002e-14
11 8788168 rs10743089 9.1552e-15
11 8788225 rs10734637 2.0239e-17
11 8788442 rs572399752 0.85198
11 8788620 rs79120406 0.09240599999999999
11 8788879 rs72849104 0.30143000000000003
11 8789165 rs56210063 0.00010975
11 8789689 rs59974779 0.27945
11 8790170 rs146635107 0.8226100000000001
11 8790442 rs142382281 0.34285
11 8790848 rs151278457 7.1768e-06
11 8790905 rs145428937 0.5237
11 8791098 rs189316668 0.56221
11 8791142 rs16905791 0.24713000000000002
11 8791227 rs2873297 1.9774e-14
11 8791370 rs138622191 0.13072999999999999
11 8791447 rs148880161 0.13279000000000002
11 8791538 rs74053180 0.26602
11 8791615 rs543662757 0.6209899999999999
11 8791736 rs74053189 0.26324000000000003
11 8791981 rs7934519 3.9934999999999996e-17
11 8792293 rs78348888 0.092063
11 8792622 rs4929936 3.2811999999999995e-17
11 8792803 rs139950992 0.20187
11 8793538 rs117217791 0.42846000000000006
11 8793543 rs59504764 0.042172
11 8793561 rs554547959 0.8044100000000001
11 8793976 rs10769956 1.5877e-26
11 8793991 rs11822131 0.26741
11 8794191 rs10840119 0.50352
11 8794802 rs147680811 0.77131
11 8794823 rs55902154 0.50348
11 8794924 rs61359613 0.041875
11 8795080 rs11042059 1.82e-11
11 8795126 rs4929937 0.07799400000000001
11 8795787 rs151226956 0.024321000000000002
11 8795830 rs138055563 0.024274
11 8796021 rs554635718 0.8061
11 8796040 rs141003830 0.73652
11 8796388 rs762559759 0.31283
11 8796442 rs138561645 0.00023331
11 8796544 rs141548584 0.015613
11 8796555 rs11042060 1.7558e-11
11 8796829 rs766677400 0.14834
11 8796959 rs3862351 0.042687
11 8797902 rs140305690 0.016184999999999998
11 8798067 rs16905815 0.26815
11 8798698 rs540533894 0.90743
11 8798728 rs187976075 0.6273
11 8798824 rs3850931 0.94578
11 8798853 rs16905816 0.30919
11 8799306 rs114356871 0.75403
11 8799716 rs143822692 0.0053565
11 8799749 rs11042064 0.56884
11 8800090 11:8800090_G_C 0.13255999999999998
11 8800151 rs36021069 0.36728
11 8800504 rs3913547 0.55788
11 8800591 rs7949147 0.10067000000000001
11 8800731 11:8800731_G_A 0.47675
11 8800749 rs547071355 0.90514
11 8800879 rs3850932 0.38953000000000004
11 8801014 rs59279926 0.2664
11 8801135 rs3850933 1.7987999999999998e-14
11 8801249 rs780718429 0.20804
11 8801331 rs139255084 0.22386999999999999
11 8801618 rs10840120 0.59546
11 8801790 rs10732515 9.7918e-15
11 8801797 rs60812444 0.09364700000000001
11 8802011 rs190329594 0.16988
11 8802368 rs530983850 0.42462
11 8802422 rs10219216 0.9325600000000001
11 8802470 rs74053199 0.10300999999999999
11 8802552 rs74053200 0.042216000000000004
11 8802565 rs16905828 0.58125
11 8802605 rs143523378 0.024656
11 8802649 rs10219217 0.93706
11 8802678 rs150945773 0.087426
11 8802848 rs12099164 0.092533
11 8802873 11:8802873_C_T 0.9926299999999999
11 8803040 rs536824443 0.44916999999999996
11 8803192 rs7937844 0.1022
11 8803491 rs7938235 0.13414
11 8803512 rs189864856 0.82862
11 8803761 rs7950178 0.042892
11 8803824 rs538541696 0.013252000000000002
11 8804111 rs6484423 0.75062
11 8804250 rs139291138 0.23755
11 8804555 rs144737345 0.015623
11 8804883 rs56210429 0.5826899999999999
11 8805232 rs77117687 1.0564e-15
11 8805261 rs10500705 1.0855e-17
11 8805307 rs10500706 0.043065
11 8805374 rs16905855 0.10078
11 8805382 rs143528796 0.82163
11 8805688 rs58974631 0.53335
11 8805907 rs188522833 0.98885
11 8806143 rs191933673 0.0079702
11 8806151 rs149921518 0.036487
11 8806154 rs3751071 9.1932e-15
11 8806155 rs149065992 0.024905
11 8806188 rs142105042 0.096469
11 8806240 rs147782069 0.10437
11 8806709 rs2292045 1.2092e-17
11 8806842 rs78122243 0.028148000000000003
11 8807122 rs150448907 0.7979
11 8807179 rs2292046 6.0531000000000005e-15
11 8807186 rs2292047 0.68786
11 8807199 rs12574885 0.57655
11 8807548 rs7127574 0.80093
11 8807825 rs56070502 0.83481
11 8808091 rs117706243 0.0051679
11 8808252 rs3844099 5.9255000000000005e-15
11 8808313 rs191126931 0.17605
11 8808587 rs3763920 6.6171999999999995e-15
11 8808632 rs3763919 0.34722
11 8808821 rs117965545 0.02471
11 8808832 rs117417445 0.024932
11 8808960 rs74054204 0.5998399999999999
11 8809016 rs10769957 2.9146e-11
11 8809146 rs4929939 0.69728
11 8809202 rs16905887 0.22348
11 8809203 rs75464582 0.024711
11 8809389 rs139563052 0.903
11 8809467 rs75022615 0.024913
11 8809560 rs11042066 5.8921000000000004e-15
11 8809618 rs78745841 0.02266
11 8809719 rs141135585 0.33726
11 8809844 rs11603335 1.1969e-17
11 8809992 rs117483908 0.024902
11 8810008 rs116883543 0.024888
11 8810032 rs79004964 0.024875
11 8810165 rs149014691 0.025963
11 8810185 rs75459760 0.024909999999999998
11 8810405 rs187717097 0.96081
11 8810698 rs141044123 0.5403399999999999
11 8811616 rs12420964 0.42604
11 8811689 rs114952164 0.22296
11 8811889 rs117656532 0.45002
11 8812279 rs10840122 0.40699
11 8812517 rs56158708 0.008210700000000001
11 8812837 rs186278029 0.5977100000000001
11 8812912 rs12421360 0.087202
11 8813005 rs575747271 0.20474
11 8813094 rs189382901 0.0085532
11 8813397 rs12287694 0.39776
11 8813418 rs182038885 0.9765799999999999
11 8813528 rs34090393 1.1031e-17
11 8813652 rs12289240 0.39354
11 8813956 rs12421789 5.2506e-13
11 8814297 rs139458460 0.11699999999999999
11 8814860 rs141355761 0.41852
11 8815115 rs10769958 5.3008e-13
11 8815278 rs114040529 0.18535
11 8815453 rs11042067 5.1971e-13
11 8815470 rs2316865 2.7443000000000004e-11
11 8815501 rs146839903 0.18098
11 8815599 rs11042068 1.5177000000000002e-17
11 8815623 rs145684971 0.070704
11 8815632 rs75477297 0.80074
11 8815704 rs4579928 5.062300000000001e-13
11 8815825 rs12224436 3.1099e-11
11 8816091 rs187464438 0.0082563
11 8816250 rs150169432 0.7922100000000001
11 8816474 rs535149866 0.80102
11 8816495 rs4929911 3.1693e-11
11 8816671 rs72849153 0.8377899999999999
11 8816695 rs4929912 2.982e-11
11 8816952 rs537297950 0.91904
11 8817206 rs6484484 4.3833e-13
11 8817276 rs7944560 4.5732e-13
11 8817309 rs571674338 0.5736600000000001
11 8817315 rs11042069 2.8048000000000002e-11
11 8817448 rs139649305 0.016888999999999998
11 8817580 rs10500707 1.0181e-17
11 8817808 rs3844100 1.1037e-17
11 8817840 rs3842991 1.099e-17
11 8817883 rs12291552 0.40743
11 8818020 rs3862352 1.0543e-17
11 8818833 rs10769959 1.6753e-15
11 8819143 rs78898937 0.048207
11 8819193 rs77361338 0.5798
11 8819367 rs11042070 1.3140999999999998e-26
11 8819550 rs114842570 0.9047700000000001
11 8819683 rs3763918 1.2014000000000001e-11
11 8819777 rs181306538 0.18716
11 8819808 rs3763917 0.41700000000000004
11 8819939 rs17337580 0.39636
11 8820154 rs16906027 0.23735
11 8820297 rs80223795 0.66581
11 8820589 rs10840124 0.39450999999999997
11 8820982 rs10743090 0.40986999999999996
11 8821005 rs76916399 0.050823
11 8821198 rs139014011 0.055656
11 8821737 rs4929913 0.95854
11 8821972 rs16906037 0.39471
11 8822027 rs117605819 0.0030109000000000004
11 8822032 rs11042072 1.7599e-26
11 8822362 rs773114914 0.036572
11 8822514 rs6484494 0.29011
11 8822601 rs4082668 0.38993
11 8822656 rs75464360 0.053757000000000006
11 8822743 rs116655870 0.051562000000000004
11 8822836 rs150539082 0.018843000000000002
11 8822961 rs181093776 0.25819000000000003
11 8823173 rs7107867 1.0512e-11
11 8823187 rs7129667 1.0021000000000002e-11
11 8823315 rs57900521 0.72438
11 8823453 rs60298595 0.59463
11 8823464 rs11042074 0.37054000000000004
11 8823493 rs7120300 0.0019592
11 8823590 rs6484496 1.6757000000000002e-11
11 8824236 rs60869409 0.44816999999999996
11 8824388 rs4929914 1.8194000000000003e-11
11 8824418 rs4929915 1.6591999999999997e-26
11 8824996 rs4929916 3.5993e-13
11 8825367 rs117570248 0.055096000000000006
11 8825766 rs11042075 0.19918
11 8825774 rs10840126 4.0915e-13
11 8825865 rs11042076 9.9057e-12
11 8825966 rs11042077 4.5676e-18
11 8826071 rs78406497 0.0004096
11 8826253 rs112451580 0.16546
11 8826491 rs116074652 0.8057
11 8826559 rs12794444 1.0647e-16
11 8826574 rs77931169 0.10747000000000001
11 8826575 rs117818156 0.14481
11 8826688 rs10840127 4.242899999999999e-25
11 8826700 rs11042078 1.7783e-15
11 8826779 rs10840128 0.93576
11 8827031 rs556408745 0.17394
11 8827320 rs112420404 0.13369
11 8827627 rs150055934 0.2716
11 8827750 rs17337866 5.2832e-25
11 8828017 rs34417491 6.2925e-25
11 8828054 rs16906056 4.4671000000000005e-25
11 8828385 rs188466583 0.8313799999999999
11 8828414 rs7121160 0.81263
11 8828681 rs111568805 0.13923
11 8829105 rs10769961 0.53377
11 8829163 rs7950108 0.8227700000000001
11 8829168 rs2292049 0.38093
11 8829416 rs11042079 1.3295e-15
11 8829463 rs4929917 0.83483
11 8829494 rs10840129 4.536100000000001e-24
11 8829967 rs3850934 1.2727999999999999e-23
11 8830385 rs78115344 0.68945
11 8830470 rs3850935 0.43768999999999997
11 8830514 rs188548823 0.0034936999999999998
11 8830800 rs559022132 0.70854
11 8830801 rs10840130 1.3027999999999998e-15
11 8831488 rs565340566 0.76295
11 8831930 rs74054210 0.30203
11 8832222 rs572706353 0.67898
11 8832278 rs148189350 0.80092
11 8832489 rs569546236 0.6824
11 8832919 rs564849452 0.74793
11 8833026 rs3850936 0.39618000000000003
11 8833049 rs778435251 0.49318999999999996
11 8833359 rs10743091 0.28613
11 8833800 rs3915868 3.4054e-22
11 8834224 rs112982399 0.15500999999999998
11 8834400 rs6484547 0.57716
11 8834610 rs191581522 0.10427
11 8834680 rs11603841 1.4367e-15
11 8834901 rs61505319 0.54723
11 8835289 rs116951684 0.4149
11 8835425 rs145430114 0.14928
11 8835436 rs142590650 0.39013000000000003
11 8835506 rs148715649 0.07791000000000001
11 8835754 rs151210707 0.85962
11 8835941 rs79429196 0.77871
11 8836030 rs7101895 0.00034232
11 8836049 rs58419940 0.93229
11 8836321 rs116292347 0.11489
11 8836441 rs549527172 0.6632
11 8836445 rs7111092 6.1592e-05
11 8836575 rs978637 9.9725e-05
11 8836596 rs978636 1.5460999999999998e-15
11 8836748 rs3862353 0.76873
11 8836770 rs61876187 1.7951e-15
11 8836801 rs10769962 9.8445e-05
11 8836895 rs144665683 0.80173
11 8836916 rs79752735 0.71912
11 8837018 rs12574180 0.060069000000000004
11 8837089 rs10769963 9.5693e-05
11 8837319 rs148368401 0.69784
11 8837387 rs10743092 9.5596e-05
11 8837408 rs10769964 0.14311
11 8837469 rs548180816 0.20938
11 8837578 rs76557001 0.8446
11 8837745 rs12420300 0.10192999999999999
11 8837970 rs143937085 0.25625
11 8838075 rs75178603 0.00033549
11 8838203 rs111368878 0.33261
11 8838436 rs59524952 0.28193
11 8838444 rs145646474 0.8742700000000001
11 8838626 rs75352368 0.21980999999999998
11 8838660 rs4929918 0.82962
11 8838795 rs4244805 0.83767
11 8838828 rs2316863 0.83815
11 8838970 rs189126506 0.7017899999999999
11 8839229 rs11042082 2.0665e-15
11 8839235 rs77978783 0.73107
11 8839245 rs151159165 0.76172
11 8839358 rs78630564 0.7398100000000001
11 8839379 rs34023999 3.245e-24
11 8839587 rs540743686 0.7216199999999999
11 8839638 rs372886406 0.14995999999999998
11 8839725 rs11042083 0.67991
11 8840083 rs11042085 0.82868
11 8840323 rs4554887 2.0639e-15
11 8840772 rs114975088 0.77904
11 8840802 rs548361760 0.57044
11 8841012 rs76306920 0.54742
11 8841043 rs78006126 0.10834
11 8841786 rs10769965 0.5786600000000001
11 8842015 rs4617587 0.64986
11 8842273 rs6484606 0.5567300000000001
11 8842486 rs7947427 0.68702
11 8842590 rs7947553 0.06964400000000001
11 8842822 rs111510919 0.002914
11 8843378 rs12419731 0.07293
11 8843388 rs537388115 0.97224
11 8843466 rs11042087 0.99813
11 8843502 rs139506267 0.049751
11 8843515 rs11042088 2.2051e-15
11 8843603 rs11042089 0.073172
11 8843770 rs10840131 0.07069500000000001
11 8843830 rs144174551 0.85431
11 8844065 rs7935617 0.073534
11 8844087 rs4290228 0.66386
11 8844253 rs533056279 0.4161
11 8844352 rs368223711 0.13283
11 8844356 rs10840132 0.059351999999999995
11 8844522 rs78781313 0.70894
11 8844599 rs542298075 0.0050553
11 8844828 rs13377459 0.57775
11 8844842 rs12574497 0.0025122
11 8844909 rs7947631 8.9801e-21
11 8844974 rs547218305 0.0096911
11 8845132 rs7930737 0.060502999999999994
11 8845266 rs36094920 1.4024000000000001e-18
11 8845289 rs7930878 0.5141
11 8845425 rs187502615 0.14465
11 8845543 rs12288224 0.22078000000000003
11 8845601 rs182524939 0.74812
11 8845607 rs7127197 1.3486e-18
11 8845682 rs148858351 0.0029281999999999997
11 8845863 rs61876201 0.36191999999999996
11 8846034 rs142556243 0.023509
11 8846062 rs150942764 0.0030261999999999997
11 8846112 rs4929919 0.56797
11 8846198 rs147115900 0.53414
11 8846369 rs10840133 1.0661e-20
11 8846610 rs781506907 0.64875
11 8847041 rs10769966 1.1950000000000001e-20
11 8847105 rs115391853 0.59844
11 8847230 rs7944416 0.69615
11 8847363 rs536465394 0.56287
11 8847890 rs138218320 0.019108
11 8847896 rs79194179 0.74561
11 8848018 rs763164295 0.26885
11 8848463 rs7131166 0.7053699999999999
11 8848517 rs146035313 0.024858
11 8848520 rs7127564 0.70878
11 8848680 rs75133073 0.0040259
11 8848700 rs7943377 2.6289e-15
11 8848785 rs35503692 4.3010000000000003e-19
11 8848880 rs150781177 0.38089
11 8849031 rs139143527 0.44755
11 8849076 rs79204974 0.26374000000000003
11 8849452 rs116357245 0.023704
11 8849495 rs2568090 2.52e-15
11 8850225 rs7113023 0.62459
11 8850254 rs72849960 0.19981
11 8850481 rs2568048 0.6966
11 8850574 rs142787895 0.62972
11 8850704 rs2568050 0.71465
11 8850831 rs75194231 0.004113
11 8850990 rs7950491 6.8868e-20
11 8851208 rs2653589 0.59872
11 8851479 rs75677722 0.0030146
