CHR BP SNP P
2 219024777 rs17838607 0.38167
2 219024850 rs561444817 0.47366
2 219025056 rs16858744 0.20726999999999998
2 219025404 rs75224698 0.77147
2 219026091 rs1467142 0.44903000000000004
2 219026112 rs574988427 0.53133
2 219026114 rs17838608 0.97308
2 219026201 rs3138061 0.5134
2 219026619 rs1567868 0.43204
2 219026698 rs16858768 0.24092
2 219026784 rs3092967 0.9351200000000001
2 219026888 rs1008563 6.2584e-08
2 219026972 rs1008562 1.5813e-08
2 219026997 rs16858784 0.094618
2 219027181 rs144412120 0.27864
2 219027502 rs2854386 0.42946000000000006
2 219027563 rs3092969 0.9723299999999999
2 219027713 rs17838610 0.9818
2 219027788 rs3092970 0.77905
2 219028033 rs16858794 0.75008
2 219028134 rs3092971 0.6774399999999999
2 219028475 rs16858798 0.72815
2 219028586 rs112653760 0.93914
2 219028589 rs16858801 0.8847700000000001
2 219028647 rs16858803 0.8843200000000001
2 219028932 rs16858808 0.98749
2 219029088 rs142978743 0.5926600000000001
2 219029108 rs2234671 0.4529
2 219029133 rs9282752 0.11214
2 219029220 rs369429568 0.18435
2 219029339 rs146445859 0.21106
2 219029647 rs3092972 0.68723
2 219029843 rs16858811 0.8898799999999999
2 219029932 rs55808468 0.44375
2 219030077 rs16858816 0.8901700000000001
2 219030719 rs11893654 0.69565
2 219031500 rs3138060 0.44413
2 219031519 rs141658309 0.5445800000000001
2 219031520 rs16858836 0.70302
2 219031865 rs112343115 0.35262
2 219032025 rs41509749 0.83519
2 219032263 rs16858841 0.95242
2 219032357 rs17838611 0.0059717
2 219032535 rs532552671 0.078534
2 219032602 rs2671222 0.43793000000000004
2 219032781 rs16858856 0.14314000000000002
2 219032965 rs16858858 0.768
2 219033124 rs114972117 0.25268
2 219033694 rs147479277 0.58558
2 219033763 rs145204144 0.25353000000000003
2 219033869 rs2854382 0.36105
2 219033959 rs11887552 0.59435
2 219034354 rs2671221 0.8789399999999999
2 219035229 rs4674263 0.87525
2 219035470 rs79794653 0.46623000000000003
2 219035792 rs77029273 0.9023200000000001
2 219036370 rs925635 0.2324
2 219036529 rs925636 0.22621999999999998
2 219036959 rs73084139 0.22316999999999998
2 219037003 rs75104925 0.29736999999999997
2 219037317 rs142973250 0.8199
2 219037421 rs10172936 0.21489
2 219037597 rs10175470 0.56534
2 219038043 rs116011245 0.0095235
2 219038286 rs116356497 0.9220299999999999
2 219038440 rs145242319 0.22183000000000003
2 219038810 rs145611391 0.89369
2 219038818 rs4674264 0.4459
2 219039362 rs182209176 0.95676
2 219039429 rs113488468 0.72518
2 219039527 rs546709460 0.66432
2 219039698 rs79676371 0.14708
2 219039981 rs548524944 0.6330399999999999
2 219040044 rs570213702 0.70773
2 219040082 rs531147494 0.70773
2 219040151 rs10932758 0.55311
2 219040709 rs138394501 0.9031299999999999
2 219040924 rs191191534 0.5228
2 219040942 rs143939162 0.46631999999999996
2 219041102 rs561987712 0.98051
2 219041188 rs10804266 0.85977
2 219041510 rs150803835 0.32815
2 219041824 rs181865929 0.34265
2 219041906 rs139375746 0.43001000000000006
2 219041979 rs143994661 0.70877
2 219042126 rs188943224 0.32511999999999996
2 219042148 rs146438048 0.22628
2 219042171 rs571872207 0.8092
2 219042189 rs370156882 0.83601
2 219042228 rs191768873 0.21111999999999997
2 219042255 rs544910783 0.30966
2 219042491 rs527758271 0.8846200000000001
2 219042678 rs182976672 0.26816
2 219042852 rs555966359 0.79509
2 219042968 rs149978546 0.46696000000000004
2 219043021 rs531408063 0.9298700000000001
2 219043205 rs76494716 0.14686
2 219043248 rs146491636 0.49526000000000003
2 219043450 rs137862152 0.91496
2 219043734 rs147113846 0.20997
2 219044091 rs141833706 0.90423
2 219044234 rs181993933 0.9943200000000001
2 219044497 rs184410760 0.5109100000000001
2 219045098 rs537725242 0.76622
2 219045108 rs4674266 0.92915
2 219045201 rs181008586 0.25629
2 219045497 rs142046033 0.67652
2 219045783 rs112411865 0.19414
2 219046122 rs62183956 1.5338e-08
2 219046171 rs61700947 6.9123e-08
2 219046176 rs78410617 0.18632
2 219046418 rs73084160 0.6066600000000001
2 219046421 rs73993285 0.44638
2 219046437 rs4674267 5.3464999999999996e-08
2 219046697 rs115696589 0.71036
2 219046812 rs72958038 0.10722999999999999
2 219046846 rs11894169 5.3346e-08
2 219047216 rs60475239 7.4532e-08
2 219047679 rs114887940 0.31149
2 219047718 rs57545959 4.3509e-08
2 219047782 rs13397673 5.9295e-08
2 219047821 rs149144958 0.2535
2 219048174 rs73084166 0.26347
2 219048787 rs76569311 0.56913
2 219048971 rs116270424 0.9551700000000001
2 219049516 rs60908151 0.29869
2 219050141 rs61701037 0.5870000000000001
2 219050371 rs377196653 0.13787
2 219050418 rs75364062 0.5131399999999999
2 219050629 rs74771352 0.7464
2 219050791 rs4674269 0.41534
2 219051195 rs114563421 0.60151
2 219051217 rs78913925 0.51842
2 219051314 rs10171839 3.6449000000000005e-18
2 219051374 rs187450628 0.059383000000000005
2 219051375 rs59709748 0.13987
2 219051496 rs57616694 0.57148
2 219052178 rs116215546 0.09259099999999999
2 219052326 rs76258977 0.12531
2 219052499 rs7589323 0.35226
2 219052546 rs1877715 9.2255e-16
2 219052825 rs572696873 0.32677
2 219052829 rs747253843 0.10377
2 219052861 rs141025565 0.13785999999999998
2 219053141 rs4674270 1.2413e-15
2 219053231 rs150795188 0.47158999999999995
2 219053339 rs73084175 0.15028
2 219053653 rs535124175 0.14311
2 219054026 rs12469107 0.36022
2 219054201 rs58885307 0.12902
2 219054317 rs76155836 0.14367
2 219054520 rs73084176 0.16307
2 219054550 rs73084177 0.11584000000000001
2 219054873 rs77059700 0.9138799999999999
2 219055519 rs192397943 0.11695
2 219055568 rs28634626 0.3563
2 219055679 rs115341223 0.99513
2 219056143 rs146578905 0.12367
2 219056158 rs145051708 0.48975
2 219056380 rs61041183 3.765999999999999e-15
2 219056485 rs13382552 0.57003
2 219056755 rs10191283 8.6136e-18
2 219056863 rs188677516 0.91991
2 219056866 rs10167446 2.3388e-18
2 219057086 rs10167768 0.55019
2 219057313 rs148872993 0.85069
2 219057338 rs12612347 1.6385e-18
2 219057810 rs6719789 9.0787e-19
2 219057848 rs6748472 0.48898
2 219057984 rs13026485 1.5915000000000002e-18
2 219058199 rs145724614 0.15067
2 219058243 rs138727034 0.31294
2 219058520 rs150742967 0.8524299999999999
2 219058743 rs6752254 1.2754000000000002e-18
2 219058845 rs149395780 0.36426
2 219058849 rs764105602 0.70101
2 219059058 rs56364928 1.6497000000000002e-18
2 219059169 rs74509414 0.93976
2 219059419 rs7574838 0.38971999999999996
2 219059485 rs80042802 0.8350200000000001
2 219059678 rs144204208 0.9244
2 219059706 rs6727744 0.29266
2 219059821 rs4674271 0.14234000000000002
2 219060997 rs114904099 0.51566
2 219061049 rs143731419 0.74632
2 219061138 rs151268971 0.10489000000000001
2 219061277 rs6436041 0.36629
2 219061302 rs6436042 0.36629
2 219061566 rs186642187 0.50534
2 219061918 rs114886770 0.086633
2 219062001 rs78107966 0.024784999999999998
2 219062043 rs12328749 0.55707
2 219062113 rs142690271 0.9616
2 219062761 rs115751707 0.73424
2 219064391 rs10932761 9.942799999999999e-15
2 219064543 rs539775533 0.13393
2 219065758 rs182494757 0.13752999999999999
2 219065963 rs6759496 0.17444
2 219066352 rs144554395 0.38521
2 219066486 rs147842483 0.10037
2 219066518 rs6718220 1.7431e-14
2 219066853 rs77915198 0.87816
2 219066966 rs80227394 0.6277
2 219066980 rs10206984 6.4199e-19
2 219067304 rs115345299 0.90248
2 219067336 rs114820077 0.8997299999999999
2 219067605 rs771594027 0.8131
2 219067780 rs10469776 4.9865e-19
2 219068103 rs11695527 2.1288999999999997e-14
2 219068115 rs11695623 0.011654000000000001
2 219068258 rs540540966 0.57043
2 219068402 rs4234023 0.46758999999999995
2 219068587 rs190447529 0.58304
2 219069137 rs13384682 5.6534e-19
2 219069285 rs113666430 1.382e-05
2 219069411 rs186865230 0.38288
2 219069416 rs138998201 0.89943
2 219069544 rs116083982 0.90191
2 219069595 rs4674272 0.41003
2 219070551 rs7569907 5.653499999999999e-19
2 219071240 rs7606652 0.20783000000000001
2 219071664 rs74982549 0.24436
2 219072314 rs74470909 0.017475
2 219072507 rs117483117 0.017512
2 219072674 rs189782683 0.64523
2 219072675 rs10209152 5.5924e-19
2 219072891 rs114778326 0.7168
2 219073018 rs12623716 8.085900000000001e-16
2 219073173 rs148096582 0.25834
2 219073745 rs62185964 2.0324e-14
2 219073753 rs79312621 0.46975
2 219073779 rs62185965 2.2848e-14
2 219073804 rs12988046 2.269e-14
2 219074156 rs142805672 0.8642200000000001
2 219074398 rs4674273 0.014583
2 219074516 rs116126017 0.27109
2 219075211 rs190038010 0.64361
2 219075382 rs149966203 0.78488
2 219075429 rs557357545 0.035605
2 219075534 rs543179014 0.99649
2 219075535 rs76887970 0.72751
2 219075843 rs62182760 0.012744
2 219076148 rs80009975 0.018577
2 219076213 rs10932762 1.7652000000000002e-14
2 219076237 rs75840881 0.008288799999999999
2 219076403 rs4672880 0.023794
2 219076525 rs6722239 0.046501999999999995
2 219076742 rs13393821 4.0459000000000007e-19
2 219077075 2:219077075_G_A 0.28309
2 219077196 rs11684889 0.16715
2 219077457 rs562358052 0.7482
2 219077837 rs373088492 0.8253
2 219078115 rs13397805 0.012425
2 219078116 rs6729899 0.36183000000000004
2 219078221 rs528493048 0.90496
2 219079513 rs11682371 1.8769e-14
2 219080503 rs6436044 0.14884
2 219080668 rs116728214 0.71433
2 219080718 rs6720105 2.0388e-14
2 219080911 rs79221228 0.016227000000000002
2 219080914 rs148462565 0.38131
2 219080978 rs6720449 2.0268000000000002e-14
2 219081419 rs548381249 0.4278
2 219081422 rs114391703 0.6939
2 219081736 rs56048293 0.2193
2 219081809 rs62182790 0.0054855
2 219082119 rs2271541 2.8148e-19
2 219082330 rs12694432 3.3238e-19
2 219082560 rs10187683 0.43133999999999995
2 219082595 rs182489381 0.77555
2 219082906 rs143741173 0.22244
2 219082968 rs151116900 0.28347
2 219083069 2:219083069_A_C 0.9247200000000001
2 219083146 rs73084197 0.13011
2 219083318 rs7578940 1.7037e-18
2 219083353 rs10178462 0.6238600000000001
2 219083362 rs552599167 0.2608
2 219083720 rs115101645 0.29877
2 219084163 rs72949318 0.37933
2 219084533 rs6733051 0.5070600000000001
2 219084785 rs16858885 0.5069100000000001
2 219084869 rs143991115 0.37993000000000005
2 219084875 rs148245815 0.27909
2 219085321 rs10208442 0.46608
2 219085863 rs10932763 1.7391e-18
2 219085930 rs10932764 0.15675
2 219086399 rs139490117 0.9907799999999999
2 219086976 rs183301119 0.49031
2 219087012 rs187438877 0.2294
2 219087072 rs12992937 1.4138e-18
2 219087400 rs6436045 0.13014
2 219087583 rs144953065 0.21291999999999997
2 219087585 rs115902830 0.20260999999999998
2 219087697 rs190287093 0.78897
2 219087964 rs141015685 0.77555
2 219087996 rs7558119 0.33719
2 219088021 rs9917296 0.78318
2 219088502 rs74370196 0.6752600000000001
2 219089070 rs115781203 0.93099
2 219089131 rs4674274 1.7112999999999999e-18
2 219089616 rs9288536 0.38429
2 219089653 rs553434826 0.67009
2 219089844 rs80305166 0.33734000000000003
2 219090154 rs539810901 0.15989
2 219090239 rs116748408 0.50989
2 219090287 rs114225066 1.0735999999999999e-05
2 219090365 rs9789363 0.40935
2 219090419 rs6757125 0.36191
2 219090451 rs16858888 0.48701000000000005
2 219090536 rs756347068 0.75484
2 219090597 rs143905486 0.68105
2 219091080 rs59904591 0.37904
2 219091127 rs142130723 0.91543
2 219091203 rs57674675 0.12264000000000001
2 219091246 rs34544664 1.6363e-18
2 219091560 rs77860488 0.66685
2 219091576 rs74950515 0.12657000000000002
2 219091787 rs73084199 0.1803
2 219091885 rs116184676 0.8360799999999999
2 219092623 rs146808731 0.41457
2 219092741 rs116555297 2.9401e-06
2 219092817 rs191760927 0.6775399999999999
2 219092951 rs541979758 0.49101999999999996
2 219092999 rs11679770 1.6244000000000002e-18
2 219093389 rs561016550 0.33571
2 219093934 rs17572109 9.640299999999999e-08
2 219094577 rs115504855 0.0077655
2 219094740 rs116438719 0.5101100000000001
2 219095041 rs144503786 0.86884
2 219095107 rs186863207 0.062668
2 219095132 rs139515626 0.33734000000000003
2 219095292 rs140073060 0.8664299999999999
2 219095339 rs116111048 0.8586299999999999
2 219095554 rs6756265 1.6481e-18
2 219095881 rs570200690 0.6141800000000001
2 219096226 rs75363409 0.9151
2 219096333 rs9288537 0.47851000000000005
2 219096375 rs116248247 0.15029
2 219096616 rs566406347 0.6141800000000001
2 219097171 rs114843198 0.22765
2 219097299 rs183550578 0.21819000000000002
2 219097441 rs62182793 0.483
2 219097546 2:219097546_G_A 0.92055
2 219097738 rs4674275 1.7907e-18
2 219097773 rs13388024 2.945e-19
2 219097815 rs140634611 0.38436
2 219097920 rs145685229 0.9720200000000001
2 219098118 rs62182794 0.006936
2 219098167 rs13427407 0.46063999999999994
2 219098260 rs75780805 0.8705
2 219098658 rs141154757 0.55007
2 219098672 rs6742439 0.16833
2 219098719 rs182187702 0.60464
2 219098753 rs28374262 3.4355e-19
2 219098774 rs143568322 0.8705
2 219098847 rs112581848 0.28636999999999996
2 219099198 rs149608059 0.80753
2 219099260 rs1018288 0.14093
2 219099484 rs10932765 3.3071999999999996e-19
2 219099807 rs115209346 0.089946
2 219100202 rs62182795 1.7621999999999998e-18
2 219100869 rs7605980 1.7016999999999998e-18
2 219101406 rs1962723 0.40446
2 219101859 rs12988858 0.48223999999999995
2 219102332 rs12990082 2.4515e-19
2 219102349 rs141939124 0.48913
2 219103580 rs10169718 2.5146e-19
2 219103612 rs192749243 0.18868
2 219103955 rs75360164 0.8699399999999999
2 219104068 rs114064399 0.48776
2 219104086 rs114702968 0.25409
2 219104094 rs111697110 0.98555
2 219104450 rs145894451 0.68537
2 219104613 rs148211614 0.27909
2 219104725 rs7581857 1.6723999999999999e-18
2 219104781 rs7594268 0.42731
2 219104783 rs543512006 0.82545
2 219104827 rs7568092 1.7355e-18
2 219104967 rs75266204 0.26002
2 219104990 rs12987130 1.8242e-18
2 219105370 rs186425357 0.85849
2 219105397 rs190434673 0.90615
2 219105405 rs528763674 0.42048
2 219105495 rs182786511 0.9132600000000001
2 219105830 rs73084201 0.24755
2 219106136 rs11901011 0.24981
2 219106172 rs79402585 0.0012703
2 219106848 rs114701149 0.25545
2 219107165 rs115989393 0.0072399000000000005
2 219107206 rs59322893 0.8605799999999999
2 219107287 rs10171820 0.49187
2 219107357 rs145312337 0.6077899999999999
2 219107367 rs10182823 0.49187
2 219107422 rs557583536 0.29319
2 219107700 rs9679606 0.46057
2 219108037 rs115722778 0.19787000000000002
2 219108254 rs114253163 0.3769
2 219108287 rs55869299 0.1508
2 219108424 rs116831766 0.99406
2 219108435 rs114962413 0.90681
2 219108751 rs138463441 0.37643000000000004
2 219108806 rs72949343 0.39623
2 219108913 rs6436047 1.4704e-18
2 219109033 rs6436048 1.5546e-18
2 219109364 rs17653757 2.0974000000000002e-19
2 219109391 rs6704974 0.41735
2 219109470 rs534483865 0.030180000000000002
2 219109505 rs376652258 0.83145
2 219109696 rs142111996 0.17992
2 219109882 rs17462354 4.8894e-06
2 219109905 rs79498936 0.86636
2 219109931 rs16858894 0.36051
2 219110555 rs12996912 1.8866e-19
2 219110625 rs6738394 1.5447999999999999e-18
2 219110721 rs13015410 1.9680999999999994e-19
2 219111044 rs139687414 0.7861199999999999
2 219111105 rs115169599 0.91666
2 219111184 rs144722000 0.65637
2 219111285 rs368002594 0.67778
2 219111341 rs13423003 0.61197
2 219111366 rs115392556 0.8700700000000001
2 219111383 rs116067583 0.8883700000000001
2 219111430 rs6748982 0.13167
2 219111524 rs147644277 0.35416
2 219111666 rs144517004 0.10424000000000001
2 219111893 rs115476443 0.21874000000000002
2 219111914 rs76914323 0.88882
2 219112313 rs13023474 0.48546999999999996
2 219112343 rs112565916 0.14973
2 219112449 rs113046364 0.14887
2 219112598 rs187064004 0.33337
2 219112956 rs13392177 2.0978999999999998e-19
2 219113054 rs138409707 0.31117
2 219113089 rs13430006 2.1838e-19
2 219113260 rs143102243 0.83509
2 219113286 rs6436049 1.2689e-18
2 219113462 rs140817168 0.9596600000000001
2 219113538 rs907982 0.16799
2 219113798 rs116610131 0.73883
2 219114084 rs74349827 0.85861
2 219114691 rs74765391 0.09919299999999999
2 219114848 rs116355998 0.75246
2 219115104 rs4672881 0.37625
2 219115108 rs6736362 1.1977e-20
2 219115221 rs76779132 0.12435999999999998
2 219115245 rs142487574 0.66638
2 219115363 rs7559424 0.48421000000000003
2 219115452 rs77850647 0.66656
2 219115774 rs372107656 0.07299800000000001
2 219115798 rs10171347 0.44898000000000005
2 219115874 rs114566878 0.71811
2 219116015 rs190285427 0.6915600000000001
2 219116047 rs10171570 0.60088
2 219116205 rs182441256 0.1296
2 219116642 rs79155237 0.87331
2 219116979 rs116673029 0.89766
2 219117366 rs75628671 0.6674399999999999
2 219117482 rs35271699 1.464e-19
2 219117522 rs114237203 0.51356
2 219117605 rs114878161 0.66806
2 219117628 rs111837712 0.2268
2 219117813 rs143936208 0.35486999999999996
2 219117941 rs114100377 0.0081269
2 219118094 rs114563342 0.66751
2 219118818 rs73086112 0.13197
2 219119134 rs7600989 0.61056
2 219119330 rs115840779 0.6685800000000001
2 219119451 rs79007482 0.5053
2 219120207 rs139804274 0.5876399999999999
2 219120255 rs736730 1.1687e-20
2 219120396 rs77037667 0.95621
2 219120516 rs74738984 0.6694
2 219120588 rs736731 1.1375e-20
2 219120904 rs1473900 0.34076999999999996
2 219121001 rs146686937 0.9435
2 219121528 rs12999734 1.1556e-20
2 219121663 rs11677953 3.6372e-20
2 219121886 rs140653196 0.69034
2 219121913 rs115145464 0.94668
2 219121916 rs115337257 0.54346
2 219122090 rs10932766 1.0759999999999998e-20
2 219122259 rs745402887 0.80899
2 219122466 rs6743642 0.4872
2 219122780 rs4674276 6.195900000000001e-20
2 219122781 rs4674277 5.5588e-20
2 219122867 rs139097847 0.29806
2 219123306 rs56154150 0.26382
2 219123769 rs10203642 0.11416
2 219123865 rs144572495 0.14994000000000002
2 219124222 rs3731859 1.0134e-20
2 219124402 rs540200868 0.9856799999999999
2 219124519 rs111447924 0.81975
2 219124534 rs150801320 0.8739100000000001
2 219124572 rs146024152 0.40778000000000003
2 219124827 rs192792948 0.87093
2 219124921 rs13003334 1.3634e-20
2 219125158 rs60510402 0.81586
2 219125223 rs115741813 0.9262299999999999
2 219125809 rs11554825 1.8751e-20
2 219126188 rs78291641 0.7177
2 219126236 rs78909564 0.9797100000000001
2 219126652 rs145836224 0.25847
2 219126735 rs1567869 0.57611
2 219126862 rs10190292 0.21877
2 219126904 rs114064331 0.87885
2 219127409 rs57621524 0.15183
2 219127417 rs56192869 0.22425
2 219127905 rs138439621 0.13828
2 219128083 rs150118963 0.43443999999999994
2 219128095 rs116219220 0.76655
2 219128334 rs115448647 0.8927200000000001
2 219128496 rs143767549 0.57724
2 219128506 rs2292549 0.58423
2 219128515 rs77115694 0.76525
2 219128766 rs570643457 0.050808
2 219129060 rs2382816 0.33755999999999997
2 219129631 rs146035270 0.9655299999999999
2 219129896 rs139083943 0.21405
2 219129905 rs115942379 0.8176
2 219130233 rs73086117 0.075254
2 219130245 rs535382497 0.0082024
2 219130514 rs1079204 0.75415
2 219130676 rs200045609 0.08313
2 219131829 rs73086118 0.92456
2 219132381 rs74349235 0.74669
2 219132585 rs145508047 0.39247
2 219132731 rs4674279 6.0561e-20
2 219133137 rs12612675 6.3582e-20
2 219133292 rs10193107 0.37406
2 219133579 rs188155718 0.1326
2 219133744 rs144728691 0.8265100000000001
2 219133767 rs186852028 0.086976
2 219134726 rs34118048 0.8385100000000001
2 219134928 rs1877714 3.901999999999999e-20
2 219134950 rs13419763 2.7595e-20
2 219135013 rs1877713 0.79225
2 219135930 rs11900801 0.92656
2 219136461 rs62182823 0.72264
2 219136568 rs116771035 0.06791900000000001
2 219136684 rs1457459 0.20621
2 219137825 rs150099810 0.40643
2 219138625 rs6758540 5.9201e-20
2 219138940 rs4791 2.4253e-20
2 219139480 rs116809757 0.92879
2 219139573 rs6734242 0.14635
2 219139826 rs60211154 0.87134
2 219140288 rs2292550 5.8858e-20
2 219140385 rs72947598 0.44343
2 219140623 rs13396404 0.75852
2 219140980 rs115102659 0.84909
2 219141144 rs115600187 0.17125
2 219141248 rs75845354 0.52818
2 219141458 rs4674280 4.7129e-20
2 219141546 rs4674281 0.41717
2 219141888 rs192269123 0.30212
2 219142023 rs2168703 0.14051
2 219142327 rs113996885 0.8602299999999999
2 219142491 rs2271543 8.0766e-20
2 219142492 rs2168704 3.3600999999999995e-20
2 219142594 rs3817266 5.4584e-20
2 219142773 rs6707559 1.4913e-20
2 219142782 rs112235783 0.43217
2 219142860 rs13429408 1.5396e-20
2 219143195 rs200923132 0.72054
2 219143229 rs2292551 5.2251e-20
2 219143327 rs2292552 5.2092e-20
2 219143630 rs529875532 0.43218
2 219143908 rs114235213 0.063013
2 219143923 rs41272681 0.8295100000000001
2 219144089 rs12987180 5.1979e-20
2 219144111 rs150890717 0.07924400000000001
2 219144149 rs12987219 4.4412999999999996e-20
2 219144230 rs4674282 5.2565999999999994e-20
2 219144254 rs4674283 5.5048e-20
2 219144385 rs111677253 0.69687
2 219144498 rs2045434 4.2485e-20
2 219144544 rs138267449 0.18414
2 219145127 rs143554766 0.31143000000000004
2 219145377 rs115656623 0.8550399999999999
2 219145695 rs9917159 0.96655
2 219145761 rs191760619 0.28474
2 219146114 rs28421739 0.47368000000000005
2 219146151 rs147841157 0.9784799999999999
2 219146156 rs141135929 0.97624
2 219146199 rs10932768 3.8713e-20
2 219146423 rs7571476 0.51722
2 219146460 rs77010107 0.79745
2 219146607 rs7585702 3.8979999999999996e-20
2 219146663 rs143066899 0.47856000000000004
2 219146724 rs116439217 0.7712600000000001
2 219146737 rs35041266 0.6372800000000001
2 219146803 rs2292553 1.6387e-20
2 219146842 rs146727797 0.76641
2 219146868 rs2292554 4.6217e-20
2 219146882 rs2292555 5.0255999999999997e-20
2 219146988 rs11888211 0.7439
2 219147245 rs10932769 3.7952e-20
2 219147645 rs142238766 0.28119
2 219148369 rs6729058 4.3988e-20
2 219148723 rs62182826 1.3082e-20
2 219148795 rs144268862 0.9655600000000001
2 219148850 rs148670315 0.33833
2 219149163 rs11692780 5.0354999999999995e-20
2 219149222 rs11692830 0.19971
2 219149223 rs186820594 0.5656100000000001
2 219149285 rs11687568 0.37194
2 219149639 rs4672882 6.7697e-20
2 219149728 rs55827343 1.4315e-20
2 219149740 rs56109829 1.7558e-20
2 219149773 rs145496323 0.46345
2 219150211 rs7559416 3.5376e-20
2 219150238 rs7559428 4.6443e-20
2 219150307 rs7559525 4.1382e-20
2 219150449 rs61682501 0.63068
2 219150654 rs115056472 0.37437
2 219151218 rs2382817 1.5108e-20
2 219151767 rs13005100 5.2360000000000004e-20
2 219151926 rs13031757 4.4086e-20
2 219152138 rs75714628 0.78679
2 219152603 rs576987324 0.16305
2 219152889 rs7577185 0.72337
2 219152937 rs6727301 5.7256e-20
2 219153077 rs570047559 0.70711
2 219153378 rs116499671 0.1045
2 219153384 rs150641949 0.25723
2 219153883 rs73086149 0.42644
2 219154085 rs62182859 0.22512
2 219154093 rs147417073 0.79083
2 219154460 rs189996657 0.068123
2 219154624 rs183326923 0.8453700000000001
2 219154765 rs79762347 0.7471399999999999
2 219154781 rs992157 5.771199999999999e-20
2 219155081 rs145053271 0.87165
2 219155519 rs77648432 0.72832
2 219155704 rs148616864 0.1938
2 219155907 rs2382818 1.0225e-18
2 219155909 rs2382819 1.0672e-18
2 219156429 rs543771819 0.2362
2 219156467 rs75320554 0.6839
2 219156979 rs3731860 1.3650999999999999e-19
2 219157048 rs57235176 0.023348
2 219157049 rs192539859 0.9009
2 219157312 rs567090800 0.6424300000000001
2 219157321 rs529537280 0.7439899999999999
2 219157343 rs7606645 0.25281
2 219157604 rs116360970 0.79518
2 219157692 rs10193383 1.1649e-19
2 219157714 rs113997526 0.6842199999999999
2 219157869 rs186623055 0.51991
2 219157922 rs17551724 0.19601
2 219157959 rs10206064 1.4229000000000002e-19
2 219158198 rs571638354 0.2102
2 219158973 rs13031262 0.39644
2 219159102 rs12474454 0.37272
2 219159629 rs10165153 3.2814999999999996e-19
2 219159770 rs1399132 2.4676999999999997e-19
2 219159896 rs143139014 0.15829000000000001
2 219160002 rs147478970 0.13596
2 219160172 rs138128140 0.12455999999999999
2 219160265 rs7603648 0.74126
2 219160273 rs75960313 0.2251
2 219160472 rs143597563 0.12065
2 219160534 rs115392729 0.30241
2 219160621 rs55680399 3.8202e-19
2 219160724 rs113519380 0.9999399999999999
2 219160749 rs56344368 3.3953000000000004e-19
2 219160807 rs115562597 0.8094899999999999
2 219160864 rs7587220 3.9927e-19
2 219161165 rs534866046 0.86821
2 219161241 rs4674284 7.9819e-19
2 219161367 rs144458432 0.09813200000000001
2 219162070 rs115144370 0.69615
2 219162277 rs73088113 0.28933000000000003
2 219162483 rs151087432 0.58022
2 219162484 rs141122729 0.5757
2 219162519 rs150265270 0.6118899999999999
2 219162653 rs113125513 0.030836000000000002
2 219162717 rs549008332 0.6505
2 219162784 rs79223510 0.6110399999999999
2 219162836 rs4996257 3.6641e-19
2 219162837 rs13412573 0.32968000000000003
2 219163309 rs78757285 0.8402700000000001
2 219163652 rs11897720 0.081387
2 219163812 rs116131060 0.20245
2 219164013 rs35122042 0.82749
2 219164219 rs571192130 0.62779
2 219164246 rs192032890 0.30990999999999996
2 219164293 rs7572362 5.184100000000001e-19
2 219164727 rs10932770 1.0222e-18
2 219164875 rs150789373 0.89418
2 219165219 rs114406797 0.735
2 219165332 rs554442319 0.8526799999999999
2 219165377 rs6712601 0.81401
2 219165989 rs80221964 0.64827
2 219166070 rs79697785 0.26277
2 219166286 rs6758683 0.3995
2 219166325 rs116672450 0.54523
2 219166647 rs76189264 0.28441
2 219166649 rs59549705 0.85616
2 219166797 rs6704848 0.2549
2 219166880 rs147948829 0.83001
2 219166977 rs189110928 0.78127
2 219167166 rs567678233 0.21095999999999998
2 219167529 rs7557709 5.7533e-19
2 219167552 rs4674285 0.40410999999999997
2 219167563 rs13427681 3.5421e-19
2 219167629 rs77685154 0.23914000000000002
2 219167742 rs147024923 0.24902
2 219167792 rs147664301 0.27139
2 219167804 rs189168311 0.8904700000000001
2 219167833 rs142466579 0.24902
2 219167891 rs114509413 0.27339
2 219167958 rs181884807 0.26247
2 219167960 rs185851301 0.27339
2 219167965 rs12053514 6.8297e-19
2 219168267 rs13430787 0.7892399999999999
2 219168351 rs528882408 0.51846
2 219168402 rs13430992 0.2708
2 219168432 rs1877712 2.6061e-19
2 219168525 rs186661947 0.273
2 219168587 rs1877711 0.46091000000000004
2 219168765 rs2382820 0.41803999999999997
2 219169159 rs114355531 0.27421999999999996
2 219169203 rs145953810 0.2113
2 219169488 rs139801054 0.31914000000000003
2 219169572 rs6729130 5.0212e-19
2 219169577 rs182687329 0.87179
2 219169596 rs187632593 0.26408000000000004
2 219169699 rs150735625 0.9158299999999999
2 219169848 rs191966119 0.8832200000000001
2 219170076 rs78652271 0.21645999999999999
2 219170345 rs12105003 0.5806399999999999
2 219170377 rs6746089 3.5950999999999997e-19
2 219170441 rs12104579 0.59829
2 219170462 rs1017697 0.86754
2 219170525 rs1017698 2.1967e-19
2 219171191 rs2014615 3.4374e-19
2 219171197 rs143302169 0.32334
2 219171394 rs151262340 0.20951
2 219171462 rs2014597 0.8499899999999999
2 219171621 2:219171621_A_G 0.6290600000000001
2 219171813 rs921969 0.42608999999999997
2 219172004 rs181671861 0.8911600000000001
2 219172069 rs116658512 0.06614600000000001
2 219172395 rs75367195 0.79702
2 219172412 rs930883 0.5663199999999999
2 219172546 rs551971166 0.32806
2 219172613 rs2382821 0.55192
2 219172874 rs138534780 0.88085
2 219173229 rs183321503 0.21241999999999997
2 219173327 rs2382822 5.0713e-19
2 219173445 rs144496504 0.63794
2 219174113 rs148418050 0.27436
2 219174198 rs7577617 0.45141000000000003
2 219174442 rs563628131 0.21581
2 219174590 rs140069496 0.81697
2 219174652 rs145681568 0.87377
2 219175241 rs149761382 0.4195
2 219175292 rs191386869 0.21404
2 219175341 rs11885190 0.89894
2 219175487 rs2085485 5.6604e-19
2 219176376 rs6748980 0.43695
2 219176450 rs10195115 3.6525999999999997e-19
2 219176641 rs551704567 0.79786
2 219176719 rs149490615 0.19752999999999998
2 219176895 rs11888052 3.578e-19
2 219177148 rs10932772 4.1078e-19
2 219177322 rs147158036 0.33505999999999997
2 219178067 rs13014817 6.4145e-19
2 219178595 rs76394798 0.95762
2 219178653 rs114691783 0.55861
2 219178875 rs4268913 4.8255e-19
2 219179042 rs146568540 0.12063
2 219179905 rs2382824 0.58501
2 219179926 rs9751319 0.36245
2 219179974 rs757377310 0.77656
2 219179995 rs9751327 5.7824e-19
2 219180061 rs376755205 0.8385600000000001
2 219180334 rs577032054 0.77205
2 219180470 rs73088135 0.048586000000000004
2 219180782 rs115439662 0.27048
2 219181350 rs7570012 0.47266
2 219181483 rs77116665 0.37639
2 219181897 rs10932773 0.9472
2 219181993 rs78507634 0.95004
2 219182014 rs80297638 0.8661700000000001
2 219182398 rs140097599 0.11142
2 219182481 rs4672884 3.3288000000000003e-17
2 219182491 rs4672885 0.8102699999999999
2 219182636 rs114860921 0.82981
2 219182748 rs6741757 1.1593e-17
2 219183015 rs114684797 0.11949000000000001
2 219183533 rs77679753 0.74427
2 219183919 rs147771007 0.67718
2 219184125 rs114175385 0.73537
2 219184167 rs13399246 7.472000000000002e-18
2 219184199 rs13424679 6.8365999999999995e-18
2 219184206 rs546167086 0.71363
2 219184264 rs2891074 0.79887
2 219184387 rs2382827 6.156e-18
2 219184398 rs2891076 6.3107000000000014e-18
2 219184405 rs116246886 0.81475
2 219184436 rs13020391 8.737e-18
2 219184492 rs2382828 6.1184000000000005e-18
2 219184617 rs2382829 6.0385e-18
2 219184691 rs2891079 6.5002e-18
2 219184721 rs4280446 6.213200000000001e-18
2 219184756 rs73088138 0.044699
2 219184774 rs77206359 0.70336
2 219184872 rs4552182 6.7012e-18
2 219184908 rs140011298 0.13956
2 219185033 rs4423579 7.0922e-18
2 219185036 rs114062154 0.36764
2 219185161 rs2015863 1.0632999999999999e-17
2 219185545 rs4672886 8.1585e-18
2 219185580 rs6750882 0.07309500000000001
2 219186082 rs115888288 0.58729
2 219186097 rs543225355 0.16735999999999998
2 219186134 rs140660346 0.7469100000000001
2 219186462 rs57851860 7.263400000000001e-18
2 219186539 rs36068079 0.75561
2 219186592 rs62183964 7.764600000000001e-18
2 219186649 rs538547867 0.46663999999999994
2 219186934 rs535644793 0.8061
2 219187199 rs76683809 0.083254
2 219187263 rs116242829 0.7068
2 219187367 rs10203039 3.1258000000000004e-17
2 219187603 rs10193189 1.3297000000000001e-17
2 219187698 rs1870123 1.167e-17
2 219187740 rs1870124 1.2471e-17
2 219187835 rs144922290 0.79577
2 219187892 rs553224650 0.72632
2 219187901 rs1870125 1.8465e-17
2 219188237 rs7596269 0.8251700000000001
2 219188276 rs183972170 0.8322299999999999
2 219188428 rs73088143 0.75683
2 219188443 rs10206448 0.84111
2 219188467 rs6747666 0.8295299999999999
2 219188577 rs10194082 1.6642e-17
2 219188669 rs6708662 0.72155
2 219188838 rs1473901 1.9100000000000002e-17
2 219189312 rs112666482 0.17715
2 219189357 rs77287776 0.91171
2 219189410 rs10197374 0.84406
2 219189452 rs113307821 0.8404200000000001
2 219189653 rs112273237 0.8328200000000001
2 219189654 rs62183995 9.9689e-18
2 219190014 rs145152987 0.8474
2 219190066 rs138820732 0.56372
2 219190202 rs141390854 0.02729
2 219190277 rs115937871 0.8710100000000001
2 219190366 rs114026070 0.69858
2 219190590 rs72951243 0.5109
2 219190615 rs57115984 0.094912
2 219190620 rs11885588 0.13232
2 219190713 rs10192690 0.9125700000000001
2 219190857 rs138242186 0.83288
2 219191256 rs3731861 8.6813e-19
2 219191569 rs10932774 9.321700000000001e-19
2 219192105 rs75956287 0.7565
2 219192186 rs114601859 0.31024
2 219192563 rs113223487 0.86964
2 219192755 rs897877 1.7930999999999997e-18
2 219193225 rs79759167 0.7237
2 219193497 rs115730107 0.61419
2 219193858 rs145165199 0.25361999999999996
2 219193963 rs7598430 1.6737e-16
2 219194046 rs538733322 0.079788
2 219194147 rs553127751 0.46488
2 219195710 rs114117810 0.44956999999999997
2 219195797 rs528158199 0.58905
2 219195799 rs10932775 2.0886e-16
2 219195833 rs149956490 0.38029
2 219195879 rs112593283 0.7387100000000001
2 219196062 rs370205429 0.84236
2 219196087 rs113091464 0.17117000000000002
2 219196246 rs192463469 0.2223
2 219196344 rs7567403 2.0757e-16
2 219196351 rs146686314 0.15686
2 219196480 rs568581301 0.83334
2 219196800 rs79007041 0.89391
2 219198005 rs75325197 0.80604
2 219198025 rs7560460 3.2898999999999997e-10
2 219198423 rs7587403 2.283e-08
2 219198571 rs149131175 0.70457
2 219198609 rs146556356 0.84931
2 219198640 rs186334488 0.7784399999999999
2 219198925 rs146995936 0.70462
2 219199068 rs10932778 0.43338999999999994
2 219199876 rs79745234 0.013737000000000001
2 219200390 rs57678725 0.4049
2 219200582 rs113498664 0.022084
2 219201193 rs62182083 0.09106399999999999
2 219201219 rs74424267 0.8397100000000001
2 219201401 rs184989838 0.1078
2 219201667 rs7608356 9.4891e-06
2 219202088 rs773771585 0.15284
2 219202110 rs56402738 0.8198799999999999
2 219202132 rs9752655 0.016513999999999997
2 219202484 rs12471773 1.0395e-05
2 219202614 rs142346568 0.6892199999999999
2 219202624 rs12993339 9.6601e-06
2 219202726 rs141675713 0.48108999999999996
2 219202743 rs113023289 0.0053187
2 219202937 rs138041826 0.85354
2 219203037 rs186725215 0.64618
2 219203078 rs34213584 1.4160999999999999e-05
2 219203239 rs13021032 0.015580000000000002
2 219203455 rs535155015 0.86646
2 219203631 rs79051868 0.031704
2 219203691 rs111984051 0.026723
2 219203693 rs371302330 0.80215
2 219204019 rs141850148 0.78895
2 219204475 rs112516929 0.67067
2 219204534 rs147259983 0.8266600000000001
2 219204633 rs201092853 0.7862
2 219204726 rs201632828 0.027346
2 219204728 rs73088163 0.0067116
2 219204854 rs73990423 0.80318
2 219205471 rs34014804 0.46476000000000006
2 219205617 rs113682992 0.85035
2 219205629 rs150024972 0.7733
2 219205916 rs776918326 0.16449
2 219205954 rs58042983 0.021113
2 219206064 rs58599893 0.18287
2 219206137 rs73990424 0.8497
2 219206150 rs62182084 0.042707
2 219206435 rs62182085 0.022088999999999998
2 219206492 rs73990425 0.44888
2 219206645 rs62182086 0.021966
2 219206646 rs74718922 0.20356
2 219206738 rs34745867 0.6872199999999999
2 219206919 rs3816562 5.5913999999999995e-09
2 219206954 rs140986447 0.3972
2 219207035 rs114055051 0.1067
2 219207164 rs150153411 0.36265
2 219207252 rs138578329 0.61269
2 219207464 rs137895511 0.70362
2 219207517 rs116443880 0.75392
2 219207880 rs76295193 0.10747000000000001
2 219207977 rs58641676 0.009386799999999999
2 219207984 rs188505077 0.14331
2 219208119 rs183762547 0.34553
2 219208389 rs143957978 0.35925999999999997
2 219208477 rs2279016 0.027331
2 219208927 rs115766605 5.5203e-05
2 219209248 rs116144189 0.52159
2 219209796 rs921970 4.5038999999999995e-07
2 219209885 rs73088173 0.31961999999999996
2 219209915 rs189926206 0.024807
2 219210118 rs116778315 0.6953
2 219210211 rs7586140 0.053054
2 219210311 rs141201996 0.07670700000000001
2 219210606 rs1052578 9.9295e-09
2 219210696 rs115429065 0.28210999999999997
2 219210781 rs9076 9.6639e-09
2 219210897 rs76752438 0.0061026000000000006
2 219211369 rs145193682 0.42263
2 219211821 rs140326680 0.41148
2 219211953 rs77623271 0.018469
2 219212004 rs13020621 1.0606e-07
2 219212037 rs145564694 0.38387
2 219212397 rs191741024 0.67803
2 219212485 rs114834171 0.0058923000000000005
2 219212661 rs116635096 0.6279399999999999
2 219213132 rs6755537 0.6795100000000001
2 219213139 rs6727310 0.6775399999999999
2 219213361 rs374544079 0.4628
2 219213427 rs7603843 0.020557
2 219213484 rs182142989 0.46648
2 219213612 rs181106965 0.6192
2 219213695 rs577281623 0.45103000000000004
2 219213706 rs866450815 0.81318
2 219213727 rs114335561 0.41999
2 219214201 rs554970107 0.027586000000000003
2 219214236 rs192270388 0.85701
2 219214483 rs112857950 0.028756
2 219214640 rs13409846 4.2803e-08
2 219214676 rs143162054 0.34944000000000003
2 219214913 rs188138190 0.93089
2 219214918 rs147538303 0.01236
2 219214944 rs150624681 0.96249
2 219215208 rs12468509 8.1664e-06
2 219215423 rs115912178 0.1181
2 219215555 rs10167612 0.35791
2 219216182 rs560228106 0.12118
2 219216369 rs4493248 3.4754e-08
2 219216543 rs538061579 0.43967
2 219216746 rs115132359 0.96026
2 219216828 rs116722532 0.5643
2 219216883 rs12052863 0.34256
2 219216893 rs34374616 2.7324000000000003e-07
2 219217008 rs146957422 0.22539
2 219217173 rs116059006 0.99429
2 219217286 rs2100626 0.0061224
2 219217303 rs4674294 3.4175e-08
2 219217864 rs141393676 0.8633
2 219218023 rs139649651 0.0057146
2 219218149 rs549523746 0.3267
2 219218199 rs58160096 0.019721000000000002
2 219218369 rs565408929 0.42107
2 219218528 rs7596500 0.021425
2 219219022 rs73990428 0.005674800000000001
2 219219072 rs4672888 1.4999999999999999e-05
2 219219183 rs11896513 0.051526
2 219219326 rs186483554 0.69853
2 219219579 rs149750381 0.34873000000000004
2 219219840 rs10804268 1.383e-05
2 219219875 rs4674295 0.12755
2 219219905 rs111279594 0.024522
2 219220011 rs146941161 0.7005600000000001
2 219220212 rs114209913 0.005833
2 219220804 rs145837691 0.10678
2 219220859 rs116463192 0.14837
2 219221134 rs113486155 0.6916100000000001
2 219221355 rs3892153 2.9877999999999996e-06
2 219221410 rs73073013 0.68684
2 219221846 rs4324314 3.9757e-05
2 219222123 rs10172824 1.6092e-10
2 219222308 rs142157169 0.83741
2 219222415 rs78470620 0.5875600000000001
2 219222703 rs556872954 0.86345
2 219222733 rs62182089 0.049277
2 219222909 rs73073016 0.38509
2 219223098 rs6746094 0.86675
2 219223240 rs139224439 0.82231
2 219223665 rs147567118 0.9680200000000001
2 219223666 rs67022388 2.1121e-05
