CHR BP SNP P
20 2878977 rs181940536 0.7054199999999999
20 2879026 rs67724953 1.1039e-08
20 2879089 rs190806476 0.971
20 2879135 rs150250920 0.77588
20 2879190 rs116572785 0.79699
20 2879859 rs137855928 0.90236
20 2879868 rs77852816 0.94578
20 2879869 rs75592212 0.94539
20 2879945 rs142361940 0.20382
20 2880188 rs75774566 0.79657
20 2880193 rs74728466 0.70745
20 2880677 rs142127552 0.050255
20 2880739 rs150766876 0.34137
20 2880772 rs139167742 0.27948
20 2880819 rs114568425 0.58906
20 2880852 rs58220726 0.3623
20 2880974 rs6138933 0.81403
20 2881146 rs76396164 0.79219
20 2881418 rs111279717 0.033444999999999996
20 2881446 rs112335086 0.14040999999999998
20 2881696 rs6138934 0.7768
20 2881734 rs11908164 0.55277
20 2881765 rs55775223 0.032592
20 2881766 rs3787476 0.94614
20 2881963 rs76714516 0.011576000000000001
20 2881994 rs117346404 0.9696
20 2882066 rs533779509 0.17536
20 2882140 rs6138936 0.73614
20 2882261 rs76478289 0.9446
20 2882605 rs765685241 0.21133000000000002
20 2882679 rs527980054 0.9594299999999999
20 2882687 rs115603586 0.77794
20 2882931 rs6138937 3.532e-08
20 2882947 rs6138938 0.79392
20 2882948 rs79416156 0.79551
20 2883146 rs642758 1.8725e-09
20 2883157 rs143308119 0.052365999999999996
20 2883617 rs6132983 0.9696799999999999
20 2883654 rs79866096 0.27878000000000003
20 2884010 rs186551704 0.9306399999999999
20 2884041 rs529340194 0.54933
20 2884204 rs6138939 0.7943399999999999
20 2884412 rs560657441 0.021355000000000002
20 2884475 rs576593960 0.5053300000000001
20 2884772 rs114572200 0.8011699999999999
20 2884860 rs138487301 0.34234000000000003
20 2885032 rs6132984 0.79592
20 2885050 rs142321529 0.34238
20 2885059 rs6132985 0.7999
20 2885188 rs138542922 0.14495
20 2885193 rs672386 3.3076e-12
20 2885202 rs149268270 0.26027
20 2885205 rs672406 2.6423e-12
20 2885243 rs148443587 0.74762
20 2885298 rs519276 0.56094
20 2885382 rs147210586 0.30698000000000003
20 2885482 rs79127996 0.007008199999999999
20 2885542 rs116329956 0.71758
20 2885632 rs140635892 0.089947
20 2885687 rs115623513 0.7858
20 2885742 rs75111919 0.78541
20 2886060 rs6051467 0.26111
20 2886296 rs79473014 0.8042100000000001
20 2886667 rs77149573 0.61273
20 2886687 rs112125766 0.1077
20 2886699 rs61004655 0.74642
20 2887389 rs6138940 0.80518
20 2887813 rs4047 3.5354e-09
20 2887994 rs536006256 0.5502600000000001
20 2888042 rs75525885 0.22685999999999998
20 2888128 rs145816643 0.96783
20 2888235 rs6132986 0.79686
20 2888711 rs79171998 0.14967
20 2888869 rs114778812 0.44763000000000003
20 2889135 rs141151570 0.5052399999999999
20 2889235 rs6084195 2.1770999999999997e-08
20 2889292 rs67891794 1.0963e-05
20 2889361 rs113801374 0.65469
20 2889403 rs6132987 0.80862
20 2889537 rs77646362 0.13009
20 2889720 rs1016753 0.80718
20 2889782 rs1016754 2.8765e-08
20 2890195 rs147187034 0.77653
20 2890204 rs655076 0.4332
20 2890223 rs78894814 0.5302600000000001
20 2890241 rs116025329 0.7580399999999999
20 2890245 rs6132988 0.96514
20 2891470 rs151266296 0.41498
20 2892413 rs117425855 0.9873200000000001
20 2892428 rs145136616 0.37879
20 2892612 rs145871689 0.33901
20 2892686 rs117848318 0.7157399999999999
20 2893176 rs575615 4.1487e-09
20 2893200 rs6051469 0.19491
20 2893338 rs577775892 0.16277
20 2893511 rs572763 0.46597
20 2893781 rs6138944 0.71921
20 2893828 rs138828458 0.46631000000000006
20 2893881 rs6138945 0.7124699999999999
20 2893951 rs142807837 0.27915999999999996
20 2893954 rs12151888 0.005587399999999999
20 2893956 rs605519 1.0732e-12
20 2894095 rs75001408 0.71329
20 2894171 rs12151900 0.006689499999999999
20 2894183 rs79628619 0.89797
20 2894513 rs73575839 0.40339
20 2894780 rs6132989 0.9737100000000001
20 2894790 rs619450 8.705600000000001e-13
20 2894812 rs6138946 0.9733200000000001
20 2895610 rs78834255 0.46258
20 2895790 rs770104810 0.38874000000000003
20 2895891 rs76762844 0.34136
20 2896106 rs562171 4.1403e-09
20 2896359 rs73086613 0.0068759
20 2896491 rs12481008 0.082096
20 2896568 rs151319050 0.8801899999999999
20 2896635 rs140592703 0.556
20 2896650 rs150070626 0.0028881
20 2896707 rs112431137 0.64232
20 2897003 rs118145131 0.18463
20 2897203 rs142011414 0.46487
20 2897276 rs138737343 0.40979
20 2897420 rs6138948 3.0691e-08
20 2897760 rs6138950 0.7795
20 2898475 rs115254703 0.44242
20 2898502 rs140088939 0.7548199999999999
20 2898564 rs143726250 0.5495899999999999
20 2898659 rs6132990 1.7286999999999998e-08
20 2898712 rs144778067 0.7872100000000001
20 2898858 rs142974835 0.7307600000000001
20 2898864 rs151117929 0.27915999999999996
20 2899097 rs13040848 1.7863e-08
20 2899211 rs115445480 0.27915999999999996
20 2899220 rs117858780 0.98685
20 2899863 rs150333613 0.78191
20 2899979 rs681167 1.0072e-12
20 2900339 rs544315759 0.38978
20 2900381 rs149086425 0.33829000000000004
20 2900495 rs116328706 0.7631600000000001
20 2901540 rs6138952 7.9637e-09
20 2902172 rs78292012 0.92625
20 2902429 rs150864569 0.8818600000000001
20 2902506 rs558759592 0.12841
20 2903049 rs149617699 0.27143
20 2903061 rs147317227 0.52418
20 2903277 rs4283483 0.84451
20 2903377 rs112606028 0.0017893
20 2903581 rs114458209 0.6853899999999999
20 2903864 rs74597783 0.9209
20 2903971 rs76841757 0.91975
20 2904101 rs73575843 0.31308
20 2904143 rs633284 1.074e-13
20 2904144 rs187700310 0.24206
20 2904190 rs150959718 0.47651000000000004
20 2904302 rs140810419 0.32824000000000003
20 2904318 rs113981701 0.24544000000000002
20 2904327 rs150146649 0.37238000000000004
20 2904465 rs116724838 0.332
20 2904544 rs187724968 0.53033
20 2904768 rs513583 0.006188399999999999
20 2904853 rs35676594 0.18771
20 2904943 rs145603154 0.060424
20 2905153 rs149352145 0.15086
20 2905494 rs143689518 0.87149
20 2906077 rs77524460 0.8681399999999999
20 2906142 rs148118267 0.152
20 2906226 rs147294473 0.27485
20 2906235 rs140958625 0.31356
20 2906418 rs143310703 0.9875
20 2906632 rs117502245 0.32536
20 2906895 rs585040 1.8255e-09
20 2906983 rs6051476 0.15154
20 2907006 rs527727 1.5525999999999998e-09
20 2907044 rs79760362 0.90209
20 2907117 rs13036430 3.6269e-09
20 2907475 rs113388020 0.1219
20 2907580 rs6051477 0.15557
20 2907842 rs144932437 0.33288
20 2907844 rs148632551 0.21827
20 2907998 rs142132641 0.46071999999999996
20 2908029 rs183074004 0.06819700000000001
20 2908121 rs187966697 0.60495
20 2908131 rs79486392 0.060758000000000006
20 2908570 rs55822505 0.9318
20 2908769 rs6051482 1.8532000000000002e-09
20 2908907 rs6051483 1.2879e-09
20 2909290 rs6115728 1.5849000000000002e-09
20 2909439 rs12481203 0.15572
20 2909700 rs112012071 0.6130800000000001
20 2909702 rs146650380 0.23367
20 2910044 rs6084203 0.0089883
20 2910332 rs118149090 0.67733
20 2910645 rs1178040 5.413800000000001e-13
20 2910677 rs78192490 0.73017
20 2910747 rs115133850 0.71922
20 2910827 rs1178041 0.46428
20 2910880 rs6138953 0.62785
20 2910940 rs139265209 0.48768
20 2911767 rs144106358 0.38769000000000003
20 2911856 rs1178042 1.5936e-09
20 2911954 rs75655999 0.49086
20 2912100 rs115208071 0.20442000000000002
20 2912186 rs186095496 0.43226000000000003
20 2912406 rs115906946 0.75331
20 2912773 rs73581738 0.44021000000000005
20 2912947 rs151034895 0.15922999999999998
20 2913701 rs190904493 0.10625
20 2913705 rs77278959 0.85826
20 2914075 rs1178043 1.8384e-13
20 2914105 rs6084204 9.381e-13
20 2914214 rs117395699 0.18885
20 2914669 rs146469123 0.32777
20 2914758 rs1178044 1.9634e-13
20 2914828 rs117845292 0.46886000000000005
20 2914988 rs73581740 0.11406
20 2915379 rs112074062 0.40119
20 2915416 rs28718735 0.98567
20 2915562 rs36052731 1.0488e-12
20 2915955 rs755507554 0.24861999999999998
20 2915964 rs6138954 7.235e-06
20 2916038 rs6037431 0.46026000000000006
20 2916202 rs576082194 0.39566
20 2916474 rs527262295 0.49941
20 2916523 rs8114424 0.013373
20 2917163 rs1178045 0.43715
20 2917227 rs62207192 0.28919
20 2917862 rs144060286 0.035775
20 2918320 rs6084206 1.3059000000000001e-08
20 2918651 rs150559353 0.5697399999999999
20 2918747 rs6084207 0.41736999999999996
20 2918789 rs139593523 0.12713
20 2918894 rs149732415 0.15784
20 2918945 rs145634031 0.82035
20 2918979 rs111634496 0.44056000000000006
20 2919722 rs77681895 0.7851899999999999
20 2920368 rs143732989 0.20177
20 2920651 rs151089086 0.59283
20 2920772 rs115714990 0.44154
20 2920830 rs141046140 0.14931
20 2921026 rs77168804 0.15303
20 2921523 rs6084208 0.012005
20 2921638 rs137903261 0.252
20 2921668 rs371166902 0.23188000000000003
20 2921721 rs113490522 0.43423
20 2921961 rs114422263 0.76589
20 2922971 rs117210446 0.32621
20 2923233 rs139742307 0.32757
20 2923443 rs182979642 0.20059000000000002
20 2923802 rs117718369 0.00089103
20 2924634 rs73581752 0.43293000000000004
20 2924912 rs145253081 0.65203
20 2925332 rs8116179 0.39345
20 2925548 rs114792679 0.42428
20 2925657 rs140709736 0.74437
20 2925667 rs747022405 0.017578
20 2925705 rs115364471 0.68283
20 2925728 rs13038135 5.603199999999999e-09
20 2926354 rs137855825 0.43796999999999997
20 2926829 rs118057307 0.3087
20 2927003 rs73086646 0.012643000000000001
20 2927277 rs149278385 0.13834000000000002
20 2927363 rs1178047 0.46487
20 2927505 rs1178048 4.283899999999999e-09
20 2927796 rs6076448 0.52869
20 2928037 rs147219765 0.43593000000000004
20 2928328 rs142815395 0.3072
20 2928445 rs967789 2.7404e-09
20 2928653 rs569471159 0.50553
20 2928763 rs745913459 0.53162
20 2929270 rs114704725 0.17917
20 2929408 rs6115734 0.27104
20 2929414 rs6037434 0.00071391
20 2929454 rs144462754 0.40762
20 2929551 rs60132298 0.6812199999999999
20 2929689 rs76179312 0.073512
20 2930061 rs115610315 0.80265
20 2930439 rs74696791 0.79833
20 2930502 rs138066820 0.21753000000000003
20 2930770 rs1741731 0.42563
20 2931112 rs6138960 0.71507
20 2931284 rs138953404 0.76937
20 2931696 rs193118357 0.26333
20 2931896 rs117563807 0.9607
20 2931922 rs778000414 0.061265
20 2932053 rs76672576 0.41853999999999997
20 2932286 rs116171505 0.26926
20 2932443 rs139659183 0.21889
20 2932664 rs146614685 0.77049
20 2932968 rs115358945 0.88684
20 2933184 rs114105759 0.79418
20 2933613 rs1178049 0.44619
20 2933912 rs138029073 0.29378000000000004
20 2934036 rs142143352 0.50269
20 2934067 rs570766206 0.41973
20 2934120 rs116845231 0.00058873
20 2934158 rs6138962 3.2186e-06
20 2934260 rs558579071 0.41973
20 2934269 rs141341415 0.32476
20 2934398 rs6138963 4.2077e-13
20 2934589 rs138678623 0.9243899999999999
20 2934623 rs114419150 0.26779000000000003
20 2934689 rs1178050 0.50032
20 2934940 rs183439889 0.09263400000000001
20 2935005 rs192966543 0.22945
20 2935542 rs74891265 0.9990100000000001
20 2936120 rs139597289 0.078713
20 2936204 rs10485604 0.2383
20 2936928 rs118072276 0.31656
20 2936981 rs76642213 0.7298899999999999
20 2937060 rs183826878 0.70504
20 2937112 rs35546589 6.820199999999999e-09
20 2938247 rs114760691 0.28778000000000004
20 2938590 rs6051498 0.14392
20 2938604 rs117181010 0.00080793
20 2938811 rs143583692 0.57252
20 2939613 rs577273499 0.67528
20 2940239 rs11087559 0.76976
20 2940277 rs73581764 0.4482
20 2940278 rs67036767 0.082147
20 2940391 rs1178051 0.41323000000000004
20 2940480 rs139840274 0.2858
20 2940529 rs112806736 0.39185
20 2940565 rs144825278 0.70509
20 2940633 rs73581768 0.49015
20 2941045 rs537695962 0.047679
20 2941132 rs140347055 0.95275
20 2941146 rs534300640 0.15737
20 2941230 rs151172675 0.20692
20 2941267 rs117731947 0.6460100000000001
20 2941440 rs7265376 0.028582
20 2941488 rs116984114 0.31831
20 2941550 rs36082439 0.15578
20 2941587 rs11906085 0.28076
20 2941655 rs1178024 0.36055
20 2941914 rs1178025 5.9952e-13
20 2942004 rs1178026 0.36236999999999997
20 2942096 rs6084219 0.36017
20 2942120 rs78519355 0.63267
20 2942330 rs8119720 0.15953
20 2942455 rs114569608 0.41989
20 2942486 rs2422835 0.36301
20 2942590 rs117429138 0.8324
20 2942811 rs190413293 0.23409000000000002
20 2943179 rs140128665 0.4061
20 2943406 rs73581771 0.88371
20 2943541 rs73086661 0.57594
20 2944520 rs147327436 0.27869
20 2944832 rs28373201 0.34313
20 2944928 rs140259035 0.31194
20 2945027 rs149671617 0.2562
20 2945288 rs3818226 6.0985e-13
20 2945410 rs144456268 0.8740700000000001
20 2945759 rs1178027 0.36651999999999996
20 2945774 rs114564370 0.34501
20 2946314 rs115131846 0.14556
20 2946874 rs150982725 0.20983000000000002
20 2946915 rs185836283 0.21238
20 2946995 rs6084222 0.53257
20 2947203 rs143441363 0.08078300000000001
20 2947258 rs141191570 0.24473000000000003
20 2947919 rs114435185 0.17195
20 2947970 rs6138969 0.76925
20 2947991 rs184237197 0.65747
20 2947992 rs148953209 0.61215
20 2948249 rs143736490 0.14204
20 2949154 rs181056132 0.074667
20 2949376 rs35673291 0.159
20 2949398 rs541450268 0.34696
20 2949955 rs150716088 0.36124
20 2950437 rs189359656 0.13501
20 2950476 rs181657309 0.34975
20 2950558 rs34945836 3.7164e-09
20 2950740 rs146734994 0.14002
20 2950742 rs12625897 3.4371999999999997e-09
20 2951024 rs6138972 0.78927
20 2951325 rs78111680 0.3459
20 2952970 rs539212306 0.07851
20 2953988 rs182912347 0.27092
20 2954002 rs142460490 0.28872
20 2954127 rs76949432 0.33219
20 2954377 rs149429703 0.40626999999999996
20 2955042 rs1178023 0.37895999999999996
20 2955046 rs147970153 0.74438
20 2955103 rs141637326 0.35923
20 2955105 rs145960993 0.35817
20 2955254 rs139854425 0.44086000000000003
20 2955922 rs112807110 0.1276
20 2956084 rs12480170 0.17459000000000002
20 2956251 rs146240913 0.34817
20 2956305 rs73581775 0.40268000000000004
20 2957499 rs73581778 0.39336
20 2957777 rs145336914 0.7449899999999999
20 2957779 rs766359958 0.5723
20 2957899 rs186666187 0.20674
20 2958951 rs190903682 0.44288999999999995
20 2959334 rs150473697 0.26678
20 2959526 rs3827130 2.5112e-12
20 2959560 rs116023447 0.23586
20 2959742 rs138548768 0.332
20 2959906 rs35917867 0.20995999999999998
20 2960160 rs34177904 0.21605
20 2960343 rs6051508 0.37438
20 2960620 rs141744903 0.77545
20 2960876 rs73086668 0.019615999999999998
20 2960933 rs13038702 5.820000000000001e-09
20 2961024 rs6115747 0.33225
20 2961318 rs6138973 0.69468
20 2961319 rs140715306 0.33710999999999997
20 2961408 rs6037443 9.6238e-09
20 2961584 rs537488684 0.07727200000000001
20 2961630 rs114459341 0.70929
20 2961645 rs80113680 0.40861
20 2961873 rs74639016 0.34631999999999996
20 2962004 rs1884891 6.0349e-10
20 2962104 rs6051510 0.42607
20 2962331 rs6138974 3.4056e-05
20 2962590 rs74383235 0.076383
20 2962679 rs138505454 0.84104
20 2962815 rs1178034 5.788999999999999e-14
20 2962917 rs11696687 0.019082
20 2962980 rs149492273 0.48865
20 2963003 rs144026130 0.2619
20 2963101 rs189878598 0.39382
20 2963240 rs142843176 0.28429
20 2963411 rs147433411 0.141
20 2963604 rs144640652 0.24864
20 2964262 rs549399800 0.36927
20 2964327 rs7265682 0.08115900000000001
20 2964502 rs34963539 0.21197
20 2964711 rs150020620 0.1651
20 2964772 rs962439 0.15889
20 2964773 rs563035198 0.74863
20 2964851 rs962440 8.089400000000001e-10
20 2964927 rs962441 0.15248
20 2965329 rs73581784 0.6214
20 2965463 rs78922155 0.73428
20 2965612 rs147991353 0.32175
20 2965752 rs116852959 0.7085600000000001
20 2965806 rs117765690 0.70625
20 2965817 rs73581786 0.41008
20 2966161 rs6138975 0.66433
20 2966188 rs551756299 0.083371
20 2966624 rs147423704 0.30188000000000004
20 2966893 rs6037444 0.15437
20 2967870 rs142868860 0.26428
20 2968110 rs74893620 0.66472
20 2968648 rs368070057 0.9577
20 2968936 rs146853356 0.24343
20 2969015 rs61742610 0.1831
20 2969081 rs61742722 0.27011999999999997
20 2969394 rs144892516 0.02833
20 2970000 rs147805495 0.00042996
20 2970296 rs6132998 0.78983
20 2970332 rs4813622 0.085384
20 2970369 rs77093394 0.11669000000000002
20 2970390 rs4813623 0.11298
20 2970402 rs141761763 0.76847
20 2970408 rs190172940 0.00067053
20 2970430 rs371359506 0.00089577
20 2970435 rs560634448 0.00068866
20 2970509 20:2970509_A_G 0.37111
20 2970985 rs73581790 0.3336
20 2971011 rs142053518 0.3995
20 2971163 rs79994032 0.81179
20 2971574 rs78458087 0.37041999999999997
20 2971882 rs6051514 0.16605
20 2971904 rs139451689 0.058497
20 2972057 rs6051515 0.16489
20 2972644 rs568560782 0.30675
20 2972663 rs116328155 0.20324
20 2973119 rs6076452 5.7395e-13
20 2973199 rs6076453 5.609100000000001e-13
20 2973392 rs147613749 0.78513
20 2973493 rs73581791 0.42771000000000003
20 2974035 rs1178037 0.2895
20 2974579 rs79415576 0.023584
20 2974801 rs114974445 0.63194
20 2974887 rs116635089 0.16927999999999999
20 2975069 rs60040561 0.72112
20 2975631 rs7508908 0.36325999999999997
20 2976386 rs77441149 0.68383
20 2976725 rs144349842 0.2153
20 2976818 rs117962963 0.027815
20 2977537 rs6051518 1.0577e-12
20 2977581 rs75495404 0.13712
20 2977611 rs1178038 0.32054
20 2978633 rs181642267 0.18095
20 2978635 rs530602777 0.17196
20 2978928 rs6084229 1.1947e-14
20 2978969 rs778090537 0.24042
20 2979053 rs78221943 0.8116800000000001
20 2979141 rs6037452 2.6816e-08
20 2979156 rs1178039 4.5039e-09
20 2979215 rs6037454 0.18159
20 2979433 rs140816127 0.3904
20 2979846 rs115458087 0.13402
20 2980701 rs182704706 0.4073
20 2980721 rs148891605 0.26383
20 2980871 rs138809198 0.25784
20 2981354 rs12481535 8.265799999999999e-13
20 2981388 rs12480069 8.4475e-13
20 2981604 rs8124141 0.2489
20 2981636 rs141900350 0.40348
20 2981750 rs13037313 1.4351e-08
20 2981922 rs73583850 0.36991999999999997
20 2981948 rs143312746 0.40462
20 2982482 rs6051522 0.17354
20 2982521 rs1178032 0.3392
20 2982743 rs79402271 0.17214000000000002
20 2982923 rs139435802 0.38878
20 2983398 rs189228430 0.21658000000000002
20 2984150 rs79285130 0.7732100000000001
20 2984703 rs1178033 0.28547
20 2984773 rs140341877 0.17168
20 2984813 rs58156936 0.90135
20 2984854 rs146526220 0.71358
20 2984940 rs187711821 0.18616
20 2984955 rs6132999 0.94653
20 2984959 rs6133000 0.71258
20 2984960 rs1963274 1.0289e-12
20 2985375 rs557542408 0.49467
20 2985533 rs3746692 0.92999
20 2985535 rs118056492 0.32485
20 2985906 rs149152379 0.99015
20 2985949 rs113574767 0.02164
20 2985983 rs148348236 0.24891
20 2986286 rs138521672 0.26574000000000003
20 2986602 rs73583853 0.39876
20 2986918 rs115116337 0.048407
20 2986964 rs36103850 0.05264099999999999
20 2987337 rs6138976 0.71333
20 2987515 rs191386051 0.0072964
20 2987575 rs111972080 0.39685
20 2987855 rs116943207 0.30337
20 2988078 rs139283654 0.38556
20 2988602 rs143488104 0.076487
20 2988876 rs140958155 0.41568
20 2988930 rs6138978 5.5228e-08
20 2989261 rs117964004 0.34784
20 2989278 rs145775318 0.17172
20 2989339 rs186321983 0.24533000000000002
20 2989420 rs549661534 0.072648
20 2989506 rs4308171 9.7606e-13
20 2989660 rs74886225 0.64558
20 2989814 rs16988197 0.19626
20 2990059 rs117535407 0.30927
20 2990104 rs75990124 0.8210200000000001
20 2990206 rs6084231 9.0068e-13
20 2990333 rs6138979 0.72436
20 2990557 rs1178029 0.24181
20 2990573 rs115158233 0.8294299999999999
20 2990625 rs73583859 0.42927
20 2990783 rs138482979 0.10012
20 2990820 rs115108408 0.17157999999999998
20 2991143 rs143416283 0.43758
20 2991268 rs1178030 6.1945e-08
20 2991437 rs139163500 0.073805
20 2991552 rs6051526 0.19204000000000002
20 2991560 rs6133002 1.1383e-07
20 2991725 rs193207934 0.69203
20 2992085 rs16988201 0.9736799999999999
20 2992195 rs142467245 0.17889000000000002
20 2992291 rs116979362 0.30787
20 2992428 rs34499110 0.11307
20 2992446 rs911143 4.1762e-14
20 2992659 rs73086682 0.16693
20 2992928 rs1178031 2.3658e-14
20 2992989 rs114921296 0.07373099999999999
20 2993649 rs2326053 4.1681e-14
20 2993798 rs78587065 0.37155
20 2993847 rs192025248 0.9430200000000001
20 2994151 rs57982215 0.47893
20 2994279 rs190082935 0.9263299999999999
20 2994534 rs10485605 0.42627
20 2994572 rs6133003 0.9388
20 2994616 rs77881030 0.39258000000000004
20 2994649 rs16988217 0.42496000000000006
20 2994665 rs186967929 0.17197
20 2994966 rs73583875 0.13452
20 2995392 rs6515756 0.0015949000000000002
20 2995770 rs116388138 0.39305999999999996
20 2996114 rs184210494 0.60355
20 2996423 rs1178015 2.2728999999999998e-14
20 2996462 rs200279722 0.39127
20 2996497 rs1178016 2.3879e-14
20 2996781 rs7264982 0.46887
20 2997115 rs61396321 4.7087e-05
20 2998219 rs75356450 0.34759
20 2998328 rs11908366 0.26881
20 2998350 rs1474979 0.43428
20 2998368 rs115016892 0.2116
20 2998845 rs490705 3.3822e-14
20 2998977 rs552822889 0.38798
20 2999744 rs528763162 0.06595
20 2999748 rs547238786 0.59019
20 2999782 rs548259100 0.32531
20 2999826 rs111527368 0.2737
20 3000082 rs575610761 0.17993
20 3000731 rs193026675 0.65062
20 3000856 rs1178053 1.7622e-13
20 3000879 rs1178054 2.0537e-14
20 3000902 rs140578961 0.14476
20 3000903 rs1178055 4.2267e-14
20 3001036 rs12480786 0.19730999999999999
20 3001343 rs490535 3.8238e-08
20 3001346 rs618142 1.1473e-13
20 3001373 rs140835740 0.030249
20 3001384 rs144649613 0.41053999999999996
20 3001392 rs189487595 0.29895
20 3001638 rs58747819 0.7153
20 3001932 rs200735006 0.54743
20 3002432 rs633293 2.5559e-14
20 3002512 rs76307441 0.84195
20 3002889 rs544090 3.88e-14
20 3003027 rs2277756 0.0011409
20 3003812 rs148034279 0.62849
20 3003839 rs6076461 0.15508
20 3003894 rs513890 2.8579e-14
20 3003965 rs73583884 0.13499
20 3004021 rs512866 3.9713e-14
20 3004099 rs139852576 0.31063
20 3005037 rs116552285 0.17210999999999999
20 3005413 rs568235 2.6538e-14
20 3005713 rs111585888 0.098488
20 3006077 rs6138981 2.205e-05
20 3006125 rs146643736 0.46421999999999997
20 3006722 rs184871866 0.024048
20 3006878 rs141448917 0.8167800000000001
20 3007193 rs6138982 6.2672e-08
20 3007228 rs571058 1.8568e-14
20 3007311 rs45605233 0.95001
20 3007492 rs599538 2.7648e-14
20 3007885 rs185018035 0.092019
20 3007983 rs768481258 0.23811999999999997
20 3008239 rs613309 4.9543e-14
20 3008258 rs533675608 0.020565
20 3008448 rs6133005 0.71205
20 3008599 rs114715731 0.87375
20 3008601 rs756961128 0.0064713999999999995
20 3008635 rs142903025 0.05998
20 3008712 rs117731415 0.31353000000000003
20 3008775 rs615568 4.2063000000000005e-15
20 3008909 rs4574173 1.5391e-05
20 3009113 rs57515603 0.37682
20 3009170 rs80123361 0.18892
20 3009218 rs184999609 0.14064000000000002
20 3009449 rs112851859 0.23936999999999997
20 3009509 rs507873 3.8605e-14
20 3009529 rs6051538 0.6469
20 3009669 rs637555 2.9663e-14
20 3009915 rs528597789 0.051641
20 3009918 rs638862 2.9207999999999997e-14
20 3010082 rs73086697 0.54966
20 3010144 rs144370950 0.38843
20 3010269 rs146610944 0.36108
20 3010489 rs6037456 0.19443
20 3010623 rs140160115 0.29119
20 3010965 rs3787479 0.36611
20 3011069 rs6037457 0.20719
20 3011128 rs148834245 0.33566
20 3011175 rs561059 7.3403e-14
20 3011188 rs654750 7.7988e-14
20 3011302 rs114043010 0.64337
20 3011518 rs12480076 0.46026000000000006
20 3011568 rs143487623 0.6433800000000001
20 3011652 rs117899274 0.32548
20 3011980 rs574887975 0.74082
20 3012510 rs73585958 0.08533400000000001
20 3012557 rs79568377 0.34310999999999997
20 3012559 rs118026467 0.85554
20 3012815 rs6076463 4.7473e-06
20 3012819 rs117398581 0.33524
20 3013136 rs500809 0.021344
20 3013139 rs684294 0.15232
20 3013146 rs573951095 0.25351
20 3013361 rs184045673 0.026773
20 3013473 rs67597752 0.43998000000000004
20 3013651 rs7262038 0.0022273
20 3013720 rs571809361 0.35763
20 3013846 rs73585966 0.089818
20 3014166 rs150391849 0.097808
20 3014212 rs34093361 0.26671
20 3014314 rs138214601 0.7318899999999999
20 3014502 rs142846631 0.12772999999999998
20 3015298 rs146103306 0.4168
20 3015367 rs76470722 0.52769
20 3016604 rs113156845 0.68303
20 3016895 rs3787480 0.0016912
20 3016904 rs568513 9.1588e-08
20 3017113 rs566570 9.656499999999999e-08
20 3017650 rs78624818 0.54188
20 3017674 rs561843 4.8327e-14
20 3018279 rs12480089 0.54895
20 3018280 rs6138986 0.8715799999999999
20 3018330 rs6084235 0.0036683999999999996
20 3018782 rs6138987 0.77833
20 3019546 rs15659 1.3872e-08
20 3019808 rs143208849 0.28126
20 3019957 rs8125955 0.0026181999999999998
20 3020090 rs2296236 0.0023113000000000005
20 3020336 rs114370317 0.46048
20 3020553 rs6138988 2.0164e-08
20 3020954 rs373126490 0.11713
20 3021137 rs6115763 0.0053121
20 3021399 rs138298306 0.1728
20 3021604 rs6138989 1.4832e-08
20 3022190 rs77873321 0.026396
20 3022464 rs77729729 0.91432
20 3022578 rs150982316 0.078443
20 3022618 rs6138990 0.0020169
20 3023022 rs3761243 0.54504
20 3023181 rs3761244 0.002003
20 3023439 rs144947780 0.39003000000000004
20 3024070 rs6138991 0.48127
20 3024103 rs35505044 0.0026382
20 3024205 rs533914532 0.24345
20 3024280 rs6084240 0.0018667000000000002
20 3024372 rs6138992 0.7541899999999999
20 3024914 rs6115764 0.0028090999999999997
20 3025107 rs6051545 0.0014791
20 3025330 rs61729220 0.75003
20 3025358 rs368671021 0.77805
20 3025389 rs115742898 0.5828399999999999
20 3026069 rs676749 1.0092999999999999e-13
20 3026113 rs772844535 0.64763
20 3026238 rs6138994 0.00183
20 3026254 rs16988234 0.50443
20 3026415 rs8184100 0.0027559
20 3026502 rs77105961 0.073871
20 3026531 rs16988242 1.5776e-08
20 3026606 rs369635435 0.16867000000000001
20 3026935 rs75638168 0.34292
20 3026980 rs185033870 0.067231
20 3027188 rs533555228 0.53693
20 3027220 rs2277757 1.0327e-07
20 3027392 rs377400701 0.86977
20 3027573 rs78877981 0.44141
20 3027660 rs114365160 0.33981999999999996
20 3027797 rs567280381 0.11894
20 3027917 rs143969270 0.38819000000000004
20 3027978 rs6133008 0.8456100000000001
20 3028071 rs116897578 0.8377399999999999
20 3028073 rs114932680 0.72582
20 3028132 rs11908301 0.9756600000000001
20 3028412 rs145195220 0.32191
20 3028446 rs41281234 0.96168
20 3028645 rs542513135 0.44595
20 3028714 rs1101 3.1766e-05
20 3028738 rs115545056 0.020298
20 3028762 rs180740190 0.89733
20 3028774 rs41281236 0.34797
20 3028961 rs116803746 0.21568
20 3029688 rs6037461 0.23455
20 3029699 rs13040512 0.4316
20 3029798 rs146679537 0.17643
20 3030940 rs139350462 0.303
20 3031496 rs116982450 0.4848
20 3031832 rs1034063 0.0029924
20 3032085 rs113989054 0.46393
20 3032272 rs6037463 0.33287
20 3032589 rs577624061 0.06866
20 3032720 rs138311397 0.3726
20 3033175 rs2326054 0.013491999999999999
20 3033259 rs12625893 5.9847e-05
20 3033391 rs141628613 0.5673600000000001
20 3033540 rs146224201 0.78094
20 3033657 rs6037465 0.5827100000000001
20 3033672 rs6037466 0.5360199999999999
20 3033793 rs113602641 0.31823
20 3034048 rs6076466 0.35862
20 3034099 rs62206061 0.021998
20 3034549 rs6084243 0.34162
20 3034916 rs6107224 0.3663
20 3035406 rs4815558 0.014493
20 3035513 rs6037468 0.78532
20 3035689 rs4815559 0.82153
20 3035797 rs4815560 0.8106
20 3036033 rs4815561 0.8696799999999999
20 3036198 rs6051553 0.7540100000000001
20 3036457 rs11697448 0.44338999999999995
20 3036481 rs56344714 0.80521
20 3037160 rs2094601 0.19684000000000001
20 3037480 rs142467522 0.36064
20 3037511 rs2326055 0.20717
20 3037596 rs6051557 0.42523999999999995
20 3037607 rs2326056 0.49899
20 3038402 rs67168902 0.02078
20 3039115 rs8184236 0.75208
20 3039357 rs7264448 0.78072
20 3039359 rs7271085 0.7515
20 3039819 rs6084246 0.27428
20 3040571 rs368323195 0.42807
20 3040846 rs6084247 0.010569
20 3041052 rs6076469 0.78863
20 3041122 rs35004585 0.009817399999999999
20 3044891 rs7271228 0.14035
20 3045103 rs7267296 0.15994
20 3045988 rs6076470 0.31854
20 3046062 rs6084253 0.34656
20 3046312 rs59478431 0.76212
20 3052586 rs111869749 0.50358
20 3053255 rs2740210 0.6250899999999999
20 3053496 rs2740209 0.95515
20 3053514 rs2770378 0.6420399999999999
20 3053893 rs75833985 0.071358
20 3053969 rs74825322 0.1154
20 3054033 rs2875830 0.84724
20 3054507 rs2770379 0.93368
20 3054516 rs2740206 0.9733200000000001
20 3054520 rs76462708 0.076221
20 3054649 rs6051570 0.39446
20 3055513 rs4813627 0.9304399999999999
20 3056180 rs2740203 0.68753
20 3056344 rs117803332 0.084444
20 3056686 rs2740201 0.5652
20 3057127 rs2740198 0.6189899999999999
20 3057172 rs4815564 0.26016
20 3057258 rs2740197 0.47221
20 3058899 rs73890841 0.8485299999999999
20 3059039 rs6051571 0.13626
20 3059364 rs2740194 0.68145
20 3059372 rs2740193 0.75334
20 3059396 rs2740192 0.59753
20 3059441 rs140498186 0.89835
20 3059520 rs2740191 0.7698699999999999
20 3060218 rs59861829 0.98859
20 3060350 rs1410713 0.7633
20 3060738 rs6037479 0.8436299999999999
20 3060786 rs6051573 0.8251
20 3061431 rs73088761 0.7390100000000001
20 3061436 rs2740185 0.5999
20 3061508 rs73072905 0.74121
20 3061590 rs752008764 0.8593700000000001
20 3061917 rs73072906 0.72301
20 3061919 rs61678319 0.74016
20 3061986 rs2770381 0.58901
20 3062467 rs2740204 0.80586
20 3063161 rs1887854 0.67242
20 3064110 rs3787482 0.51815
20 3064949 rs2282018 0.35955
20 3065547 rs3729965 0.24100000000000002
20 3066362 rs3761249 0.66075
20 3067428 rs6037482 0.2371
20 3068580 rs6051577 0.22956
20 3070571 rs6084264 0.40619
