CHR BP SNP P
1 24032921 rs181734378 0.63726
1 24033193 rs191006671 0.61538
1 24033357 1:24033357_C_T 0.9305
1 24033627 rs112412996 0.29758
1 24033634 rs72663279 0.13685
1 24033638 rs116839338 0.5818
1 24033745 rs183153551 0.1471
1 24033834 rs367872125 0.82675
1 24035051 rs74062773 0.71282
1 24035192 rs115973974 0.41608
1 24035414 rs113788314 0.84644
1 24035538 rs192411589 0.43325
1 24035599 rs139164514 0.28916
1 24035631 rs149394916 0.19889
1 24035658 rs189627358 0.64618
1 24036329 rs114484503 0.5744199999999999
1 24036485 rs71640808 0.23035
1 24036504 rs72872117 0.94899
1 24036607 rs114882146 0.31272
1 24037292 rs34005078 0.24841
1 24037342 rs578192570 0.75963
1 24037678 rs35744653 0.20604
1 24037715 rs34123505 0.21941
1 24037818 rs72872119 0.76523
1 24038221 rs75096850 0.32874000000000003
1 24038231 rs11577033 0.20934
1 24039147 rs191162406 0.6618
1 24039173 rs12121852 0.14005
1 24039252 rs112732932 0.53127
1 24039279 rs115057462 0.42636999999999997
1 24039605 rs2813878 1.0459000000000001e-13
1 24039692 rs12353965 0.0077452
1 24039706 rs1980476 1.9765e-16
1 24040266 rs622770 1.0992999999999999e-13
1 24040582 rs145258151 0.07083300000000001
1 24040959 rs192561868 0.81557
1 24041201 rs191713487 0.8498100000000001
1 24041265 rs116547742 0.034016000000000005
1 24041805 rs114248686 0.01524
1 24042567 rs12730428 0.19949
1 24042811 rs671565 9.614799999999998e-17
1 24043445 rs658387 1.0641e-16
1 24043672 rs568021 9.3311e-14
1 24043985 rs985086 8.5435e-14
1 24044041 rs116313668 0.39789
1 24044104 rs144482250 0.7700199999999999
1 24044265 rs59959696 0.9962200000000001
1 24044273 rs77010252 0.32372
1 24044511 rs12031862 0.77564
1 24044613 rs114751291 0.61828
1 24045255 rs144508430 0.15349000000000002
1 24045470 rs76389860 0.77961
1 24045820 rs519202 1.0338e-16
1 24045891 rs116717579 0.62131
1 24046378 rs114135305 0.44477
1 24046489 rs59883729 0.77246
1 24046764 rs115083485 0.14874
1 24046799 rs6699696 0.2169
1 24047599 rs141134054 0.45161
1 24047720 rs150722105 0.49523
1 24048031 rs143521882 0.76152
1 24048296 rs13374680 0.73201
1 24048838 rs147177453 0.48703
1 24049019 rs140480359 0.14862
1 24049102 rs112002514 0.84057
1 24049595 rs561733 9.5061e-17
1 24049924 rs2492600 1.1229e-16
1 24050239 rs2999565 8.5961e-17
1 24050670 rs140650634 0.13908
1 24050735 rs2473378 1.0915e-16
1 24050797 rs138306372 0.53271
1 24051046 rs28433212 0.17987999999999998
1 24051124 rs2999566 8.8434e-17
1 24051396 rs188235577 0.9093200000000001
1 24051446 rs143418265 0.014769
1 24051717 rs9424391 0.15972999999999998
1 24051924 rs138737223 0.39599
1 24052252 rs568948700 0.9835799999999999
1 24052321 rs150771712 0.83955
1 24052380 rs139171871 0.59544
1 24052590 rs71640811 0.19902
1 24052653 rs72663282 0.11942
1 24052861 rs538663162 0.79499
1 24053094 rs146806606 0.43865
1 24053465 rs571479 0.00029610000000000004
1 24053674 rs573361 8.4074e-17
1 24053854 rs12078801 0.09162000000000001
1 24054596 rs116124440 0.12075999999999999
1 24054800 rs1737362 8.8623e-17
1 24055718 rs586173 1.2596e-16
1 24055946 rs116017844 0.13963
1 24056214 rs138696048 0.15735
1 24056283 rs149270510 0.15774000000000002
1 24056439 rs143519162 0.058047
1 24057149 rs141748545 0.49466000000000004
1 24058031 rs9727570 0.9441299999999999
1 24058091 rs139279828 0.75147
1 24058167 rs201066326 0.5616899999999999
1 24058449 rs2492599 5.7346e-17
1 24058488 rs10917419 0.025755
1 24058551 rs144837754 0.15859
1 24058815 rs141859223 0.020626
1 24059076 rs79404684 0.94825
1 24059370 rs184445967 0.17437
1 24059400 rs140127533 0.40594
1 24059458 rs111681698 0.91227
1 24059594 rs137993486 0.68448
1 24059856 rs80301205 0.66005
1 24060049 rs149501503 0.17265999999999998
1 24060484 rs72663285 0.16299
1 24061062 rs61777344 4.4935e-05
1 24061063 rs145280185 0.13473
1 24061379 rs115127495 0.50437
1 24061556 rs567603170 0.11965
1 24061893 rs114165961 0.049178
1 24062533 rs190601461 0.1504
1 24062615 rs141848164 0.87341
1 24062706 rs186001532 0.07451
1 24062804 rs141855861 0.53075
1 24062963 rs114756615 0.16838
1 24062978 rs115316190 0.0054653
1 24062987 rs10917420 6.382100000000001e-15
1 24063414 rs7513701 0.61865
1 24063547 rs546184585 0.8183
1 24063886 rs59838982 0.11037999999999999
1 24064002 rs115106269 0.40839000000000003
1 24064229 rs113398081 0.97851
1 24064294 rs140126566 0.46425
1 24064459 rs112847235 0.0061064
1 24065182 rs145422027 0.9070799999999999
1 24065199 rs543762303 0.17742
1 24065348 rs142519475 0.16787
1 24065738 rs185275603 0.61351
1 24065770 rs11576333 6.102399999999999e-15
1 24066042 rs138662555 0.12843
1 24066207 rs140360549 0.49486
1 24066225 rs145539476 0.1354
1 24066450 rs185624263 0.68581
1 24066486 rs34845821 6.3066e-15
1 24066686 rs546635526 0.28038
1 24066740 rs627451 0.92096
1 24066778 rs180862739 0.4353
1 24066910 rs12082331 0.20601
1 24067143 rs55897485 0.44023
1 24067144 rs12739781 0.23703000000000002
1 24067145 rs115118563 0.8094899999999999
1 24067157 rs188522889 0.11619000000000002
1 24067306 rs59251636 0.93035
1 24067558 rs182272264 0.50437
1 24067738 rs140059772 0.16434
1 24067915 rs536391745 0.8426299999999999
1 24068184 rs61777347 0.00025561
1 24068544 rs2267960 1.7828e-15
1 24068711 rs77074569 0.41016
1 24068721 rs115132445 0.41266
1 24068741 rs79155243 0.36216
1 24068780 rs182265022 0.8472700000000001
1 24068943 rs75453020 0.21984
1 24069564 rs188532692 0.026025
1 24069637 rs7519640 1.5897e-15
1 24069712 rs563082501 0.8252700000000001
1 24070084 rs185512297 0.12558
1 24070851 rs3934189 0.92732
1 24071048 rs2267961 1.0527e-14
1 24071077 rs143560339 0.41502
1 24071170 rs12088267 0.12427
1 24071171 rs12084665 0.98357
1 24071296 rs140880078 0.40909
1 24071658 rs75914503 0.15718
1 24071939 rs147475778 0.44676000000000005
1 24072355 rs550850 0.0026444000000000003
1 24073081 rs557227 0.34741
1 24073312 rs72872154 0.77213
1 24073325 rs148783117 0.1656
1 24073436 rs115507687 0.4407
1 24073725 rs59935745 0.71578
1 24073803 rs59577632 0.59688
1 24074044 rs72872156 0.9739200000000001
1 24074386 rs78417726 0.7511399999999999
1 24074538 rs116158450 0.75243
1 24074669 rs76388042 0.07774099999999999
1 24074691 rs78411344 0.15804
1 24074906 rs76831140 0.24488000000000001
1 24074915 rs80313183 0.98336
1 24075122 rs75387112 0.45419
1 24075397 rs115198669 0.23365999999999998
1 24075630 rs77534608 0.17482
1 24075678 rs115868923 0.37908000000000003
1 24075876 rs2294495 1.0362999999999999e-14
1 24075965 rs114831707 0.54376
1 24076043 rs79449132 0.24494000000000002
1 24076119 rs149916668 0.072407
1 24076867 rs149094024 0.59972
1 24077284 rs72872157 0.94532
1 24077388 rs142849555 0.38021
1 24077451 rs2235541 8.1734e-06
1 24077512 rs34390860 0.16276
1 24077554 rs35397069 0.9384
1 24077656 rs143173872 0.5098699999999999
1 24077943 rs139059717 0.83099
1 24077957 rs35797868 0.0044201
1 24077987 rs520713 0.84477
1 24078234 rs34394004 0.9063200000000001
1 24078372 rs141899107 0.9402299999999999
1 24078688 rs115932206 0.5937100000000001
1 24078962 rs114897920 0.7862399999999999
1 24079170 rs572805225 0.82399
1 24079193 rs34032899 0.25106999999999996
1 24079868 rs78608591 0.77899
1 24080384 rs72663289 0.18039000000000002
1 24080411 rs12093683 0.94121
1 24080844 rs79896185 0.07471799999999999
1 24081073 rs573289294 0.039687
1 24081575 rs74860937 0.22559
1 24081792 rs74344401 0.12674000000000002
1 24081858 rs182602027 0.8779399999999999
1 24082022 rs139132766 0.2336
1 24082164 rs12091764 0.9388700000000001
1 24082286 rs10917422 9.5004e-15
1 24082402 rs78642828 0.26718000000000003
1 24082466 rs202158596 0.1005
1 24083329 rs76386070 0.5070399999999999
1 24083485 rs80088758 0.1447
1 24083494 rs2076345 9.4337e-15
1 24083649 rs2076346 0.00033656
1 24083894 rs2473379 0.82831
1 24083974 rs148331455 0.91885
1 24084210 rs145808583 0.8994700000000001
1 24084235 rs138448626 0.0072669
1 24084288 rs114965139 0.99346
1 24084507 rs146162476 0.98746
1 24084678 rs115376762 0.5119
1 24084985 rs190411456 0.23048000000000002
1 24085028 rs61779463 0.00022318
1 24085063 rs10917423 1.9764e-10
1 24085433 rs57292498 0.77463
1 24085472 rs115695725 0.24286
1 24085487 rs60189071 0.40063000000000004
1 24085518 rs57171760 0.42938000000000004
1 24085632 rs116641191 0.46071000000000006
1 24085640 rs77781949 0.79797
1 24086577 rs139707527 0.15975999999999999
1 24086581 rs79156976 0.47789
1 24086597 rs77234707 0.46686000000000005
1 24086736 rs147648898 0.08193500000000001
1 24086799 rs114537313 0.11047
1 24086810 rs140922177 0.047623
1 24087020 rs1000213 0.19548
1 24087158 rs1000212 0.36596
1 24087184 rs1000211 0.70578
1 24087267 rs148956466 0.35433000000000003
1 24087768 rs41307812 0.8342299999999999
1 24087849 rs77646517 0.20272
1 24088128 rs1045017 7.5924e-09
1 24088241 rs141607279 0.82535
1 24088447 rs150510109 0.94025
1 24088607 rs142747853 0.028560000000000002
1 24088765 rs79354875 0.9456399999999999
1 24088836 rs72872162 0.87605
1 24088924 rs555489 0.8397600000000001
1 24089391 rs114295925 0.7398100000000001
1 24089822 rs75144382 0.52885
1 24089832 rs190219435 0.83144
1 24090589 rs141331594 0.9864299999999999
1 24090600 rs12059520 0.92974
1 24091204 rs138918755 0.67185
1 24091598 rs143841010 0.9191600000000001
1 24091654 rs115782015 0.63188
1 24091933 rs148189838 0.62712
1 24092662 rs142713721 0.90745
1 24092683 rs182034907 0.73064
1 24092739 rs146950082 0.62387
1 24093036 rs182063808 0.66818
1 24093040 rs185163476 0.8138
1 24093273 rs56807242 0.75558
1 24093414 rs150563728 0.12753
1 24093586 rs139595606 0.22368000000000002
1 24093613 rs149319324 0.12765
1 24093637 rs144637654 0.1393
1 24093733 rs144210463 0.6106600000000001
1 24093834 rs376343910 0.22436
1 24093941 rs10157566 0.9464100000000001
1 24093950 rs188332588 0.48688000000000003
1 24094483 rs60626110 0.9768399999999999
1 24095299 rs114138556 0.6983
1 24095576 rs140569782 0.49371000000000004
1 24095911 rs145419241 0.23935
1 24096130 rs146934197 0.11762
1 24096366 rs11802707 0.24376
1 24096506 rs184601170 0.31977
1 24096602 rs192755635 0.44556
1 24098609 rs115243578 0.24369000000000002
1 24098676 rs113389484 0.80976
1 24099498 rs114353255 0.15548
1 24099626 rs115319182 0.23026999999999997
1 24099882 rs147735328 0.7320300000000001
1 24100211 rs142644052 0.67588
1 24100223 rs7514394 6.9228000000000005e-22
1 24100270 rs192634743 0.85159
1 24100399 rs146917770 0.33616
1 24100651 rs187757966 0.4951
1 24100808 rs116519024 0.23189
1 24101155 rs116014395 0.19427
1 24101205 rs116314005 0.25048000000000004
1 24101316 rs188971674 0.23788
1 24101317 1:24101317_G_A 0.42202
1 24102069 rs138076050 0.35896999999999996
1 24102080 rs11591202 2.6410999999999997e-16
1 24102388 rs186047476 0.25131
1 24103077 rs59958358 0.8306899999999999
1 24103136 rs115040354 0.24916999999999997
1 24103183 rs6673991 0.25998000000000004
1 24103882 rs72872169 0.8221700000000001
1 24103947 rs190930641 0.38423
1 24104295 rs113250819 0.8372200000000001
1 24104301 rs149023683 0.19684000000000001
1 24104557 rs543840309 0.60812
1 24104621 rs114109053 0.20455
1 24104690 rs187657515 0.20339000000000002
1 24104910 rs56743324 0.7575
1 24104927 rs573277041 0.1135
1 24105295 rs115234608 0.12264000000000001
1 24105442 rs141039692 0.14901
1 24105533 rs2502984 0.0022249
1 24106307 rs201982485 0.82934
1 24106823 rs115220254 0.13877
1 24107083 rs141889340 0.21125
1 24107194 rs140888192 0.77086
1 24107208 rs725119 0.0020859999999999997
1 24107353 rs186975007 0.26177
1 24107628 rs59227053 0.7016100000000001
1 24107878 rs115045027 0.22655
1 24108050 rs78498045 0.14969000000000002
1 24108516 rs182711897 0.5130899999999999
1 24108635 rs115798549 0.16329000000000002
1 24108683 rs10917425 7.9268e-22
1 24109007 rs116227140 0.8077
1 24109039 rs72872172 0.8741399999999999
1 24109389 rs188709693 0.69872
1 24109434 rs116747454 0.0014667999999999999
1 24109889 rs561072769 0.36185
1 24109956 rs150387735 0.99256
1 24109965 rs116711635 0.1948
1 24110197 rs185152191 0.0038104999999999997
1 24110272 rs149567639 0.047766
1 24110816 rs549325131 0.045718
1 24110866 rs112328735 0.88866
1 24111528 rs76579824 0.6195
1 24111619 rs74062783 0.44546
1 24112074 rs186459237 0.10819000000000001
1 24112494 rs59619777 0.31159000000000003
1 24112522 rs576501751 0.69671
1 24112696 rs2473381 0.15979000000000002
1 24113164 rs185136292 0.21356
1 24113237 rs181774095 0.26238
1 24113666 rs547439557 0.27987
1 24113824 rs1046924 0.8765299999999999
1 24114082 rs115741631 0.77455
1 24114129 rs4237 6.645e-22
1 24114229 rs114840621 0.18627
1 24114333 rs151013566 0.61863
1 24114987 rs4375317 0.64455
1 24115798 rs75259365 0.71686
1 24115832 rs115182190 0.21439
1 24115898 rs192624635 0.5868899999999999
1 24116219 rs566206997 0.33205999999999997
1 24117090 rs116007543 0.8115600000000001
1 24117582 rs2232975 0.97664
1 24117835 rs2502985 0.0020649
1 24119071 rs2232976 0.26036
1 24119131 rs116282129 0.19971
1 24119383 rs2232979 0.13559000000000002
1 24119473 rs2232981 0.62835
1 24119627 rs2232982 0.082231
1 24119763 rs189482841 0.67755
1 24120125 rs143256342 0.007612699999999999
1 24120708 rs368029862 0.8246100000000001
1 24121323 rs2232985 0.43905
1 24121378 rs2232986 0.54808
1 24121601 rs1063433 0.0019038
1 24121806 rs145040732 0.95036
1 24121953 rs74062786 0.5301600000000001
1 24122673 rs28940885 0.4199
1 24122717 rs143694860 0.70445
1 24122910 rs115232549 0.67583
1 24123212 rs28940884 0.98377
1 24123352 rs6692104 0.86875
1 24123833 rs571457729 0.31292
1 24124065 rs116800971 0.27101
1 24124497 rs72872175 0.87598
1 24124821 rs112486608 0.87761
1 24125094 rs201276934 0.31861999999999996
1 24125739 rs564942593 0.21761
1 24125796 rs28479279 0.13055
1 24125977 rs2473382 0.15532
1 24126522 rs72872180 0.87961
1 24126891 rs113324056 0.0049287
1 24126961 rs566996145 0.048295
1 24127660 rs12041159 0.12524000000000002
1 24127864 rs12031592 3.4352999999999993e-22
1 24128446 rs74062787 0.36428
1 24128467 rs11714 0.0019906
1 24129126 rs2076343 1.8916e-16
1 24129186 rs12131539 0.29241999999999996
1 24129373 rs558667817 0.37055
1 24129540 rs72872182 0.78647
1 24129617 rs140475877 0.0018495999999999999
1 24129626 rs113589455 0.78223
1 24129999 rs77025948 0.26711999999999997
1 24130358 rs78757631 0.91919
1 24130623 rs560523003 0.21364
1 24130694 rs551491388 0.6874399999999999
1 24130812 rs114249277 0.44845
1 24131670 rs2473374 0.7467699999999999
1 24131780 rs115948034 0.67186
1 24132010 rs553467688 0.021772
1 24132305 rs2256179 3.4639999999999997e-22
1 24132739 rs116781032 0.14828
1 24132785 rs974698 2.4986e-22
1 24132901 rs74062788 0.37235999999999997
1 24133612 rs1018396 2.9918e-22
1 24133876 rs74062789 0.36969
1 24133943 rs116504781 0.43221000000000004
1 24134007 rs74062790 0.83562
1 24134423 rs559163823 0.51046
1 24134462 rs719399 0.0020036
1 24134474 rs144335301 0.39155999999999996
1 24134721 rs719400 0.0019093
1 24135052 rs150263510 0.43156000000000005
1 24135292 rs2502986 3.4325e-22
1 24136007 rs6679378 2.5169e-22
1 24136024 rs149022307 0.21038
1 24136545 rs2473375 7.0369e-22
1 24136811 rs61158616 0.77785
1 24137451 rs114665713 0.20949
1 24138223 rs575741151 0.021772
1 24138250 rs58625467 0.27451
1 24138955 rs76362899 0.35791999999999996
1 24139284 rs2473376 0.84754
1 24139436 rs2281181 1.0298e-16
1 24139540 rs144296743 0.18964
1 24139748 rs188145497 0.8157300000000001
1 24139793 rs60606286 0.3742
1 24139856 rs2502987 4.1295e-22
1 24139894 rs559978445 0.24185
1 24140002 rs140602592 0.8559
1 24140168 rs115864848 0.61833
1 24140470 rs146947712 0.41694
1 24140516 rs78368883 0.41694
1 24140642 rs137992708 0.40035
1 24140661 rs187735179 0.81014
1 24140784 rs56218308 0.26029
1 24141011 rs11591205 1.1308e-16
1 24141554 rs146283916 0.8249
1 24141688 rs150629111 0.21078000000000002
1 24141801 rs76764157 0.24004
1 24141869 rs192207347 0.048562
1 24141954 rs184657233 0.05276
1 24142037 rs144784301 0.14778
1 24142176 rs113927748 0.10081
1 24142661 rs115421410 0.2117
1 24143631 rs116556554 0.52494
1 24143932 rs2076344 0.0024652
1 24144368 rs75147762 0.40924
1 24144402 rs140350348 0.57767
1 24144629 rs145531524 0.13432
1 24144838 rs142723451 0.0019518
1 24145387 rs114960418 0.21853000000000003
1 24145436 rs6682888 0.25745999999999997
1 24145769 rs77622769 0.15685
1 24146230 rs187549813 0.41646000000000005
1 24146238 rs147312680 0.32676
1 24147100 rs56913973 0.35862
1 24147757 rs181320985 0.11043
1 24147774 rs146498686 0.71034
1 24147830 rs2982390 2.69e-22
1 24148260 rs2473377 3.9948000000000004e-22
1 24148340 rs78959587 0.15567999999999999
1 24148365 rs2179395 3.8212e-22
1 24148657 rs74063304 0.34762
1 24148988 rs16828744 0.71199
1 24149019 1:24149019_C_T 0.0041215
1 24149036 rs2502978 0.55895
1 24149315 rs2502979 3.9252e-22
1 24149392 rs150909615 0.064278
1 24149449 rs186953745 0.066097
1 24149559 rs190091375 0.95945
1 24149963 rs149667804 0.32484
1 24149989 rs2502980 3.8043e-22
1 24150112 rs59650706 1.1405e-16
1 24150175 rs576218129 0.35014
1 24150357 rs61779466 0.34064
1 24151046 rs116644706 0.41886999999999996
1 24151121 rs74063306 0.50944
1 24151616 rs143166383 0.6753899999999999
1 24151858 rs115611440 0.61973
1 24151996 rs6697805 4.5165e-22
1 24152749 rs147038048 0.13089
1 24152933 rs143903855 0.16205
1 24153094 rs558837569 0.16835
1 24153126 rs59371588 0.15163
1 24153149 rs115695069 0.6039100000000001
1 24153231 rs6424115 3.399e-22
1 24153523 rs58060590 0.10993
1 24153707 rs148169714 0.45361999999999997
1 24154004 rs187074880 0.38084
1 24154052 rs190366911 0.045562
1 24154067 rs34477640 3.4541e-22
1 24154286 rs12116953 0.34452
1 24154566 rs7519554 3.8838e-22
1 24155044 rs112992300 0.0079498
1 24155178 rs183425116 0.26678
1 24155212 rs148899866 0.19839
1 24155217 rs114579148 0.14129
1 24155233 rs6698728 6.7166000000000006e-09
1 24155731 rs4649115 3.3984e-22
1 24155924 rs35385477 5.430800000000001e-22
1 24156015 rs115514444 0.2079
1 24156891 rs55859562 8.4011e-09
1 24157470 rs7529079 0.46675
1 24157634 rs7521961 1.9452999999999998e-22
1 24157943 rs7524513 0.23069
1 24157992 rs74063309 0.5100899999999999
1 24158398 rs7515969 2.0147999999999997e-22
1 24158681 rs137864551 0.31337
1 24158775 rs6424116 4.0586999999999996e-22
1 24159666 rs114285532 0.20840999999999998
1 24159735 rs116431474 0.20761999999999997
1 24160236 rs28665368 1.7400999999999998e-22
1 24160289 rs556308094 0.044031
1 24160459 rs182186491 0.18235
1 24160777 rs12118592 0.00098468
1 24160894 rs144627485 0.11629
1 24161164 rs145731156 0.71255
1 24161421 rs148954342 0.44035
1 24161446 rs143725379 0.44035
1 24161646 rs148135910 0.52769
1 24161750 rs114192590 0.19625
1 24161785 rs184643842 0.041882
1 24162390 rs4649118 0.47163
1 24162589 rs77885814 0.23695
1 24162662 rs12116511 1.8131e-22
1 24162978 rs56266554 0.49778999999999995
1 24163929 rs559197266 0.31471
1 24164378 rs79674871 0.24695999999999999
1 24164398 rs11800561 9.6405e-22
1 24164758 rs114627221 0.67695
1 24165248 rs58035855 7.348100000000001e-23
1 24165253 rs146859143 0.35686999999999997
1 24165676 rs10917427 6.311199999999999e-23
1 24165745 rs10917428 9.925200000000001e-23
1 24165893 rs186618753 0.30718
1 24166049 rs186040256 0.30796999999999997
1 24166054 rs12565654 9.2399e-23
1 24166069 rs190847823 0.24224
1 24166191 rs12123991 8.8725e-23
1 24166245 rs74549885 0.75322
1 24166287 rs550579947 0.5596899999999999
1 24166289 rs187512781 0.042931
1 24166292 rs191095152 0.57739
1 24166536 rs12121387 2.9505e-22
1 24166586 rs184506135 0.97965
1 24166700 rs115835862 0.67524
1 24166792 rs192351885 0.62964
1 24167615 rs74560461 0.23346
1 24167708 rs61623242 0.9429700000000001
1 24167754 rs149320025 0.033299
1 24167780 rs60095179 0.74105
1 24167875 rs74063313 0.64295
1 24168003 rs184462127 0.85311
1 24168019 rs12744386 9.639899999999999e-23
1 24168285 rs114104914 0.6832699999999999
1 24168338 rs114399781 0.96952
1 24168587 rs61779504 3.7582e-05
1 24168835 rs115190976 0.77373
1 24170131 rs76095901 0.80878
1 24170388 rs146839692 0.27921
1 24170456 rs140681351 0.40374
1 24170458 rs10917430 1.8183e-17
1 24170731 rs150476135 0.57713
1 24171543 rs4649119 5.625599999999999e-23
1 24171936 rs16828754 0.15997
1 24172882 rs145900261 0.493
1 24173260 rs191484832 0.10565999999999999
1 24173498 rs116134854 0.1969
1 24173515 rs74393870 0.7216
1 24173605 rs16828757 0.81528
1 24174093 rs10917431 3.5722e-23
1 24174229 rs111281095 0.0034498000000000003
1 24174369 rs140037396 0.66779
1 24174373 rs143676798 0.68558
1 24174387 rs146340024 0.29147
1 24174851 rs188685647 0.47748999999999997
1 24175151 rs114490852 0.75555
1 24175369 rs75337407 0.10350999999999999
1 24175754 rs151101180 0.24834
1 24175763 rs12404321 0.0028421999999999996
1 24176159 rs149859607 0.2962
1 24176410 rs114166842 0.25721
1 24176983 rs77767474 0.004097
1 24177319 rs138726843 0.29834
1 24177515 rs143545934 0.045875
1 24177789 rs141774858 0.62679
1 24177800 rs72874118 3.9771e-23
1 24178487 rs114173044 0.8167300000000001
1 24178712 rs547619681 0.033607
1 24178801 rs141962529 0.81823
1 24179091 rs150022560 0.91591
1 24179952 rs568805204 0.96577
1 24180962 rs13551 1.5008e-17
1 24181177 rs12748109 1.4155999999999998e-17
1 24181244 rs147782089 0.1521
1 24181284 rs79819479 0.90784
1 24181936 rs149089306 0.1453
1 24182348 rs11803575 1.6470999999999998e-17
1 24182923 rs183806369 0.80097
1 24182949 rs57357685 0.44673999999999997
1 24182986 rs116456835 0.00047270000000000005
1 24183199 rs191075951 0.33538
1 24183402 rs145638484 0.92111
1 24183981 rs74223775 0.0035001
1 24184348 rs530025141 0.6792
1 24184666 rs139853637 0.29814
1 24185025 rs12755062 1.2972999999999999e-17
1 24185189 rs188517669 0.75937
1 24185648 rs78199675 0.0034533999999999997
1 24185877 rs12141409 1.2879000000000002e-17
1 24187010 rs186299527 0.74563
1 24187143 rs191538380 0.62555
1 24187190 rs148411211 0.15735
1 24187301 rs12030587 0.30382
1 24187414 rs115549671 0.93161
1 24187958 rs114905228 0.11364
1 24188283 rs114171154 0.7587
1 24189468 rs138123333 0.53991
1 24189545 rs143265910 0.27396
1 24190106 rs143150363 0.0043764
1 24190373 rs80285522 0.23317
1 24190637 rs181779935 0.6786800000000001
1 24191036 rs16828763 0.66287
1 24191194 rs146721314 0.65723
1 24191219 rs12133557 0.0035686
1 24191314 rs142664465 0.10880999999999999
1 24191523 rs192408915 0.9828899999999999
1 24191720 rs34570472 1.6717e-17
1 24192068 rs2228424 0.4797
1 24192072 rs150062050 0.22238000000000002
1 24192103 rs143691289 0.26152
1 24192200 rs34902309 5.526200000000001e-23
1 24192379 rs74937660 0.0045446
1 24192453 rs74223776 0.0036155000000000002
1 24192750 rs10799804 2.2703e-17
1 24193415 rs573648784 0.63818
1 24193451 rs144364353 0.6348600000000001
1 24193532 rs72663299 0.13957999999999998
1 24193632 rs148374857 0.033599000000000004
1 24193634 rs75969099 0.061360000000000005
1 24193691 rs115946801 0.67215
1 24193741 rs3003325 0.0038004
1 24193826 rs3003328 0.0036665
1 24193875 rs3003329 0.0036784999999999995
1 24193930 rs77861613 0.95767
1 24193965 rs3003621 0.0037109
1 24194011 rs3003332 0.0038329
1 24194014 rs3003333 5.512e-23
1 24194450 rs61996281 0.5787100000000001
1 24194748 rs2070956 0.0035400999999999996
1 24194773 rs2070955 0.0036125999999999997
1 24194788 rs2070954 0.0036444000000000003
1 24194862 rs2070953 0.0037297
1 24195131 rs3003320 0.0037994
1 24195249 rs3003622 0.0039361
1 24195270 rs3003321 0.0037781
1 24195322 rs114046973 0.37296999999999997
1 24195523 rs6664030 0.0038923
1 24195552 rs139257030 0.47827
1 24195666 rs2503003 0.0039918
1 24196401 rs3123554 4.36e-23
1 24196457 rs562466791 0.34383
1 24196592 rs61606951 0.3711
1 24196683 rs4285654 3.1710999999999995e-23
1 24196793 rs4483353 3.1684999999999996e-23
1 24196957 rs2503002 3.7613000000000005e-23
1 24197196 rs138396102 0.011877
1 24197512 rs2503001 3.3084e-23
1 24197578 rs138908213 0.57015
1 24197696 rs4649123 4.6242e-23
1 24197898 rs2503000 7.345199999999999e-23
1 24198098 rs78404579 0.57514
1 24198123 rs78469843 0.54005
1 24198321 rs2502999 4.6666000000000005e-23
1 24198441 rs2502997 4.6815e-23
1 24198479 rs2501417 4.6976999999999994e-23
1 24198566 rs141706215 0.96034
1 24198804 rs6680132 5.1502e-23
1 24198840 rs6672157 4.5528999999999996e-23
1 24199026 rs2501423 4.6766999999999997e-23
1 24199041 rs2502996 4.9793000000000003e-23
1 24199182 rs2501424 3.7033e-23
1 24199278 rs115934370 0.37253000000000003
1 24199290 rs2502995 4.6268000000000003e-23
1 24199339 rs2501425 5.5747e-23
1 24199363 rs2502994 2.0613e-22
1 24199364 rs2501426 6.271199999999999e-23
1 24199576 rs74063322 0.5199199999999999
1 24199583 rs149159525 0.42683999999999994
1 24199636 rs189596747 0.049781
1 24199642 rs6663474 5.1155e-23
1 24199665 rs74063324 0.38938
1 24199808 rs185478623 0.74512
1 24199869 rs3003334 4.671e-23
1 24200052 rs3003335 4.3706999999999996e-23
1 24200158 rs6665733 4.333e-23
1 24200524 rs1130321 3.9507e-23
1 24200606 rs1130320 3.8244e-23
1 24200772 rs1106 3.9068000000000006e-23
1 24200800 rs1105 3.6002e-23
1 24200903 rs2229586 4.4752999999999997e-23
1 24200910 rs202216673 0.61861
1 24200921 rs2229585 3.6759000000000003e-23
1 24200969 rs2229584 3.5186e-23
1 24200983 rs2229583 3.6351999999999997e-23
1 24201002 rs2229582 0.5626399999999999
1 24201094 rs2229581 3.7887e-23
1 24201109 rs2229580 3.7626999999999995e-23
1 24201162 rs2229579 0.0052882
1 24201262 rs2502993 3.9459000000000003e-23
1 24201357 rs4649124 3.8674e-23
1 24201448 rs3003336 3.6643999999999997e-23
1 24201643 rs2501431 3.8197999999999996e-23
1 24201711 rs41311993 0.9085700000000001
1 24201911 rs61996280 0.016436000000000003
1 24201919 rs2502992 3.2196999999999995e-23
1 24201920 rs2501432 1.1119e-22
1 24202318 rs2502991 3.5007e-23
1 24202372 rs116341471 0.37168
1 24202746 rs149791075 0.41315
1 24202816 rs145763727 0.4503
1 24202841 rs6667839 2.3756999999999997e-23
1 24202842 rs6672499 2.438e-23
1 24202985 rs61778163 6.0308e-05
1 24203246 rs2501433 3.793e-23
1 24203416 rs6658703 3.5873e-23
1 24203425 rs2501434 3.6958e-23
1 24203524 rs78071999 0.9778700000000001
1 24203534 rs6673210 2.7695e-23
1 24203584 rs79959001 0.42998000000000003
1 24203848 rs7516774 0.31856999999999996
1 24203861 rs189432973 0.5603600000000001
1 24203953 rs138146436 0.3382
1 24204049 rs148704829 0.43076000000000003
1 24204060 rs181953885 0.053068
1 24204073 rs3123557 2.741e-23
1 24204143 rs6424119 2.4073e-23
1 24204176 rs6661990 0.37200000000000005
1 24204189 rs6424120 2.4146e-23
1 24204266 rs144322962 0.45573
1 24204683 rs4341315 2.0427e-23
1 24204808 rs141357707 0.7136899999999999
1 24205000 rs149021696 0.49223
1 24205274 rs2501367 3.3018e-23
1 24205295 rs2502990 3.5841e-23
1 24205407 rs2502989 8.462799999999999e-23
1 24205608 rs2502988 2.9874000000000007e-23
1 24206032 rs2501369 3.5655e-23
1 24206038 rs183236776 0.86864
1 24206053 rs2501370 2.6812e-23
1 24206753 rs12747718 0.044476999999999996
1 24206959 rs61778165 0.0072529
1 24206960 rs61778166 0.0079143
1 24206985 rs6689530 0.63173
1 24207116 rs138639956 0.26008000000000003
1 24207117 rs192651100 0.048038
1 24207142 rs9424395 0.98766
1 24207163 rs9424396 0.79366
1 24207216 rs12760563 0.92604
1 24207761 rs79102269 0.61928
1 24207777 rs28876803 0.6290600000000001
1 24207926 rs140600989 0.35681
1 24208053 rs28845540 0.52947
1 24208236 rs12727568 0.53594
1 24208320 rs12727710 0.52964
1 24208373 rs12754324 0.41184
1 24208383 rs114198973 0.62438
1 24208426 rs12727867 0.35827
1 24208475 rs28404091 0.41411000000000003
1 24208783 rs7541711 0.41212
1 24208789 rs7541713 0.41336999999999996
1 24208816 rs4262478 0.22639
1 24208875 rs7541819 0.42261000000000004
1 24208885 rs7532916 0.41902
1 24208934 rs7541841 0.41813999999999996
1 24209034 rs12741866 0.42523
1 24209378 rs12733278 0.42406000000000005
1 24209563 rs74065403 0.99744
1 24209630 rs12759917 0.42928
1 24209971 rs4625225 0.42946999999999996
1 24210067 rs7528292 0.53522
1 24210080 rs75296863 0.65358
1 24210133 rs7519330 0.4265
1 24210164 rs188675307 0.53496
1 24210207 rs7535720 0.42868999999999996
1 24210453 rs7519729 0.42837
1 24211206 rs76135131 0.66178
1 24211342 rs4535949 0.42672
1 24211913 rs3923183 0.56009
1 24212044 rs4501783 0.37798000000000004
1 24212336 rs4648919 0.42513999999999996
1 24212618 rs6424122 0.42178000000000004
1 24212829 rs6424123 0.46768000000000004
1 24212999 rs7537808 0.45921999999999996
1 24213436 rs146500036 0.9874299999999999
1 24213734 rs538341011 0.9878299999999999
1 24214430 rs2501385 0.58112
1 24214550 rs2502956 0.57963
1 24214583 rs2501386 0.57675
1 24214644 rs138798774 0.40958
1 24214721 rs2501387 0.57303
1 24214868 rs2501388 0.57176
1 24215016 rs75427196 0.020781
1 24215130 rs16828926 0.56767
1 24215473 rs61778196 0.56587
1 24215477 rs6699263 0.56384
1 24215574 rs3003322 0.56462
1 24215618 rs2501389 0.55545
1 24215652 rs6696395 0.4908
1 24215662 rs6424125 0.49456000000000006
1 24215707 rs114906949 0.2943
1 24215749 rs7554234 0.57924
1 24215796 rs2501390 0.57425
1 24216118 rs2501391 0.50143
1 24216181 rs2501392 0.56134
1 24216393 rs2501393 0.58203
1 24216517 rs186850969 0.051642999999999994
1 24216541 rs2502957 0.57043
1 24216723 rs2502958 0.5818800000000001
1 24216811 rs2501395 0.58853
1 24216861 rs2502959 0.6241800000000001
1 24217026 rs4259581 0.62838
1 24217088 rs6424126 0.63256
1 24217092 rs7541728 0.58983
1 24217513 rs2502960 0.6056600000000001
1 24217567 rs2502961 0.6041300000000001
1 24217620 rs2501396 0.62617
1 24217692 rs2501397 0.6047100000000001
1 24217856 rs2502962 0.5995199999999999
1 24217896 rs2502963 0.46234
1 24218276 rs2502965 0.61751
1 24218530 rs4285653 0.48786999999999997
1 24218735 rs3003323 0.4815
1 24218742 rs4573477 0.4815
1 24218814 rs3003324 0.48161000000000004
1 24218960 rs2502966 0.82709
1 24219158 rs2501398 0.40323000000000003
1 24219234 rs6424127 0.41603999999999997
1 24219242 rs6424128 0.41608999999999996
1 24219293 rs6424129 0.41603999999999997
1 24219582 rs7512349 0.40754
1 24219717 rs2502967 0.41100000000000003
1 24219758 rs2501399 0.41101000000000004
1 24219800 rs2501400 0.41100000000000003
1 24219849 rs2502968 0.41103
1 24220063 rs2501401 0.41105
1 24220278 rs2502969 0.40957
1 24220343 rs2502970 0.40946
1 24220407 rs2501402 0.4096
1 24221321 rs2501403 0.40955
1 24221539 rs28735813 0.38916999999999996
1 24221817 rs9424397 0.40959
1 24221834 rs9424398 0.40904
1 24221918 rs12724034 0.40917
1 24221935 rs9424399 0.44518
1 24222029 rs2502971 0.40903
1 24222109 rs2502972 0.40955
1 24222197 rs9424400 0.40903
1 24222735 rs9424338 0.45483999999999997
1 24222771 rs2501404 0.41303
1 24222991 rs147502991 0.23348000000000002
1 24223226 rs3003327 0.41252
1 24223245 rs3003623 0.41168999999999994
1 24223775 rs2502973 0.40954
1 24223859 rs2502974 0.4082
1 24224599 rs541569836 0.57328
1 24224786 rs532462635 0.34325
1 24225121 rs11486176 0.62348
1 24225236 rs6663610 0.8114600000000001
1 24225390 rs6663800 0.8396399999999999
1 24225540 rs75875032 0.0048776
1 24225630 rs2501407 0.80415
1 24225742 rs2502976 0.8239
1 24226044 rs143727745 0.011948
1 24226528 rs61778212 0.43567
1 24226584 rs28811678 0.81748
1 24226638 rs28831375 0.7873600000000001
1 24226792 rs9424401 0.76378
1 24226939 rs7520304 0.80686
1 24227066 rs7556638 0.83241
1 24227301 rs7525246 0.94681
1 24227321 rs7520719 0.93117
1 24227346 rs7520726 0.93205
1 24227356 rs7528055 0.93117
1 24227436 rs9424402 0.94952
1 24227750 rs7514411 0.94691
1 24227934 rs61778213 0.45041000000000003
1 24228108 rs4649133 0.84245
1 24228132 rs4649134 0.83545
1 24228206 rs4649135 0.9478200000000001
1 24228359 rs4649136 0.97808
1 24228408 rs4648921 0.93799
1 24228417 rs116164842 0.4293
1 24228419 rs4648922 0.9340799999999999
1 24228443 rs4648923 0.6661
1 24228618 rs6669556 0.55103
1 24228828 rs116261591 0.48485
1 24228978 rs78725484 0.49396
1 24229228 rs576231692 0.12795
1 24229293 rs541342125 0.49318999999999996
1 24229413 rs61778217 0.45311999999999997
1 24231451 rs139820871 0.12847
1 24232289 rs2501409 0.30308
