CHR BP SNP P
8 11558230 rs141860227 0.69889
8 11558567 rs73203479 0.8547299999999999
8 11559223 rs117918532 0.65959
8 11559496 rs748131294 0.29086999999999996
8 11559842 rs60419043 0.019769
8 11560043 rs78784656 0.13542
8 11560135 rs74319135 0.13664
8 11560151 rs73203480 0.26328
8 11560233 rs117165277 0.94421
8 11560316 rs7003677 0.9791200000000001
8 11560528 rs116907904 0.47116
8 11560645 rs149569276 0.34308
8 11560700 rs77081760 0.15417999999999998
8 11560941 rs112718516 0.15455
8 11561028 rs73537869 0.12128
8 11561040 rs772441800 0.8082600000000001
8 11561049 rs28505660 0.015153999999999999
8 11561226 rs115367741 0.11112000000000001
8 11561481 rs28472428 0.013952
8 11561549 rs142312834 0.6285
8 11561640 8:11561640_G_C 0.6421100000000001
8 11561728 rs61277615 0.57412
8 11561818 rs73203482 0.26478
8 11561944 rs183797173 0.97604
8 11561983 rs35813172 0.6657
8 11562054 rs140128623 0.9234
8 11562180 rs34888744 0.6829
8 11562217 rs62489318 0.37287
8 11562311 rs77480632 0.40443
8 11562404 rs77044774 0.11395
8 11562465 rs536197967 0.32696
8 11562513 rs62489319 0.39353
8 11562526 rs80077219 0.15702
8 11562583 rs376553949 0.70891
8 11562735 rs77212080 0.13334000000000001
8 11563018 rs572722310 0.50467
8 11563306 rs74832611 0.11231
8 11563525 rs73203483 0.19218
8 11563902 rs79484560 0.11795
8 11564479 rs4269498 0.40815
8 11564926 rs185620194 0.95589
8 11564927 rs189141573 0.9757600000000001
8 11565087 rs10088151 0.8005
8 11567140 rs4489290 0.23876999999999998
8 11567376 rs7817412 0.22735
8 11567405 rs10096526 0.2666
8 11567431 rs556681628 0.68399
8 11567470 rs139956131 0.6340600000000001
8 11567652 rs62489320 0.43821000000000004
8 11567833 rs11781500 0.42023999999999995
8 11567992 rs13282985 0.82915
8 11568447 rs13249227 0.51002
8 11568892 rs78197677 0.7118399999999999
8 11569061 rs111721287 0.36633000000000004
8 11569240 rs189482265 0.9365700000000001
8 11569321 rs13267318 0.15813
8 11569372 rs145466208 0.48971000000000003
8 11569555 rs114557758 0.7277600000000001
8 11569666 rs28473684 0.36407
8 11570036 rs6990313 0.37282
8 11570280 rs530694410 0.52041
8 11570407 rs185289010 0.7076399999999999
8 11570977 rs13278753 0.55586
8 11571269 rs61265429 0.50284
8 11571562 rs10112464 0.49688000000000004
8 11572088 rs10105409 0.51565
8 11572284 rs11785555 0.21341999999999997
8 11572415 rs77757488 0.09939400000000001
8 11572421 rs148580168 0.48863
8 11572488 rs73203488 0.24996
8 11572645 rs2409812 0.44588999999999995
8 11573139 rs750059932 0.29773
8 11573389 rs139221089 0.70429
8 11574802 rs4410868 0.46875
8 11575263 rs77881805 0.0001682
8 11575356 rs76050267 0.09975
8 11575375 rs147042015 0.69865
8 11575518 rs6601604 0.24966
8 11575840 rs4469416 0.21483000000000002
8 11576486 rs73203489 0.6423399999999999
8 11576509 rs150873631 0.59053
8 11577059 rs138334850 0.52662
8 11577078 rs143029445 0.06732300000000001
8 11577184 rs146183035 0.090628
8 11577201 rs62489323 0.13036
8 11577504 rs139048557 0.37217
8 11577712 rs62489324 0.46645
8 11577719 rs73203490 0.28203
8 11577802 rs116177841 0.09120299999999999
8 11577908 rs6601605 0.3195
8 11578108 rs12546793 0.52156
8 11578451 rs115221123 0.079295
8 11578512 rs143968297 0.42711000000000005
8 11578562 rs777161395 0.71109
8 11578964 rs62489340 0.49793000000000004
8 11579117 rs551392958 0.11647
8 11579171 rs13270069 0.34349
8 11579802 rs10112596 0.18179
8 11579899 rs7833127 0.22186999999999998
8 11579954 rs12550668 0.59392
8 11580000 rs7844208 0.14742
8 11580017 rs766951696 0.82826
8 11580236 rs2409808 0.22103000000000003
8 11580334 rs73203495 0.17737
8 11580514 rs11994925 0.79257
8 11580519 rs73663201 0.31115
8 11580559 rs549554835 0.8949
8 11580626 rs7846104 0.20701
8 11580771 rs7833508 0.21841999999999998
8 11580907 rs9329247 0.21629
8 11581032 rs11784821 0.27699999999999997
8 11581134 rs769024306 0.80784
8 11581448 rs2409807 0.70748
8 11581462 rs146164940 0.2405
8 11581589 rs11777889 0.024444999999999998
8 11581846 rs10106250 0.21011
8 11581879 rs73203499 0.7097399999999999
8 11582214 rs62489341 0.67057
8 11582467 rs80079727 5.8385e-05
8 11582534 rs62489342 0.6139
8 11582551 rs76464502 0.06901399999999999
8 11582707 rs73203500 0.28792
8 11582790 rs60197293 0.29279
8 11582929 rs2898292 0.26650999999999997
8 11582949 rs59035560 0.95575
8 11583446 rs76971783 0.93353
8 11583584 rs149424131 0.11132
8 11583610 rs56745056 0.21781
8 11583648 rs748149546 0.80858
8 11583741 rs548023098 0.42708999999999997
8 11583841 rs10086064 0.00051125
8 11583933 rs79552794 0.7812
8 11584054 rs139534736 0.70112
8 11584069 8:11584069_C_T 0.22804000000000002
8 11584078 rs183324416 0.30401999999999996
8 11584139 rs78442572 0.9597700000000001
8 11584425 rs4840579 0.0012265000000000002
8 11584440 rs77424522 0.60987
8 11584476 rs35558975 0.0018987000000000001
8 11584503 rs6986736 0.00026032
8 11584549 rs34960871 0.00031712
8 11584909 rs74459197 0.08937
8 11585764 rs2409806 0.00016584
8 11586403 rs2001470 0.10859
8 11586507 rs7840794 0.31449
8 11586646 rs2001469 0.21943000000000001
8 11586726 rs543055266 0.30699
8 11586860 rs149252018 0.19825
8 11586893 rs12541921 0.0023512
8 11586963 rs59946151 0.062154999999999995
8 11587233 rs78056258 0.81872
8 11587234 rs11250159 0.14902
8 11587396 rs73205106 0.24779
8 11587406 rs561232746 0.26337
8 11587428 rs183043924 0.12002
8 11587441 rs75031422 0.5485
8 11587592 rs62489346 0.49383999999999995
8 11587598 rs150810106 0.64218
8 11587793 rs59799643 0.055859000000000006
8 11587866 rs781706156 0.20986999999999997
8 11587919 rs144211661 0.752
8 11588404 rs10109678 0.18592
8 11588439 rs10096189 0.14678
8 11588446 rs140080610 0.26309
8 11588447 rs78693845 0.06764500000000001
8 11588481 rs17153694 0.12403
8 11588910 rs73205108 0.31325
8 11588926 rs151125339 0.81791
8 11589033 rs13278982 0.00069891
8 11589042 rs34421088 0.014905000000000002
8 11589072 rs141079368 0.91361
8 11589383 rs10503426 0.041972
8 11589921 rs28488522 0.68557
8 11589961 rs111589866 0.18178
8 11590008 rs17153698 0.05839
8 11590168 rs4613960 0.0015319
8 11590370 rs77289490 0.07778099999999999
8 11590412 rs116552479 0.030213
8 11591136 rs6983129 0.016084
8 11591196 rs74449430 0.73703
8 11591279 rs28530664 0.082086
8 11591377 rs62489347 0.7952600000000001
8 11591844 rs144881982 0.8301700000000001
8 11591876 rs35928010 0.0055909
8 11591916 rs35726503 0.010535
8 11591961 rs536709979 0.8553299999999999
8 11592060 rs142005583 0.17364000000000002
8 11592074 rs369821765 0.7102
8 11592281 rs189811182 0.75234
8 11592310 rs62489350 0.75629
8 11592717 rs11250160 0.056093
8 11592722 rs73205114 0.24118
8 11593033 rs13259242 0.020391
8 11593070 rs74786828 0.1385
8 11593167 rs56076833 0.050934
8 11593222 rs11250162 0.051864
8 11593233 rs138014561 0.73333
8 11593360 rs113311627 0.82909
8 11593429 rs57341427 0.25888
8 11593504 rs10101661 0.00060951
8 11593685 rs774917881 0.7760199999999999
8 11593899 rs57922664 0.055324
8 11593970 rs138747432 0.079795
8 11594116 rs60893253 0.07846900000000001
8 11594201 rs11993825 0.6600199999999999
8 11594420 rs12544504 0.15952
8 11594441 rs142845965 0.57421
8 11594463 rs59101725 0.32919
8 11594597 rs34962960 0.012451
8 11594970 rs12541318 0.0018349
8 11595173 rs182016187 0.8647
8 11595829 rs1390950 8.8502e-05
8 11595969 rs2898295 0.027241
8 11596163 rs7838131 0.0033979999999999995
8 11596218 rs10091294 0.16222999999999999
8 11596437 rs11250163 0.012928
8 11596487 rs62489351 0.78537
8 11596549 rs6992190 0.00017833
8 11597004 rs75146829 0.24374
8 11597046 rs7827193 0.35523000000000005
8 11597403 rs73205120 0.28444
8 11597599 rs76636288 0.18074
8 11597925 rs7832153 0.8613799999999999
8 11597933 rs7845076 0.80132
8 11598188 rs73205121 0.26788
8 11598683 rs11988920 0.6283
8 11598734 rs2898296 0.06614199999999999
8 11598903 rs151114044 0.023556999999999998
8 11598994 rs11989007 0.0442
8 11599020 rs549680863 0.11275
8 11599057 rs146464952 0.10139
8 11599168 rs144798033 0.96786
8 11599269 rs2132713 0.6019399999999999
8 11599279 rs2132714 0.6483
8 11599401 rs10103483 0.22243000000000002
8 11599570 rs10090884 0.037385
8 11599681 rs66494852 0.00013546
8 11599805 rs139156236 0.067442
8 11599819 rs62489352 0.0027730999999999997
8 11600147 rs771666054 0.31176
8 11600233 rs11785912 0.1352
8 11600532 rs75385343 0.9203399999999999
8 11600833 rs7832826 0.99256
8 11601001 rs192238455 0.022961000000000002
8 11601070 rs116543625 0.10574000000000001
8 11601075 rs13275657 0.0002779
8 11601137 rs570902994 0.091574
8 11601510 rs4841584 0.044674
8 11601740 rs149102419 0.12879000000000002
8 11602747 rs3207196 0.5109899999999999
8 11602796 rs79676816 0.030841000000000004
8 11603044 rs145941722 0.031613999999999996
8 11603327 rs115284231 0.45158999999999994
8 11603340 rs66535756 0.72114
8 11603595 rs4841585 0.80447
8 11603651 rs114893818 0.12521
8 11603756 rs4841586 0.6883100000000001
8 11604026 rs904006 0.73802
8 11604164 rs76234685 0.12233
8 11604273 rs147849644 0.49771000000000004
8 11604407 rs141574294 0.26574000000000003
8 11604489 rs56294240 0.032158
8 11604657 rs28626371 0.8133699999999999
8 11604659 rs28709984 0.79461
8 11604777 rs531684832 0.11778
8 11604858 rs2029969 0.05461799999999999
8 11604910 rs28628715 0.73122
8 11605130 rs2173117 0.021854
8 11605146 rs149157877 0.089491
8 11605691 rs142132012 0.11047
8 11605931 rs116709031 0.44519
8 11606078 rs73666006 0.24946
8 11606152 rs2409814 0.0071833
8 11606312 rs3735819 0.020508000000000002
8 11606364 rs10503425 0.48581
8 11606645 rs373179740 0.23117
8 11607048 rs3779664 0.014279
8 11607221 rs76079184 0.9335899999999999
8 11607330 rs3735818 0.012107
8 11607352 rs3735817 0.00020881
8 11607372 rs3735816 0.25434
8 11607396 rs3735814 0.0013155999999999999
8 11607512 rs576968707 0.25801
8 11607527 rs11773988 0.026387
8 11607658 rs55980825 0.5052
8 11607930 rs3729848 0.007812999999999999
8 11607959 rs3729849 0.21131
8 11607990 rs7006733 0.0010109
8 11608126 rs2645396 0.020765000000000002
8 11608336 rs10435718 9.433e-05
8 11608476 rs12549359 0.030711000000000002
8 11608813 rs115848348 0.54311
8 11608864 rs183219410 0.53797
8 11608905 rs2740434 0.0036829999999999996
8 11608974 rs2645398 0.038638
8 11609169 rs2645399 0.0021838
8 11609284 rs79717430 0.90866
8 11609416 rs2645400 0.32153000000000004
8 11609484 rs537698234 0.37814000000000003
8 11609593 rs10094370 0.55638
8 11609715 rs17153743 0.1654
8 11609800 rs113033693 0.47463999999999995
8 11609846 rs73205195 0.9265100000000001
8 11609944 rs150543474 0.37112
8 11609995 rs36038176 0.015726
8 11610441 rs58228017 0.50116
8 11610527 rs73666007 0.64405
8 11610546 rs60599286 0.75674
8 11610674 rs11784693 0.0048099
8 11610686 rs11250164 0.005317199999999999
8 11610746 rs804284 0.1261
8 11610748 rs59433946 0.75402
8 11610802 rs78129649 0.9003899999999999
8 11610853 rs59431377 0.63913
8 11610874 rs11784764 0.0049105
8 11610986 rs28565241 0.17634
8 11611043 rs804283 0.005146100000000001
8 11611206 rs810738 0.0036534
8 11611353 rs17153747 0.9912
8 11611366 rs17153752 0.8799399999999999
8 11611500 rs17153755 2.4018e-06
8 11611575 rs547693762 0.47191000000000005
8 11611592 rs28665608 0.9643700000000001
8 11611646 rs17153757 0.54283
8 11611723 rs7826055 0.018296
8 11611743 rs804282 0.00043357
8 11611786 rs145818527 0.18139
8 11611789 rs79945119 0.022543
8 11611865 rs804281 0.0079088
8 11611871 rs574643054 0.52663
8 11611978 rs192071367 0.37133
8 11612202 rs73666008 0.63917
8 11612279 rs13262643 0.20264000000000001
8 11612297 rs67176365 0.0064345
8 11612315 rs13264774 0.095099
8 11612381 rs13273672 0.071862
8 11612665 rs76808439 0.10475999999999999
8 11612698 rs804280 0.01018
8 11612841 rs17153765 0.16884000000000002
8 11612842 rs3729851 0.41368
8 11612929 rs11987175 0.25583
8 11612930 rs563843873 0.35441999999999996
8 11612963 rs12677897 5.807100000000001e-07
8 11613314 rs59648461 0.2348
8 11613392 rs56700770 0.06898
8 11613428 rs11987347 0.8904
8 11613447 rs57808980 0.52444
8 11613772 rs17153767 0.041081
8 11613867 rs28438570 0.35441999999999996
8 11613933 rs146576190 0.9436200000000001
8 11613958 rs28550523 0.15433
8 11614107 rs2645458 0.6883600000000001
8 11614112 rs2645457 0.00084661
8 11614175 rs4841587 0.08641599999999999
8 11614225 rs4841588 0.035012
8 11614305 rs13250578 1.3135e-05
8 11614313 rs3729852 1.4844e-05
8 11614316 rs3729853 0.8462799999999999
8 11614329 rs3729854 1.1557e-06
8 11614483 rs115372595 0.15374000000000002
8 11614502 rs3729855 0.07711699999999999
8 11614575 rs3729856 0.84359
8 11614584 rs114868912 0.8028
8 11614688 rs117215662 0.41905
8 11614721 rs116052854 0.51859
8 11614747 rs113480711 0.40547
8 11614769 rs12156163 0.82011
8 11614981 rs764898484 0.10862999999999999
8 11614998 rs3757949 0.26993
8 11615169 rs75591947 0.092453
8 11615182 rs2645456 7.4395000000000005e-06
8 11615382 rs76752652 0.21435
8 11615465 rs809205 4.9551e-06
8 11615521 rs183900523 0.47316
8 11615695 rs745379 0.011722
8 11615739 rs80069792 0.87446
8 11615782 rs114345849 0.43068999999999996
8 11615875 rs115099192 0.87374
8 11615876 rs7830178 0.51512
8 11615887 rs55633527 0.41016
8 11616122 rs3729857 0.66579
8 11616338 rs867858 8.567600000000001e-09
8 11616410 rs1062219 0.061949000000000004
8 11616501 rs884662 0.29991
8 11616516 rs904018 6.67e-06
8 11616547 rs12825 5.5596e-05
8 11616571 rs804291 0.21516
8 11616836 rs804290 0.96404
8 11617023 rs144191832 0.21029
8 11617028 rs565131524 0.71865
8 11617142 rs11785481 3.8077999999999998e-06
8 11617240 rs12458 5.9039000000000003e-08
8 11617339 rs1062270 0.0049105
8 11617365 rs3735812 0.48988000000000004
8 11617505 rs3203358 1.6901e-05
8 11617647 rs11778526 1.3643e-08
8 11617695 rs56927904 0.012962000000000001
8 11617763 rs10108052 9.772e-09
8 11617780 rs111781594 0.53918
8 11617789 rs111932667 0.12623
8 11617916 rs804289 2.4925e-09
8 11618073 rs537568535 0.36484
8 11618107 rs9329248 0.011576999999999999
8 11618122 rs9644752 6.5191e-09
8 11618179 rs804288 2.2478e-05
8 11618234 rs80086609 0.029544
8 11618311 rs804287 1.6530999999999998e-05
8 11618465 rs10108876 2.1109e-08
8 11618499 rs76012809 0.73635
8 11618590 rs75854763 0.21644000000000002
8 11618688 rs804286 0.24628000000000003
8 11618925 rs77687118 0.083575
8 11618998 rs804285 0.9513299999999999
8 11619067 rs56213203 0.051143
8 11619163 rs809204 1.6997e-05
8 11619205 rs13281294 9.0332e-06
8 11619261 rs2740431 0.053676
8 11619320 rs73663003 0.1013
8 11619325 rs73663004 0.10302
8 11619334 rs811966 0.22963000000000003
8 11619397 rs36018280 0.67373
8 11619504 rs809203 1.7813e-05
8 11619635 rs2645455 0.22987
8 11619819 rs17153776 0.34558
8 11619853 rs188998426 0.9615
8 11619948 rs17810696 0.047096
8 11619986 rs7015453 0.0029384
8 11620024 rs183992717 0.7458
8 11620115 rs111566513 0.60023
8 11620125 rs112413312 0.54399
8 11620315 rs2686206 0.087677
8 11620326 rs17810775 0.055597
8 11620364 rs139384362 0.77042
8 11620461 rs66510044 0.96457
8 11620663 rs57377705 0.10692
8 11620769 rs17153782 0.24888000000000002
8 11620781 rs78947512 0.8819600000000001
8 11620792 rs117091719 0.5888100000000001
8 11620847 rs574399851 0.13147
8 11620880 rs185945454 0.60083
8 11620883 rs545380986 0.33382
8 11620896 rs4841589 0.063967
8 11621163 rs111800693 0.9756600000000001
8 11621202 rs2686207 0.16998
8 11621267 rs149061342 0.85913
8 11621295 rs112883934 0.77507
8 11621346 rs186329317 0.13055
8 11621351 rs2740432 0.94444
8 11621450 rs2740433 0.14959
8 11621508 rs79958330 0.16745
8 11621686 rs2686208 3.4693e-05
8 11621697 rs538816191 0.18830999999999998
8 11622001 rs2645453 0.00040373
8 11622028 rs7819431 0.6046100000000001
8 11622143 rs149350279 0.01573
8 11622219 rs573667199 0.11366
8 11622293 rs1004712 1.6819e-05
8 11622384 rs76465624 0.53332
8 11622401 rs28599812 0.48755
8 11622521 rs1965988 0.53673
8 11622735 rs778912991 0.526
8 11622865 rs17153785 0.030552999999999997
8 11623212 rs10101195 4.3585e-09
8 11623236 rs17810889 7.1647e-05
8 11623350 rs112471664 0.64355
8 11623456 rs1466785 0.00081912
8 11623517 rs79713301 0.98765
8 11623668 rs181202291 0.08808300000000001
8 11623729 rs145520839 0.20609
8 11623878 rs145456707 0.39366
8 11623889 rs804279 0.7296699999999999
8 11624047 rs66651545 2.6819e-07
8 11624050 rs67123108 4.6043000000000004e-08
8 11624053 rs73207216 0.060538
8 11624056 rs73663007 0.20834
8 11624200 rs140999894 0.27452
8 11624413 rs804278 0.34985
8 11624416 rs34928882 0.80535
8 11624429 rs141431644 0.28099
8 11625008 rs804276 0.00093044
8 11625187 rs804275 0.34815
8 11625205 rs804274 0.5667800000000001
8 11625214 rs56296279 0.40133
8 11625235 rs804273 2.4679000000000002e-05
8 11625245 rs804272 0.093223
8 11625372 rs55865839 8.546299999999999e-09
8 11625389 rs563331110 0.1843
8 11625611 rs62491484 0.020246
8 11625622 rs144066577 0.86785
8 11625640 rs79820808 0.70319
8 11625801 rs73663008 0.43748000000000004
8 11625808 rs17754589 9.929100000000001e-09
8 11625846 rs79578880 0.30933
8 11625861 rs4841593 0.069607
8 11626127 rs189718812 0.32866
8 11626146 rs11774833 0.043272000000000005
8 11626312 rs8191510 0.91295
8 11626422 rs8191511 1.0319e-08
8 11626633 rs8191513 0.099236
8 11626859 rs57778585 0.41293
8 11626861 rs60150898 0.39115
8 11626876 rs113948051 0.1244
8 11627049 rs7464968 0.26795
8 11627113 rs8191514 0.5868800000000001
8 11627153 rs112669874 0.19029000000000001
8 11627156 rs8191515 0.00070044
8 11627189 rs112189552 0.19797
8 11627214 rs804271 0.00043088
8 11627232 rs8191516 0.51271
8 11627261 rs8191518 0.53871
8 11627454 rs3802168 0.082151
8 11627471 rs59191343 0.53664
8 11627587 rs8191521 0.35613
8 11627621 rs804270 0.00013497
8 11627643 rs8191522 0.48757
8 11628022 rs112912601 0.18182
8 11628129 rs904009 9.7734e-09
8 11628162 rs2010628 1.6102e-06
8 11628172 rs2010629 1.9419e-07
8 11628332 rs8191524 0.5326
8 11628375 rs2686211 4.597e-05
8 11628456 rs8191526 0.7632399999999999
8 11628471 rs2740435 8.1062e-05
8 11628649 rs8191528 3.9375e-08
8 11628659 rs809202 0.00034234
8 11628726 rs8191529 0.0017399000000000002
8 11628759 rs8191530 0.014325999999999998
8 11629059 rs139439505 0.59748
8 11629070 rs35833462 0.15736
8 11629119 rs804269 2.388e-05
8 11629125 rs8191532 0.55543
8 11629129 rs804268 0.00055558
8 11629141 rs201995272 0.65599
8 11629241 rs804267 1.9413e-05
8 11629272 rs111977484 0.6963699999999999
8 11629365 rs8191533 0.41533000000000003
8 11629367 rs8191534 4.7972e-08
8 11629578 rs8191538 0.11513
8 11629637 rs1883016 1.8041e-08
8 11629699 rs8191540 3.6394000000000004e-05
8 11629809 rs8191542 0.5445300000000001
8 11629810 rs8191543 0.75083
8 11629852 rs804266 0.00013419
8 11630060 rs8191544 0.2313
8 11630081 rs804265 0.00012602
8 11630153 rs140397604 0.33626
8 11630203 rs115931390 0.53514
8 11630412 rs8191547 0.018059
8 11630429 rs804264 0.00032115
8 11630437 rs111432915 0.20576
8 11630518 rs573956329 0.94052
8 11630859 rs8191551 0.35359
8 11630915 rs804263 0.00014621
8 11630916 rs73663009 0.28231999999999996
8 11631169 rs560906574 0.50652
8 11631177 rs8191553 0.8268200000000001
8 11631270 rs809201 0.17192000000000002
8 11631504 rs804262 0.00033894
8 11631551 rs8191555 0.59867
8 11631562 rs804261 0.00012764
8 11631633 rs8191556 0.14255
8 11631731 rs8191557 0.21988000000000002
8 11631745 rs8191558 0.12872
8 11631780 rs8191560 0.13003
8 11631871 rs55877487 0.13082
8 11631906 rs804260 0.099848
8 11632032 rs4124646 0.12943
8 11632279 rs7013933 0.4974
8 11632355 rs8191571 0.41993
8 11632496 rs144490474 0.65576
8 11632528 rs1090107 0.0010397
8 11632581 rs8191573 0.99985
8 11632836 rs369799981 0.64413
8 11633188 rs7000800 1.4334e-07
8 11633310 rs8191579 0.012665000000000001
8 11633362 rs8191580 0.52308
8 11633396 rs188965505 0.52804
8 11633443 rs8191581 0.012727
8 11633538 rs8191584 0.44406
8 11633546 rs8191585 0.012368
8 11633607 rs1961893 0.22913000000000003
8 11633914 rs113115434 0.2056
8 11633964 rs804259 0.3267
8 11634064 rs8191588 0.31659
8 11634194 rs8191589 0.57053
8 11634249 rs112476451 0.17215
8 11634275 rs139026716 0.90946
8 11634302 rs8191590 0.5201
8 11634457 rs8191591 0.035445
8 11634504 rs8191592 0.21957
8 11634521 rs8191593 0.011588
8 11634599 rs8191594 0.2211
8 11634650 rs117621290 0.47991999999999996
8 11634740 rs111811133 0.22871
8 11634809 rs804258 0.0010408
8 11634818 rs75484116 0.30453
8 11634865 rs531777991 0.58896
8 11634894 rs187319763 0.50795
8 11634913 rs804257 0.26391
8 11635195 rs8191595 0.58575
8 11635367 rs8191596 0.53056
8 11635569 rs4840581 0.0004516
8 11635616 rs8191598 0.75229
8 11635766 rs8191599 0.7640399999999999
8 11635904 rs6993013 0.01205
8 11635927 rs4840582 0.054138
8 11635946 rs4840583 0.0009493
8 11636017 rs4840584 0.053575
8 11636183 rs8191600 0.46623000000000003
8 11636507 rs8191602 0.016102
8 11636602 rs111329973 0.22701999999999997
8 11636624 rs149516084 0.63817
8 11636734 rs8191603 0.5194
8 11636739 rs571427770 0.38114000000000003
8 11636740 rs113863755 0.23406999999999997
8 11636862 rs804256 1.7197e-05
8 11636870 rs804255 0.28883000000000003
8 11636884 rs8191604 8.0097e-08
8 11636902 rs8191605 0.055182
8 11636922 rs8191606 0.056805999999999995
8 11636933 rs8191607 0.051128
8 11636998 rs8191608 0.054433
8 11637002 rs8191609 0.011783
8 11637173 rs35400293 0.082379
8 11637275 rs8191612 0.69314
8 11637276 rs8191613 0.013226
8 11637643 rs8191614 0.012588
8 11637946 rs113440513 0.5442
8 11638244 rs6601606 0.010099
8 11638361 rs4840585 0.08479099999999999
8 11638735 rs187927669 0.10016
8 11638785 rs192490794 0.30336
8 11638812 rs188708399 0.65481
8 11638823 rs8191617 0.12791
8 11638878 rs1874546 0.014112000000000001
8 11638985 rs1874545 0.29559
8 11638988 rs8191618 0.020025
8 11639188 rs8191620 0.035272000000000005
8 11639228 rs577950219 0.51718
8 11639393 rs8191623 0.13037
8 11639429 rs8191624 0.019388
8 11639606 rs8191625 0.13289
8 11639611 rs8191626 0.16635999999999998
8 11639718 rs8191628 0.9938799999999999
8 11639831 rs148008492 0.34174
8 11639896 rs8191631 0.71162
8 11639949 rs8191632 0.052114
8 11639991 rs8180912 0.003054
8 11640018 rs111526253 0.34063000000000004
8 11640036 rs112313786 0.38564
8 11640182 rs8191634 0.013937
8 11640196 rs8191636 0.01354
8 11640276 rs2645451 0.29572
8 11640423 rs8191638 0.9652
8 11640491 8:11640491_A_T 0.62226
8 11640570 rs755413423 0.45743
8 11640611 rs8191639 0.86736
8 11640662 rs8191640 0.11047
8 11640704 rs8191641 0.9131299999999999
8 11640784 rs8191642 1.1432999999999999e-07
8 11640853 rs112549959 0.9356399999999999
8 11641056 rs8191644 0.17242000000000002
8 11641165 rs768552702 0.26303000000000004
8 11641202 rs374235496 0.7217399999999999
8 11641236 rs8191647 0.11130999999999999
8 11641324 rs4143456 0.0048067
8 11641407 rs8191649 5.1333e-08
8 11641508 rs193163077 0.056066
8 11641737 rs8191651 0.25485
8 11641824 rs8191652 0.01612
8 11641871 rs6982453 0.042381999999999996
8 11641996 rs804294 0.23471999999999998
8 11642087 rs8191653 0.49993000000000004
8 11642545 rs809206 0.024905
8 11642581 rs111877937 0.3034
8 11642644 rs8191658 0.15535
8 11642660 rs191321050 0.96615
8 11642715 rs8191659 0.016505000000000002
8 11642870 rs804293 0.017212
8 11643144 rs778445338 0.7248600000000001
8 11643293 rs8191662 0.92314
8 11643459 rs8191663 1.6045e-09
8 11643553 rs8191664 0.029904000000000003
8 11643696 rs139505292 0.48648
8 11643731 rs113110839 0.58118
8 11643803 rs1534862 1.6226e-09
8 11643915 rs804292 0.56323
8 11643972 rs6997097 0.7075100000000001
8 11644012 rs181242603 0.36521
8 11644117 rs8191669 0.8819299999999999
8 11644273 rs8191671 0.34343
8 11644286 rs113456361 0.30268
8 11644647 rs2740438 0.077549
8 11644648 rs2740439 0.074125
8 11644689 rs8191674 0.7759199999999999
8 11644751 rs4639 0.0009294
8 11644821 rs1043180 0.19218
8 11644997 rs113560132 0.26624000000000003
8 11645145 rs372401702 0.36562
8 11645160 rs8191676 0.095856
8 11645189 rs8191677 0.033117
8 11645204 rs8191678 1.7101e-07
8 11645231 rs150351632 0.30141999999999997
8 11645557 rs8191682 0.8501700000000001
8 11645572 rs184321709 0.297
8 11645909 rs8191685 0.33975
8 11645911 rs8191686 0.72424
8 11645923 rs111870861 0.30029
8 11645940 rs2740440 0.30685
8 11646253 rs150640437 0.26335
8 11646262 rs2740441 0.10172
8 11646265 rs149821313 0.66975
8 11646306 rs147961674 0.20049
8 11646330 rs4841596 0.036164
8 11646331 rs116513362 0.16842000000000001
8 11646395 rs67631516 2.7883e-07
8 11646402 rs184016113 0.3893
8 11646406 rs117614588 0.17447000000000001
8 11646437 rs188504478 0.095408
8 11646465 rs563991087 0.13072
8 11646512 rs2645450 0.05485
8 11646605 rs11783402 0.022076
8 11646674 rs73545763 0.59517
8 11646765 rs115586008 0.97751
8 11646788 rs2645449 0.053357
8 11646791 rs73207234 0.53922
8 11646834 rs883034 0.59464
8 11646843 rs117533147 0.33169
8 11646914 rs112663073 0.20310999999999998
8 11646934 rs904015 1.6195999999999998e-07
8 11646995 rs114264997 0.69145
8 11647014 rs1883017 0.047358
8 11647152 rs2409829 0.52231
8 11647223 rs2257144 0.047006
8 11647281 rs145551605 0.26864
8 11647389 rs71518536 3.2192e-05
8 11647562 rs1883018 0.018430000000000002
8 11647606 rs60729363 0.13857
8 11647665 rs111358481 0.81847
8 11647941 rs2101914 0.0030659000000000003
8 11648041 rs73207235 0.15749000000000002
8 11648067 rs2088349 0.0025163
8 11648080 rs1883019 0.079887
8 11648224 rs2088348 0.014461000000000002
8 11648231 rs1883020 2.7427e-07
8 11648371 rs67192594 0.22833
8 11648408 rs10089013 0.13547
8 11648590 rs13258488 2.7215e-07
8 11648656 rs147497973 0.22857
8 11648659 rs2740442 0.59465
8 11648722 rs2740443 0.029865
8 11648726 rs2645448 0.038114
8 11648789 rs2740444 0.015121
8 11648874 rs2645447 0.025988999999999998
8 11648907 rs41391349 0.23798000000000002
8 11649069 rs2645446 0.00045585
8 11649101 rs2686183 0.00044826
8 11649359 rs2686184 0.00075941
8 11649392 rs2645445 0.21941
8 11649502 rs2740445 0.00074364
8 11649550 rs139053845 0.2639
8 11649875 rs144954640 0.76071
8 11650084 rs149051600 0.4884
8 11650200 rs73545766 0.83147
8 11650239 rs114877508 0.12477
8 11650321 rs113567822 0.6684399999999999
8 11650475 rs7001819 5.101299999999999e-09
8 11650608 rs9644753 0.045054000000000004
8 11650709 rs73207237 0.095472
8 11650786 rs78566921 0.45318
8 11650843 rs57575026 0.12547
8 11650918 rs3824116 6.268e-08
8 11651006 rs145591350 0.7761
8 11651106 rs138114841 0.76974
8 11651164 rs73545769 0.74161
8 11651217 rs138809879 0.60043
8 11651299 rs75224198 0.63265
8 11651387 rs3824115 0.033770999999999995
8 11651495 rs11784676 0.049178
8 11651546 rs112622249 0.6674
8 11651547 rs73207238 0.76173
8 11651553 rs2645444 0.026851999999999997
8 11651609 rs184785436 0.17559
8 11651662 rs11250166 0.009756200000000001
8 11651693 rs2645443 0.046353
8 11651816 rs150497380 0.43988999999999995
8 11652181 rs7818491 0.73302
8 11652182 rs28615101 0.13759000000000002
8 11652219 rs28697995 0.17075
8 11652227 rs28481870 0.16965
8 11652322 rs183773257 0.77394
8 11652359 rs536131912 0.95381
8 11652553 rs565319425 0.17322
8 11652612 rs7012664 0.10682
8 11652669 rs140445965 6.908e-05
8 11652672 rs189987134 0.8309200000000001
8 11652739 rs147070209 0.81825
8 11652936 rs138381388 0.97534
8 11652962 rs144010716 0.77712
8 11653068 rs138946662 0.36769
8 11653134 rs11987749 0.33052
8 11653154 rs67192535 5.3893e-09
8 11653188 rs188168546 0.28533000000000003
8 11653248 rs68166243 0.13276
8 11653249 rs148618958 0.55362
8 11653282 rs7824481 0.37116
8 11653292 rs2686186 0.29581
8 11653318 rs11997632 0.7170300000000001
8 11653334 rs7823420 0.32106
8 11653413 rs139167376 0.15125999999999998
8 11653564 rs73663010 0.1363
8 11653580 rs189724479 0.8504700000000001
8 11653638 rs571883805 0.71435
8 11653671 rs7824015 0.37631
8 11653690 rs149758644 0.67119
8 11653705 rs2645439 0.59321
8 11653752 rs116686929 0.98626
8 11653821 rs73207239 0.13422
8 11653825 rs10503424 0.18575
8 11653849 rs11787320 0.13802999999999999
8 11653880 rs117800140 0.22391
8 11653904 rs55650299 0.088272
8 11653914 rs113051015 0.86246
8 11653916 rs28391704 0.13822
8 11654085 rs11780364 0.08014500000000001
8 11654137 rs56303605 0.11015
8 11654148 rs76602811 0.48346999999999996
8 11654240 rs28380721 0.18613
8 11654260 rs543919870 0.064091
8 11654317 rs115455383 0.57604
8 11654364 rs116793363 0.7480100000000001
8 11654383 rs79661635 0.9853299999999999
8 11654384 rs2088346 6.1803e-08
8 11654439 rs142385536 0.080751
8 11654488 rs2088347 0.62095
8 11654716 rs75419265 0.31861
8 11654747 rs58313162 0.78338
8 11654796 rs2686187 8.2137e-05
8 11654839 rs79558745 0.8274600000000001
8 11654952 rs2686188 0.127
8 11655022 rs73207245 0.12884
8 11655098 rs73207246 0.11295999999999999
8 11655124 rs58165005 0.81595
8 11655229 rs2686189 0.00021593
8 11655366 rs2645438 0.01293
8 11655373 rs574520243 0.30775
8 11655379 rs541921779 0.28734
8 11655424 rs57793790 0.74278
8 11655577 rs2686190 0.0057003999999999996
8 11655588 rs73207248 0.069376
8 11655681 rs59389352 0.73983
8 11655827 rs11995135 0.053938
8 11655837 rs58940199 0.36541
8 11655911 rs60471430 0.37014
8 11656090 rs73545784 0.74174
8 11656134 rs142331622 0.54584
8 11656255 rs59699307 0.31146999999999997
8 11656341 rs56187811 0.12255999999999999
8 11656357 rs11774161 0.17348
8 11656483 rs2686194 0.019363
8 11656576 rs55757177 0.13141
8 11656624 rs117853623 0.93145
8 11656743 rs55658394 0.12287999999999999
8 11656773 rs187332179 0.74732
8 11656844 rs73207250 0.8034399999999999
8 11656924 rs61004096 0.33971999999999997
8 11656929 rs56078124 0.094331
8 11656938 rs7010927 0.012059
8 11656965 rs28827548 0.10171000000000001
8 11657012 rs116165123 0.75061
8 11657033 rs2645437 0.019391
8 11657039 rs56043655 0.11055
8 11657083 rs142254499 0.56607
8 11657156 rs2686195 0.62374
8 11657182 rs2645436 0.24497
8 11657401 rs11250167 0.00018135
8 11657450 rs11986535 0.62454
8 11657610 rs55848834 0.11546
8 11657716 rs2645435 0.023962
8 11657832 rs530050248 0.66483
8 11657838 rs13276352 5.9074e-10
8 11657843 rs112904314 0.4555
8 11657873 rs117160301 0.062764
8 11657877 rs118059476 0.063519
8 11657896 rs111235618 0.50065
8 11657921 rs2645433 0.00082948
8 11658051 rs778189219 0.9230700000000001
8 11658131 rs2740449 2.5273e-09
8 11658313 rs28475740 0.30509000000000003
8 11658332 rs77512931 0.093423
8 11658420 rs186553601 0.83436
8 11658531 rs149772355 0.02428
8 11658633 rs10108820 0.10622999999999999
8 11658675 rs142893787 0.55277
8 11658800 rs536499744 0.26383
8 11658834 rs183290126 0.31745999999999996
8 11658997 rs567827388 0.5561
8 11659002 rs112056952 0.8361700000000001
8 11659109 rs2645430 9.4951e-08
8 11659322 rs146885704 0.53123
8 11659451 rs187400157 0.058502
8 11659512 rs117559475 0.98377
8 11659617 rs184961538 0.71534
8 11659675 rs17553545 0.97911
8 11659703 rs12056541 0.027870999999999996
8 11659718 rs115962864 0.23126999999999998
8 11659892 rs17553559 0.95495
8 11659902 rs2686196 0.076598
8 11659928 rs17524874 0.9553299999999999
8 11660051 rs2645429 6.9977e-10
8 11660078 rs17524888 0.9710200000000001
8 11660136 rs17524895 0.073267
8 11660168 rs113207154 0.79805
8 11660362 rs1047643 0.84204
8 11660614 rs1497042 2.5543999999999997e-08
8 11660655 rs181523465 0.78681
8 11660685 rs186706679 0.28778000000000004
8 11660728 rs116651644 0.21925999999999998
8 11660764 rs2280922 0.043322
8 11660850 rs141381802 0.53456
8 11660916 rs2252567 3.1972000000000003e-08
8 11661062 rs189550932 0.08202999999999999
8 11661076 rs115650225 0.5068600000000001
8 11661222 rs140063294 0.19468
8 11661467 rs12056593 0.93563
8 11661502 rs184974686 0.30879
8 11661566 rs9650662 0.02509
8 11661605 rs117224194 0.027547000000000002
8 11661730 rs76030580 0.71837
8 11661920 rs2686197 1.6488e-10
8 11662018 rs568285079 0.5723
8 11662148 rs112167590 0.42186
8 11662156 rs143000746 0.23751
8 11662206 rs12542790 0.9701
8 11662325 rs2740451 5.3188e-09
8 11662376 rs12542836 0.3172
8 11662384 rs12542839 0.94231
8 11662462 8:11662462_G_T 0.11315
8 11662548 rs2686198 2.7430000000000005e-08
8 11662885 rs10098874 0.7480399999999999
8 11663075 rs12543505 0.92814
8 11663099 rs78426726 0.48466000000000004
8 11663287 rs55756391 0.70578
8 11663394 rs1736091 0.08942
8 11663650 rs145037570 0.8891899999999999
8 11663763 rs80051943 0.74495
8 11663768 rs145896022 0.39013000000000003
8 11664170 rs113853968 0.46463999999999994
8 11664288 rs116443801 0.9839
8 11664673 rs74632641 0.3325
8 11664738 rs1736060 4.5386e-09
8 11664864 rs144751515 0.29508
8 11664868 rs187598925 0.43004
8 11664895 rs2179011 1.7763e-10
8 11664931 rs117522355 0.82581
8 11665176 rs761424955 0.037067
8 11665217 rs1736057 4.1563999999999994e-09
8 11665327 rs140911289 0.33324000000000004
8 11665334 rs112078933 0.42908
8 11665366 rs147530168 0.31713
8 11665512 rs116550570 0.34941
8 11665518 rs1736067 1.1658e-10
8 11665661 rs1032575 3.931e-09
8 11665704 rs1293301 5.2582999999999994e-11
8 11665805 rs1736070 1.1711e-10
8 11665859 rs141005971 0.84472
8 11665928 rs113733106 0.70233
8 11665959 rs1032577 4.349399999999999e-09
8 11666071 rs181750463 0.28461
8 11666156 rs144913726 0.7926300000000001
8 11666158 rs138750911 0.8261
8 11666337 rs4731 0.050983
8 11666384 rs11549151 0.30523
8 11666451 rs1616534 2.6719e-09
8 11666654 rs112697889 0.79573
8 11666733 rs117435442 0.84306
8 11666758 rs112053152 0.95314
8 11666768 rs1619667 3.4239999999999998e-09
8 11666770 rs74968483 0.79343
8 11666791 rs7845951 0.31389
8 11667044 rs147539608 0.8421200000000001
8 11667179 rs8417 0.078414
8 11667373 rs140157472 0.23799
8 11667412 rs78146596 0.65501
8 11667496 rs1736093 0.074698
8 11667554 rs113772584 0.40024
8 11667681 rs184840410 0.049587
8 11667719 rs149917679 0.2502
8 11667723 rs117688375 0.88326
8 11667808 rs146447915 0.2422
8 11667895 rs2280942 0.9490799999999999
8 11668019 rs112161266 0.72535
8 11668097 rs181950228 0.21696999999999997
8 11668107 rs112064036 0.33253
8 11668153 rs1534863 0.06788999999999999
8 11668227 rs114944193 0.8759299999999999
8 11668277 rs74617014 0.8776
8 11668559 rs6993946 0.77136
8 11668751 rs77123056 0.44258000000000003
8 11668767 rs1736108 0.071158
8 11669083 8:11669083_C_G 0.46688
8 11669266 rs117087024 0.55718
8 11669364 rs183579036 0.040323000000000005
8 11669409 rs139104151 0.10676
8 11669440 rs1736115 0.08783099999999999
8 11669597 rs374037159 0.9154100000000001
8 11669676 rs80040100 0.5094
8 11669746 rs118087891 0.95996
8 11669909 rs79392617 0.00012709
8 11669933 rs538700082 0.09862
8 11670105 rs7009514 0.8243
8 11670115 rs568113770 0.81908
8 11670272 rs7013950 0.82734
8 11670281 rs4841598 0.5573899999999999
8 11670290 rs116723439 0.35436999999999996
8 11670529 rs78522320 0.35335
8 11670658 rs111374888 0.9051
8 11670932 rs6991234 0.086201
8 11671041 rs1736058 0.30911
8 11671108 rs117873906 0.9511799999999999
8 11671117 rs147060296 0.094113
8 11671127 rs112955879 0.48146000000000005
8 11671141 rs141935490 0.33026
8 11671146 rs73547716 0.47816000000000003
8 11671208 rs773366720 0.13898
8 11671362 rs3779663 0.9192799999999999
8 11671466 rs56189101 0.33211999999999997
8 11671659 rs73547720 0.85995
8 11671789 rs56373609 0.22876
8 11672028 rs28622563 0.90048
8 11672434 rs144630323 0.5573199999999999
8 11672481 rs7814619 0.48216000000000003
8 11672570 rs563468443 0.32022
8 11672623 rs145481194 0.95375
8 11672720 rs150001620 0.6592899999999999
8 11672782 rs531003996 0.88177
8 11672899 rs7818952 0.6373
8 11672960 rs112060165 0.7228100000000001
8 11673033 rs7818816 0.9550200000000001
8 11673055 rs57720356 0.61566
8 11673388 rs60758961 0.61879
8 11673416 rs111711098 0.6655300000000001
8 11673479 rs112333172 0.39219
8 11673503 rs115624506 0.68681
8 11673590 rs148662539 0.32745
8 11673601 rs117849877 0.37318
8 11673700 rs7823403 0.5687800000000001
8 11673958 rs28841679 0.58606
8 11673985 rs78709955 5.4107e-07
8 11673989 rs58161275 0.28
8 11674072 rs554233310 0.029941000000000002
8 11674075 rs60817404 0.28431
8 11674077 rs28832388 0.46126000000000006
8 11674119 rs145837927 0.9371799999999999
8 11674137 rs7011491 0.80467
8 11674264 rs28789776 0.49231
8 11674289 rs56686795 0.26245999999999997
8 11674291 rs148009554 0.41897
8 11674292 rs189542863 0.9416899999999999
8 11674301 rs57598819 0.3055
8 11674361 rs150535818 0.43287
8 11674472 rs138607629 0.42972
8 11674478 rs61585306 0.26358000000000004
8 11674541 rs530176813 0.6829999999999999
8 11674548 rs61610208 0.27258000000000004
8 11674793 rs6994126 0.9446
8 11675011 rs139736418 0.27645
8 11675028 rs191171924 0.099235
8 11675248 rs7002768 0.32943
8 11675304 rs144208819 0.84429
8 11675318 rs553962791 0.51632
8 11675363 rs79180062 0.33105999999999997
8 11675416 rs116597518 0.66027
8 11675445 rs55664726 0.2737
8 11675531 rs75793235 0.30007
8 11675886 rs61691191 0.3391
8 11675900 rs141383936 0.27091
8 11676094 rs149027870 0.8998
8 11676271 rs142817102 0.25711999999999996
8 11676358 rs555728320 0.9295899999999999
8 11676455 rs111405859 0.40403
8 11676468 rs190632438 0.41428999999999994
8 11676519 rs7008523 0.76756
8 11676592 rs4308694 0.49933
8 11676682 rs6984049 0.79504
8 11676859 rs7005011 0.50753
8 11676964 rs7009163 0.7390100000000001
8 11676994 rs6989363 0.7570600000000001
8 11676996 rs7008990 0.75268
8 11677110 rs4442098 0.7542800000000001
8 11677217 rs181292686 0.15752
8 11677250 rs2898300 0.27423000000000003
8 11677290 rs2409830 0.34564
8 11677305 rs2409831 0.16688
8 11677458 rs2409832 0.3228
8 11677472 rs2409833 0.54182
8 11677524 rs2409834 0.73697
8 11677613 rs148265500 0.6162
8 11677640 rs141415150 0.50041
8 11677644 rs7839083 0.00023602
8 11677651 rs56365693 0.30691999999999997
8 11677702 rs533390570 0.17065999999999998
8 11677774 rs56151220 0.31129
8 11677794 rs560329299 0.7195199999999999
8 11677803 rs146085494 0.9504
8 11677805 rs9644689 0.7543
8 11677905 rs1293299 1.3263e-07
8 11677928 rs7821787 0.71106
8 11677980 rs115541408 0.3745
8 11678404 rs6601612 0.35983000000000004
8 11678447 rs145166451 0.29233000000000003
8 11678501 rs7015195 0.58662
8 11678564 rs74757243 0.3259
8 11678668 rs7015547 0.45858999999999994
8 11678926 rs185506041 0.48065
8 11678929 rs7015907 0.68109
8 11678933 rs190080348 0.03205
8 11679177 rs77559625 0.77191
8 11679336 rs139354492 0.032886
8 11679464 rs73663013 0.39054
8 11679472 rs71518538 0.13368
8 11679531 rs73663014 0.8886700000000001
8 11679710 rs56693888 0.6892699999999999
8 11679783 rs34809309 0.9052100000000001
8 11679793 rs73663015 0.89375
8 11679835 rs115019606 0.57392
8 11680007 rs1293300 0.03598
8 11680117 rs114152703 0.17128
8 11680148 rs79170869 0.71986
8 11680468 rs73547796 0.8763799999999999
8 11680535 rs10097887 0.40715999999999997
8 11680541 rs151207445 0.83695
8 11680719 rs116478238 0.28588
8 11680886 rs141242787 0.57685
8 11680982 rs144941865 0.09827899999999999
8 11681164 rs61690662 0.73397
8 11681203 rs112360282 0.573
8 11681246 rs1692806 0.0035034
8 11681267 rs116286179 0.79792
8 11681340 rs112392263 0.77161
8 11681388 rs12543666 0.9402299999999999
8 11681452 rs56130098 0.38013
8 11681465 rs112693927 0.44347
8 11681587 rs565146134 0.48527
8 11681615 rs77897185 0.06278099999999999
8 11681652 rs117188460 0.59046
8 11681725 rs558993427 0.12974000000000002
8 11681825 rs17756892 0.7084199999999999
8 11681838 rs17149412 0.90269
8 11681911 rs79660466 0.74247
8 11681993 rs73547802 0.80512
8 11682147 rs754533324 0.34428000000000003
8 11682168 rs576059819 0.4897
8 11682267 rs34015932 0.52609
8 11682276 rs139459843 0.45142
8 11682306 rs190912300 0.80051
8 11682330 rs149699649 0.53399
8 11682418 rs111404831 0.82194
8 11682446 rs188961353 0.45053000000000004
8 11682448 rs2686202 0.34201
8 11682476 rs2740591 0.45213000000000003
8 11682477 rs570425283 0.41334
8 11682556 rs28441391 0.5387
8 11682566 rs2645427 0.48496999999999996
8 11682670 rs17153891 0.52057
8 11682722 rs550854310 0.46771999999999997
8 11682771 rs2645426 0.6146699999999999
8 11682772 rs144872921 0.22846999999999998
8 11682858 rs111808561 0.8463299999999999
8 11682901 rs112315893 0.85831
8 11683010 rs2686203 0.38994
8 11683144 rs73549709 0.72216
8 11683164 rs551648284 0.47916000000000003
8 11683330 rs143994470 0.48222
8 11683402 rs532360947 0.34996
8 11683622 rs2229247 0.47657
8 11683653 rs904011 0.39664
8 11683742 rs115409999 0.35151
8 11683818 rs2294136 0.37145
8 11683874 rs74977236 0.36084
8 11684071 rs35383383 0.36615
8 11684072 rs141133312 0.30127
8 11684141 rs1692800 0.7704300000000001
8 11684288 rs139151302 0.6660699999999999
8 11684403 rs962366 0.5079600000000001
8 11684463 rs2645424 0.5
8 11684677 rs559435076 0.43528
8 11684721 rs80135711 0.72465
8 11684787 rs74784024 0.66766
8 11684922 rs118054987 0.98655
8 11684956 rs184562960 0.11645
8 11684974 rs145610585 0.09984900000000001
8 11685010 rs1123140 0.33962
8 11685176 rs1736063 0.80892
8 11685178 rs115888200 0.27198
8 11685197 rs78351192 0.88659
8 11685320 rs1736064 0.40715999999999997
8 11685342 rs1692799 0.00011993
8 11685346 rs58181209 0.72328
8 11685380 rs148934360 0.50164
8 11685453 rs1736065 1.721e-06
8 11685505 rs143630232 0.52798
8 11685536 rs2409835 0.35875
8 11685549 rs142474421 0.89859
8 11685583 rs79973329 0.37659000000000004
8 11685591 rs28646165 0.069113
8 11685664 rs76573693 0.6578
8 11685680 rs550840217 0.49723
8 11685729 rs189765608 0.045614999999999996
8 11685744 rs35787968 0.35883000000000004
8 11685752 rs1692797 0.40797
8 11685765 rs111657290 0.23820999999999998
8 11685773 rs77933205 0.5274800000000001
8 11685925 rs533175254 0.48245
8 11685975 rs75266101 0.61448
8 11685981 rs7009302 0.52865
8 11686089 rs10089520 0.8233799999999999
8 11686306 rs73207292 0.21586999999999998
8 11686413 rs10100571 0.8911899999999999
8 11686419 rs2686204 0.00014690000000000002
8 11686420 rs183682745 0.48163
8 11686453 rs571306847 0.49312
8 11686466 rs7009969 0.9962700000000001
8 11686487 rs2645414 0.77295
8 11686509 rs188684153 0.37956999999999996
8 11686570 rs28575472 0.34742
8 11686757 rs118189720 0.77583
8 11686770 rs76572578 0.7070000000000001
8 11686835 rs1123141 0.00018978
8 11686905 rs150798353 0.5076
8 11686912 rs75722798 0.8296
8 11686991 rs2645413 0.83101
8 11687034 rs73207295 0.21148000000000003
8 11687054 rs75673635 0.5767
8 11687055 rs78947955 0.5765100000000001
8 11687060 rs541122604 0.37219
8 11687122 rs116030078 0.6007600000000001
8 11687123 rs58057768 0.5475
8 11687159 rs12676995 0.00011411
8 11687209 rs117979640 0.5608
8 11687308 rs17153899 0.2198
8 11687353 rs58625224 0.40058
8 11687354 rs547493632 0.50569
8 11687388 rs375859759 0.20444
8 11687393 rs185125386 0.3925
8 11687396 rs147894007 0.30687
8 11687484 rs570446814 0.04018
8 11687518 rs3779662 0.39236
8 11687658 rs17153900 0.11367000000000001
8 11687683 rs148169644 0.8225100000000001
8 11687923 rs73207296 0.086542
8 11687938 rs1293313 0.71045
8 11687943 rs78698440 0.70215
8 11687959 rs2294137 0.46853999999999996
8 11687998 rs17153904 0.34073000000000003
8 11688076 rs77318013 0.13992000000000002
8 11688137 rs79569566 0.5526399999999999
8 11688148 rs4841600 9.2119e-06
8 11688304 rs73549728 0.71445
8 11688335 rs74487295 0.71209
8 11688342 rs73549729 0.74335
8 11688393 rs73549730 0.7706
8 11688485 rs1298295 0.2032
8 11688607 rs73549732 0.65337
8 11688619 rs115347540 0.12472000000000001
8 11688676 rs73549733 0.71811
8 11688760 rs73549735 0.99449
8 11689119 rs9205 0.35256
8 11689228 rs2409836 5.9254999999999994e-06
8 11689695 rs564948925 0.11395999999999999
8 11689746 rs58192053 0.6431
8 11689791 rs117364124 0.79109
8 11690025 rs79121058 0.6944600000000001
8 11690092 rs9886380 0.06661
8 11690106 rs1293314 0.48463999999999996
8 11690126 rs112550964 0.52468
8 11690130 rs113331840 0.55162
8 11690170 rs76237518 0.029286000000000003
8 11690234 rs73663016 0.76102
8 11690403 rs57725348 0.67265
8 11690422 rs1293315 0.56622
8 11690428 rs113718933 0.3006
8 11690519 rs59018266 0.43062
8 11690534 rs73663017 0.57253
8 11690557 rs78812788 0.49828
8 11690870 rs77440795 0.42346000000000006
8 11690915 rs1293316 3.2341e-06
8 11691013 rs73663018 0.5677800000000001
8 11691026 rs73207298 0.22002
8 11691142 rs11250168 0.073338
8 11691145 rs73207299 0.16965
8 11691203 rs76144878 0.90959
8 11691310 rs1293318 0.28017
8 11691330 rs1293319 0.61193
8 11691375 rs10091427 0.7699600000000001
8 11691393 rs61452742 0.028416000000000004
8 11691625 rs117231773 0.32349
8 11691939 rs1293320 0.00074185
8 11692128 rs17757392 0.0001926
8 11692294 rs762365322 0.44723
8 11692407 rs112097393 0.71629
8 11692481 rs7817408 0.3394
8 11692569 rs3779660 0.00137
8 11692579 rs112209617 0.06995900000000001
8 11692638 rs1293322 1.4026e-06
8 11692666 rs10099327 0.13744
8 11692831 rs60818040 0.78062
8 11692841 rs3735810 0.13207
8 11692854 rs6601615 0.42618999999999996
8 11692922 rs13282158 0.22573000000000001
8 11693048 rs3735809 0.030168
8 11693179 rs78453221 0.35026
8 11693224 rs76084838 0.9719899999999999
8 11693378 rs6990033 1.891e-06
8 11693379 rs112635336 0.34152
8 11693406 rs1138666 0.7230800000000001
8 11693439 rs2645454 0.9962200000000001
8 11693455 rs114226132 0.042066
8 11693577 rs1293325 2.7412e-06
8 11693770 rs114978908 0.95655
8 11693842 rs575830413 0.37677
8 11693919 rs58631438 0.0018670000000000002
8 11694299 rs62495674 0.62564
8 11694604 rs6995787 0.17165
8 11694641 rs58922796 0.40968000000000004
8 11694650 rs1296025 0.0002597
8 11694718 rs78788327 0.50092
8 11694765 rs1293326 2.2754e-06
8 11694920 rs34208771 0.10012
8 11694972 rs114639990 0.8155899999999999
8 11694986 rs1293327 8.5279e-07
8 11695035 rs753384452 0.4213
8 11695060 rs1293328 2.4454e-06
8 11695161 rs148053641 0.50249
8 11695412 rs73543159 0.74726
8 11695539 rs142066591 0.072821
8 11695555 rs114773639 0.79703
8 11695619 rs7832214 0.19647
8 11695633 rs7832215 0.15161
8 11695731 rs55774923 0.4663
8 11695735 rs62495675 0.1798
8 11695872 rs10903343 2.4752e-05
8 11696061 rs10089896 0.12070999999999998
8 11696267 rs112683830 0.18219000000000002
8 11696322 rs754492789 0.58535
8 11696339 rs112278798 0.15334
8 11696352 rs3258 0.0017003
8 11696394 rs3189016 0.36851
8 11696407 rs73209010 0.32411999999999996
8 11696440 rs10091118 0.87471
8 11696492 rs8944 0.14044
8 11696533 rs141358091 0.22355999999999998
8 11696677 rs2446 0.44011000000000006
8 11696743 rs565256339 0.18333
8 11696923 rs149123953 0.34613
8 11696993 rs112884456 0.7391399999999999
8 11697433 rs76705919 0.37043000000000004
8 11697442 rs1296026 2.3046e-06
8 11697452 rs12675819 0.00071094
8 11697503 rs79492768 0.62484
8 11697538 rs73543162 0.80489
8 11697561 rs1296027 0.32127
8 11697621 rs115016440 0.041902999999999996
8 11697643 rs557940071 0.8598100000000001
8 11697735 rs73209013 0.70109
8 11697773 rs182282576 0.58475
8 11697844 rs73543167 0.32274
8 11697878 rs529384588 0.38484
8 11697975 rs144176129 0.21497
8 11698204 rs1293329 0.6100800000000001
8 11698293 rs58690636 0.64025
8 11698337 rs1293330 0.7491899999999999
8 11698436 rs1293331 1.3203999999999999e-06
8 11698464 rs61394300 0.09277
8 11698568 rs543274911 0.36057
8 11698747 rs1296028 2.9008999999999996e-06
8 11698790 rs73209014 0.8853700000000001
8 11698805 rs150990707 0.020030000000000003
8 11698815 rs544070664 0.020030000000000003
8 11698816 rs565437222 0.018614
8 11698828 rs112799823 0.011526
8 11699247 rs10102799 0.9674799999999999
8 11699279 rs4631423 0.14629
8 11699408 rs11250169 0.0053205
8 11699424 rs1692823 0.78965
8 11699571 rs111815102 0.8095399999999999
8 11699600 rs188788517 0.030969
8 11699632 rs1613883 2.9296e-06
8 11699667 rs78763986 0.40081999999999995
8 11699687 rs116789205 0.06903
8 11699707 rs1692822 0.46718999999999994
8 11699730 rs4841601 0.0021420000000000002
8 11699910 rs116097524 0.47286000000000006
8 11699936 rs768191480 0.42557
8 11699947 rs73543173 0.91819
8 11699988 rs1692821 1.6223e-05
8 11699989 rs112086464 0.92138
8 11700101 rs6731 0.0016652999999999998
8 11700214 rs766205397 0.5509
8 11700215 rs142704150 0.41531999999999997
8 11700393 rs542101271 0.44321000000000005
8 11700507 rs113608066 0.6966
8 11700527 rs186126038 0.67184
8 11700542 rs190531764 0.2326
8 11700705 rs148669985 0.016321000000000002
8 11700727 rs1142957 0.0029105999999999997
8 11700745 rs1736077 0.19734000000000002
8 11700805 rs28702827 0.76475
8 11700828 rs73663020 0.5260199999999999
8 11700896 rs77145771 0.29741
8 11700967 rs73209015 0.2168
8 11700979 rs77301081 0.85336
8 11701096 rs8005 1.6039e-05
8 11701160 rs59270740 0.10636
8 11701198 rs12898 0.0018649
8 11701251 rs191935335 0.57802
8 11701253 rs2740592 1.3144e-06
8 11701278 rs2645425 1.0197e-06
8 11701294 rs140927391 0.6995899999999999
8 11701330 rs11786618 0.0010629
8 11701476 rs138778768 0.4294
8 11701602 rs1065714 0.7280399999999999
8 11701720 rs761257261 0.62849
8 11701815 rs530593275 0.16114
8 11701842 rs1736078 0.78969
8 11701933 rs4839 2.4516999999999998e-06
8 11702006 rs9009 3.2897e-05
8 11702122 rs1065712 0.22138000000000002
8 11702153 rs117403292 0.17911
8 11702180 rs13361 0.15113
8 11702204 rs6730 0.66008
8 11702239 rs4987129 0.44683
8 11702277 rs3088244 0.8107800000000001
8 11702286 rs1803249 0.23288000000000003
8 11702313 rs709822 1.2692e-05
8 11702375 rs3947 3.0488999999999997e-06
8 11702441 rs3088245 0.29664
8 11702542 rs8898 0.01061
8 11702594 rs709821 3.5827e-06
8 11702767 rs142249463 0.26539
8 11702835 rs28460683 0.7631
8 11702840 rs1736081 2.535e-06
8 11702878 rs140521029 0.79228
8 11703002 rs10107851 0.32300999999999996
8 11703033 rs114619491 0.1874
8 11703048 rs1692811 2.6173000000000003e-06
8 11703243 rs146909557 0.56608
8 11703420 rs1736082 3.027e-06
8 11703497 rs1736083 2.7424e-06
8 11703523 rs1692812 2.3611e-06
8 11703593 rs56270739 0.73431
8 11703644 rs62495681 0.91759
8 11703652 rs6601616 0.13480999999999999
8 11703657 rs1736084 2.2147e-06
8 11703659 rs1736085 2.7817e-06
8 11703820 rs28584056 0.82344
8 11703852 rs7017233 0.61249
8 11703960 rs73663021 0.58658
8 11703969 rs73663022 0.6249399999999999
8 11704112 rs548601218 0.45163000000000003
8 11704238 rs191156018 0.22098
8 11704256 rs141526573 0.18512
8 11704296 rs1692813 5.4195e-06
8 11704298 rs1692814 5.4787e-06
8 11704350 rs1692815 0.0058621
8 11704457 rs1692816 0.0060108
8 11704617 rs114308907 0.19037
8 11704650 rs17573 0.5777800000000001
8 11704655 rs115207582 0.35333000000000003
8 11704707 rs147685738 0.92351
8 11704719 rs1692817 4.473e-06
8 11704878 rs1692818 0.0041966
8 11704897 rs1736086 4.9191e-06
8 11705021 rs115274513 0.24581999999999998
8 11705139 rs2294138 0.2229
8 11705160 rs192534545 0.22536
8 11705161 rs201709750 0.66422
8 11705282 rs2230070 0.52055
8 11705342 rs1736088 0.0038853
8 11705421 rs77133856 0.15265
8 11705442 rs2294139 0.2684
8 11705448 rs1692819 5.4181e-06
8 11705677 rs2294140 0.12708
8 11705749 rs184984835 0.78522
8 11705779 rs114687032 0.16443
8 11705870 rs1736089 3.0356e-06
8 11705884 rs113628575 0.5168
8 11706151 rs116738904 0.37111
8 11706155 rs114551030 0.37111
8 11706159 rs377709174 0.8974
8 11706229 rs1736090 0.01268
8 11706397 rs115776626 0.18941
8 11706418 rs149797657 0.34642
8 11706513 rs28592650 0.089603
8 11706560 rs1137069 0.7120000000000001
8 11706812 rs55820571 0.64852
8 11706834 rs35581201 0.07205700000000001
8 11706856 rs13280858 0.013559
8 11706906 rs13254438 0.014782
8 11706907 rs148977198 0.30861
8 11706937 rs13278902 0.016004
8 11707027 rs2740593 0.0065859
8 11707089 rs535622448 0.37667
8 11707174 rs2740594 7.2497e-06
8 11707272 rs146628196 0.30503
8 11707293 rs140237205 0.19715
8 11707332 rs186885924 0.66783
8 11707530 rs62495696 0.056148
8 11707531 rs115154590 0.32119000000000003
8 11707556 rs74639061 0.5542699999999999
8 11707589 rs2645420 0.011281
8 11707658 rs116858126 0.32539
8 11707688 rs142507928 0.37375
8 11707792 rs28689832 0.80001
8 11707800 rs2645419 0.01381
8 11707816 rs144610577 0.15615
8 11707822 rs139721746 0.8675
8 11707883 rs193198251 0.37724
8 11708216 rs73551254 0.33407
8 11708355 rs2272766 0.42158999999999996
8 11708365 rs116738069 0.5230199999999999
8 11708421 rs148117767 0.07743799999999999
8 11708430 rs11548596 0.9754
8 11708609 rs11985225 0.37918
8 11708715 rs28577034 0.27183
8 11708800 rs2645417 8.0424e-06
8 11708830 rs2740595 8.653e-06
8 11708946 rs150023964 0.32835
8 11709007 rs62495697 0.31911999999999996
8 11709055 rs528123231 0.9416100000000001
8 11709181 rs544253754 0.65983
8 11709253 rs568322840 0.024765000000000002
8 11709304 rs149029740 0.98544
8 11709316 rs1961986 0.28004
8 11709320 rs148207375 0.25053000000000003
8 11709671 rs28412889 0.073324
8 11709804 rs3779659 0.008312200000000002
8 11709834 rs112616372 0.22321999999999997
8 11709886 rs185876175 0.7256199999999999
8 11709899 rs76106252 0.23485
8 11709957 rs1293290 4.7083e-05
8 11710174 rs1803250 0.5453399999999999
8 11710301 rs1293291 0.0061254
8 11710369 rs1293292 6.313899999999999e-05
8 11710396 rs79698974 0.23431999999999997
8 11710548 rs28564794 0.13501
8 11710556 rs74936424 0.61419
8 11710629 rs1122182 7.0635e-05
8 11710703 rs1293294 0.07979800000000001
8 11710888 rs12338 0.27273000000000003
8 11710974 rs1137063 0.9498700000000001
8 11710985 rs144735294 0.12055
8 11711059 rs2272767 0.36944
8 11711149 rs1293295 5.0585e-05
8 11711153 rs142867128 0.57091
8 11711157 rs1293296 4.4754e-05
8 11711237 rs58164566 0.51983
8 11711473 rs1293297 0.0003665
8 11711516 rs78631783 0.5525
8 11711664 rs62495698 0.65871
8 11711717 rs76215930 0.31249
8 11712279 rs185877525 0.12358
8 11712302 rs6998335 0.7134699999999999
8 11712331 rs115569738 0.34059
8 11712394 rs78174313 0.23104
8 11712425 rs114297510 0.12358
8 11712443 rs1293298 3.1118e-06
8 11712555 rs117700846 0.6954100000000001
8 11712639 rs1736103 2.1719e-06
8 11712856 rs28525320 0.094045
8 11713158 rs17814360 0.77347
8 11713309 rs143750891 0.2006
8 11713345 rs374747046 0.61148
8 11713474 rs73551266 0.25348000000000004
8 11713735 rs116392987 0.14645
8 11713852 rs17154027 0.17038
8 11714041 rs151150212 0.18132
8 11714305 rs17814426 0.9537200000000001
8 11714405 rs115599693 0.15748
8 11714423 rs73209040 0.013980000000000001
8 11714461 rs115148974 0.090749
8 11714557 rs145147919 0.14920999999999998
8 11714608 rs28651155 0.19913
8 11714698 rs79326726 0.8935
8 11714787 rs113496738 0.77399
8 11714941 rs73209041 0.012789
8 11714949 rs76481141 0.49
8 11714978 rs76893470 0.1325
8 11715016 rs75462915 0.1584
8 11715083 rs148915739 0.13754
8 11715100 rs9644756 0.26006
8 11715412 rs6996115 0.92374
8 11715710 rs148096757 0.35681999999999997
8 11715758 rs114107564 0.4129
8 11715960 rs180829639 0.1723
8 11716059 rs111503285 0.48603999999999997
8 11716167 rs114646075 0.15391
8 11716188 rs76695379 0.10778
8 11716236 rs115204343 0.16842000000000001
8 11716409 rs114389027 0.16352
8 11716437 rs115516264 0.1631
8 11716461 rs555786726 0.6544399999999999
8 11716473 rs6980952 0.20018
8 11716588 rs73534703 0.11048
8 11716629 rs116492880 0.16416
8 11716640 rs6981167 0.22653
8 11716803 rs76881915 0.21091999999999997
8 11716837 rs562328829 0.099625
8 11716943 rs73209042 0.010214
8 11717014 rs113463283 0.97295
8 11717185 rs144303659 0.73307
8 11717208 rs151203430 0.15099
8 11717228 rs113849768 0.96885
8 11717653 rs12334665 0.73844
8 11717712 rs118077488 0.4381
8 11717828 rs188051086 0.74603
8 11717843 rs73534705 0.9806
8 11717993 rs138810156 0.9883700000000001
8 11718404 rs376817360 0.69498
8 11718528 rs1293288 0.2092
8 11719053 rs777230683 0.83429
8 11719067 rs1874547 0.29863
8 11719305 rs556085157 0.49823
8 11719344 rs73534706 0.75716
8 11719425 rs10217075 0.69611
8 11719469 rs545148401 0.79138
8 11719487 rs2142470 0.51217
8 11719517 rs542341623 0.75245
8 11719579 rs565718680 0.35351
8 11719805 rs115009104 0.46288
8 11719836 rs114143730 0.27814
8 11720227 rs1293303 0.7771600000000001
8 11720246 rs531930072 0.0035851
8 11720466 rs143345827 0.11695
8 11720545 rs1293304 0.6472100000000001
8 11720785 rs150746791 0.10753
8 11721080 rs1293306 0.28745
8 11721282 rs78811180 0.35638000000000003
8 11721315 rs73534709 0.10099999999999999
8 11721438 rs146747164 0.10693
8 11721498 rs73534712 0.31481
8 11721925 rs116026323 0.16858
8 11722046 rs2645415 0.31376
8 11722090 rs188979037 0.69547
8 11722115 rs10095016 0.8181
8 11722125 rs1299525 0.68976
8 11722283 rs532236011 0.31906999999999996
8 11722300 rs147120460 0.48346999999999996
8 11722355 rs1296022 0.6231
8 11722757 rs141699757 0.42373999999999995
8 11722806 rs145958781 0.92491
8 11722835 rs139929933 0.65484
8 11722877 rs113448138 0.014315000000000001
8 11722895 rs146275847 0.094999
8 11722919 rs139221783 0.39683
8 11722927 rs149956831 0.19716
8 11723158 rs190697171 0.69075
8 11723216 rs10099874 0.64035
8 11723423 rs1293308 0.031512
8 11723633 rs74579126 0.60145
8 11723765 rs78221966 0.10914000000000001
8 11723775 rs1293309 0.14275
8 11723892 rs147717950 0.51193
8 11723932 rs115091073 0.61234
8 11723936 rs141111503 0.075629
8 11724138 rs61635988 0.076628
8 11724164 rs184550690 0.70555
8 11724189 rs150266502 0.48783000000000004
8 11724222 rs137920404 0.65032
8 11724626 rs7826216 0.31098000000000003
8 11724742 rs558926696 0.21686
8 11724878 rs551226449 0.7041
8 11724927 rs7827662 0.0665
8 11725051 rs141806376 0.10350999999999999
8 11725066 rs186432888 0.65633
8 11725155 rs73663035 0.3684
8 11725166 rs115920269 0.89315
8 11725307 rs139692427 0.33395
8 11725388 rs1293311 0.18392
8 11725419 rs147906816 0.10439000000000001
8 11725425 rs140012482 0.1014
8 11725447 8:11725447_C_T 0.83849
8 11725457 rs28459037 0.65132
8 11725756 rs544927441 0.69904
8 11725844 rs1293312 0.40715
8 11725913 rs113125380 0.341
8 11725914 rs377525142 0.6584800000000001
8 11726332 rs62495701 0.4418
8 11726670 rs151319073 0.67187
8 11726817 rs1296023 0.18419000000000002
8 11726978 rs183401158 0.074576
8 11726998 rs138517043 0.69002
8 11727035 rs28699010 0.23895999999999998
8 11727054 rs141688967 0.30053
8 11727234 rs75535576 0.90723
8 11727288 rs145336151 0.95796
8 11727419 rs80057996 0.70699
8 11727566 rs74672754 0.10907
8 11727568 rs75561686 0.10186
8 11727740 rs144164814 0.10739000000000001
8 11727762 rs148680916 0.76603
8 11727815 rs189209810 0.98614
8 11727944 rs550283167 0.66873
8 11728069 rs1297511 0.58628
8 11728249 rs73663036 0.32261999999999996
8 11728426 rs7845259 0.19124000000000002
8 11728591 rs139906346 0.86534
8 11728641 rs75258061 0.43843999999999994
8 11728767 rs78826608 0.9951700000000001
8 11728832 rs115211444 0.11189
8 11728862 rs191986876 0.40275
8 11728951 rs2740596 0.5746
8 11729011 rs114996955 0.59253
8 11729422 rs4841602 0.56258
8 11729449 rs55865186 0.22955
8 11729487 rs78337643 0.099785
8 11730027 rs57498265 0.090266
8 11730092 rs73663037 0.13922
8 11730094 rs1692804 0.63259
8 11730365 rs28694502 0.60236
8 11730586 rs76111443 0.89544
8 11730750 rs73546750 0.19702999999999998
8 11731011 rs1736117 0.36145
8 11731065 rs763051617 0.34558
8 11731779 8:11731779_T_G 0.091471
8 11731996 rs73546751 0.085122
8 11732081 rs79474372 0.7630600000000001
8 11732318 rs1736118 0.2413
8 11732454 rs62495702 0.71883
8 11732603 rs1736119 0.32393
8 11732654 rs1736120 0.29207
8 11732675 rs1692803 0.28688
8 11732726 rs1692802 0.0457
8 11733069 rs2645412 0.35706
8 11733078 rs2740600 0.3577
8 11733157 rs138840054 0.097272
8 11733165 rs2740601 0.36075999999999997
8 11733609 rs532294189 0.28003
8 11733667 rs7844154 0.30218
8 11733682 rs113572535 0.028199000000000002
8 11733747 rs7828791 0.34826
8 11733929 rs564711614 0.6129600000000001
8 11733942 rs138175855 0.67986
8 11734178 rs3116070 0.35462
8 11734206 rs117489715 0.030294
8 11734248 rs3104255 0.35306
8 11734292 rs3116071 0.33953
8 11734308 rs558465909 0.6088
8 11734334 rs79677058 0.8467899999999999
8 11734618 rs1619003 0.35168
8 11734701 rs1619200 0.34068000000000004
8 11734719 rs557161402 0.34218000000000004
8 11734875 rs1620833 0.33208000000000004
8 11735088 rs1622599 0.31301999999999996
8 11735096 rs2008137 0.8861899999999999
8 11735184 rs2250903 0.28675
8 11735224 rs876920 0.9192899999999999
8 11735226 rs1624088 0.3288
8 11735303 rs1736121 0.33105
8 11735315 rs904016 0.34903
8 11735631 rs1692807 0.33886
8 11735641 rs904017 0.27781
8 11735683 rs116865667 0.49766000000000005
8 11735684 rs753320719 0.17590999999999998
8 11735939 rs880632 0.047494
8 11736030 rs1692808 0.33268000000000003
8 11736582 rs75311297 0.7722399999999999
8 11736645 rs1692809 0.7361300000000001
8 11736666 rs1692810 0.38711
8 11736858 rs78700274 0.21019000000000002
8 11736872 rs145713416 0.9430700000000001
8 11736920 rs2740602 0.31906
8 11737024 rs74353793 0.06312100000000001
8 11737597 rs76120569 0.32621999999999995
8 11737891 rs1736124 0.78433
8 11738559 rs78665641 0.030943000000000002
8 11738594 rs75586490 0.050268
8 11738668 rs540758003 0.31361999999999995
8 11738794 rs112035049 0.033034
8 11738877 rs190925488 0.336
8 11738937 rs11988405 0.28103
8 11738960 rs2472430 0.28321999999999997
8 11739207 rs112775767 0.03412
8 11739214 rs2645411 0.72385
8 11739370 rs540761330 0.43065
8 11739388 rs148932551 0.22536
8 11739398 rs2645410 0.41747
8 11739489 rs117292573 0.21259
8 11740129 rs2645409 0.71507
8 11740508 rs181124036 0.83772
8 11740727 rs11990336 0.049812
8 11740886 rs11997338 0.1745
8 11740999 rs28592224 0.19293
8 11741056 rs74678701 0.5987399999999999
8 11741078 rs117707019 0.42126
8 11741357 rs1296352 0.10615999999999999
8 11741409 rs10096372 0.24354
8 11741987 rs181789320 0.36507
8 11742240 rs1293282 0.45865
8 11742324 rs543419614 0.57008
8 11742404 rs116303592 0.48816000000000004
8 11742429 rs76859319 0.050378
8 11742445 rs1293283 0.8725299999999999
8 11742533 rs966785 0.30462
8 11742545 rs114464096 0.49393000000000004
8 11742582 rs966786 0.28583000000000003
8 11742651 rs148951542 0.9462700000000001
8 11742769 rs966787 0.29481
8 11743049 rs11996898 0.23123000000000002
8 11743064 rs78699995 0.039609
8 11743251 rs144139483 0.69644
8 11743357 8:11743357_G_C 0.9034
8 11743561 rs74581440 0.048789
8 11743700 rs75701827 0.19968
8 11743765 rs73546771 0.30082
8 11743803 rs10093052 0.54285
8 11743806 8:11743806_G_A 0.12494000000000001
8 11744116 rs73546773 0.050839999999999996
8 11744219 rs1692791 0.30019
8 11744640 8:11744640_G_C 0.12649000000000002
8 11744715 rs60409649 0.31689
8 11744732 rs181377081 0.33216999999999997
8 11744742 rs77423828 0.18238
8 11745171 rs62495704 0.30445
8 11745291 rs11993679 0.09579800000000001
8 11745343 rs77229817 0.1957
8 11745625 rs192310659 0.6754899999999999
8 11745786 rs142489033 0.11154000000000001
8 11745820 rs1630828 0.31461999999999996
8 11745862 rs1630950 0.25768
8 11745965 rs532495657 0.14385
8 11746358 rs2645408 0.081938
8 11746370 rs2645407 0.96299
8 11746372 rs78867821 0.07799099999999999
8 11746494 rs76873576 0.13197
8 11746601 rs2645406 0.0855
8 11746781 rs142528109 0.085781
8 11747171 rs118105989 0.9304899999999999
8 11747232 rs7818169 0.03837
8 11747540 rs1692795 0.68952
8 11747554 rs1736128 0.68102
8 11747557 rs1692794 0.67861
8 11747653 rs1692792 0.6792699999999999
8 11747841 rs28735487 0.5475800000000001
8 11747853 rs76620842 0.1271
8 11747858 rs2645405 0.13525
8 11747868 rs2645404 0.41176999999999997
8 11747919 rs2645403 0.6876
8 11748038 rs35043734 0.032609
8 11748230 rs746140864 0.9342299999999999
8 11748314 rs1736129 0.6735399999999999
8 11748334 rs114794226 0.42605
8 11748591 rs61592818 0.60788
8 11748623 rs1736130 0.68398
8 11748637 rs115283801 0.23269
8 11748645 rs1692793 0.67011
8 11749242 rs55894533 0.21716
8 11749271 rs55933859 0.17749
8 11749447 rs13264683 0.70268
8 11749505 rs11786661 0.70849
8 11749542 rs553739164 0.16564
8 11749560 rs11786686 0.71125
8 11749630 rs11775368 0.7058
8 11749793 rs6984214 0.67904
8 11749867 rs187207828 0.46915
8 11749873 rs7018290 0.74164
8 11750124 rs61198382 0.27297
8 11750239 rs11783313 0.5916600000000001
8 11750527 rs55926829 0.049884
8 11750537 rs56338466 0.26252
8 11750562 rs58529901 0.27128
8 11750649 rs11984506 0.5503899999999999
8 11750655 rs13255792 0.80381
8 11750685 rs56132024 0.81348
8 11750997 8:11750997_A_C 0.44938
8 11751018 rs62493564 0.18635
8 11751096 rs10099282 0.7489600000000001
8 11751242 rs113061416 0.071757
8 11751367 rs11774140 0.77815
8 11751693 rs13265724 0.6795399999999999
8 11751855 rs66742107 0.098897
8 11752010 rs11778074 0.73437
8 11752021 rs35403894 0.056813999999999996
8 11752246 rs116772481 0.2135
8 11752459 rs750496248 0.86875
8 11752652 rs10094076 0.46611
8 11753232 rs7014308 0.37958000000000003
8 11753430 rs10108499 0.5161399999999999
8 11753762 rs572568964 0.72324
8 11754211 rs11787152 0.44758000000000003
8 11754289 rs73663042 0.51264
8 11754523 rs7016116 0.72542
8 11755055 rs1908814 0.012886000000000002
8 11755190 rs73546792 0.22713000000000003
8 11755513 rs9644757 0.022508
8 11755599 rs7831946 0.13748
8 11755804 rs7819276 0.0044919
8 11755832 rs140818325 0.6317699999999999
8 11755927 rs77531698 0.21991999999999998
8 11756384 rs13279379 0.01617
8 11756456 rs146203686 0.36308
8 11756600 rs4841605 0.016102
8 11756603 rs4841606 0.015783000000000002
8 11757353 rs61141262 0.49718999999999997
8 11757383 rs4841607 0.011285
8 11757470 rs56016764 0.029202
8 11757766 rs28378644 0.00085068
