CHR BP SNP P
17 44177337 rs62061808 1.2455e-26
17 44177669 rs77604208 1.2656e-26
17 44177716 rs552880855 0.42656000000000005
17 44177755 rs80120913 1.1843e-26
17 44177993 rs17660464 1.2445e-26
17 44178248 rs529125014 0.18353
17 44178272 rs17576779 1.2502e-26
17 44178337 rs17660488 1.2445e-26
17 44178339 rs16940893 0.74132
17 44178829 rs540970530 0.37975
17 44178839 rs62061809 1.2463999999999999e-26
17 44178884 rs62061810 1.2603e-26
17 44179095 rs113564729 4.1688e-16
17 44179155 rs113536214 0.91911
17 44179749 rs112102887 1.2856999999999997e-26
17 44179969 rs112893440 1.2468999999999998e-26
17 44179992 rs17576842 1.2499e-26
17 44180160 rs141861433 0.5158
17 44180173 rs62061811 1.2455e-26
17 44180442 rs17576870 1.2759e-26
17 44180819 rs57319081 0.6865100000000001
17 44180954 rs17660595 1.2436e-26
17 44180968 rs149201119 0.14759
17 44180997 rs62061812 1.2431999999999998e-26
17 44181454 rs111952388 1.4834e-26
17 44181508 rs62061814 1.4655000000000004e-26
17 44181681 rs62061815 1.2662999999999999e-26
17 44181933 rs17576954 1.2635999999999999e-26
17 44182181 rs77924366 1.2645999999999999e-26
17 44182267 rs11652924 3.1574e-15
17 44182336 rs62061816 1.2376e-26
17 44182511 rs118079864 0.6745
17 44182580 rs116952167 0.68904
17 44182706 rs62061817 1.7237e-26
17 44182772 rs142685845 0.51172
17 44182917 rs62061818 1.2631999999999998e-26
17 44182937 rs114915261 0.67315
17 44183403 rs111676341 1.2634999999999999e-26
17 44183590 rs10401062 0.94025
17 44183616 rs17576989 1.2643000000000002e-26
17 44183626 rs140153003 0.53677
17 44183790 rs79923708 1.2057999999999998e-26
17 44183893 rs141043182 0.7326
17 44184375 rs79346219 1.5509e-26
17 44184404 rs73984689 1.4933000000000003e-26
17 44184425 rs140613665 0.074388
17 44184428 rs111295615 1.5646e-26
17 44184522 rs117795466 0.6390100000000001
17 44184828 rs4510068 7.6286e-15
17 44185245 rs76761511 1.2801000000000001e-26
17 44185410 rs74518378 0.69475
17 44185479 rs8070420 3.564e-16
17 44186006 rs137982960 0.02394
17 44186055 rs62061821 2.3071e-26
17 44186063 rs16940904 4.3338999999999996e-26
17 44186252 rs17577024 1.2805999999999999e-26
17 44186267 rs4997213 0.15591
17 44186301 rs17577052 1.2795e-26
17 44186396 rs115708645 0.50117
17 44186593 rs77635460 1.2872e-26
17 44186894 rs62061822 1.2791e-26
17 44186952 rs9904766 3.6751999999999995e-15
17 44187257 rs9303525 3.6064999999999997e-26
17 44187492 rs17577094 1.2819999999999999e-26
17 44188477 rs17577159 1.2669e-26
17 44188645 rs62061823 1.2259000000000002e-26
17 44188755 rs62061824 1.281e-26
17 44188764 rs55794067 1.281e-26
17 44189067 rs7225002 1.2499e-15
17 44189084 rs78695434 0.075485
17 44189100 rs371257319 0.9119299999999999
17 44189144 rs117729699 0.72865
17 44189270 rs56807059 3.0849e-16
17 44189373 rs17660847 1.3124e-26
17 44189408 rs17660865 1.3162000000000002e-26
17 44189598 rs2016034 2.7607e-15
17 44189848 rs150194807 0.076976
17 44189855 rs79772780 2.8435e-26
17 44189858 rs76640332 2.3216999999999998e-26
17 44189908 rs145591718 0.0039675
17 44189910 rs78929339 1.6736e-26
17 44189911 rs560430655 0.73946
17 44190670 rs573962887 0.44818
17 44190967 rs114633905 0.68307
17 44190978 rs148231304 0.68307
17 44191085 rs17660907 1.2463000000000002e-26
17 44191159 rs17660936 1.2717999999999999e-26
17 44191390 rs73984690 0.68543
17 44191468 rs9916400 0.74654
17 44191483 rs11653367 5.1728e-11
17 44191682 rs62061847 1.1906e-26
17 44191701 rs144442307 0.23151999999999998
17 44191835 rs17577313 1.5976e-26
17 44191995 rs148743897 0.53908
17 44192121 rs558767518 0.53955
17 44192166 rs193292850 0.010945
17 44192395 rs4548919 1.2725e-26
17 44192568 rs4630591 3.6628e-22
17 44192618 rs4606752 1.2647e-26
17 44192815 rs577276340 0.5838
17 44192923 rs17577369 7.966899999999999e-27
17 44192946 rs62061848 7.6211e-27
17 44192957 rs17661015 7.052e-27
17 44193097 rs17661027 1.7021000000000004e-26
17 44193713 rs34517924 0.8132699999999999
17 44193871 rs147978127 0.53475
17 44193882 rs62061849 1.2981e-26
17 44194122 rs142905879 0.2118
17 44194152 rs17661045 1.3329e-26
17 44194381 rs17577447 1.3322e-26
17 44194391 rs117685808 0.9814700000000001
17 44194519 rs62061850 1.3329e-26
17 44194621 rs111880194 1.3373e-26
17 44194735 rs10514901 1.5685e-26
17 44194835 rs17577496 1.5715e-26
17 44194891 rs62061851 1.5716e-26
17 44195424 rs62061852 1.335e-26
17 44195432 rs57240476 0.00069026
17 44195495 rs727425 1.335e-26
17 44195508 rs142278850 0.5372
17 44195593 rs35018866 0.6192300000000001
17 44196015 rs17661141 1.3205000000000002e-26
17 44196125 rs62061853 1.2108999999999999e-26
17 44196153 rs1468241 1.2121999999999999e-26
17 44196348 rs140337428 0.58341
17 44196447 rs1468240 1.4059e-26
17 44196624 rs536038819 0.41086999999999996
17 44196653 rs75229280 1.4444e-26
17 44196797 rs12325972 0.016124
17 44196799 rs112813897 1.4034e-26
17 44196822 rs113909426 1.4723e-26
17 44196830 rs12603341 0.52179
17 44197032 rs111678697 1.3813e-26
17 44197427 rs191895502 0.47148
17 44197603 rs4383188 1.6362000000000004e-26
17 44197806 rs1966345 1.3401e-26
17 44197932 rs117031378 0.12199000000000002
17 44198080 rs62061854 1.34e-26
17 44198806 rs3087534 1.3039e-26
17 44198849 rs117535972 0.40321999999999997
17 44199029 rs76924476 2.4852000000000004e-26
17 44199290 rs4792830 0.13752
17 44200078 rs112560196 1.3768000000000002e-26
17 44200510 rs75652502 1.3784e-26
17 44200550 rs769714230 0.22655999999999998
17 44200564 rs150944436 0.68399
17 44200795 rs530848322 0.12665
17 44201109 rs62061859 1.3751e-26
17 44201344 rs55802590 1.3725999999999998e-26
17 44201647 rs114479171 0.5232600000000001
17 44201667 rs56257094 1.4031e-26
17 44201680 rs55672516 1.4031e-26
17 44201791 rs112073200 1.3334999999999998e-26
17 44201865 rs62063163 1.3032e-26
17 44201887 rs62063164 1.3032e-26
17 44202101 rs72628325 0.8261299999999999
17 44202136 rs117770816 0.0012536
17 44202147 rs62063165 1.3049e-26
17 44202212 rs189427025 0.18304
17 44202231 rs62063166 1.3067e-26
17 44202256 rs116929931 0.18666
17 44202557 rs72628326 0.90643
17 44202564 rs55669501 1.3853e-26
17 44202608 rs55686102 1.8039e-26
17 44202690 rs8068300 7.6635e-15
17 44202881 rs149923195 0.50797
17 44202952 rs55885063 1.3889e-26
17 44203131 rs56273589 1.3597e-26
17 44203311 rs62063171 1.3522e-26
17 44203366 rs62063172 1.3524000000000002e-26
17 44203413 rs76380490 1.3644e-26
17 44203520 rs113120855 1.3473e-26
17 44203757 rs111926516 0.85724
17 44204304 rs77095128 1.4638e-26
17 44204373 rs2016730 0.17210999999999999
17 44204739 rs4581739 1.7021999999999998e-26
17 44204749 rs113638513 1.7021000000000004e-26
17 44205122 rs62063174 1.7394999999999997e-26
17 44205500 rs17577650 2.0438999999999998e-26
17 44205690 rs4471723 5.1688999999999996e-26
17 44205786 rs374075278 0.82244
17 44205839 rs1122381 1.8603999999999999e-26
17 44206033 rs117965585 0.23526
17 44206079 rs1122380 2.1314e-26
17 44206111 rs184760638 0.34459
17 44206482 rs62063200 2.0452000000000002e-26
17 44206646 rs10514903 2.0775999999999998e-26
17 44206665 rs4792831 0.17282999999999998
17 44207066 rs17661348 1.7796e-26
17 44207665 rs118008815 0.90571
17 44207778 rs17661385 1.8155e-26
17 44207887 rs10514904 2.3275999999999997e-26
17 44207932 rs79301522 2.2059e-26
17 44208144 rs17661428 2.0696e-26
17 44208218 rs17577877 2.0365e-26
17 44208235 rs146682924 0.71377
17 44208312 rs6503457 4.7008e-26
17 44208571 rs149870911 0.69325
17 44208674 rs8070942 4.5087000000000003e-26
17 44208868 rs573038208 0.69588
17 44208945 rs62063202 1.7816e-26
17 44209313 rs62063203 1.7725000000000001e-26
17 44209364 rs111724389 1.7700999999999999e-26
17 44209474 rs112401617 1.7733000000000003e-26
17 44209628 rs17577954 1.8328000000000002e-26
17 44209875 rs55780786 1.8537999999999998e-26
17 44209919 rs3089 1.8820000000000002e-26
17 44209957 rs55909047 1.7444999999999997e-26
17 44209985 rs56119705 2.0784999999999997e-26
17 44210442 rs17577975 9.217399999999998e-27
17 44210933 rs7207582 6.1384e-26
17 44210988 rs12150087 2.1707e-26
17 44211502 rs111424940 1.8017e-26
17 44211747 rs142653809 0.6530699999999999
17 44211886 rs565271904 0.71095
17 44211902 rs62063207 1.779e-26
17 44212030 rs12941738 0.1424
17 44212032 rs62063208 1.7811e-26
17 44212150 rs9303527 0.7031
17 44212310 rs10221243 4.8826e-26
17 44212362 rs117913167 0.14051
17 44212782 17:44212782_T_C 3.9744000000000003e-26
17 44215093 rs143947558 0.0018495
17 44215394 17:44215394_G_A 0.9035299999999999
17 44215574 rs569844736 0.2672
17 44215859 17:44215859_A_G 0.83247
17 44216322 17:44216322_C_A 0.84251
17 44216349 rs116713859 0.79494
17 44217935 rs115923046 0.6847
17 44218281 rs138805171 0.021294
17 44218624 rs117056889 0.23886999999999997
17 44219374 17:44219374_C_A 0.5797800000000001
17 44219457 17:44219457_T_C 0.14104
17 44219492 17:44219492_T_C 0.59865
17 44219555 17:44219555_A_G 0.17923
17 44219831 17:44219831_T_A 1.3584e-26
17 44220552 rs376634324 0.82244
17 44220995 17:44220995_C_T 0.11315
17 44221350 17:44221350_G_A 1.0239e-26
17 44221843 17:44221843_A_G 8.9622e-16
17 44222022 rs190326905 0.27184
17 44222138 17:44222138_A_G 0.68297
17 44222424 17:44222424_G_C 6.5702e-15
17 44224272 17:44224272_G_A 5.3697e-15
17 44224583 rs190801629 0.44818
17 44224636 rs187816625 0.44818
17 44224740 rs142770971 0.93668
17 44225094 rs115095280 0.46002
17 44225231 17:44225231_G_A 0.14334000000000002
17 44228894 17:44228894_T_C 0.8279
17 44229559 17:44229559_C_T 0.8218
17 44229748 rs191050440 0.9247299999999999
17 44229787 rs17585082 0.20278
17 44230107 rs147839914 0.61706
17 44230183 rs542490161 0.24568
17 44230598 17:44230598_G_A 0.13605
17 44231943 rs181772038 0.2691
17 44232349 rs117652975 0.7147100000000001
17 44234168 17:44234168_G_A 0.7823899999999999
17 44235827 17:44235827_C_A 5.838700000000001e-16
17 44236005 17:44236005_C_T 7.457999999999999e-16
17 44237133 rs143350596 0.5142899999999999
17 44237429 rs187210394 0.20818000000000003
17 44237744 17:44237744_A_C 0.83644
17 44237806 17:44237806_T_C 0.90602
17 44238126 17:44238126_T_C 0.59804
17 44238217 rs17662379 0.12499
17 44238918 rs143883750 0.7770199999999999
17 44238981 rs150576211 0.95094
17 44239620 17:44239620_G_T 0.7994
17 44240303 rs148462131 0.5142899999999999
17 44241530 17:44241530_T_A 0.81965
17 44241726 17:44241726_A_G 0.17782
17 44241917 rs117405676 0.63707
17 44242958 rs186066735 0.060788
17 44243312 17:44243312_C_G 0.1791
17 44243734 17:44243734_C_T 0.9187
17 44245023 rs184358591 0.8965799999999999
17 44246624 17:44246624_C_A 1.3627e-26
17 44246777 rs376095717 0.10835
17 44247415 17:44247415_C_T 0.9216
17 44248203 rs150225895 0.0051526
17 44248499 17:44248499_G_C 0.18370999999999998
17 44248783 rs142096969 0.6716
17 44248822 rs34756740 0.19787000000000002
17 44248848 17:44248848_G_A 0.15342999999999998
17 44248875 rs141110759 0.33119
17 44250433 17:44250433_T_C 0.8739299999999999
17 44251110 rs147713354 0.75783
17 44251436 rs142571089 0.79874
17 44252598 rs117026337 0.027004000000000004
17 44253926 rs138661506 0.5414100000000001
17 44254247 rs568649554 0.64137
17 44255105 rs181697531 0.6735399999999999
17 44255300 rs529335178 0.90786
17 44259289 rs139376647 0.86295
17 44259690 17:44259690_T_G 0.20911999999999997
17 44260018 rs144997692 0.10969000000000001
17 44260433 rs190854554 0.055922
17 44261340 rs183058374 0.064794
17 44262517 rs142680430 0.5725100000000001
17 44262754 rs780677135 0.08299
17 44262950 17:44262950_G_A 1.4900999999999998e-14
17 44263494 17:44263494_C_A 0.39791
17 44264420 17:44264420_G_C 0.17021
17 44264584 rs148559137 0.68145
17 44265334 17:44265334_A_G 0.60234
17 44265839 17:44265839_C_T 4.332e-15
17 44266531 17:44266531_G_A 1.41e-25
17 44268463 rs117446119 0.30607
17 44268488 17:44268488_C_T 1.4274e-25
17 44268905 17:44268905_A_G 0.17574
17 44269922 17:44269922_T_C 7.625700000000001e-19
17 44269964 17:44269964_T_A 2.4243e-25
17 44270059 17:44270059_A_T 1.4175e-25
17 44270181 17:44270181_G_A 2.7725999999999997e-15
17 44270982 rs528622179 0.69376
17 44272166 rs376528770 0.88151
17 44273218 17:44273218_C_T 1.4898e-25
17 44274044 rs563105348 0.3686
17 44275404 rs751922075 0.79509
17 44275616 rs117464802 0.9363799999999999
17 44276109 rs149022547 0.6251399999999999
17 44277265 17:44277265_A_C 1.3890999999999998e-25
17 44278742 17:44278742_A_G 1.4927000000000002e-25
17 44279069 rs117666809 0.0061772
17 44279101 rs1918786 1.4066e-25
17 44279252 rs1918787 1.4454e-25
17 44279783 rs117477548 0.79738
17 44281754 rs143002542 0.47336999999999996
17 44282481 17:44282481_C_A 0.0010475
17 44284760 rs139566238 0.026935
17 44285332 rs149044326 0.67174
17 44286168 rs144091433 0.69768
17 44286384 17:44286384_C_A 1.7874000000000002e-15
17 44286503 rs144037969 0.8195100000000001
17 44287362 17:44287362_C_T 0.50576
17 44288281 17:44288281_C_T 4.0125999999999996e-19
17 44288284 17:44288284_G_A 2.3045999999999998e-23
17 44288579 17:44288579_T_C 1.4289999999999999e-25
17 44289046 rs140912760 0.7094600000000001
17 44289101 rs2732629 1.4190999999999997e-25
17 44289628 rs2668670 1.4198e-25
17 44289781 17:44289781_T_A 0.9386200000000001
17 44289832 17:44289832_A_G 3.7386e-15
17 44289959 rs145604059 0.14199
17 44290047 rs2668665 1.4102000000000002e-25
17 44290759 rs2668662 1.3994000000000001e-25
17 44291365 17:44291365_C_T 1.4014000000000001e-25
17 44291381 17:44291381_A_G 1.4080000000000001e-25
17 44291479 rs2732601 1.4087e-25
17 44291820 rs2696610 1.4034e-25
17 44291980 17:44291980_G_A 1.6541e-14
17 44292126 17:44292126_T_C 1.4001e-25
17 44292235 rs116508757 0.55443
17 44292319 rs2668694 1.4444e-25
17 44293205 17:44293205_A_G 3.8821999999999997e-25
17 44293671 17:44293671_A_G 1.0809e-23
17 44296103 17:44296103_C_A 0.7702600000000001
17 44297293 17:44297293_C_T 0.13323
17 44297565 rs146105481 0.5445
17 44307598 rs139935845 0.54143
17 44307622 rs56864675 0.8707
17 44311082 rs143726776 0.68501
17 44313148 rs140388865 0.67647
17 44313695 rs148547649 0.56693
17 44316076 rs55653937 2.1848e-25
17 44316449 rs62073098 2.2528e-25
17 44316955 rs143038311 0.54289
17 44318723 rs2732635 0.71313
17 44319366 rs2668632 2.1091e-25
17 44319405 rs143267269 0.21588000000000002
17 44326895 rs79475968 0.11907000000000001
17 44332959 rs12953096 0.097828
17 44333343 rs76583033 0.5323399999999999
17 44333423 rs2532363 5.564100000000001e-25
17 44334052 rs62073157 6.4249e-25
17 44339409 rs2732684 0.61754
17 44339461 rs11871260 0.53574
17 44339636 rs12603479 0.5210199999999999
17 44340334 rs56289714 0.5172899999999999
17 44342378 rs4988900 6.918e-13
17 44342782 rs544120695 0.19301
17 44343902 rs2532345 0.059837
17 44344769 rs3744462 0.8729299999999999
17 44345063 rs2732651 4.136600000000001e-19
17 44346361 rs2532337 0.6763
17 44348298 rs2950694 3.8279000000000006e-19
17 44349079 rs75257416 3.4722999999999996e-19
17 44350025 rs561790281 0.40761
17 44350090 rs2532329 6.447000000000001e-25
17 44350293 rs2732711 2.4086e-23
17 44351387 rs2732708 4.6878e-25
17 44351686 rs2732706 7.7527999999999995e-25
17 44351743 rs2696541 5.4844e-23
17 44351929 rs2732705 7.692899999999999e-25
17 44352131 rs2668622 6.9832e-25
17 44353222 rs2732703 1.2760999999999998e-22
17 44353770 rs143275150 0.6511100000000001
17 44354232 rs75134797 0.42727
17 44354796 rs2732700 0.72312
17 44355602 rs2696532 3.0327000000000005e-24
17 44356058 rs62071628 2.745e-12
17 44356793 rs2696524 8.344600000000002e-25
17 44357351 rs17665188 7.8546e-25
17 44358098 rs75098428 0.44911
17 44358286 rs74606758 0.40347
17 44359663 rs36123991 4.0624999999999997e-23
17 44362035 rs143562817 0.31475
17 44364056 rs2732615 4.6131e-19
17 44365270 rs145375602 0.5262399999999999
17 44368212 rs2957297 5.5427e-19
17 44368308 rs117491902 0.14881
