CHR BP SNP P
1 114844685 rs76000930 0.20961999999999997
1 114844705 rs114516326 0.11137999999999999
1 114844889 rs147050520 0.76152
1 114845379 rs183698640 0.76164
1 114845387 rs148371870 0.17595999999999998
1 114845410 rs6676831 0.89607
1 114845411 rs6701806 0.8962700000000001
1 114845678 rs2358611 0.4505
1 114845751 rs112835861 0.20981
1 114845814 rs79413951 0.20989000000000002
1 114846210 rs10858043 0.6119899999999999
1 114846629 rs112094612 0.25894
1 114846672 rs144475508 0.65927
1 114846673 rs147877840 0.78277
1 114846741 rs141541411 0.097535
1 114846780 rs12084464 0.42352
1 114846786 rs148774755 0.21026
1 114846787 rs10776783 0.87151
1 114846798 rs150251316 0.86025
1 114846855 rs185343122 0.69096
1 114846886 rs147000118 0.21097
1 114847040 rs12095083 0.9008299999999999
1 114847116 rs548568126 0.23515999999999998
1 114847171 rs12136906 0.062832
1 114847405 rs4839372 0.77493
1 114847447 rs4839373 0.64122
1 114847739 rs140459073 0.11297
1 114848245 rs58179093 0.58186
1 114852915 rs34155509 0.51394
1 114853507 rs12711445 0.55078
1 114853862 rs7548971 0.6712100000000001
1 114854124 rs11102778 0.88912
1 114854400 rs11102779 0.50261
1 114854478 rs77429377 0.21946
1 114854622 rs114592195 0.96221
1 114854774 rs146945568 0.82778
1 114855373 rs141728457 0.80503
1 114855428 rs12022786 0.8531299999999999
1 114855450 rs141820822 0.8034899999999999
1 114855734 rs12040602 0.7359399999999999
1 114855981 rs11102780 0.8396299999999999
1 114857147 rs76735024 0.22295
1 114857644 rs6689069 0.73343
1 114858144 rs78743748 0.21295999999999998
1 114858170 rs4839008 0.6893100000000001
1 114858212 rs17032703 0.5300600000000001
1 114858702 rs181131558 0.36424
1 114858927 rs11809413 0.35643
1 114859025 rs10745346 0.75034
1 114859131 rs75443127 0.21670999999999999
1 114859482 rs11590160 0.79062
1 114859560 rs12410628 0.80494
1 114859755 rs149368549 0.75592
1 114859825 rs6696077 0.70911
1 114860445 rs60730066 0.5932
1 114860673 rs113991115 0.21541
1 114861832 rs634405 0.71807
1 114861897 rs12748589 0.77267
1 114862152 rs61810967 0.92264
1 114862518 rs621231 0.7599600000000001
1 114862847 rs775384470 0.7475
1 114863184 rs591484 0.71406
1 114863440 rs115007676 0.7348399999999999
1 114863876 rs150851041 0.7256600000000001
1 114864128 rs112647413 0.33305
1 114864199 rs141042573 0.33453
1 114864510 rs75814772 0.72485
1 114864938 rs112530618 0.35586999999999996
1 114865315 rs668828 0.7227399999999999
1 114865343 rs668800 0.71748
1 114865734 rs146477176 0.71922
1 114865880 rs75166556 0.36041
1 114865928 rs116796778 0.7187899999999999
1 114866082 rs75552568 0.28245
1 114866303 rs74647243 0.24906999999999999
1 114866734 rs79931391 0.2509
1 114866852 rs520359 0.86993
1 114867192 rs640145 0.8167800000000001
1 114867266 rs6675262 0.6066199999999999
1 114867499 rs75246791 0.71318
1 114867647 rs57599182 0.6058399999999999
1 114867684 rs58553069 0.5909399999999999
1 114868131 rs146487653 0.63205
1 114868533 rs76370891 0.35602
1 114869149 rs79682567 0.12741
1 114869468 rs10858044 0.12218
1 114869727 rs142440929 0.25705
1 114869782 rs608035 0.8129
1 114869947 rs6695411 0.56258
1 114870138 rs738497 0.8639600000000001
1 114870307 rs11578062 0.6804600000000001
1 114870761 rs116221261 0.10075
1 114871093 rs75027511 0.099148
1 114871577 rs116082835 0.086235
1 114872167 rs144392253 0.1674
1 114873168 rs642746 0.28574
1 114873207 rs114802313 0.33841
1 114873230 rs522154 0.50765
1 114875401 rs61810969 0.95911
1 114876549 rs534451688 0.18095999999999998
1 114877435 rs4446967 0.56324
1 114877715 rs4609420 0.4993
1 114878078 rs76054625 0.22455
1 114878317 rs56057180 0.86766
1 114878522 rs11102781 0.58406
1 114878708 rs12123280 0.24795999999999999
1 114878783 rs11102782 0.60106
1 114879287 rs76796918 0.7095899999999999
1 114879681 rs12563797 0.56101
1 114879980 rs12565791 0.53498
1 114880092 rs4448517 0.55401
1 114880164 rs571881663 0.6292
1 114880386 rs7520791 0.5698
1 114881067 rs12123670 0.51225
1 114881393 rs7526364 0.5283899999999999
1 114881693 rs7512608 0.5199600000000001
1 114881724 rs475041 0.28691
1 114882087 rs11102783 0.47091000000000005
1 114882127 rs76117806 0.52422
1 114883474 rs368683405 0.7563300000000001
1 114884018 rs488540 0.37838
1 114884179 rs486755 0.047073000000000004
1 114884901 rs9429735 0.08679400000000001
1 114885121 rs11102784 0.7440899999999999
1 114885219 rs77299024 0.80674
1 114885239 rs9429736 0.091724
1 114885641 rs662353 0.51094
1 114886396 rs2179656 0.40216
1 114887238 rs61810981 0.99131
1 114887245 rs569683483 0.009039100000000001
1 114887458 rs9429528 0.10976
1 114887618 rs481370 0.3473
1 114887932 rs11102785 0.9262799999999999
1 114888412 rs1535035 0.28010999999999997
1 114888782 rs1006963 0.070758
1 114888832 rs559692 0.81152
1 114889256 rs605154 0.79597
1 114890276 rs17032731 0.18935
1 114890547 rs752045222 0.65972
1 114890590 rs77965356 0.24158000000000002
1 114891435 rs9429737 0.25242
1 114892159 rs16758 0.315
1 114892468 rs9429529 0.14048
1 114892564 rs11102786 0.33197
1 114892699 rs12075835 0.67562
1 114892725 rs553241659 0.55635
1 114892850 rs9308265 0.12578
1 114893146 rs574339 0.16494
1 114894083 rs6680637 0.72958
1 114894805 rs516610 0.72543
1 114896075 rs9429530 0.31606999999999996
1 114897015 rs85139 0.61547
1 114897076 rs742682 0.8144899999999999
1 114898102 rs9429738 0.46163999999999994
1 114898253 rs116398185 0.64125
1 114898403 rs61810982 0.68111
1 114898414 rs113576145 0.79359
1 114898617 rs761460951 0.41125
1 114898786 rs76751574 0.051505999999999996
1 114899852 rs475454 0.7208
1 114900086 rs12743364 0.40241
1 114900153 rs12135157 0.48371000000000003
1 114900320 rs581313 0.8379200000000001
1 114900678 rs556765 0.96436
1 114901205 rs72693889 0.77784
1 114901208 rs9659507 0.9255700000000001
1 114901231 rs552096 0.8828799999999999
1 114903151 rs683803 0.92758
1 114903299 rs9429531 0.28652
1 114903486 rs11587330 0.79418
1 114904093 rs28530519 0.80479
1 114904174 rs12069552 0.95693
1 114904180 rs12084629 0.8249
1 114904342 rs537015 0.94555
1 114904908 rs140204468 0.50934
1 114905066 rs11808287 0.74049
1 114906280 rs187473675 0.76763
1 114906713 rs11804067 0.96793
1 114906992 rs1989138 0.8564299999999999
1 114907728 rs146715792 0.74123
1 114907811 rs140415268 0.76251
1 114907832 rs2358610 0.31999
1 114908056 rs76948671 0.8470700000000001
1 114908368 rs526236 0.38659
1 114908468 rs35436374 0.86036
1 114908659 rs11102788 0.41513999999999995
1 114909210 rs497183 0.9979899999999999
1 114909703 rs57835359 0.67191
1 114910559 rs182155100 0.99929
1 114911589 rs12747146 0.9154200000000001
1 114912088 rs191866596 0.17104
1 114913262 rs766884252 0.37856999999999996
1 114913733 rs147060780 0.76505
1 114913869 rs536239 0.51765
1 114913923 rs114474233 0.8675200000000001
1 114913943 rs143978905 0.6380100000000001
1 114914554 rs191753708 0.6246
1 114914968 rs566076719 0.001673
1 114915031 rs9429535 0.25190999999999997
1 114915192 rs7517208 0.1371
1 114915566 rs73003361 0.011408
1 114915859 rs139333764 0.005181399999999999
1 114916653 rs75630451 0.00068371
1 114916782 rs116070260 0.5453600000000001
1 114916857 rs116387417 0.54771
1 114917230 rs1936933 0.54999
1 114917547 rs142193083 0.5532
1 114918070 rs193211696 0.035199
1 114918132 rs140976340 0.016405
1 114918182 rs138870215 0.40988
1 114918658 rs73003363 0.011032
1 114918666 rs187269182 0.39366999999999996
1 114919024 rs115314884 0.93315
1 114919243 rs552441541 0.32231
1 114919403 rs116196962 0.48858999999999997
1 114919442 rs12057599 0.89299
1 114919675 rs11799483 0.4899
1 114919868 rs563216429 0.5695899999999999
1 114920025 rs149755481 0.16574
1 114920097 rs12753188 3.1909000000000003e-07
1 114920363 rs114926039 0.42094
1 114920558 rs74113163 0.00016055
1 114920570 rs9429536 0.27236
1 114920965 rs617703 0.080694
1 114921058 rs111930247 0.00017918
1 114921182 rs72693896 0.41818
1 114921323 rs116154950 0.80367
1 114921476 rs768372337 0.44501999999999997
1 114921896 rs78701985 0.8847200000000001
1 114922056 rs79021929 0.54864
1 114922790 rs9429742 0.001145
1 114923228 rs9429537 0.30859000000000003
1 114923328 rs183102436 0.54282
1 114923549 rs9429538 2.3568000000000002e-05
1 114923636 rs9429539 3.5523e-05
1 114923914 rs137855765 0.3002
1 114924203 rs11807672 0.55284
1 114924256 rs116479129 0.7539600000000001
1 114924804 rs11799372 0.54399
1 114924805 rs141248417 0.7498600000000001
1 114925005 rs9429540 0.31149
1 114925217 rs80312311 0.65489
1 114925493 rs74640931 0.79801
1 114925583 rs115096482 0.52204
1 114925657 rs139785264 0.9790000000000001
1 114925808 rs139690832 0.53257
1 114926351 rs6686961 4.6163999999999994e-05
1 114926355 rs60928002 0.010808
1 114926555 rs6687180 0.5179600000000001
1 114926574 rs7526485 0.45508999999999994
1 114926672 rs185252867 0.5765600000000001
1 114926673 rs141428955 0.62531
1 114926959 rs77069792 0.0013999000000000001
1 114926982 rs12044508 0.7765
1 114927201 rs9429541 4.6178000000000004e-05
1 114927437 rs6675263 0.29483000000000004
1 114927709 rs11809120 0.50047
1 114928417 rs11102789 0.79688
1 114928501 rs79871622 0.0013982
1 114928743 rs9429542 4.6368e-05
1 114928895 rs116337120 0.8510700000000001
1 114929088 rs74113167 0.0014263
1 114929295 rs147216773 0.94331
1 114930331 rs6660499 0.52055
1 114930465 rs141425667 0.033081
1 114930478 rs6700742 4.5795e-05
1 114930636 rs112770771 0.58068
1 114930835 rs9429743 0.23439000000000002
1 114930836 rs35847079 5.1081e-07
1 114930840 rs144241430 0.0012814999999999999
1 114931080 rs780944275 0.15098
1 114931209 rs76917398 0.54686
1 114931215 rs9429744 0.28648
1 114931308 rs184914842 0.78987
1 114931419 rs35267619 0.0014221
1 114931664 rs187270208 0.53077
1 114931718 rs114218244 0.59458
1 114932147 rs6689787 0.27493
1 114932182 rs12094584 0.8206
1 114932347 rs75494557 0.6511399999999999
1 114932550 rs7522459 0.22005999999999998
1 114932553 rs115351053 0.6876399999999999
1 114932865 rs9429544 0.0012208
1 114933246 rs116090732 0.3256
1 114933431 rs9429745 0.31869000000000003
1 114934016 rs9429545 0.31204
1 114934421 rs114943427 0.43887
1 114936079 rs41313288 4.926e-07
1 114936653 rs538281293 0.3183
1 114936834 rs148085403 0.95675
1 114937098 rs115198517 0.081372
1 114937110 rs41301293 0.52137
1 114937358 rs41310112 0.45385
1 114937522 rs78581320 0.52066
1 114937636 rs9429746 0.29901
1 114937696 rs116058638 0.46681000000000006
1 114937872 rs34277810 0.053288999999999996
1 114938160 rs116707829 0.45064
1 114938175 rs1125002 0.7178399999999999
1 114938289 rs41314009 4.4671000000000006e-07
1 114938699 rs73003377 0.14458
1 114938838 rs188028201 0.8559100000000001
1 114938898 rs113104023 0.9699700000000001
1 114939079 rs41296188 0.0012454
1 114939633 rs41313993 0.76153
1 114939739 rs12057251 0.5429
1 114939907 rs75224258 0.44163
1 114939944 rs35834438 0.7028800000000001
1 114941013 rs75715605 0.57402
1 114941169 rs111600066 0.42408
1 114941326 rs3789615 1.8994e-05
1 114941553 rs3789617 2.5851e-05
1 114942250 rs116234499 0.66745
1 114942296 rs73003383 0.010794
1 114942504 rs73005343 0.40967
1 114942658 rs79542723 0.34647
1 114942730 rs12061718 0.8805700000000001
1 114942835 rs557892449 0.86887
1 114942982 rs115611068 0.44698000000000004
1 114942986 rs60072459 0.009768700000000002
1 114943121 rs145168623 0.40071
1 114943348 rs72693901 0.054827
1 114943659 rs532841900 0.10809
1 114943720 rs7540802 0.9600799999999999
1 114943721 rs111699898 0.9641700000000001
1 114943783 rs112325511 0.0095512
1 114944121 rs116766647 0.93143
1 114944372 rs530696309 0.20083
1 114944448 rs764392324 0.034016000000000005
1 114944458 rs757208435 0.29191
1 114944681 rs35031220 3.9283e-07
1 114944685 rs79233405 0.0091651
1 114945110 rs61281964 0.44723
1 114945231 rs190206984 0.055751
1 114945394 rs2179657 0.67296
1 114945634 rs73005347 0.0099794
1 114946154 rs78091818 0.0012314
1 114946431 rs138880660 0.44716000000000006
1 114946464 rs144789348 0.51486
1 114947256 rs75221707 0.5442
1 114947905 rs769861750 0.67338
1 114947958 rs150689232 0.35911
1 114948004 rs189444270 0.43846
1 114948281 rs6537825 0.19432
1 114948309 rs56056367 0.6654800000000001
1 114948394 rs112059163 0.98069
1 114948638 rs6677898 0.010501
1 114948769 rs10489419 0.0011694000000000001
1 114949141 rs116709266 0.5202100000000001
1 114949298 rs74638235 0.18905999999999998
1 114949397 rs77301923 0.67006
1 114949820 rs41274116 0.010254000000000001
1 114950322 rs9429546 0.22805999999999998
1 114950373 rs79287774 0.67006
1 114950611 rs112479986 0.6679999999999999
1 114950945 rs554781857 0.53213
1 114951141 rs74113170 0.0012027000000000001
1 114951220 rs6672519 4.3e-05
1 114951390 rs71662879 5.4185e-07
1 114951409 rs141081151 0.5212899999999999
1 114952065 rs11807174 0.5443100000000001
1 114952345 rs75575951 0.6662899999999999
1 114953390 rs114976132 0.21896999999999997
1 114953420 rs6694768 4.6065e-05
1 114953514 rs72696003 0.62483
1 114953528 rs56262010 0.049969
1 114953820 rs60939066 0.47689
1 114954716 rs73005355 0.010546999999999999
1 114954725 rs79917407 0.42748
1 114955007 rs114144691 0.20193
1 114955024 rs75908207 0.99929
1 114955623 rs78852087 0.5118199999999999
1 114955773 rs77513899 0.54096
1 114957001 rs60178328 0.012792
1 114957021 rs143725626 0.67037
1 114957078 rs58720760 0.012581
1 114957254 rs6537826 4.2823999999999995e-05
1 114957852 rs562995911 0.08849
1 114958202 rs67882944 0.0017547
1 114958253 rs116500007 0.5026
1 114958779 rs35167198 4.8493000000000005e-05
1 114958827 rs115564666 0.5211600000000001
1 114958946 rs3789619 0.001294
1 114959540 rs11582563 5.0654e-07
1 114959888 rs7547836 0.0013557999999999999
1 114960257 rs7552750 0.55594
1 114960270 rs78087696 0.38193
1 114960663 rs7515983 0.010214
1 114960714 rs58747061 0.31540999999999997
1 114960806 rs6660911 0.78998
1 114960866 rs7516184 0.0014604000000000002
1 114961350 rs72696005 0.049485
1 114961553 rs59223546 0.38518
1 114961568 rs146501066 0.016566
1 114961952 rs78631936 0.00053328
1 114961979 rs76954814 0.071477
1 114962014 rs116210775 0.75295
1 114962555 rs7514446 0.23294
1 114962936 rs74113173 0.0014529000000000002
1 114962965 rs149177296 0.86439
1 114963076 rs114343739 0.54598
1 114963113 rs7512590 0.51422
1 114963270 rs9662831 0.57929
1 114963574 rs78457892 0.5764600000000001
1 114964232 rs55763520 0.11127999999999999
1 114964520 rs548081645 0.10019
1 114964628 rs116275389 0.5140100000000001
1 114964782 rs78432194 0.51289
1 114965673 rs77614825 0.81247
1 114965812 rs6537827 5.7156999999999995e-05
1 114965963 rs575602882 0.98126
1 114965966 rs7536927 0.9502200000000001
1 114966053 rs7544820 0.9634
1 114966100 rs7523112 4.7088e-05
1 114966353 rs114945311 0.95435
1 114966469 rs115812120 0.29196
1 114966558 rs143401507 0.7985800000000001
1 114966776 rs142686786 0.31622
1 114967591 rs35212068 0.0007587000000000001
1 114967795 rs76897220 0.5435
1 114968402 rs142334021 0.59775
1 114968461 rs74113175 0.001468
1 114968640 rs181183423 0.2124
1 114968764 rs116110271 0.32456
1 114968821 rs78892455 0.6643
1 114968973 rs74113176 0.0014513
1 114969155 rs115688932 0.41284
1 114969398 rs141611069 0.07358200000000001
1 114969430 rs113761148 0.8627299999999999
1 114969600 rs6656393 0.000106
1 114969621 rs11805346 0.51374
1 114969641 rs34643195 4.9254e-07
1 114969665 rs58747000 0.012846000000000002
1 114970017 rs147090166 0.5981
1 114970090 rs6682018 0.96834
1 114970660 rs115205951 0.41326999999999997
1 114970792 rs4839009 0.24594000000000002
1 114970890 rs57740732 0.010759999999999999
1 114971198 rs570372861 0.57075
1 114971247 rs6700446 0.010759999999999999
1 114971886 rs7541954 5.514e-05
1 114972695 rs562135596 0.48108999999999996
1 114972723 rs6658339 0.51322
1 114972873 rs6667058 4.8335e-05
1 114972976 rs140578438 0.85606
1 114973087 rs77036565 0.51793
1 114973210 rs185007119 0.84011
1 114973276 rs12097570 0.60334
1 114973360 rs80326582 0.64975
1 114973429 rs12083584 5.7621e-05
1 114973690 rs11585926 0.0018953
1 114974036 rs75481487 0.49601999999999996
1 114974241 rs151101361 0.7993399999999999
1 114974361 rs12076243 0.81748
1 114974731 rs7548452 0.49601999999999996
1 114975158 rs181768031 0.47961000000000004
1 114975301 rs186192529 0.5905699999999999
1 114975425 rs73005378 0.010343000000000001
1 114975618 rs80033151 0.54348
1 114976224 rs12132214 0.044847000000000005
1 114976433 rs113801966 0.39284
1 114976676 rs79232375 0.016113
1 114977403 rs6690560 5.5673999999999996e-05
1 114977859 rs35179735 5.5411e-05
1 114978023 rs34732139 5.2314e-07
1 114978317 rs191936450 0.59749
1 114978393 rs11102790 5.5311999999999995e-05
1 114978607 rs71664843 6.3415e-07
1 114979089 rs7516386 0.0012594000000000001
1 114979232 rs143489535 0.4958
1 114979435 rs114369972 0.73957
1 114979553 rs12084658 5.6727e-05
1 114979603 rs60416895 0.72424
1 114979604 rs141745001 0.8288399999999999
1 114979763 rs77165627 0.54348
1 114980030 rs115363676 0.49583
1 114980091 rs114000705 0.49583
1 114980105 rs114697577 0.20736999999999997
1 114980114 rs74404051 0.001085
1 114981116 rs11102791 0.88879
1 114981447 rs755420249 0.20178
1 114981630 rs33993445 4.7578000000000004e-05
1 114982191 rs115349929 0.49583
1 114982222 rs772127085 0.76226
1 114982264 rs73005385 0.028567000000000002
1 114982271 rs74331919 0.496
1 114982387 rs115431734 0.045233999999999996
1 114983349 rs142843084 0.82724
1 114983709 rs12063561 0.9392
1 114983871 rs11102792 4.7594e-05
1 114984032 rs74692839 0.49583
1 114984169 rs7540369 0.87284
1 114984273 1:114984273_T_C 0.63566
1 114984360 rs75306349 0.8326100000000001
1 114984379 rs116389740 0.64668
1 114984651 rs74113182 0.0010944000000000001
1 114984667 rs6671587 9.4959e-05
1 114984962 rs11807745 0.51758
1 114985661 rs9725116 0.007904300000000001
1 114985670 rs190072589 0.068496
1 114985732 rs140744312 0.26752
1 114985761 rs182680590 0.51758
1 114985819 rs145889537 0.8983700000000001
1 114985836 rs7519209 4.7596e-05
1 114985991 rs9728144 0.8710100000000001
1 114986150 rs7552912 0.88875
1 114986220 rs74679588 0.51758
1 114986244 rs7524365 0.9489200000000001
1 114986332 rs77838872 0.51758
1 114987034 rs780104989 0.33875
1 114987213 rs75291118 0.51758
1 114987452 rs114249129 0.51758
1 114987591 rs74113185 0.050419
1 114987718 rs6537828 2.2306e-05
1 114987866 rs116715699 0.27313000000000004
1 114988096 rs574189193 0.57928
1 114988175 rs77397307 0.001085
1 114988436 rs149786426 0.17419
1 114988630 rs11588220 4.8858999999999994e-05
1 114988797 rs116058604 0.8326100000000001
1 114988843 rs79701495 0.34838
1 114989096 rs115671446 0.24778000000000003
1 114989211 rs2143583 0.0012404000000000002
1 114989580 rs74113186 0.001085
1 114989639 rs114046070 0.17425
1 114990155 rs115036480 0.5421100000000001
1 114990256 rs6668327 6.789199999999999e-05
1 114990547 rs80082541 0.49586
1 114990828 rs80309660 0.66982
1 114991075 rs111337123 0.43936000000000003
1 114991429 rs73005390 0.01051
1 114991444 rs190733935 0.21388000000000001
1 114991581 rs80267897 0.7570100000000001
1 114992471 rs116764046 0.25275
1 114992760 rs6675600 5.3351000000000005e-05
1 114992895 rs6688348 0.047762
1 114992962 rs72696009 0.00081431
1 114993106 rs80185464 0.88565
1 114993719 rs11811790 0.49583999999999995
1 114994499 rs79172490 0.54271
1 114994744 rs186201086 0.044052
1 114994911 rs6688160 0.49582
1 114995074 rs77457946 0.0014845999999999998
1 114995216 rs146325825 0.8230799999999999
1 114995224 rs139589031 0.63344
1 114995578 rs115682446 0.4956
1 114995660 rs114271743 0.49583999999999995
1 114995825 rs144418344 0.26765
1 114995942 rs146109483 0.49583999999999995
1 114996112 rs11102794 6.1207e-05
1 114996321 rs114581028 0.49583999999999995
1 114996324 rs11589568 5.357199999999999e-07
1 114996358 rs116365218 0.54083
1 114997162 rs115912510 0.51772
1 114997730 rs61660055 0.0014558
1 114997845 rs59576781 0.25275
1 114997861 rs78459848 0.54083
1 114998221 rs35817608 6.129e-07
1 114998624 rs140908756 0.10964000000000002
1 114998644 rs11799935 0.49583999999999995
1 114998827 rs34500144 5.331499999999999e-07
1 114999011 rs7532456 0.77589
1 114999195 rs11812026 0.49583999999999995
1 114999256 rs74113189 0.0014479
1 114999277 rs7511633 6.1189e-05
1 114999465 rs73005396 0.010302
1 114999576 rs77615432 0.54194
1 114999593 rs59214319 0.3272
1 114999749 rs138735495 0.8893200000000001
1 114999861 rs116084722 0.49398000000000003
1 114999978 rs1146149 0.85167
1 115000060 rs6656726 0.0013935
1 115000481 rs11577901 0.0013714999999999999
1 115000587 rs146291418 0.53822
1 115000622 rs537735389 0.97324
1 115000626 rs80086576 0.16962
1 115000642 rs76897832 0.26721999999999996
1 115000677 rs142819150 0.011116
1 115000699 rs186806144 0.87241
1 115001121 rs146136894 0.82737
1 115001538 rs17561158 0.011344
1 115001992 rs78076575 0.5425800000000001
1 115002022 rs78495359 0.56947
1 115002281 rs75377904 0.54255
1 115002538 rs74113190 0.67397
1 115002548 rs115748164 0.49396
1 115002730 rs139395939 0.026583
1 115002905 rs147761602 0.8818799999999999
1 115003006 rs114808715 0.53161
1 115003403 rs2336580 0.99116
1 115003679 rs567282151 0.10260999999999999
1 115003688 rs2878746 0.0014405999999999998
1 115003776 rs112938093 0.044534
1 115003935 rs11102795 0.07407799999999999
1 115004054 rs11582166 7.045399999999999e-07
1 115004191 rs73005400 0.010043
1 115004568 rs114234620 0.26889
1 115004581 rs57840440 0.6263
1 115004735 rs114258144 0.49396
1 115004781 rs61655733 0.69595
1 115004838 rs76386697 8.8646e-07
1 115005417 rs73007260 0.017618
1 115005627 rs74406851 0.61178
1 115006273 rs143115738 0.061613
1 115006374 rs112336190 0.77262
1 115006427 rs191504856 0.28105
1 115006660 rs78664007 0.0014271
1 115006708 rs113946217 0.69124
1 115006769 rs74317591 0.51573
1 115007224 rs184651008 0.006025
1 115007297 rs190377373 0.42988000000000004
1 115007379 rs145639758 0.062823
1 115007525 rs73007263 0.010313
1 115007965 rs57206604 0.26888
1 115008389 rs180820053 0.7995899999999999
1 115008601 rs11802949 0.49413999999999997
1 115008670 rs72696011 0.42936
1 115008801 rs17032751 0.0014494000000000002
1 115009041 rs115999820 0.79206
1 115009068 rs6694561 0.26594
1 115009623 rs35731306 1.0113e-06
1 115009800 rs7527168 0.74526
1 115009995 rs144051640 0.83547
1 115010155 rs6537829 0.98987
1 115010845 rs78638919 0.32347
1 115010869 rs115093396 0.44332
1 115011282 rs79913272 0.36034
1 115011484 rs6670743 6.3352e-05
1 115011487 rs12083873 0.50022
1 115011673 rs145549785 0.77869
1 115011775 rs74901102 0.49604
1 115012182 rs17032759 0.53884
1 115012189 rs17593470 0.73085
1 115012343 rs146557372 0.57328
1 115012861 rs114005212 0.88869
1 115013015 rs148329192 0.064154
1 115013251 rs141447340 0.75459
1 115013479 rs150457709 0.7804300000000001
1 115013552 rs114585510 0.06891
1 115013830 rs116728245 0.51739
1 115014029 rs112465350 0.0033626
1 115014041 rs147322135 0.65115
1 115014197 rs77907069 0.51739
1 115014363 rs116005633 0.9181
1 115014565 rs77945683 0.51739
1 115014676 rs75783406 0.51739
1 115014728 rs17032764 0.47284
1 115015035 rs143849516 0.73532
1 115015519 rs116089420 0.10271
1 115015803 rs12082107 0.9583200000000001
1 115016016 rs34383590 0.58875
1 115016166 rs141079153 0.37925
1 115016404 rs6703214 0.011087999999999999
1 115016415 rs6537832 0.00011220000000000002
1 115016667 rs114575914 0.24702
1 115016752 rs143705554 0.80432
1 115017383 rs141549143 0.7486
1 115018078 rs11803560 0.51739
1 115018099 rs146206007 0.25011
1 115018135 rs144106203 0.14195
1 115018198 rs11805015 0.57106
1 115018255 rs12075649 0.60321
1 115018260 rs12086242 0.96488
1 115018473 rs560264763 0.86295
1 115018809 rs114965782 0.50454
1 115019108 rs116649594 0.12002
1 115019239 rs71664847 7.303199999999999e-07
1 115019458 rs553753913 0.8517899999999999
1 115019467 rs56193552 0.0011080999999999999
1 115019710 rs7520209 0.58933
1 115020207 rs79107566 0.27049
1 115020253 rs576199184 0.41089
1 115020283 rs78555254 0.2492
1 115020496 rs17032768 0.54268
1 115020548 rs60614633 0.32964
1 115020602 rs781642088 0.76165
1 115020679 rs74113195 0.0010856
1 115020900 rs182281120 0.78087
1 115021249 rs73007266 0.0021302
1 115021356 rs148200951 0.76442
1 115021583 rs141162861 0.8135100000000001
1 115021975 rs7538458 0.49413
1 115022215 rs74113196 0.0010132
1 115022260 rs181987706 0.0039795
1 115022262 rs187282856 0.0039795
1 115022518 rs113511534 9.474299999999999e-07
1 115022582 rs577859434 0.55119
1 115022609 rs149333631 0.0010761
1 115022698 rs144590751 0.5413399999999999
1 115022712 rs190056701 0.51441
1 115023005 rs148472259 0.0010665999999999998
1 115023032 rs182703660 0.54285
1 115023185 rs12078204 0.00011152
1 115023469 rs78211076 0.51442
1 115023575 rs75053409 0.54285
1 115023723 rs113261035 0.32897
1 115023751 rs144711522 0.90284
1 115023930 rs7533214 0.51635
1 115023932 rs567183200 0.004492800000000001
1 115023981 rs140538566 0.54285
1 115023982 rs7544790 8.4379e-05
1 115023990 rs568870110 0.0044104
1 115024265 rs12076673 0.015309999999999999
1 115024368 rs112695611 0.8272200000000001
1 115024480 rs115965126 0.51635
1 115024669 rs114968693 0.5413399999999999
1 115024946 1:115024946_C_T 0.96449
1 115025070 rs115517930 0.2492
1 115025271 rs143724900 0.98161
1 115025402 rs114522046 0.39179
1 115025423 rs116608231 0.37977
1 115025700 rs11583976 6.988899999999999e-07
1 115025707 rs113968895 0.010102
1 115025725 rs112528834 0.00098327
1 115025880 rs76431324 0.00092289
1 115025940 rs11582652 0.017866999999999997
1 115026090 rs144748197 0.54147
1 115026158 rs113806169 0.010091
1 115026223 rs71664848 6.8363e-07
1 115026388 rs151077387 0.77887
1 115026576 rs79390624 7.003600000000001e-07
1 115026594 rs192131637 0.86829
1 115026608 rs36032169 0.9614
1 115026659 rs141475759 0.79333
1 115027031 rs6671365 5.7541000000000004e-05
1 115027033 rs183335446 0.07147300000000001
1 115027271 rs7550104 0.51635
1 115027367 rs113892544 0.010092
1 115027388 rs529645849 0.10679000000000001
1 115027438 rs7528577 0.00011347
1 115027556 rs71664849 7.002199999999999e-07
1 115028008 rs77229936 0.15769
1 115028048 rs7529160 0.76546
1 115028118 rs114047836 0.29498
1 115028212 rs112320824 0.032677
1 115028382 rs74756519 0.93716
1 115028476 rs75855033 0.5785600000000001
1 115028626 rs71664850 7.2816e-07
1 115028722 rs184991814 0.0043882
1 115028735 rs6693073 0.83178
1 115029109 rs112626783 0.20985
1 115029288 rs185364683 0.77489
1 115029431 rs115728658 0.7690600000000001
1 115029578 rs112956928 0.96044
1 115029607 rs139309028 0.43599
1 115029770 rs114954058 0.49741
1 115029803 rs115838968 0.13383
1 115030241 rs57102586 0.24749000000000002
1 115030412 rs375096509 0.64226
1 115031246 rs539109314 0.44531000000000004
1 115031362 rs79744310 0.51635
1 115031572 rs140234788 0.0046958
1 115031652 rs78566443 0.51635
1 115031720 rs79520328 0.66196
1 115031858 rs72696017 0.48655
1 115032145 rs72990804 0.010099
1 115032272 rs60562558 0.010093000000000001
1 115032389 rs12083692 0.0048673
1 115032651 rs12084870 0.0021068000000000003
1 115032652 rs76701955 0.0021318
1 115032733 rs6666770 3.4203000000000004e-05
1 115032892 rs138939594 0.83262
1 115033426 rs116336869 0.4199
1 115033512 rs1113207 5.8341e-05
1 115033679 rs144704165 0.5938
1 115034171 rs114246585 0.50668
1 115034258 rs12079871 0.909
1 115034269 rs6703485 5.701399999999999e-05
1 115034555 rs114036973 0.72022
1 115034584 rs76932691 0.69179
1 115034709 rs6537833 5.8958999999999996e-05
1 115034713 rs76218814 0.010853
1 115035062 rs74651016 0.49459
1 115035091 rs74861028 0.50653
1 115035123 rs150058518 0.17748
1 115035157 rs145477205 0.004954
1 115035321 rs148817943 0.8548399999999999
1 115035464 rs142495490 0.57509
1 115035519 rs147592448 0.8328700000000001
1 115035828 rs35810026 7.141199999999999e-07
1 115036020 rs116419166 0.49603
1 115036256 rs35172413 6.1658e-05
1 115036379 rs186277501 0.093045
1 115036381 rs11811686 0.25822
1 115036667 rs150372399 0.0046903
1 115036720 rs561497950 0.0046903
1 115036740 rs114733781 0.24796999999999997
1 115036924 rs558938702 0.34968
1 115037119 rs74113201 0.0010515000000000001
1 115037494 rs114369703 0.38759
1 115037535 rs142035102 0.52866
1 115037646 rs116560490 0.45152
1 115037660 rs146375578 0.85262
1 115037699 rs139674993 0.5915600000000001
1 115037751 rs765181344 0.1674
1 115037767 rs866595462 0.10338
1 115037980 rs192872698 0.23473000000000002
1 115038077 rs188537229 0.22491
1 115038155 rs77195557 0.075323
1 115038281 rs77336200 0.52775
1 115038488 rs77999355 0.4945
1 115038778 rs11102798 0.15473
1 115038899 rs6660859 0.001065
1 115039119 rs6661053 6.1567e-05
1 115039143 rs6658383 6.1567e-05
1 115039149 rs74113202 0.48541999999999996
1 115039203 rs74688215 0.36078000000000005
1 115039268 rs11102799 0.5008199999999999
1 115039312 rs74925394 0.5077699999999999
1 115039512 rs565972449 0.096807
1 115039681 rs116452936 0.24595999999999998
1 115039915 rs538121779 0.81382
1 115039918 rs35400560 0.0016524999999999999
1 115039980 rs574776734 0.21985
1 115039999 rs748261045 0.81219
1 115040414 rs144297526 0.004954
1 115040491 rs114739303 0.24595999999999998
1 115040589 rs115968197 0.9335399999999999
1 115040672 rs188215528 0.53887
1 115040680 rs114690511 0.49659
1 115040825 rs143536657 0.8328700000000001
1 115040932 rs11102800 4.6816999999999996e-05
1 115041115 rs542062084 0.21985
1 115041380 rs12743623 7.7509e-07
1 115041527 rs181689675 0.43156000000000005
1 115042081 rs11102801 0.72892
1 115042415 rs11102802 1.5637e-08
1 115042482 rs11102803 6.1598e-05
1 115042511 rs11102804 6.1598e-05
1 115042545 rs113640677 0.0010831
1 115042716 rs115368316 0.49593000000000004
1 115042953 rs183236998 0.9672799999999999
1 115043669 rs149618438 0.51567
1 115043845 rs77755040 0.73219
1 115044030 rs72990817 0.008922399999999999
1 115044287 rs77656400 0.24795999999999999
