CHR BP SNP P
6 41822683 rs116062566 0.38578
6 41823062 rs9462749 0.84969
6 41823631 rs144041787 0.84246
6 41823735 rs146467072 0.0079117
6 41823883 rs144269193 0.41518999999999995
6 41823941 rs182718738 0.023413
6 41824038 rs12175469 4.5981e-28
6 41824076 rs567210727 0.888
6 41824087 rs150245727 0.41385
6 41824138 rs9471680 0.77083
6 41824218 rs2395789 0.022959
6 41824220 rs143742432 0.48677
6 41824259 rs148139193 0.073372
6 41824816 rs146517043 0.77082
6 41825004 rs187570217 0.073327
6 41825053 rs16895040 0.3285
6 41825111 rs12209885 8.1588e-17
6 41825211 rs142967198 0.49456999999999995
6 41825521 rs549706187 0.67835
6 41825590 rs6901756 2.506e-09
6 41825640 rs551819269 0.29498
6 41826391 rs183894022 0.0076432
6 41826423 rs560917593 0.11209000000000001
6 41827011 rs2253961 0.011713
6 41827193 rs2025951 0.0012615999999999999
6 41827250 rs186458452 0.9603799999999999
6 41827336 rs61466555 5.2004e-13
6 41827403 rs2025950 0.8572700000000001
6 41827423 rs16895043 0.70506
6 41827839 rs570310640 0.69914
6 41828070 rs2243605 0.0014460999999999999
6 41828093 rs9471681 0.72102
6 41828244 rs116146047 0.64584
6 41828288 rs541796256 0.43423999999999996
6 41828465 rs548481625 0.0064459
6 41828508 rs185232065 0.8584299999999999
6 41828780 rs140579057 0.8509399999999999
6 41829235 rs115277686 0.7026
6 41829267 rs4526183 0.0014659
6 41829512 rs75717345 0.74921
6 41829970 rs34073739 4.7637e-28
6 41830014 rs114385328 0.023413
6 41830210 rs114924247 0.1021
6 41830269 rs148085384 0.83767
6 41830637 rs150794701 0.88907
6 41830645 rs2254454 0.0012812000000000001
6 41830797 rs113294832 0.39299
6 41830900 rs11965174 0.3186
6 41830927 rs73733044 0.4503
6 41831143 rs2254479 0.007942900000000001
6 41831186 rs77438137 0.8437399999999999
6 41831252 rs79374916 0.40979
6 41831418 rs77947436 0.40922
6 41831428 rs115522854 0.73207
6 41832099 rs143272958 0.4958
6 41832280 rs372782144 0.48773999999999995
6 41832695 rs148398695 0.15592999999999999
6 41832772 rs2250428 0.012097
6 41832839 rs2479722 0.00083784
6 41832973 rs112806071 0.13512000000000002
6 41833417 rs191903600 0.94629
6 41833713 rs147930223 0.31695
6 41833823 rs9357370 1.4957e-16
6 41833857 rs191731989 0.025766000000000004
6 41834037 rs7739064 0.0011173
6 41834184 rs76902860 0.39798
6 41834324 rs190201626 0.06658700000000001
6 41834336 rs529937872 0.8959299999999999
6 41834369 rs77568424 0.8733299999999999
6 41834557 rs78260632 0.8464
6 41834819 rs138238956 0.52469
6 41835193 rs115740142 0.32477
6 41835208 rs113897244 0.39696
6 41835421 rs187388376 0.064457
6 41835446 rs536831515 0.684
6 41835483 rs191863765 0.43423999999999996
6 41835574 rs114139849 0.73898
6 41835812 rs143250584 0.26694
6 41836040 rs187452016 0.20519
6 41836071 rs148943831 0.39955999999999997
6 41836074 rs138201879 0.62785
6 41836182 rs190439931 0.7479600000000001
6 41836225 rs138666700 0.39334
6 41836344 rs141781940 0.5654600000000001
6 41837088 rs149448268 0.01519
6 41837347 rs544251129 0.89999
6 41837361 rs377118740 0.43001000000000006
6 41838119 rs2251084 0.011692000000000001
6 41838797 rs113738228 0.10517
6 41838817 rs2251168 6.155000000000001e-17
6 41839092 rs2149274 0.00085197
6 41839268 rs2149275 6.4915e-17
6 41839402 rs75554582 0.016906
6 41839438 rs2251274 0.0008669000000000001
6 41839996 rs115117969 0.018003
6 41840593 rs2769934 0.00078777
6 41841132 rs11965953 5.098e-13
6 41841535 rs9369312 3.6118999999999997e-28
6 41842116 rs77265088 0.38954
6 41842263 rs116802565 0.0048033
6 41842277 rs371977553 0.59026
6 41842808 rs6907878 0.049507
6 41843044 rs2254474 0.012342
6 41843620 rs530254341 0.7026
6 41843812 rs111595888 0.37154
6 41844041 rs150027395 0.72801
6 41844081 rs180703173 0.9159700000000001
6 41844189 rs145358513 0.07908
6 41844293 rs148731673 0.79898
6 41844386 rs186455975 0.0077607
6 41845254 rs773109829 0.29495
6 41845613 rs114730940 0.09244
6 41845685 rs35793815 0.33645
6 41845743 rs56662537 0.75241
6 41846045 rs545664164 0.10472999999999999
6 41846090 rs558938567 0.32649
6 41846110 rs2254805 0.0092241
6 41846271 rs79615955 0.39657
6 41846285 rs114948253 0.018257
6 41846422 rs72867166 1.6799e-06
6 41846433 rs77725024 0.66684
6 41846569 rs2254936 0.00099258
6 41846701 rs540160828 0.32149
6 41846876 rs182053911 0.43423999999999996
6 41846954 rs140397631 0.89641
6 41846986 rs193031593 0.022387
6 41847065 rs9369313 5.3677e-28
6 41847515 rs114900665 0.8329
6 41847534 rs10456505 2.5259e-07
6 41847541 rs149095822 0.44906
6 41847673 rs73733047 0.23779
6 41847740 rs184813830 0.76462
6 41847800 rs9381097 3.6336999999999998e-28
6 41848061 rs34718512 1.9591e-06
6 41848088 rs9394837 3.7430000000000003e-28
6 41848115 rs529789679 0.8724299999999999
6 41848116 rs549550156 0.8724299999999999
6 41848189 rs139364374 0.62807
6 41848244 rs11756859 7.8152e-07
6 41848555 rs374117167 0.043297
6 41848820 rs148156689 0.092053
6 41849080 rs149832379 0.72726
6 41849189 rs182016170 0.83567
6 41849478 rs76147393 0.8203299999999999
6 41849701 rs79475640 0.84891
6 41849875 rs74542078 0.12675
6 41850242 rs74763719 0.12808
6 41850547 rs180896762 0.44082
6 41850965 rs1192241 0.00099448
6 41851436 rs113702796 0.42758
6 41851466 rs140818773 0.65922
6 41851512 rs760543374 0.45797
6 41851772 rs137902626 0.0026608
6 41851887 rs144382454 0.016356
6 41851975 rs9471685 0.00095054
6 41852041 rs10456112 2.6769999999999998e-09
6 41852187 rs2395792 0.039359
6 41852198 rs146367132 0.48227
6 41852329 rs114603190 0.8356
6 41852616 rs1319012 0.015441999999999999
6 41852681 rs555458726 0.43513999999999997
6 41852720 rs115914904 0.0026608
6 41852755 rs1536703 0.0068283
6 41852934 rs149778870 0.8392200000000001
6 41852964 rs77280896 0.39766999999999997
6 41852990 rs530948921 0.10372999999999999
6 41853776 rs190435292 0.004384000000000001
6 41853870 rs543225034 0.9043200000000001
6 41853889 rs112493807 0.39555
6 41854157 rs9462751 0.7538699999999999
6 41854386 rs146955196 0.43345
6 41854401 rs150966945 0.03488
6 41854682 rs140675873 0.26314
6 41856002 rs35085306 3.4343000000000004e-27
6 41856251 rs369332790 0.72251
6 41856255 rs144273780 0.021418
6 41857151 rs140564499 0.8946
6 41857265 rs115458954 0.016279
6 41857482 rs116360833 0.034969
6 41857487 rs115553027 0.038022
6 41857575 rs74985576 0.31198000000000004
6 41857606 rs116392806 0.31181
6 41857691 rs1887718 0.0009958
6 41857836 rs56307633 0.40968000000000004
6 41857868 rs34992963 6.9681e-13
6 41857958 rs9462752 0.7830699999999999
6 41858171 rs115716218 0.015608000000000002
6 41858377 rs184328386 0.47403
6 41858860 rs115165644 0.80155
6 41858903 rs75473338 0.39652
6 41859794 rs59141089 0.8849100000000001
6 41859975 rs140255356 0.017491999999999997
6 41860063 rs138492340 0.8904799999999999
6 41860252 rs11964516 8.1059e-13
6 41860288 rs181918777 0.65569
6 41860313 rs72867173 0.0031615
6 41860451 rs535201489 0.90623
6 41860715 rs115607183 0.017361
6 41860888 rs77569607 0.6521
6 41860988 rs138766169 0.62613
6 41861052 rs74771274 0.7967
6 41861481 rs114079336 0.00021976
6 41862474 rs187775897 0.1236
6 41863743 rs12195503 4.8745e-17
6 41863875 rs374470378 0.52962
6 41864068 rs16895071 0.017962
6 41864135 rs12174903 7.2116e-18
6 41864181 rs60167942 0.27059
6 41864441 rs2031847 0.011718000000000001
6 41864504 rs9471686 0.90448
6 41864580 rs149689499 0.27189
6 41864760 rs574262374 0.27856
6 41864763 rs9471687 0.8546100000000001
6 41865040 rs189342608 0.7648
6 41865407 rs6907404 0.0094513
6 41865412 rs148350770 0.092279
6 41865430 rs146289066 0.38231
6 41865799 rs762423502 0.6607
6 41865926 rs116561666 0.57077
6 41866024 rs773658566 0.7016
6 41866575 rs2395791 0.0014022
6 41866650 rs115520429 0.87072
6 41866729 rs182111838 0.006496899999999999
6 41866950 rs11753039 5.4435e-13
6 41867173 rs187820736 0.02046
6 41867348 rs148659546 0.0026344999999999997
6 41867585 rs115216716 0.096276
6 41869240 rs371548396 0.60107
6 41869332 rs139213072 0.5577300000000001
6 41869659 rs539947301 0.53173
6 41869924 rs1536701 4.9636e-17
6 41869950 rs1536702 0.01039
6 41870146 rs78643713 0.24394000000000002
6 41870353 rs143963815 0.84795
6 41870486 rs75987904 0.74025
6 41870748 rs116159799 0.020212
6 41870910 rs6899626 5.3588e-17
6 41870911 rs79447837 0.27743
6 41870921 rs76931082 0.00027229
6 41870957 rs6899659 5.3772e-17
6 41871301 rs185004036 0.038668
6 41871312 rs569371476 0.26816
6 41871563 rs143776446 0.018167
6 41871673 rs138354696 0.0026285
6 41871721 rs184022069 0.26442
6 41871786 rs9369314 0.02565
6 41871858 rs116762994 0.017375
6 41871885 rs574259453 0.63458
6 41871930 rs112504949 0.96215
6 41871973 rs9369315 6.9422e-17
6 41872237 rs62398362 5.11e-10
6 41872387 rs150582569 0.038263
6 41872459 rs185720986 0.44347
6 41872685 rs57091930 0.039298
6 41872767 rs142455367 0.70899
6 41873221 rs7759595 0.040783
6 41873756 rs139419733 0.47225
6 41873961 rs4714518 0.0014717
6 41874265 rs41273798 0.51495
6 41874268 rs9462753 0.89886
6 41874788 rs142578784 0.017344
6 41875179 rs765478577 0.92174
6 41875313 rs536883312 0.32316
6 41875795 rs187504985 0.8358899999999999
6 41876282 rs11970677 0.31209000000000003
6 41876335 rs3806113 8.3865e-28
6 41877319 rs76092294 0.27369
6 41877671 rs114056237 6.1086e-07
6 41878042 rs145963022 0.8200700000000001
6 41878266 rs4714519 0.31411
6 41878336 rs148414992 0.01754
6 41878538 rs116235119 0.01756
6 41878639 rs535963383 0.032056
6 41878641 rs189194693 0.91241
6 41878807 rs145983183 1.0215e-10
6 41879130 rs188913367 0.018083000000000002
6 41879518 rs79274058 0.39015
6 41879736 rs190738518 0.8500200000000001
6 41880373 rs113655378 0.38838
6 41880576 rs74812490 0.35348
6 41880607 rs75157530 0.86715
6 41880655 rs144794061 0.7255
6 41880673 rs111931658 0.13483
6 41880961 rs115483593 0.084628
6 41881042 rs73426219 0.67406
6 41881073 rs7746198 1.2812000000000001e-06
6 41881513 rs182962659 0.084162
6 41881626 rs137888939 0.093568
6 41881725 rs544296862 0.27031
6 41881949 rs10947994 5.582099999999999e-17
6 41882123 rs11969866 1.5045e-09
6 41882264 rs115479737 0.047258
6 41882533 rs549970325 0.36053
6 41882890 rs187553672 0.066787
6 41882975 rs192175398 0.90904
6 41883252 rs546468768 0.4386
6 41883261 rs150128575 0.016904
6 41883386 rs112085091 0.98477
6 41883624 rs112146912 0.3717
6 41885091 rs6920559 1.6879e-13
6 41885319 rs9357371 2.8834e-28
6 41885482 rs191616813 0.38822
6 41885510 rs75472244 0.3876
6 41885764 rs115284879 0.3639
6 41885885 rs76032968 0.44046
6 41885909 rs116460871 0.32335
6 41885960 rs112423500 0.9228
6 41886340 rs542374060 0.94881
6 41886413 rs140085741 0.45702
6 41886922 rs372161246 0.11481
6 41887210 rs80032753 0.018795
6 41887510 rs143546450 0.45933
6 41887807 rs373041169 0.11481
6 41888827 rs2274578 0.00081845
6 41889185 rs151229263 0.39976
6 41889212 rs9296368 0.9615600000000001
6 41889223 rs10947995 2.4175999999999997e-13
6 41889240 rs61736990 0.52386
6 41889323 rs143551764 0.45398999999999995
6 41889409 rs3763273 0.1305
6 41889505 rs144207756 0.1827
6 41889553 rs142676892 0.6737
6 41889673 rs41273802 0.40553
6 41890092 rs549199160 0.9175200000000001
6 41890141 rs756097617 0.48349
6 41890554 rs115316195 0.50153
6 41890835 rs2479723 0.0013445
6 41890982 rs2479724 0.0055588
6 41891036 rs116771173 0.53847
6 41891410 rs77491476 0.016595
6 41891471 rs72867183 0.39515
6 41891485 rs61027584 0.1379
6 41891486 rs188887936 0.9424399999999999
6 41891500 rs576357696 0.090413
6 41891723 rs142039291 0.86488
6 41891879 rs9471690 0.66161
6 41891995 rs7738554 1.1745999999999999e-13
6 41892066 rs183967179 0.9658399999999999
6 41892291 rs75173045 0.05595599999999999
6 41892457 rs56215622 2.7745999999999997e-28
6 41892544 rs149988393 0.74754
6 41892782 rs77289717 0.0025686999999999997
6 41892809 rs10947996 9.1092e-14
6 41892925 rs116146708 0.017277
6 41893003 rs76614900 0.26545
6 41893149 rs181794745 0.0036192
6 41893202 rs185211243 0.42226
6 41893323 rs9349203 0.0053997
6 41893348 rs145856064 0.12394000000000001
6 41893481 rs188643838 0.27058000000000004
6 41893517 rs185221024 0.7145600000000001
6 41894397 rs150302075 0.037659
6 41894571 6:41894571_G_A 0.5336
6 41894757 rs542698920 0.9592200000000001
6 41895003 rs138306323 0.9705
6 41895150 rs2296916 7.2801e-07
6 41895193 rs36124188 0.072947
6 41895358 rs114055150 0.67548
6 41895769 rs80085578 0.0035507
6 41895923 rs78694567 0.96931
6 41896293 rs185348305 0.49478
6 41896406 rs16895092 0.86598
6 41896424 rs77111822 0.9567700000000001
6 41896684 rs150615697 0.96599
6 41896919 rs778139497 0.22198
6 41897144 rs114683057 0.5743
6 41897236 rs190573617 0.9642
6 41897592 rs75728662 0.027201
6 41897702 rs57385247 0.14481
6 41898096 rs2479726 0.0012766
6 41898194 rs182672732 0.0048776
6 41898521 rs187843739 0.46211
6 41898564 rs12661819 7.5198e-17
6 41898619 rs114469750 0.83941
6 41898709 rs367601943 0.2789
6 41898808 rs144435402 0.37517
6 41899629 rs16895095 0.94625
6 41899733 rs116014261 0.76349
6 41900375 rs149587548 0.8921399999999999
6 41900406 rs3828855 8.990799999999999e-07
6 41900538 rs114731913 0.79904
6 41900649 rs41273806 0.02494
6 41900813 rs73426226 0.9527
6 41901003 rs769534198 0.35444000000000003
6 41901044 rs186513514 0.41761000000000004
6 41901606 rs140625886 0.72151
6 41901699 rs3218117 0.51357
6 41901763 rs3218116 4.5119999999999995e-28
6 41902352 rs3218114 3.6246e-13
6 41902526 rs144960851 0.37566
6 41902559 rs3218109 0.0030105
6 41902655 rs3218108 3.9266999999999996e-28
6 41902700 rs3218107 0.86961
6 41902938 rs3218106 0.51673
6 41903007 rs9529 0.0012229
6 41903782 rs1051130 0.01414
6 41903798 rs33966734 1.5390999999999998e-07
6 41903884 rs3218101 0.5522699999999999
6 41904035 rs545840762 0.68008
6 41904324 rs11552780 0.91025
6 41904483 rs3218100 0.67024
6 41904829 rs116799352 0.98859
6 41904956 rs3218099 0.29628000000000004
6 41905154 rs3218098 0.52317
6 41905174 rs2479717 0.00040101
6 41905275 rs3218097 5.8971e-28
6 41905342 rs138827651 0.35379
6 41905681 rs114568248 0.98879
6 41906364 rs3218095 0.13273
6 41906459 rs116403918 0.9506399999999999
6 41906661 rs3218092 1.3445e-13
6 41906724 rs3218091 0.99216
6 41907213 rs3218090 0.8848799999999999
6 41907855 rs1410492 5.098899999999999e-28
6 41908122 rs3218089 0.30394
6 41908702 rs377533687 0.31055
6 41908717 rs372668741 0.9719399999999999
6 41908922 rs3218088 0.47018999999999994
6 41909438 rs1051129 0.0016063
6 41909942 rs3218087 0.9718
6 41910064 rs3218086 1.9890999999999998e-13
6 41910179 rs3218085 0.0089321
6 41910336 rs3218084 0.41308999999999996
6 41910425 rs190266656 0.56767
6 41910851 rs533403693 0.65159
6 41911185 rs9381100 2.6805e-16
6 41911200 rs149184334 0.038702
6 41911394 rs114787544 0.038205
6 41911989 rs9462755 1.2587e-05
6 41912252 rs2479718 0.000292
6 41912383 rs541919501 0.5221899999999999
6 41912864 rs9918454 0.69688
6 41913022 rs147075148 0.57695
6 41913043 rs138287578 0.034158999999999995
6 41913081 rs2479719 0.11438
6 41913570 rs6922320 0.48198
6 41913670 rs78915271 0.1363
6 41913778 rs4714520 4.3168999999999996e-17
6 41914195 rs113116955 0.12688
6 41914208 rs139943373 0.9408799999999999
6 41914212 rs112063900 0.13495
6 41914378 rs9349204 1.2145999999999998e-25
6 41915123 rs116399896 0.59638
6 41915143 rs6913232 0.012234
6 41915200 rs9471695 0.12865
6 41915351 rs6933697 4.4678999999999995e-17
6 41915514 rs147929970 0.043429
6 41915519 rs6934551 4.0436e-17
6 41915704 rs2479720 0.00029286
6 41915709 rs141797580 0.62547
6 41916214 rs115996323 0.62872
6 41917099 rs4714522 0.00022211
6 41917110 rs150177487 0.031919
6 41917222 rs75580691 0.723
6 41917260 rs141775582 0.025574
6 41917526 rs186985563 0.004116399999999999
6 41917598 rs9689216 2.9131000000000003e-17
6 41917988 rs139509473 0.3655
6 41918042 rs148624763 0.032298
6 41918060 rs142453754 0.4502
6 41918104 rs7766817 0.014008000000000001
6 41918190 rs7766960 0.013934
6 41918352 rs147682512 0.16225
6 41918560 rs182423669 0.46853999999999996
6 41918810 rs60119955 0.00025629
6 41919367 rs184070639 2.4795999999999998e-05
6 41919386 rs114751952 0.026188
6 41919394 rs115734688 0.23945
6 41919485 rs73426236 0.87935
6 41919589 rs113218652 0.00022688
6 41920579 rs74979086 0.13317
6 41921196 rs768913902 0.19032000000000002
6 41921241 rs10947997 1.0625999999999999e-13
6 41921434 rs79675842 0.46579
6 41921556 rs146816748 0.5829
6 41921943 rs142180428 0.42885
6 41922220 rs7768317 5.254299999999999e-18
6 41922509 rs142328364 0.71632
6 41922564 rs75875700 0.13552
6 41923801 rs6458249 0.71333
6 41924278 rs13340461 0.0012485999999999999
6 41924346 rs114789046 0.11821
6 41924369 rs16895128 2.1201e-13
6 41924563 rs184655712 0.79811
6 41924626 rs146744409 0.66596
6 41924724 rs571342613 0.8352799999999999
6 41924853 rs4623235 0.030517000000000002
6 41924931 rs16895130 0.00013292
6 41924998 rs112233623 1.1168e-12
6 41925159 rs9349205 6.4525e-29
6 41925290 rs11970772 3.8945999999999997e-11
6 41925304 rs11968166 2.5212e-13
6 41925712 rs114074977 0.027992000000000003
6 41925719 rs180673743 0.85661
6 41925993 rs9471696 0.54703
6 41926122 rs144082269 0.93373
6 41926526 rs145622105 0.53938
6 41926819 rs149830553 0.78269
6 41926844 rs9471697 0.38015
6 41926935 rs9394841 7.881100000000001e-27
6 41927020 rs564549396 0.25997
6 41927141 rs373567197 0.29481999999999997
6 41927157 rs550306534 0.57696
6 41927226 rs144178642 0.22918000000000002
6 41927813 rs4478405 1.405e-07
6 41928132 rs9471698 0.13202
6 41928382 rs9349206 1.9025e-14
6 41928548 rs9381101 1.5215e-14
6 41928684 rs7773255 1.0066e-07
6 41928874 rs74294386 0.0086286
6 41929356 rs9381102 8.6568e-15
6 41929363 rs187346828 0.53079
6 41929647 rs12190238 9.1484e-15
6 41929908 rs28494563 0.000236
6 41930102 rs7764698 1.6932e-14
6 41930294 rs7745210 1.0608e-14
6 41930305 rs193035899 0.89902
6 41930725 rs7745862 1.2584000000000001e-14
6 41931267 rs79379366 0.43517
6 41931268 rs540571247 0.38544
6 41931569 rs12110546 0.0078178
6 41931783 rs12110857 0.8930299999999999
6 41932001 rs17287803 0.00014709
6 41932011 rs28449539 1.5377e-14
6 41932119 rs113847211 0.23021999999999998
6 41932190 rs576438099 0.25506999999999996
6 41932274 rs114574826 0.90453
6 41932306 rs114162836 0.0046835
6 41932403 rs62417386 0.49717
6 41932893 rs146951292 0.0047157
6 41933085 rs9367117 1.6496e-14
6 41933459 rs34221531 1.0260999999999999e-07
6 41933482 rs9349208 1.7163e-14
6 41933554 rs9357372 1.8559e-14
6 41933570 rs57023124 0.69858
6 41933595 rs747281640 0.8675700000000001
6 41933714 rs180939716 0.67175
6 41934104 rs72853818 1.8147000000000002e-07
6 41934139 rs766215800 0.7683800000000001
6 41934393 rs73426240 0.62588
6 41934514 rs4130023 1.8202e-07
6 41934647 rs4607432 1.9921999999999998e-14
6 41935524 rs61433430 0.71716
6 41935781 rs61375651 3.0512e-05
6 41936010 rs72853823 0.21854
6 41936168 rs62417389 8.5213e-06
6 41936294 rs114712655 0.5625
6 41936352 rs115511698 0.0053895
6 41936636 rs111451105 0.7088800000000001
6 41936786 rs146083856 0.0020710999999999998
6 41937047 rs6458250 1.0097999999999999e-05
6 41937058 rs113756602 1.7228e-08
6 41937332 rs35398189 2.7573000000000003e-13
6 41937771 rs144637466 0.5826
6 41937894 rs185191536 0.2572
6 41938465 rs115022028 0.08493200000000001
6 41938481 rs139633563 0.018517
6 41938661 rs185295461 0.21894
6 41938714 rs57729711 1.1532e-05
6 41938921 rs151141065 0.7601
6 41939005 rs116367478 0.0047702
6 41939089 rs114359401 0.9557200000000001
6 41939154 rs60814983 0.60237
6 41939477 rs536039079 0.7705
6 41939609 rs79334131 0.0044210000000000005
6 41939806 rs7765516 0.068775
6 41940505 rs114019813 0.7307
6 41940546 rs9349209 4.3563e-22
6 41940604 rs545568534 0.045484
6 41940648 rs116243032 0.58248
6 41940886 rs66867810 0.083276
6 41941169 rs6920885 0.35949000000000003
6 41941598 rs141850859 0.20978000000000002
6 41941723 rs6899324 0.47006000000000003
6 41941980 rs4415146 0.45477
6 41941993 rs72853828 1.9884e-07
6 41942245 rs550730994 0.77147
6 41942533 rs60248286 3.463e-05
6 41942568 rs9367118 9.675599999999998e-22
6 41942634 rs182766420 0.24747
6 41942775 rs548845244 0.051048
6 41942883 rs572690778 0.54074
6 41943080 rs9381104 0.015934
6 41943284 rs570357036 0.32858000000000004
6 41943290 rs9394842 3.2805e-13
6 41943544 rs145183244 0.19086
6 41944404 rs11964130 0.36254000000000003
6 41944700 rs186003780 0.35456
6 41944915 rs150421160 0.5787800000000001
6 41945111 rs6458251 0.012685
6 41945174 rs7768838 0.45093
6 41945635 rs62417391 1.5513e-05
6 41945875 rs61213270 0.58411
6 41945897 rs6939464 3.5807e-06
6 41945944 rs143722153 0.37923
6 41946189 rs79699037 1.6343e-05
6 41946261 rs6458252 0.013656999999999999
6 41946319 6:41946319_A_G 0.16549
6 41946440 rs7774393 0.010194
6 41946781 rs192171338 0.36180999999999996
6 41946792 rs13219754 3.5811000000000003e-06
6 41946889 rs9381105 2.8521999999999997e-13
6 41947666 rs7742078 0.27303
6 41947706 rs7741792 0.9128799999999999
6 41947821 rs7742392 0.63115
6 41947938 rs184517459 0.24406
6 41948055 rs6458253 0.8775700000000001
6 41948099 rs6458254 0.86595
6 41948284 rs541658735 0.032529
6 41948743 rs4714526 0.63802
6 41949190 rs6937656 0.8770899999999999
6 41949331 rs9296371 0.87818
6 41949504 rs9296372 0.8649
6 41949558 rs9471706 0.884
6 41949565 rs146641317 0.17626
6 41950082 rs9367119 0.64081
6 41950156 rs9369318 4.6296999999999995e-15
6 41950302 rs79716025 0.7474
6 41950441 rs146101372 0.90195
6 41950770 rs9462759 0.26694
6 41951031 rs149287478 0.43827
6 41951645 rs116549857 0.0065418
6 41951752 rs7745671 0.7447699999999999
6 41952106 rs555390851 0.18116
6 41952142 rs7750075 0.62915
6 41952382 rs73426279 0.35786
6 41952468 rs75961971 0.29373
6 41952511 rs113267280 4.3159e-12
6 41952558 rs9357375 0.87308
6 41952687 rs150073830 0.3527
6 41952697 rs182445049 0.25156
6 41952828 rs116289676 0.006698899999999999
6 41952899 rs145339265 0.5432600000000001
6 41953003 rs116454779 0.75507
6 41953272 rs146505570 0.8216600000000001
6 41953714 rs73426281 0.35833000000000004
6 41954611 rs78019028 0.11392999999999999
6 41955520 rs114823132 0.0054533
6 41955734 rs6919822 0.47891999999999996
6 41955778 rs72853846 0.15332
6 41956575 rs181533194 0.8748
6 41956696 rs559171560 0.63449
6 41956937 rs7766080 0.82465
6 41957541 rs6458259 0.42604
6 41957574 rs6458260 0.45953
6 41957787 rs76911561 0.042198
6 41957972 rs145189767 0.00628
6 41958246 rs60764456 1.7675999999999998e-05
6 41958396 rs6458261 0.51025
6 41958589 rs6458262 0.46686000000000005
6 41958819 rs144779511 0.014778999999999999
6 41958835 rs191969619 0.092446
6 41958976 rs150754248 0.8649
6 41959643 rs60610471 2.469e-05
6 41959702 rs7739942 0.47013999999999995
6 41959785 rs7739971 0.5145
6 41959789 rs546855707 0.36821
6 41959793 rs72853854 1.2386e-05
6 41959959 rs141032724 0.48691
6 41959963 rs7764240 6.616e-05
6 41960005 rs7744080 0.036598
6 41960277 rs140130513 0.66725
6 41960494 rs9369319 0.51076
6 41960496 rs9367122 0.51422
6 41960507 rs151068317 0.33423
6 41960846 rs149773966 0.58309
6 41961013 rs4714532 0.47475
6 41961123 rs4714533 0.5172100000000001
6 41961319 rs7750163 0.51982
6 41961335 rs116228433 0.052435
6 41961426 rs13216308 0.5193
6 41961824 rs146721126 0.34475
6 41962225 rs114887899 0.9008299999999999
6 41962433 rs4714534 0.51631
6 41962449 rs4714535 0.5186
6 41962692 rs7738113 0.52203
6 41962741 rs138695227 0.80674
6 41962805 rs7756712 0.46303
6 41962820 rs113565514 0.34099
6 41963034 rs140052835 0.7965
6 41963069 rs9381112 1.1874000000000001e-19
6 41963074 rs114899211 0.00025629
6 41963274 rs144263828 0.6702899999999999
6 41963313 rs76256187 0.12783
6 41963449 rs73426302 0.33979000000000004
6 41963783 rs182204420 0.4559
6 41964134 rs139551958 0.9204200000000001
6 41964254 rs4714536 0.86992
6 41964498 rs140262187 0.007673899999999999
6 41964589 rs57958307 0.7923399999999999
6 41964637 rs9357378 0.23374
6 41964641 rs55863894 0.060507000000000005
6 41964676 rs138646776 0.5562199999999999
6 41964924 rs9357379 0.79479
6 41964954 rs9369321 0.79619
6 41964970 rs9381114 0.7983399999999999
6 41965076 rs6904394 0.8512799999999999
6 41965147 rs9394848 0.79018
6 41965182 rs6904586 0.78992
6 41965252 rs6927373 0.78452
6 41965428 rs6904985 0.8547
6 41965486 rs75256835 0.45133
6 41965549 rs138546124 0.10837000000000001
6 41965651 rs542120361 0.81119
6 41965807 rs4714537 0.85888
6 41966136 rs9471717 0.8710899999999999
6 41966164 rs9462760 0.8722
6 41966254 rs555595149 0.24470999999999998
6 41966300 rs12206672 1.4569e-13
6 41966345 rs539842806 0.6582899999999999
6 41966433 rs191897003 0.48426
6 41966542 rs4452641 0.8687299999999999
6 41966659 rs58519945 0.052627999999999994
6 41966729 rs113639898 0.10035
6 41967121 rs144287463 0.50163
6 41967228 rs147801269 0.5473600000000001
6 41967231 rs141078234 0.07907
6 41967443 rs4711695 0.86021
6 41967501 rs12661263 9.3531e-19
6 41967512 rs7754319 0.86167
6 41967528 rs570583807 0.16074000000000002
6 41967540 rs146931251 0.53165
6 41967698 rs137954315 0.045005
6 41967830 rs4714538 0.85441
6 41967934 rs35829548 6.937899999999999e-06
6 41968088 rs143411127 0.5164300000000001
6 41968139 rs148345135 0.5213899999999999
6 41968180 rs13207451 6.344199999999999e-06
6 41968668 rs116565956 0.048624
6 41968754 rs9471721 0.85529
6 41968930 rs138329446 0.9054
6 41969287 rs191667291 0.033627
6 41969367 rs115972896 0.0064635000000000005
6 41969544 rs4714539 0.8673
6 41969633 rs530798216 0.6389100000000001
6 41969665 rs9767067 0.66267
6 41969768 rs4714540 0.79885
6 41969894 rs74883521 0.061064999999999994
6 41969928 rs144417304 0.51473
6 41969941 rs4437455 0.98146
6 41970224 rs190169684 0.088229
6 41970318 rs4380741 0.8475299999999999
6 41970342 rs6935646 7.318400000000001e-14
6 41970404 rs12526550 8.5071e-06
6 41970622 rs115513822 0.29581999999999997
6 41970747 6:41970747_A_G 0.5888100000000001
6 41970896 rs140638828 0.049063
6 41971583 rs142847950 0.49061000000000005
6 41971901 rs9369322 0.9727899999999999
6 41971907 rs144299688 0.344
6 41972134 rs9369323 0.76844
6 41972220 rs147625114 0.13058
6 41972233 rs537036246 0.033325
6 41973168 rs535503025 0.22175
6 41973503 rs9357381 0.8494200000000001
6 41973743 rs12210079 7.6354e-14
6 41973744 rs4711696 0.7424
6 41973791 rs139695570 0.031781000000000004
6 41973822 rs11755928 5.8709e-06
6 41973918 rs9367124 0.94421
6 41974321 rs115981033 0.71742
6 41974372 rs554109148 0.43195
6 41974909 rs141366706 0.55467
6 41974953 rs61462530 0.35448
6 41975004 rs4714546 0.9898100000000001
6 41975052 rs118103136 0.0079748
6 41975122 rs150209473 0.9204600000000001
6 41975322 rs9462762 0.0062672
6 41975679 rs114622370 0.52713
6 41975693 rs182679717 0.9329799999999999
6 41975732 rs9462763 0.7860699999999999
6 41975846 rs12200559 2.7406e-12
6 41975906 rs143652290 0.0081537
6 41976269 rs142871491 0.00018379
6 41976460 rs7774526 0.78079
6 41976471 rs7756304 0.78074
6 41976838 rs116614575 0.0088026
6 41976973 rs3924130 1.1106e-17
6 41977088 rs7449838 0.8612299999999999
6 41977243 rs192445493 0.0017134000000000001
6 41977713 rs78419250 0.8741899999999999
6 41977937 rs11756584 6.044e-17
6 41977988 rs12527752 0.92635
6 41978065 rs73733061 0.9225899999999999
6 41978274 rs4607417 0.28501
6 41978306 rs9471726 0.67185
6 41978412 rs4445045 5.4555e-05
6 41978552 rs138660539 0.89628
6 41978657 rs73733063 0.75995
6 41978986 rs149703400 0.5031
6 41979105 rs57484521 6.0261000000000005e-05
6 41979204 rs12530094 0.9378299999999999
6 41979246 6:41979246_A_T 0.98556
6 41979513 rs753172853 0.5183800000000001
6 41979555 rs139121020 0.0068223
6 41979564 rs12530141 0.9243899999999999
6 41979565 rs12528337 0.7412
6 41979605 rs778565058 0.51239
6 41979730 rs146639346 0.80575
6 41979821 rs75752556 0.23621999999999999
6 41980117 rs4272212 0.16824
6 41980201 rs4714547 0.21828000000000003
6 41980255 rs9471727 0.14645
6 41980300 rs183592977 0.0069105
6 41980402 rs188079997 0.17632
6 41980666 rs6921368 3.3405000000000004e-14
6 41980871 rs6922061 2.7823e-14
6 41980937 rs56056026 5.5049e-18
6 41981019 rs115139943 0.36835
6 41981065 rs114621753 0.55469
6 41981077 rs9349211 3.6721e-14
6 41981297 rs114724710 0.7155600000000001
6 41981392 rs9349212 4.7114e-14
6 41981510 rs60223017 0.1517
6 41981765 rs10948002 3.5337e-14
6 41981841 rs59332765 0.14534
6 41981878 rs6912057 3.8856e-14
6 41981902 rs540614861 0.53973
6 41981920 rs189333242 0.1693
6 41982032 rs141190851 0.5372600000000001
6 41982391 rs75955997 0.23738
6 41982451 rs10948003 0.00011628
6 41982893 rs9471728 0.14803
6 41982953 rs6928971 4.3819e-17
6 41982957 rs6906330 3.4724e-17
6 41983371 rs12175190 3.3163e-18
6 41983379 rs4711697 3.9284e-17
6 41983395 rs9462764 3.5733000000000005e-17
6 41983431 rs4714548 2.7917e-17
6 41983519 rs4714549 4.043e-17
6 41983835 rs10807272 3.3050999999999996e-08
6 41983925 rs147699362 0.11557
6 41983971 rs10948004 3.2124000000000004e-07
6 41984017 rs142317325 0.27943
6 41984265 rs78141248 0.56613
6 41984274 rs79898229 0.23069
6 41984385 rs140881081 0.35334
6 41984509 rs150174031 0.34912
6 41984648 rs79695329 0.42507
6 41984822 rs774315238 0.80008
6 41985229 rs13204359 0.0010860999999999998
6 41985436 rs9381118 0.15514
6 41985518 rs73733067 0.33313000000000004
6 41985615 rs369389308 0.056259
6 41985627 rs9357382 0.1254
6 41985882 rs191425685 0.36632
6 41985913 rs118140399 0.21975999999999998
6 41985927 rs374693216 0.048329000000000004
6 41986208 rs10807273 1.5573e-07
6 41986269 rs72664259 0.026587
6 41986273 rs4714550 0.024548
6 41986427 rs142449754 0.026787000000000002
6 41986617 rs150909404 0.0016144000000000002
6 41986777 rs75154565 0.99555
6 41986808 rs60147533 0.17322
6 41986862 rs193251481 0.061062
6 41987268 rs145559449 0.0041052
6 41987451 rs4711698 0.024128
6 41987544 rs9367125 1.0832e-17
6 41987667 rs78730289 0.5976899999999999
6 41987688 rs4711699 0.29611
6 41987726 rs180934712 0.27839
6 41987765 rs6458265 0.32276
6 41987788 rs9394849 1.5726e-07
6 41987832 rs147870646 0.50339
6 41987893 rs148937692 0.23828000000000002
6 41987994 rs9394850 0.21034
6 41988145 rs115122695 0.62765
6 41988384 rs114056474 0.9371299999999999
6 41988430 rs79444255 0.27767
6 41988516 rs759351896 0.92974
6 41988582 rs4320368 0.68906
6 41988593 rs6937803 0.29711
6 41988742 rs56144648 0.01709
6 41988756 rs9471732 0.71325
6 41988842 rs6917992 0.16366
6 41988944 rs756462038 0.66481
6 41989249 rs55834072 0.017561
6 41989688 rs11751200 0.26943
6 41989718 rs6901077 0.017271
6 41989747 rs577561244 0.039298
6 41989828 rs9471733 0.30428
6 41989853 rs147298210 0.069879
6 41989858 rs7760280 0.71634
6 41989930 rs144703702 0.26871999999999996
6 41989989 rs10948005 0.32326
6 41990136 rs78560252 0.60763
6 41990259 rs149983496 0.070345
6 41990449 rs77898797 0.0010749000000000002
6 41990540 rs62415868 0.32089
6 41990791 rs72664260 0.020305
6 41990827 rs56007794 0.019156
6 41990941 rs4714551 0.019466999999999998
6 41991039 rs76010090 0.49791
6 41991047 rs548209528 0.426
6 41991061 rs4714552 0.018793
6 41991069 rs145594918 0.54243
6 41991105 rs79211824 0.9914799999999999
6 41991133 rs9471734 0.13783
6 41991347 rs78939020 0.79206
6 41991445 rs112020086 0.33662
6 41991515 rs115690744 0.57648
6 41991617 rs559377313 0.23886
6 41991675 rs113064794 0.76327
6 41991737 rs7750967 0.01825
6 41991740 rs7750688 0.018491
6 41991870 rs9394851 0.1766
6 41991913 rs9357383 0.018625
6 41991942 rs372622943 0.2366
6 41992279 rs62415869 0.30827
6 41992344 rs4714553 0.11690999999999999
6 41992460 rs187179319 0.43517
6 41992518 rs4711702 0.016763
6 41992571 rs141027631 0.043689
6 41992694 rs756331100 0.2828
6 41992720 rs148221389 0.41758999999999996
6 41992983 rs4714554 0.42252
6 41993007 rs9369324 0.10912000000000001
6 41993167 rs7770391 2.6585e-13
6 41993229 rs4714556 1.0813e-06
6 41993365 rs76583279 0.042433
6 41993479 rs115724923 0.70238
6 41993554 rs369942993 0.022812
6 41993656 rs9471735 1.3934e-14
6 41993688 rs12214723 8.9834e-08
6 41993861 rs7753265 1.2523000000000001e-14
6 41994015 rs181284761 0.018876
6 41994183 rs9394852 3.0893000000000005e-09
6 41994323 rs142890159 0.9462700000000001
6 41994380 rs151031330 0.15275999999999998
6 41994481 rs115253804 0.78808
6 41994569 rs9471736 0.15741
6 41994716 rs144132761 0.25495999999999996
6 41994897 rs114118212 0.59042
6 41994967 rs148849584 0.09626
6 41994973 rs35128272 0.40579
6 41995297 rs9369325 3.1479e-05
6 41995361 rs4365924 4.3419e-16
6 41995496 rs10948006 1.3409e-07
6 41995547 rs9394853 0.11656
6 41996009 rs73428370 0.51046
6 41996607 rs9381120 5.9372e-10
6 41996699 rs80211614 1.4454e-09
6 41996708 rs570342987 0.59227
6 41996800 rs7749541 0.39818000000000003
6 41996828 rs115735270 0.71234
6 41996956 rs79986923 0.44496
6 41997182 rs77232756 0.6334
6 41997323 rs140333591 0.9162299999999999
6 41997377 rs9381121 4.3386e-09
6 41997384 rs9381122 4.7339e-06
6 41997487 rs12528470 0.0011227000000000001
6 41997698 rs9367126 4.4941e-11
6 41997837 rs115086817 0.57885
6 41997926 rs9357384 1.8505e-10
6 41998018 rs77925148 0.097884
6 41998282 rs56053740 0.16775
6 41998311 rs61307979 0.52453
6 41998545 rs200402382 0.68575
6 41998670 6:41998670_G_A 0.034571
6 41998963 rs75530981 0.19022
6 41999003 rs80080085 0.6441899999999999
6 41999125 rs4711703 0.00078143
6 41999232 rs766691785 0.8177800000000001
6 41999358 rs13211412 0.030373
6 41999796 rs186152686 0.9821700000000001
6 41999809 rs12199246 0.52908
6 42000210 rs150629183 0.037663999999999996
6 42000303 rs79132119 0.6486
6 42000456 rs80031019 0.23288000000000003
6 42000512 rs115440891 0.76152
6 42000584 rs77320037 0.28302
6 42000671 rs34226811 0.0373
6 42000962 rs12202546 0.55285
6 42001134 rs148447776 0.64377
6 42001193 rs114057280 0.55393
6 42001197 rs373594378 0.41108999999999996
6 42001772 rs77028264 0.59253
6 42002133 rs191312723 0.13260999999999998
6 42002383 rs78138774 0.59139
6 42002694 rs533988174 0.12007999999999999
6 42002867 rs13194688 0.017179
6 42002878 rs76482034 0.57911
6 42003084 rs10948007 0.58757
6 42003145 rs142018879 0.3876
6 42003159 rs148077424 0.7226899999999999
6 42003478 rs570357558 0.80757
6 42003573 rs189994251 0.8473799999999999
6 42003771 rs147191402 0.9552299999999999
6 42003802 rs4714557 0.00086002
6 42004171 rs180727395 0.44688
6 42004330 rs114015578 0.73024
6 42004604 rs572582922 0.97308
6 42004803 rs12202607 0.5946600000000001
6 42004869 rs147804102 0.5584899999999999
6 42006304 rs4400214 0.020552
6 42006528 rs145178246 0.9547
6 42006736 rs146842448 0.77374
6 42006750 rs115808640 0.058435
6 42006958 rs73733074 0.91104
6 42007077 rs9394855 1.01e-05
6 42007403 rs67289879 0.033510000000000005
6 42007468 rs12661131 0.00094361
6 42007571 rs4481419 0.018695
6 42007877 rs115597780 0.5505399999999999
6 42007993 rs188383673 0.89746
6 42008143 rs4236078 0.6540100000000001
6 42008203 rs13206037 0.034825999999999996
6 42008394 rs371557105 0.056074
6 42008637 rs4714558 0.016669999999999997
6 42008814 rs115968981 0.96886
6 42009106 rs78790875 0.60918
6 42009222 rs116382789 0.066023
6 42009331 rs4331978 0.5614600000000001
6 42009564 rs560789413 0.8871700000000001
6 42009583 rs4333413 0.013097999999999999
6 42010161 rs139088401 0.06009
6 42010175 rs149917140 0.60612
6 42010272 rs148621001 0.058297
6 42010302 rs143865154 0.34219
6 42010420 rs12200388 0.0018832
6 42010632 rs115201044 0.059338
6 42010681 rs13215373 0.013034
6 42010850 rs4236079 0.8267200000000001
6 42011311 rs12202319 0.004869300000000001
6 42011347 rs140986754 0.14101
6 42011405 rs150226098 0.061235000000000005
6 42011569 rs4346850 0.012449
6 42011611 rs182429708 0.00038516
6 42011679 rs563732312 0.044903
6 42011717 rs4516936 0.015328
6 42011923 rs73733077 0.4823
6 42012024 rs114590912 0.32653000000000004
6 42012159 rs4554318 1.0276e-05
6 42012488 rs74916404 0.51712
6 42012786 rs142937763 0.5553100000000001
6 42013020 rs9381126 0.37958000000000003
6 42013042 rs6919122 0.11552
6 42013049 rs6942118 0.09815399999999999
6 42013360 rs6458267 0.42289
6 42013763 rs79710947 0.43956999999999996
6 42013863 rs78605379 0.7838
6 42013868 rs9369326 0.45135
6 42013887 rs543251894 0.40692
6 42013949 rs76143776 0.49606000000000006
6 42013997 rs60905160 0.78833
6 42014011 rs34797855 0.0028587
6 42014057 rs76550746 0.48794
6 42014140 rs4560643 0.21925999999999998
6 42014193 rs78955496 0.017442
6 42014236 rs114372870 0.45971999999999996
6 42014304 rs9369327 0.16168
6 42014529 rs73428398 0.46971
6 42014610 rs59809770 0.8895700000000001
6 42014828 rs116555240 0.6181800000000001
6 42015092 rs4527704 0.23494
6 42015313 rs11754492 0.7703300000000001
6 42015314 rs11754493 0.78015
6 42015335 rs72855233 0.59026
6 42015398 rs78395328 0.09529800000000001
6 42015704 rs77303819 0.7692
6 42015886 rs12201437 0.52213
6 42016065 rs9394856 3.2599000000000004e-05
6 42016132 rs144555274 0.31775
6 42016246 rs10456506 0.54576
6 42016319 rs11552783 0.76602
6 42016447 rs73428399 0.2853
6 42016496 rs114882621 0.49749
6 42016796 rs12209078 0.5199199999999999
6 42016808 rs112700812 0.76221
6 42017286 rs12210681 0.53278
6 42017321 rs12210689 0.5324
6 42017438 rs79015111 0.8657799999999999
6 42017759 rs566823876 0.08640700000000001
6 42018640 rs62415893 4.6219e-05
6 42018878 rs7770149 0.065228
6 42018883 rs11967378 0.26607
6 42019363 rs79011983 0.20138
6 42019431 rs114560297 0.6940000000000001
6 42019528 rs9349213 0.00088421
6 42019622 rs10456113 0.51968
6 42019983 rs72855234 0.23328000000000002
6 42020552 rs11757816 0.78081
6 42021066 rs139836143 0.12548
6 42021109 rs190546628 0.9139799999999999
6 42021175 rs9367127 0.48978
6 42021182 rs76509629 0.9503799999999999
6 42021356 rs9471745 0.74965
6 42021539 rs10948010 0.78142
6 42021892 rs4236081 0.47711000000000003
6 42021952 rs4236082 0.61538
