CHR BP SNP P
3 23354123 rs117106647 0.77574
3 23354170 rs538766878 0.58004
3 23354400 rs576664236 0.72373
3 23354426 rs11129116 5.6629e-12
3 23354638 rs77046089 0.77837
3 23354901 rs116252180 0.8975200000000001
3 23354926 rs12497974 4.7998e-12
3 23355017 rs146836506 0.48328999999999994
3 23355047 rs767879980 0.31868
3 23356418 rs60407944 4.2082e-10
3 23356672 rs188952402 0.22411999999999999
3 23356862 rs2132144 0.24585
3 23357291 rs35402533 0.6966
3 23357575 rs145988122 0.24191999999999997
3 23357626 rs138863499 0.42158999999999996
3 23357695 rs7651175 4.0626e-10
3 23357726 rs4858498 0.40779
3 23358146 rs2884731 1.3550000000000001e-11
3 23358248 rs149150101 0.30306
3 23358571 rs148747851 0.49777
3 23358612 rs114815295 0.35385
3 23358811 rs142367686 0.49777
3 23359029 rs73039804 1.4510999999999998e-07
3 23359044 rs57575542 4.8547e-10
3 23359646 rs7649682 4.2698e-10
3 23360024 rs7638405 3.6052e-10
3 23360085 rs115872768 0.79356
3 23360474 rs13074192 5.727999999999999e-12
3 23360627 rs17012998 0.77344
3 23360714 rs138720918 0.94801
3 23360993 rs571395955 0.7535
3 23361054 rs7646505 3.718e-10
3 23361070 rs6550754 0.24681999999999998
3 23361120 rs7636532 0.24753000000000003
3 23361463 rs17013003 0.78342
3 23361647 rs114631155 0.75347
3 23361728 rs9847958 4.1051e-12
3 23361944 rs187730003 0.16447
3 23361999 rs748513515 0.21477
3 23362720 rs1495131 4.2869e-12
3 23362889 rs17403650 2.8987e-10
3 23363050 rs12185989 3.4536000000000004e-10
3 23363260 rs74484601 0.37834
3 23363858 rs13092830 0.6984600000000001
3 23363878 rs78683690 0.56763
3 23363956 rs114171663 0.29718
3 23364105 rs565516353 0.093266
3 23364295 rs57869672 3.4992e-10
3 23364390 rs57624654 3.8432e-10
3 23364643 rs116593900 0.55615
3 23364883 rs9844558 0.43508
3 23364918 rs11921580 3.6330000000000003e-10
3 23365221 rs17013009 0.9363
3 23365739 rs1532355 5.7545e-12
3 23365763 rs9849679 0.26331
3 23365800 rs74700422 0.6854899999999999
3 23366118 rs182822536 0.52191
3 23366187 rs146987593 0.17925
3 23366337 rs138052532 0.58996
3 23367021 rs7610971 4.0917e-10
3 23367177 rs185605030 0.27041
3 23367230 rs148269897 0.84391
3 23367364 rs7613733 4.406e-10
3 23367923 rs9822422 4.6563e-12
3 23368281 rs565233042 0.858
3 23368377 rs147956539 4.4152999999999997e-10
3 23368532 rs57909730 8.502799999999999e-07
3 23368583 rs11717397 5.6073e-12
3 23368772 rs9865602 5.018e-12
3 23369029 rs6806387 0.41568999999999995
3 23369340 rs34504120 0.70357
3 23369360 rs71322171 0.6700699999999999
3 23369388 rs188493550 0.032568
3 23369741 rs187764882 0.14706
3 23369744 rs115460585 0.90717
3 23369795 rs147762254 0.78599
3 23370264 rs7622913 4.3207999999999997e-10
3 23370314 rs145160537 0.13942000000000002
3 23370914 rs9848331 0.23870999999999998
3 23371339 rs4858499 0.25390999999999997
3 23371446 rs4858500 5.3002e-12
3 23371636 rs34743949 0.67461
3 23371732 rs4858501 6.4602e-12
3 23371899 rs4858502 6.5909e-12
3 23372011 rs370819551 0.8962200000000001
3 23372024 rs576408694 0.38051
3 23372266 rs139161096 0.12102
3 23372432 rs6765562 4.6336000000000004e-10
3 23372716 rs142742142 0.5933
3 23373175 rs6550755 2.4976e-12
3 23373437 rs144311993 0.50864
3 23373646 rs6769167 0.0017527
3 23373800 rs9826089 5.1689e-12
3 23373961 rs17013023 0.77085
3 23374074 rs144129404 0.59346
3 23374075 rs2017065 0.0033176000000000004
3 23374209 rs34064548 0.9201
3 23374278 rs34619482 0.8532
3 23374559 rs952134 4.304999999999999e-12
3 23374955 rs186771321 0.19835
3 23375083 rs17013026 0.8047300000000001
3 23375638 rs9874519 3.3789999999999996e-12
3 23375952 rs182017346 0.60455
3 23376165 rs114487461 0.45043
3 23376366 rs542361655 0.048915
3 23376468 rs186396046 0.6055699999999999
3 23376691 rs4858504 2.5236e-12
3 23376912 rs79863482 0.9591799999999999
3 23377079 rs146516828 0.36665
3 23377104 rs181164514 0.61341
3 23377133 rs4858068 0.16589
3 23377366 rs4858505 2.1029e-12
3 23378027 rs17013029 0.78292
3 23378093 rs138495847 0.62335
3 23378367 rs114401821 0.63937
3 23378448 rs28756798 0.85756
3 23378866 rs1874234 0.17301
3 23378967 rs1874235 2.3601e-12
3 23378993 rs191804941 0.48938999999999994
3 23379335 rs7634565 0.9780200000000001
3 23379551 rs115498376 0.88754
3 23379587 rs553894614 0.7182
3 23379824 rs115253675 0.78851
3 23379933 rs192962067 0.63061
3 23379935 rs9820922 1.947e-12
3 23380071 rs13087238 0.8664299999999999
3 23380137 rs146520517 0.41694
3 23380168 rs76552979 0.79309
3 23380260 rs1390084 0.15733
3 23380290 rs716456 1.8007e-12
3 23380319 rs716457 1.8127e-12
3 23380716 rs116219533 0.76748
3 23380880 rs9873317 2.8007e-12
3 23381113 rs9821681 0.9842799999999999
3 23381119 rs76373441 0.91735
3 23381779 rs73823457 0.41355
3 23381941 rs9310716 0.97987
3 23382060 rs4858506 2.0679e-12
3 23382243 rs9681506 0.9791200000000001
3 23382370 rs138385553 0.0031909000000000004
3 23382626 rs1874502 0.17529
3 23382687 rs76001520 0.7924
3 23382812 rs1874503 0.1723
3 23382934 rs185710899 0.32029
3 23383068 rs17013035 0.79047
3 23383262 rs146664692 0.3108
3 23383427 rs139370805 0.52967
3 23383559 rs78795801 0.7985800000000001
3 23384047 rs144832209 0.43388999999999994
3 23384701 rs4858507 0.17119
3 23384779 rs4858069 1.9316e-12
3 23384931 rs11916447 1.737e-11
3 23384942 rs763354035 0.99431
3 23385208 rs75966419 0.79238
3 23385277 rs183462235 0.11192
3 23385360 rs4858070 0.17132999999999998
3 23385398 rs114816806 0.29481
3 23385454 rs148938877 0.4828
3 23385858 rs147694268 0.9814
3 23385877 rs13076527 0.82594
3 23385941 rs1054048 1.1301000000000001e-08
3 23385942 rs17013049 0.79157
3 23386295 rs148360148 0.0093948
3 23386296 rs78238263 0.79243
3 23386539 rs150495715 0.4818
3 23386571 rs34732257 0.82478
3 23386880 rs35190363 0.82362
3 23386945 rs79361841 0.79238
3 23386956 rs35230557 0.82094
3 23387013 rs35902312 0.8217200000000001
3 23387172 rs115698093 0.32274
3 23387503 rs13087861 2.3709e-12
3 23387557 rs114704458 0.61055
3 23387619 rs11711072 2.4315e-12
3 23387718 rs111529885 0.37887
3 23388290 rs4858508 2.6051e-12
3 23388424 rs9859515 1.7339999999999999e-12
3 23388492 rs114071995 0.7507699999999999
3 23388535 rs9839738 1.5072e-12
3 23388767 rs144750331 0.70835
3 23388855 rs188042752 0.65174
3 23388882 rs140198067 1.8777999999999998e-11
3 23388891 rs148991673 0.7857
3 23389053 rs190410195 0.65174
3 23389054 rs148168464 0.78661
3 23389114 rs141400472 0.885
3 23389160 rs145262472 0.78919
3 23389240 rs4858509 1.4797e-12
3 23389570 rs7635784 1.8428e-11
3 23389586 rs6765758 0.1567
3 23389600 rs138420161 0.32818
3 23389659 rs35928592 0.80816
3 23389682 rs6805889 1.6021e-12
3 23389705 rs112053187 0.005693800000000001
3 23390221 rs6550756 2.1883e-12
3 23390301 rs1353322 2.2629e-12
3 23390308 rs185413549 0.65437
3 23390431 rs147213586 0.66215
3 23390432 rs17013099 0.94994
3 23390452 rs74419190 0.60568
3 23390488 rs12630883 1.6844000000000002e-11
3 23390507 rs12633613 1.789e-11
3 23390594 rs13073761 0.8531799999999999
3 23390887 rs192598028 0.6540699999999999
3 23391181 rs558747491 0.99982
3 23391202 rs192841296 0.2911
3 23391254 rs185250307 0.85265
3 23391541 rs145313735 0.8127300000000001
3 23391698 rs368589100 0.35133000000000003
3 23391700 rs536789213 0.9656100000000001
3 23392158 rs13325204 0.26177
3 23392314 rs143002966 0.48228999999999994
3 23392346 rs529173983 0.36714
3 23392352 rs544101672 0.0024531999999999996
3 23392691 rs540253615 0.65667
3 23393004 rs117670843 0.78908
3 23393020 rs575379682 0.77085
3 23393310 rs187751669 0.6662100000000001
3 23393606 rs192143055 0.5592600000000001
3 23393695 rs13323100 0.2852
3 23393842 rs571146908 0.77085
3 23393973 rs189498722 0.43327
3 23394409 rs28889973 0.31128
3 23394607 rs576561949 0.15882000000000002
3 23394695 rs184438677 0.65898
3 23394734 rs554252345 0.5364300000000001
3 23394899 rs576643114 0.54774
3 23395175 rs547915492 0.37045
3 23395295 rs554923260 0.42463
3 23395409 rs190694528 0.99035
3 23395839 rs570029494 0.2683
3 23396000 rs187703277 0.36612
3 23396320 rs148462165 1.5058e-11
3 23396350 rs191639948 0.039561
3 23396719 rs552185958 0.0034823999999999996
3 23396879 rs74743894 0.80137
3 23396952 rs34108997 0.9558200000000001
3 23397032 rs7643705 0.14182999999999998
3 23397104 rs35990123 0.8527100000000001
3 23397125 rs138167052 0.15845
3 23397433 rs59588718 0.32025
3 23397445 rs4858074 2.5248e-12
3 23397469 rs116497331 0.006989699999999999
3 23397472 rs191797005 0.56647
3 23397765 rs56872157 0.22173
3 23397812 rs58574234 0.39461
3 23397944 rs139676660 0.67293
3 23397980 rs142989770 0.46205
3 23398116 rs73823460 0.43268
3 23398312 rs9826647 1.9614e-12
3 23398313 rs151115936 0.22766999999999998
3 23398493 rs111276481 0.74848
3 23398574 rs6778478 2.5033e-11
3 23398680 rs17013104 0.78994
3 23399023 rs552248750 0.41033000000000003
3 23399088 rs17013107 0.77653
3 23399420 rs76204630 0.80073
3 23399633 rs7617659 2.7439999999999998e-11
3 23399848 rs2036044 0.13922
3 23399877 rs113416984 0.23621999999999999
3 23399996 rs116045720 0.022739
3 23400096 rs2036045 0.24763000000000002
3 23400417 rs17013116 0.80213
3 23400432 rs148049261 0.68235
3 23400546 rs182818372 0.29312
3 23400571 rs71322172 0.81293
3 23400823 rs71322173 0.8133199999999999
3 23400864 rs75375787 0.27213000000000004
3 23401005 rs6807390 2.4062e-11
3 23401258 rs142075164 0.68381
3 23401446 rs9757330 0.14298
3 23401462 rs9758590 0.14300000000000002
3 23401528 rs17013125 0.9068799999999999
3 23401596 rs17013128 0.91846
3 23401647 rs2047339 0.14343
3 23401772 rs192582440 0.36673
3 23401808 rs75136586 0.96329
3 23401886 rs79200568 0.7581100000000001
3 23401921 rs139382524 0.71541
3 23402038 rs2047340 0.24854
3 23402043 rs150033671 0.007453399999999999
3 23402143 rs2173057 0.14160999999999999
3 23402241 rs114191215 0.98977
3 23403080 rs35059447 0.8951399999999999
3 23403094 rs115215343 0.66077
3 23403371 rs76173129 0.8808299999999999
3 23403505 rs116556013 0.8937
3 23403530 rs12715047 3.0419e-12
3 23403652 rs9825778 4.3981e-12
3 23403755 rs115400961 0.08681900000000001
3 23403943 rs6769173 3.3954e-12
3 23403968 rs370442209 0.54269
3 23404073 rs6780388 0.14803
3 23404125 rs115494056 0.29553
3 23404267 rs149102653 0.042700999999999996
3 23404319 rs114522025 0.8186899999999999
3 23404325 rs138827318 0.5208
3 23404635 rs114700177 0.87951
3 23404654 rs115761521 0.8794200000000001
3 23404705 rs13063986 0.89559
3 23404725 rs150659961 0.6832600000000001
3 23404770 rs79894152 0.8795
3 23404806 rs77430872 0.8791200000000001
3 23404907 rs76123394 0.88077
3 23405023 rs13084327 0.89889
3 23405028 rs75803169 0.81888
3 23405037 rs7652287 0.9647100000000001
3 23405433 rs79843629 0.093712
3 23405792 rs185447048 0.36815
3 23406137 rs9840820 3.8282e-12
3 23406148 rs560399263 0.31629
3 23406670 rs75696234 0.36808
3 23406758 rs61342179 0.6635300000000001
3 23407314 rs9809246 0.69353
3 23407423 rs9828922 0.3177
3 23407658 rs6550758 0.17147
3 23407752 rs6550759 0.17472000000000001
3 23407872 rs34758087 0.80414
3 23407888 rs147547374 0.023044
3 23408427 rs7631334 2.2475e-12
3 23408694 rs150709331 0.6653600000000001
3 23409021 rs139020074 0.50683
3 23409142 rs185504903 0.20629
3 23409420 rs144945405 0.62433
3 23409505 rs2359761 0.1709
3 23409507 rs2359760 0.2388
3 23409907 rs71322174 0.86324
3 23409976 rs74709254 0.0090455
3 23410501 rs114998255 0.013619999999999998
3 23410743 rs116341993 0.0067518
3 23410933 rs6550760 0.19204000000000002
3 23411032 rs140925175 0.98344
3 23411203 rs745494068 0.0051695
3 23411208 rs116026529 0.48667
3 23411286 rs71322175 0.98344
3 23411425 rs141751915 0.58321
3 23411461 rs6763074 1.4968e-11
3 23411582 rs183463694 0.56226
3 23411606 rs147080226 0.18596
3 23411754 rs57234542 1.4771e-11
3 23411936 rs9878638 0.9753200000000001
3 23411947 rs183690049 0.26309
3 23412188 rs114612794 0.49063999999999997
3 23412246 rs75072886 0.87359
3 23412423 rs931609 0.19049000000000002
3 23412528 rs9827507 4.7051e-12
3 23412529 rs191825983 0.68795
3 23412755 rs186818650 0.69017
3 23412936 rs114066612 0.28988
3 23413031 rs2359759 1.4569e-12
3 23413396 rs150538435 0.21079
3 23413466 rs78053050 1.692e-11
3 23413558 rs112683254 0.24438000000000001
3 23413667 rs139290090 0.7431
3 23413703 rs77300102 0.80586
3 23414049 rs34262865 0.0041668
3 23414103 rs145089995 0.37459000000000003
3 23414140 rs61654762 0.98216
3 23414207 rs78849469 0.89474
3 23414579 rs115856510 0.36259
3 23414613 rs183488496 0.32300999999999996
3 23414757 rs111514121 0.8956700000000001
3 23414761 rs116278050 0.36259
3 23414977 rs147057735 0.59641
3 23415449 rs17404982 0.90238
3 23415638 rs142532878 0.5223800000000001
3 23415690 rs150281605 0.37789
3 23415697 rs13098494 0.90384
3 23415782 rs6550761 1.521e-11
3 23415878 rs73138415 0.98867
3 23416153 rs138922593 0.37724
3 23416168 rs149458592 0.91769
3 23416390 rs7637485 0.18479
3 23416467 rs138603122 0.36334
3 23416501 rs55934161 1.5369000000000002e-11
3 23416525 rs141676837 0.54696
3 23416550 rs114907658 0.66474
3 23417020 rs59513149 0.5542
3 23417027 rs6795968 2.6659e-12
3 23417646 rs73823465 0.55404
3 23417884 rs6796840 6.0326e-12
3 23417923 rs6784195 7.5654e-12
3 23417936 rs6801824 0.18345999999999998
3 23417991 rs17405137 5.7156e-09
3 23417996 rs35975795 0.7801899999999999
3 23418110 rs71322178 0.39758000000000004
3 23418129 rs150592041 0.33099
3 23418338 rs147885408 0.57849
3 23418419 rs1908772 1.4243e-11
3 23418527 rs17345745 0.90022
3 23418587 rs9859651 3.2521e-12
3 23418880 rs111841398 0.97425
3 23418888 rs114404554 0.85445
3 23419113 rs61636332 0.9884200000000001
3 23419299 rs114557893 0.8015800000000001
3 23419333 rs149194082 0.0076062
3 23419471 rs114049505 0.80397
3 23419546 rs573539240 0.9160799999999999
3 23419624 rs35245309 0.81015
3 23419899 rs116033714 0.8442700000000001
3 23419945 rs17013152 0.80403
3 23420060 rs35236373 0.9012600000000001
3 23420082 rs151331945 0.75333
3 23420149 rs9821419 2.9203e-12
3 23420397 rs35347265 0.8294299999999999
3 23420868 rs568714545 0.58408
3 23421269 rs138541768 0.59751
3 23421355 rs115567346 0.6576
3 23421420 rs188548176 0.28089000000000003
3 23421509 rs192154571 0.8144
3 23421658 rs145390908 0.08212799999999999
3 23421994 rs58879825 0.71735
3 23422793 rs115508317 0.08098999999999999
3 23422909 rs370584254 0.93061
3 23423033 rs4858077 4.4135e-12
3 23423235 rs114933903 0.80369
3 23423361 rs114070358 0.54964
3 23423382 rs7642713 0.9021899999999999
3 23423471 rs147694190 0.91801
3 23423736 rs6799132 0.19155999999999998
3 23423846 rs149829304 0.81175
3 23423916 rs115702796 0.027454000000000003
3 23424060 rs12386394 2.723e-12
3 23424867 rs78371224 0.0017602
3 23424999 rs76460948 0.82909
3 23425071 rs12634459 1.6472e-11
3 23425738 rs35156003 0.79648
3 23425747 rs6768277 0.9868600000000001
3 23425798 rs35497505 0.79579
3 23425808 rs13321359 4.4252e-12
3 23425875 rs145195106 0.9511200000000001
3 23425959 rs12715048 2.8103e-12
3 23426071 rs35179250 0.7951199999999999
3 23426114 rs138614812 0.8292200000000001
3 23426321 rs766067327 0.64503
3 23426332 rs13066741 0.7953399999999999
3 23426390 rs149294946 0.5341899999999999
3 23426619 rs13326048 4.8037e-12
3 23426974 rs74704376 0.12145999999999998
3 23427200 rs191810530 0.75745
3 23427481 rs9879217 0.8284799999999999
3 23428614 rs57604620 0.72835
3 23428661 rs144359906 0.069912
3 23428727 rs111861301 0.42937
3 23428821 rs75954394 0.9034
3 23429040 rs141400639 0.26406
3 23429585 rs35218978 0.82737
3 23429954 rs183963580 0.22379000000000002
3 23430022 rs573950379 0.31906
3 23430043 rs189129539 0.27123
3 23430168 rs114918528 0.80788
3 23430173 rs60579786 0.69403
3 23430434 rs13059155 0.79792
3 23430656 rs3104242 0.19234
3 23430998 rs71322180 0.89454
3 23431022 rs181999416 0.5067
3 23431158 rs71322181 0.9032899999999999
3 23431250 rs73041534 4.9515e-09
3 23431716 rs140117016 0.9408299999999999
3 23432078 rs73041537 4.8512e-09
3 23432228 rs778484 5.4437e-12
3 23432567 rs7612812 0.0051005
3 23432662 rs115017162 0.67816
3 23432744 rs191017635 0.56588
3 23433097 rs778485 4.3094e-12
3 23433181 rs75345904 0.83037
3 23433342 rs145523911 0.5109899999999999
3 23433526 rs192418848 0.77385
3 23434016 rs36123653 0.9092899999999999
3 23434504 rs59735910 0.35103
3 23434534 rs778486 1.6432000000000003e-11
3 23434726 rs9830853 0.31899
3 23434889 rs75613244 0.8306600000000001
3 23435256 rs150395886 0.72709
3 23435327 rs36124326 0.8353700000000001
3 23435498 rs73823472 0.0038969
3 23435691 rs78971814 0.8307700000000001
3 23436091 rs189278823 0.9970700000000001
3 23436208 rs191510864 0.24013
3 23436397 rs704535 0.22191999999999998
3 23436567 rs56979234 0.0036549
3 23436766 rs763535839 0.8602799999999999
3 23436970 rs182264402 0.9525
3 23437128 rs114179811 0.14293
3 23437250 rs778487 5.5529e-12
3 23437420 rs74731890 0.8309799999999999
3 23437464 rs778488 8.5986e-12
3 23437767 rs60632986 4.4452e-12
3 23437812 rs192976445 0.57038
3 23437868 rs9829577 0.97162
3 23437909 rs13059557 0.90674
3 23438121 rs71322183 0.80702
3 23438223 rs78920875 0.8337899999999999
3 23438257 rs538824666 0.44096
3 23438365 rs754083777 0.22218000000000002
3 23438574 rs57625069 0.0042775
3 23439124 rs778504 0.9415899999999999
3 23439130 rs138261157 0.20269
3 23439190 rs71322184 0.8315899999999999
3 23439361 rs34928302 0.90584
3 23439435 rs60982913 0.22434
3 23439458 rs58606687 0.20290999999999998
3 23439478 rs9819566 0.93901
3 23439509 rs9857217 0.9219700000000001
3 23439529 rs13070865 0.9057700000000001
3 23439870 rs371361608 0.68188
3 23440528 rs75901656 0.51935
3 23440644 rs778506 7.0573e-12
3 23440665 rs78500536 0.59958
3 23440705 rs778507 7.4999e-12
3 23440768 rs9834737 0.9371200000000001
3 23440786 rs147325217 0.39838
3 23440897 rs35320722 0.9104200000000001
3 23440956 rs114339949 0.92689
3 23441164 rs13093554 0.28312
3 23441269 rs778508 7.313e-12
3 23441307 rs114588398 0.8896
3 23441433 rs73138434 0.94819
3 23441534 rs75859164 0.83186
3 23441573 rs76482036 0.027884
3 23441604 rs34134134 0.8205399999999999
3 23441619 rs192014597 0.77733
3 23441977 rs9822891 0.87385
3 23442473 rs140290909 0.72718
3 23442475 rs114302868 0.9267200000000001
3 23442537 rs75709953 0.80777
3 23442653 rs9845340 0.9444
3 23442847 rs757891578 0.4664
3 23443007 rs73138436 0.9446899999999999
3 23443054 rs55797660 5.6407e-12
3 23443565 rs13063183 0.9108
3 23443636 rs34916096 0.81693
3 23443819 rs35028631 0.8015899999999999
3 23443973 rs35901544 0.0039445999999999995
3 23444030 rs141941400 0.7260300000000001
3 23444171 rs147328764 0.029344
3 23444259 rs541648915 0.30167
3 23444562 rs78814038 0.9293899999999999
3 23444619 rs778457 0.24281999999999998
3 23444928 rs115093398 0.7955
3 23445159 rs149704422 0.098428
3 23445220 rs778458 0.24363
3 23445272 rs1826847 1.2059000000000003e-11
3 23445491 rs2173058 0.0046716
3 23445618 rs9843539 0.20306
3 23445638 rs73041557 4.717199999999999e-09
3 23445909 rs778459 8.9159e-12
3 23446278 rs148457343 0.62175
3 23446855 rs9866889 0.94052
3 23446977 rs76368394 0.5562699999999999
3 23447031 rs1695205 0.21975
3 23447365 rs778460 5.2963000000000004e-11
3 23447453 rs73041562 0.75637
3 23447623 rs778461 7.0643e-12
3 23447659 rs778462 6.9709e-12
3 23448783 rs778463 0.218
3 23449080 rs147531495 0.32289
3 23449440 rs35098118 0.90266
3 23449509 rs79220330 0.8828299999999999
3 23449510 rs78413668 0.87776
3 23449522 rs35907941 0.72868
3 23449719 rs141127620 0.007642100000000001
3 23449808 rs35038414 0.91259
3 23449866 rs117433939 0.8268399999999999
3 23449927 rs2359763 1.0452000000000001e-11
3 23450062 rs191455762 0.7811100000000001
3 23450173 rs183722909 0.75997
3 23450433 rs559149555 0.64972
3 23450570 rs549267485 0.94489
3 23450757 rs34928966 0.8200700000000001
3 23450978 rs555140727 0.46098999999999996
3 23451220 rs74714370 0.82809
3 23451249 rs181218307 0.7571899999999999
3 23451864 rs180980789 0.26628
3 23452110 rs778471 2.178e-08
3 23452255 rs114058235 0.26206
3 23452660 rs778470 6.6943e-12
3 23452664 rs148929613 0.7716
3 23452748 rs115867739 0.96498
3 23452762 rs77868502 0.92574
3 23453171 rs78833512 0.316
3 23453247 rs80296770 0.83094
3 23453430 rs778469 0.20499
3 23453460 rs34447431 0.15016
3 23453485 rs146504300 0.76983
3 23453561 rs778468 7.3092e-12
3 23453798 rs6807788 1.1659000000000001e-11
3 23453854 rs34972244 0.89279
3 23454094 rs778467 7.4981e-12
3 23454175 rs35408638 0.8195600000000001
3 23454217 rs35314441 0.81966
3 23454366 rs35055753 0.7914899999999999
3 23454414 rs77142119 0.003247
3 23454503 rs115929907 0.53055
3 23454550 rs1845901 0.0048484999999999995
3 23454686 rs1845899 0.0048048000000000006
3 23454790 rs1496653 0.046924
3 23454798 rs76619102 0.82768
3 23455044 rs141695275 0.58727
3 23455421 rs189342829 0.022077
3 23455428 rs55707830 0.76327
3 23455464 rs7613185 0.0048394
3 23455582 rs35352848 0.045393
3 23455704 rs145208575 0.46324
3 23455976 rs1692651 1.5049000000000003e-11
3 23456061 rs1692652 5.8511e-12
3 23456064 rs1695172 7.0065e-08
3 23456137 rs114919984 0.36188000000000003
3 23456161 rs35381236 0.046165
3 23456538 rs80110460 0.82829
3 23456889 rs13067919 0.046549
3 23456908 rs538389802 0.75232
3 23456982 rs1695171 5.2671e-12
3 23457080 rs13094957 0.044562
3 23457266 rs1695170 5.1634e-12
3 23457520 rs76792885 0.7964100000000001
3 23457558 rs765730573 0.5774199999999999
3 23457656 rs150267276 0.9033200000000001
3 23457875 rs142349715 0.24525
3 23458185 rs144677520 0.82875
3 23458259 rs113952924 0.78997
3 23458292 rs117773627 0.8287399999999999
3 23458309 rs28835332 0.31053000000000003
3 23458332 rs112765929 0.9229
3 23458955 rs777348735 0.63943
3 23459012 rs141804327 0.82883
3 23459284 rs114357703 0.60051
3 23459307 rs115462114 0.82886
3 23459329 rs1695180 0.20565
3 23459557 rs537521252 0.48012
3 23459575 rs189361509 0.3113
3 23459819 rs61093643 0.55304
3 23459863 rs145371798 0.92791
3 23459870 rs116076297 0.8472700000000001
3 23459934 rs117267155 0.84546
3 23460006 rs116340684 0.7842399999999999
3 23460017 rs35273607 0.78262
3 23460232 rs1692619 0.18625999999999998
3 23460627 rs1908773 5.8066e-12
3 23460896 rs6780897 0.29195
3 23461023 rs73138449 0.9734200000000001
3 23461149 rs73823478 0.26496
3 23461375 rs61264520 4.0876e-09
3 23461568 rs112218011 0.71405
3 23461571 rs75282582 0.8959299999999999
3 23461637 rs79574325 0.8488600000000001
3 23461730 rs149508596 0.76712
3 23462311 rs549907598 0.56684
3 23462591 rs74953686 0.25379
3 23462667 rs114263672 0.8463200000000001
3 23462755 rs9869171 0.8901700000000001
3 23462984 rs772656306 0.30973
3 23463097 rs73138453 0.18555
3 23463176 rs117385788 0.845
3 23463208 rs118167996 0.8476600000000001
3 23463647 rs13090303 0.8936200000000001
3 23463722 rs13090335 0.7955800000000001
3 23463814 rs1692617 4.9984e-12
3 23463993 rs3104243 3.6355e-12
3 23464214 rs369212073 0.9201299999999999
3 23464241 rs139886260 0.65765
3 23464249 rs13096187 0.7955
3 23464293 rs9879132 0.89595
3 23464320 rs13095736 0.86703
3 23464458 rs77441071 0.21511
3 23464515 rs778495 0.37225
3 23464682 rs181623850 0.70176
3 23465135 rs778494 4.5112e-12
3 23465159 rs7627525 0.0065942
3 23465195 rs75372651 0.38094
3 23465386 rs146675310 0.49923999999999996
3 23465473 rs78501928 0.8459
3 23465614 rs757370873 0.58241
3 23465934 rs112661737 0.81482
3 23466101 rs778493 0.31439
3 23466255 rs7628372 0.0046668
3 23466847 rs113181826 0.22289
3 23467026 rs9873329 0.87325
3 23467190 rs60074421 0.79283
3 23467455 rs61707213 0.8919100000000001
3 23467682 rs80168048 0.83704
3 23467761 rs778492 0.21174
3 23467773 rs2359765 0.004548
3 23467832 rs2359766 0.004448399999999999
3 23468034 rs111999494 0.90394
3 23468291 rs144549319 0.0075271999999999995
3 23468505 rs6800930 0.0095109
3 23468661 rs146633977 0.8205899999999999
3 23468711 rs188859437 0.34046
3 23468715 rs139038410 0.81618
3 23468822 rs193088249 0.4791
3 23469358 rs535050492 0.16164
3 23469372 rs13063451 0.79951
3 23469536 rs545142542 0.1034
3 23469775 rs76511044 0.8222
3 23469954 rs115570431 0.8029999999999999
3 23470398 rs116825046 0.5350199999999999
3 23470528 rs71322185 0.8001
3 23470746 rs75370193 0.82335
3 23470909 rs79686032 0.7962199999999999
3 23470920 rs9883870 0.004623899999999999
3 23471001 rs75502816 0.80609
3 23471003 rs116085291 0.87826
3 23471025 rs71322186 0.90433
3 23471046 rs76220283 0.22657
3 23471072 rs4340647 0.0055073
3 23471079 rs148049878 0.82295
3 23471269 rs76569051 0.8206200000000001
3 23471289 rs571172349 0.9464600000000001
3 23471475 rs141847726 0.17506
3 23471670 rs76443639 0.17199
3 23471732 rs116326141 0.079788
3 23471940 rs191998304 0.9162299999999999
3 23472006 rs9852053 0.63066
3 23472140 rs73041583 0.90774
3 23472349 rs115193162 0.07996900000000001
3 23472553 rs76202993 0.8371200000000001
3 23473346 rs704534 1.7721e-11
3 23473371 rs983288 0.82145
3 23473380 rs540479843 0.75251
3 23473391 rs73138464 0.28015
3 23473453 rs778503 8.5542e-12
3 23473926 rs71322187 0.81907
3 23474331 rs7639266 0.005082
3 23474436 rs34804976 0.79374
3 23474611 rs778502 0.19272
3 23474747 rs80080236 0.23026999999999997
3 23474793 rs537379170 0.034289
3 23474867 rs778501 6.4078e-12
3 23474913 rs576987943 0.35176
3 23475014 rs75526640 0.0053055
3 23475061 rs560273192 0.6828
3 23475080 rs766033647 0.31496
3 23475377 rs150940927 0.32791
3 23475386 rs34894979 0.77612
3 23475698 rs778500 5.7002e-12
3 23476008 rs17013216 0.81823
3 23476115 rs17013219 0.81813
3 23476145 rs12108063 0.7551399999999999
3 23476278 rs778499 5.9594e-12
3 23476407 rs17013223 0.83465
3 23477389 rs77612790 0.025034999999999998
3 23477493 rs182052943 0.23215999999999998
3 23477628 rs61081559 0.75743
3 23477692 rs57172051 1.1357000000000002e-11
3 23477816 rs778498 1.635e-11
3 23478411 rs76493985 0.7326699999999999
3 23478652 rs542885523 0.6914100000000001
3 23478839 rs187784457 0.6481100000000001
3 23479044 rs778497 0.19842
3 23479478 rs35021696 0.7975
3 23479968 rs186586986 0.71196
3 23480144 rs778496 6.6170000000000006e-12
3 23480626 rs6764347 0.004886199999999999
3 23480686 rs145109088 0.75632
3 23480731 rs58522464 0.79792
3 23481048 rs551512019 0.09932
3 23481062 rs6808488 0.0048235
3 23481113 rs6808513 4.4715e-10
3 23481508 rs35649850 0.83142
3 23481567 rs34827773 0.80065
3 23481899 rs71322189 0.79682
3 23481907 rs140518291 0.32238
3 23482085 rs554458692 0.92884
3 23482110 rs17013241 0.91453
3 23482138 rs7645209 1.2482e-10
3 23482301 rs11129119 1.0191e-10
3 23482375 rs17013245 0.81508
3 23482493 rs71322190 0.79969
3 23482812 rs7611684 0.3432
3 23482979 rs185693114 0.82352
3 23482987 rs150907305 0.23955
3 23483051 rs75564076 0.8134100000000001
3 23483395 rs139435929 0.72342
3 23483536 rs13062101 8.4261e-07
3 23483559 rs76951063 0.66103
3 23483590 rs575138495 0.6561600000000001
3 23483694 rs6767599 1.5706999999999998e-10
3 23484159 rs540283050 0.7237600000000001
3 23484233 rs561774673 0.76826
3 23484827 rs704533 8.5939e-12
3 23485046 rs140438167 0.0074131
3 23485522 rs61500565 0.68917
3 23485548 rs764867473 0.56235
3 23485989 rs74875747 0.30101
3 23486287 rs144133106 0.064452
3 23486461 rs374975511 0.9340200000000001
3 23486533 rs73138480 0.64155
3 23486552 rs187666638 0.91051
3 23486631 rs558931499 0.60009
3 23487049 rs538314296 0.34842
3 23487100 rs1692622 1.9332e-11
3 23487111 rs6780723 1.7572000000000001e-10
3 23487458 rs184561592 0.5858899999999999
3 23487607 rs57801020 2.7956e-11
3 23488061 rs372609039 0.8333
3 23488161 rs139298476 0.0074117
3 23488495 rs144175713 0.15625
3 23488499 rs34322396 0.76712
3 23488585 rs3111309 6.7672e-12
3 23489038 rs1692621 0.16293
3 23489208 rs151280309 0.10359000000000002
3 23489339 rs78528905 0.015378999999999999
3 23489505 rs34896901 0.8869
3 23489512 rs9880889 0.0086508
3 23489737 rs73041601 5.200899999999999e-09
3 23489804 rs114587031 0.31098000000000003
3 23490139 rs1692620 1.0490999999999998e-11
3 23490210 rs1695200 1.0152000000000001e-11
3 23490279 rs79525284 0.82314
3 23490397 rs73821807 0.037462
3 23490466 rs73821808 0.0064819000000000005
3 23490469 rs73821809 0.0064659999999999995
3 23490841 rs6780787 1.1069e-10
3 23490881 rs17013266 0.0071602
3 23491003 rs59461083 5.452600000000001e-09
3 23491076 rs17013268 0.28592
3 23491110 rs57192920 0.0058524
3 23491180 rs112055027 0.9388
3 23491444 rs13100499 0.77854
3 23491564 rs76920265 0.75742
3 23491946 rs76922186 0.8476899999999999
3 23492056 rs141226476 0.78092
3 23492108 rs73138490 0.65098
3 23492147 rs66649889 4.9801e-11
3 23492204 rs73043614 3.7196e-11
3 23492295 rs9830742 1.6365e-10
3 23492364 rs35383024 0.78928
3 23492744 rs115096029 0.59969
3 23492751 rs73138492 0.64612
3 23493018 rs142518290 0.5046
3 23493180 rs77044092 0.8514200000000001
3 23493289 rs139608549 0.98226
3 23493343 rs149739856 0.27148
3 23493475 rs9873929 0.0085906
3 23493521 rs9836574 4.034e-11
3 23493709 rs145726300 0.27868000000000004
3 23494036 rs778527 0.15925
3 23494231 rs778526 1.1729000000000002e-11
3 23494279 rs73821812 0.0092711
3 23494312 rs778525 0.17048
3 23494353 rs7632099 4.8445e-09
3 23494473 rs79309670 0.88359
3 23494496 rs7610906 5.9758e-09
3 23494512 rs778524 0.15609
3 23494718 rs778523 1.6533e-11
3 23495040 rs778483 0.16965999999999998
3 23495050 rs142545026 0.13442
3 23495082 rs73821813 0.039287
3 23495258 rs2359768 0.007482600000000001
3 23495535 rs35778452 0.74316
3 23495854 rs73821814 0.42557
3 23495918 rs186584477 0.27449
3 23496134 rs17013286 0.83034
3 23496456 rs73821815 0.6029
3 23496465 rs75190282 0.93056
3 23496500 rs73043622 4.760399999999999e-09
3 23497089 rs373733236 0.96346
3 23497216 rs181197518 0.7399600000000001
3 23497665 rs778482 4.243999999999999e-12
3 23497705 rs59687869 0.007292100000000001
3 23497970 rs57338964 3.3559e-09
3 23497976 rs778481 1.3602e-07
3 23498013 rs76479167 0.83011
3 23498042 rs114476030 0.78067
3 23498492 rs778480 1.3779999999999998e-11
3 23498514 rs778479 0.15302000000000002
3 23498643 rs186687994 0.9283399999999999
3 23498913 rs76204058 0.8334799999999999
3 23499097 rs148980747 0.036273
3 23499102 rs187075968 0.0032982
3 23499201 rs35177750 0.78432
3 23499231 rs539255211 0.72783
3 23499364 rs73140507 0.3234
3 23499370 rs114569488 0.41771
3 23499467 rs75411908 3.6029e-09
3 23499564 rs78669056 0.83406
3 23499595 rs75351662 0.83336
3 23499700 rs77376455 0.57903
3 23500001 rs534544923 0.9971700000000001
3 23500010 rs778477 6.6188e-12
3 23500151 rs149285329 0.8656799999999999
3 23500159 rs144618751 5.8506000000000005e-09
3 23500377 rs77550060 0.17073
3 23500575 rs73140509 0.64078
3 23500996 rs778476 1.0957e-11
3 23501333 rs190370442 0.9524100000000001
3 23501763 rs74577912 0.45443
3 23501841 rs114185149 0.89865
3 23501851 rs55737333 6.0258000000000004e-09
3 23501905 rs144770759 0.2197
3 23501916 rs73140514 0.5906
3 23502305 rs113450722 0.9616100000000001
3 23503352 rs74455108 0.9434100000000001
3 23503404 rs143886351 0.95314
3 23503502 rs79549892 0.8297700000000001
3 23503506 rs778475 1.3404000000000002e-11
3 23503523 rs554377137 0.89076
3 23503599 rs552313706 0.9309200000000001
3 23503992 rs116708944 0.25718
3 23504046 rs150341837 0.56077
3 23504134 rs1695188 1.1625999999999999e-11
3 23504137 rs35763885 0.33852
3 23504139 rs1692612 1.395e-11
3 23504147 rs778474 0.36829
3 23504679 rs778473 0.2963
3 23504979 rs534457755 0.87497
3 23505187 rs34080387 1.8305000000000003e-10
3 23505347 rs115174927 0.32495
3 23505673 rs79656534 0.3719
3 23505781 rs75176225 0.8295399999999999
3 23505805 rs185828777 0.8201200000000001
3 23505899 rs778472 0.0085913
3 23506357 rs143949677 0.8123600000000001
3 23506391 rs540097144 0.6381600000000001
3 23506409 rs7645478 0.27874
3 23506433 rs28567933 0.64152
3 23506507 rs34011881 0.8295600000000001
3 23506739 rs116814987 0.25718
3 23506879 rs149657440 0.72831
3 23506975 rs145522868 0.9343299999999999
3 23507074 rs41400550 0.033502
3 23507441 rs113310815 0.95105
3 23507559 rs190639263 0.45916
3 23507587 rs182882940 0.80628
3 23507667 rs547444433 0.33348
3 23507762 rs75596090 0.86975
3 23507894 rs143489234 0.7756
3 23507978 rs76498164 0.1729
3 23508320 rs142122958 0.82934
3 23508593 rs113398592 0.8260200000000001
3 23508833 rs138896984 0.8260200000000001
3 23509205 rs59180179 6.1493e-09
3 23509361 rs368836328 0.47798
3 23509363 rs13091634 0.809
3 23509474 rs60852547 0.423
3 23509597 rs3111310 0.0088613
3 23509607 rs79670966 0.75421
3 23510020 rs144284049 0.22283000000000003
3 23510044 rs17013314 0.8913399999999999
3 23510389 rs74973715 0.28219
3 23510792 rs34225647 0.61085
3 23510800 rs58047209 0.67105
3 23511053 rs778466 0.0042125
3 23511224 rs116700276 0.22426
3 23511338 rs999764 0.0091546
3 23511815 rs12638508 2.1885e-09
3 23511823 rs550672099 0.050842
3 23511842 rs1985664 0.79281
3 23511880 rs62253445 0.16303
3 23511904 rs73140523 0.29527
3 23512030 rs151151734 0.22446
3 23512248 rs79535803 0.79288
3 23512324 rs114181835 0.29124
3 23512746 rs182643040 0.71939
3 23512861 rs778465 0.16055
3 23512958 rs544525007 0.6431899999999999
3 23513056 rs17013320 0.79486
3 23513352 rs73043633 0.029744999999999997
3 23513859 rs1007332 0.78937
3 23514281 rs115301186 0.9732799999999999
3 23514552 rs111750425 0.48911000000000004
3 23514921 rs59235066 0.0071902
3 23515292 rs115819816 0.78683
3 23515328 rs138847760 0.0045967
3 23515577 rs114003450 0.7893600000000001
3 23516100 rs778491 0.17538
3 23516145 rs541140691 0.9842200000000001
3 23516186 rs762886969 0.8664200000000001
3 23516260 rs34311158 0.9009999999999999
3 23516271 rs536406356 0.045612
3 23516430 rs74467184 0.82905
3 23516614 rs35121170 0.8297200000000001
3 23516769 rs182431937 0.9836
3 23517148 rs35209889 0.8236399999999999
3 23517847 rs17013322 0.7893899999999999
3 23517859 rs185666101 0.7208100000000001
3 23518040 rs778490 0.0024007
3 23518111 rs11711549 0.27716
3 23518410 rs75995268 0.18842
3 23519172 rs17081034 0.97305
3 23519326 rs145685203 0.28133
3 23519529 rs77096585 0.78983
3 23519687 rs116335689 0.75354
3 23519814 rs113123889 0.017842
3 23519851 rs778489 0.14238
3 23520525 rs57258152 2.0252999999999998e-11
3 23520706 rs181575118 0.22721999999999998
3 23520741 rs13323077 0.15186
3 23520877 rs13316118 0.16352
3 23520920 rs185276587 0.22524
3 23520921 rs190089364 0.22224000000000002
3 23521035 rs115373720 0.78651
3 23521061 rs9862557 0.0034157
3 23521204 rs9862734 0.15515
3 23521425 rs776087100 0.10865999999999999
3 23521532 rs73043635 3.0824e-09
3 23521614 rs73043636 1.9762999999999998e-11
3 23521650 rs1695197 0.1478
3 23521847 rs1692650 8.814e-12
3 23521867 rs73043637 1.7094000000000002e-07
3 23522003 rs1695192 0.15941
3 23522217 rs2173461 0.0026043000000000004
3 23522285 rs1692649 0.14923
3 23522330 rs114689204 0.9137799999999999
3 23522349 rs1692648 0.15055
3 23522392 rs17013329 0.63479
3 23522580 rs1695185 0.14407
3 23522640 rs369001709 0.2449
3 23522785 rs1695183 0.14313
3 23522809 rs1692647 0.13242
3 23522961 rs75063275 0.86087
3 23523106 rs17013333 0.7901
3 23523201 rs1692646 0.14412
3 23524033 rs1695203 0.14126
3 23524494 rs13095737 0.8107800000000001
3 23524687 rs62255783 0.15127000000000002
3 23524886 rs78535080 0.40645
3 23525142 rs778522 0.14812999999999998
3 23525292 rs3111311 3.3908e-12
3 23525367 rs78493845 0.60377
3 23525461 rs17013344 0.79405
3 23525625 rs778521 5.2194e-12
3 23525923 rs545423721 0.43766000000000005
3 23525961 rs150534693 0.43245
3 23525997 rs17013348 0.7941199999999999
3 23526676 rs113333267 0.65427
3 23526686 rs13065375 0.80903
3 23526780 rs809640 0.14515999999999998
3 23527119 rs778520 0.12871
3 23527471 rs7641437 0.021091
3 23527593 rs778519 0.13827
3 23527672 rs74509211 0.79435
3 23527961 rs75516655 0.016673
3 23528303 rs778518 0.14109000000000002
3 23528326 rs34710747 2.6449000000000004e-11
3 23528580 rs75407011 0.79411
3 23528588 rs111980177 0.019044
3 23528743 rs34916962 0.8427100000000001
3 23528977 rs778517 0.14190999999999998
3 23529009 rs114995618 0.4308
3 23529021 rs801277 0.13027
3 23529047 rs35105861 0.85445
3 23529069 rs778516 0.13948
3 23529260 rs778515 0.13314
3 23529267 rs547107720 0.06200700000000001
3 23529279 rs34171096 0.78684
3 23529598 rs17013356 0.71434
3 23530097 rs7640458 1.7957000000000002e-11
3 23530107 rs73043642 0.82094
3 23530332 rs778514 9.1365e-12
3 23530563 rs778513 0.14966
3 23530593 rs76280470 0.80616
3 23530633 rs778512 0.15825
3 23530667 rs76686512 0.80907
3 23530850 rs778511 0.15217999999999998
3 23530899 rs778510 6.8712e-12
3 23531119 rs9812300 3.5479e-11
3 23531429 rs75850610 0.70136
3 23532073 rs114997570 0.21789
3 23532429 rs116091253 0.79097
3 23532690 rs75377494 0.80708
3 23532893 rs73821825 0.86346
3 23533024 rs138030139 0.2715
3 23533550 rs116136210 0.061028
3 23534073 rs7646541 0.13623
3 23534264 rs7636705 0.13407
3 23534345 rs115966372 0.8073100000000001
3 23534594 rs186289992 0.0012402000000000001
3 23534648 rs13314364 0.8814700000000001
3 23534816 rs186684652 0.45406
3 23535156 rs116535114 0.59806
3 23535180 rs139858950 0.31359000000000004
3 23535338 rs57427415 0.8122199999999999
3 23535459 rs6798153 2.2018e-12
3 23535483 rs73043648 3.4424e-09
3 23535591 rs116076862 0.035393
3 23535928 rs1995175 0.12380999999999999
3 23536070 3:23536070_T_C 0.6519699999999999
3 23536451 rs11712012 0.0016328
3 23536452 rs117928264 0.80572
3 23536891 rs34474714 0.8116300000000001
3 23536934 rs144497209 0.76463
3 23537129 rs116201069 0.061517999999999996
3 23537142 rs9882384 0.81905
3 23537364 rs79424216 0.1482
3 23537612 rs117706844 0.8076800000000001
3 23538082 rs1498812 0.14132999999999998
3 23538101 rs56034809 0.13849
3 23538233 rs1498811 4.3046e-12
3 23538258 rs112203685 0.34176
3 23538267 rs1498810 0.13069
3 23538286 rs138579172 0.65347
3 23538412 rs149334220 0.76025
3 23538563 rs74592107 0.80594
3 23539176 rs73043654 3.4224e-09
3 23539221 rs112631170 0.42211000000000004
3 23539283 rs565239464 0.5636
3 23539765 rs187536932 0.29971
3 23539779 rs9631541 0.12875999999999999
3 23539998 rs13070136 0.85841
3 23540203 rs191107757 0.47555
3 23540909 rs3817002 2.5226e-12
3 23540927 rs7614195 0.12835
3 23541057 rs1011754 0.8155600000000001
3 23541256 rs79454101 0.18034
3 23542014 rs13093140 0.013062
3 23542068 rs143975299 0.8548600000000001
3 23542254 rs2055307 0.1318
3 23542460 rs6788900 0.019847999999999998
3 23542984 rs41380744 0.22496999999999998
3 23543047 rs75365744 0.17642
3 23543077 rs73140544 0.13358
3 23543403 rs59034251 0.8276100000000001
3 23543417 rs58068931 2.424e-11
3 23543952 rs57853647 0.9549700000000001
3 23544441 rs73139762 0.9495100000000001
3 23544899 rs7617725 2.0821999999999997e-11
3 23545157 rs113318686 4.3758999999999995e-08
3 23545220 rs7612666 3.3903e-12
3 23545286 rs7620266 3.8104e-11
3 23545511 rs7643270 3.4798999999999997e-11
3 23545518 rs62255784 0.12217
3 23545630 rs7613091 3.1489999999999996e-12
3 23545725 rs148143486 0.02401
3 23546226 rs79538659 0.30662
3 23546450 rs143883117 0.5201899999999999
3 23546531 rs565981030 0.37105
3 23546702 rs186154202 0.30233000000000004
3 23546929 rs181432154 0.020105
3 23547371 rs17013383 0.81302
3 23547745 rs1391756 0.15329
3 23548263 rs116649861 0.065327
3 23548402 rs75794536 0.033163
3 23548524 rs114995350 0.96659
3 23548536 rs73043662 1.3341e-07
3 23548691 rs9837894 0.24570999999999998
3 23548736 rs73139763 0.85345
3 23549075 rs2133331 3.5943e-12
3 23549079 rs114404454 0.82419
3 23549398 rs59012069 0.13926
3 23549447 rs58486254 3.3472e-11
3 23549761 rs17194751 0.13581
3 23549851 rs73139768 0.89617
3 23550132 rs7628132 0.47607
3 23550134 rs9857085 0.10785
3 23550320 rs77061417 0.39034
3 23550460 rs116790587 0.17221
3 23550655 rs11715841 4.0321e-12
3 23550746 rs11708160 3.7274e-12
3 23550875 rs76953036 0.35773
3 23550887 rs28597758 0.90543
3 23550983 rs77270352 0.7015399999999999
3 23550989 rs13072325 0.9029799999999999
3 23551113 rs145123386 0.66756
3 23551267 rs191004570 0.5905600000000001
3 23551339 rs184046453 0.083277
3 23551374 rs186885127 0.26759
3 23551416 rs6807859 0.11848
3 23551481 rs114508573 0.018036
3 23551574 rs554811317 0.34835
3 23551633 rs112362606 0.5395800000000001
3 23551929 rs113542857 3.6006e-11
3 23551971 rs60410861 0.80062
3 23552079 rs141317436 0.79824
3 23552092 rs9830392 6.3591e-12
3 23552238 rs189521318 0.7131
3 23552302 rs182187870 0.71633
3 23552543 rs567762021 0.43693000000000004
3 23552592 rs2055310 4.4838e-12
3 23552714 rs11718111 0.14334000000000002
3 23552722 rs116422741 0.46416999999999997
3 23552752 rs35027557 0.8318200000000001
3 23553022 rs73139772 0.99975
3 23553332 rs117628384 0.7964
3 23553351 rs1995173 0.13713
3 23553546 rs1995174 0.13509000000000002
3 23553577 rs527945577 0.44548999999999994
