CHR BP SNP P
9 126717 rs62533601 0.75908
9 126903 rs62533602 0.74531
9 139578 9:139578_T_C 0.045413999999999996
9 150524 9:150524_G_C 0.0038243
9 154933 9:154933_T_G 0.026576999999999996
9 163935 rs368733302 0.025158
9 171648 rs141699570 0.61301
9 172401 rs7040250 0.056723
9 172640 rs527798199 0.53428
9 172857 rs535942979 0.32578
9 173906 rs138280912 0.064986
9 174376 9:174376_T_C 0.397
9 174440 rs79357906 0.025276
9 175050 9:175050_G_A 0.052782
9 175311 rs556956150 0.5594100000000001
9 176677 rs3008098 0.0014114000000000002
9 177034 rs3008099 0.0015726
9 182278 rs184302822 0.12272000000000001
9 182702 rs62532038 0.087775
9 185632 rs2992854 3.5912e-06
9 186603 rs3008110 0.006102399999999999
9 186614 9:186614_T_C 0.095356
9 186620 rs3008111 8.3228e-06
9 188054 rs144673980 0.43632
9 188421 9:188421_T_C 0.031803
9 188694 rs140832583 0.12378
9 188894 9:188894_G_A 0.034372
9 191207 rs544710136 0.38608000000000003
9 191340 rs62533273 0.18134
9 191843 rs3008128 0.005352399999999999
9 192129 rs3008131 0.005767
9 192219 rs3008132 0.005993699999999999
9 196329 rs147949840 0.8441700000000001
9 196702 9:196702_G_C 0.8411700000000001
9 197233 rs574191291 0.40294
9 197492 rs572279546 0.96457
9 197700 9:197700_A_G 0.82896
9 198188 rs2785477 0.47805
9 198217 9:198217_T_G 0.50636
9 198952 rs576906207 0.8411700000000001
9 199808 rs116771742 0.99939
9 200488 rs541229689 0.96764
9 201867 rs183876351 0.8819899999999999
9 202004 rs523348 0.00053743
9 202061 rs117675283 0.39726
9 202377 rs115555383 0.90448
9 202399 rs643058 1.5574000000000002e-07
9 202625 rs186960417 0.40455
9 202645 rs641817 0.07692
9 202752 rs193021595 0.93827
9 202867 rs560587284 0.96134
9 203074 rs114412130 0.7489600000000001
9 203215 rs12115385 0.78901
9 203310 rs4741613 0.011805
9 203568 rs111903314 0.013474000000000002
9 203623 rs12341180 0.28917
9 203639 rs188663493 0.40023000000000003
9 203683 rs12552448 0.63146
9 203703 rs4741615 0.011023
9 203774 rs4741616 0.012445999999999999
9 203802 rs626629 0.00051311
9 203822 rs62533306 0.012454
9 203857 rs62533307 0.012445999999999999
9 203937 rs573452 0.00049834
9 204014 rs573246 6.018600000000001e-07
9 204030 rs72699396 0.012568000000000001
9 204060 rs551317 0.00055347
9 204082 rs625358 0.00052361
9 204098 rs16919356 0.66195
9 204168 rs79355015 0.22838000000000003
9 204201 rs10964134 0.012103000000000001
9 204485 rs613181 0.00058183
9 204694 rs612287 0.00061439
9 204702 rs10964170 0.011967
9 204738 rs10964175 0.01158
9 204850 rs16921172 0.40085
9 204998 rs62533308 0.012074
9 205316 rs13295177 0.6665300000000001
9 205317 rs188963777 0.14072
9 205428 rs112985110 0.20756
9 205475 rs184548560 0.21539
9 205678 rs113666255 0.63437
9 205752 rs10811212 0.011158
9 205764 rs10811213 0.010004
9 205829 rs10964231 0.010742
9 205886 rs10757080 0.0038621000000000003
9 205906 rs10757081 0.009735899999999999
9 205964 rs478882 5.558e-08
9 206025 rs10811218 0.011114
9 206132 rs10757083 0.0049415
9 206255 rs10757084 0.011656
9 206337 rs73370559 0.76635
9 206459 rs73370563 0.86292
9 206512 rs7022984 0.0065969999999999996
9 206519 rs11793283 0.9520700000000001
9 206793 rs76879097 0.6379600000000001
9 206838 rs581731 1.2190999999999998e-07
9 206904 rs77473808 0.79528
9 207302 rs116619175 0.28512
9 207454 rs533567 0.00046873
9 207755 rs530776 0.00044789
9 207958 rs528912 0.00042775
9 208181 rs10964297 0.010832
9 208289 rs73370574 0.9431799999999999
9 208549 rs644809 0.00037412
9 208665 rs644383 6.836599999999999e-08
9 208769 rs540237576 0.8696200000000001
9 209231 rs62533311 0.004779
9 209325 rs631411 0.00045833
9 209338 rs116090497 0.98256
9 209359 rs473700 0.00028732
9 209370 rs138545996 0.67887
9 209403 rs1360963 0.007360500000000001
9 209411 rs62533312 0.0069069000000000005
9 209508 rs747317981 0.35624
9 209729 rs78659075 0.91174
9 209754 rs75776778 0.66484
9 209877 rs143248810 0.9630200000000001
9 210128 rs6475392 0.021261000000000002
9 210179 rs57764525 0.8972100000000001
9 210582 rs76389903 0.87702
9 210608 rs562601355 0.73846
9 210882 rs189803959 0.79468
9 211145 rs75322355 0.7852100000000001
9 211359 rs76532765 0.71821
9 211472 rs522747 1.7607e-06
9 211725 rs13299832 0.70654
9 211762 rs520015 6.479499999999999e-08
9 212189 rs9406775 0.0020643000000000002
9 212309 rs78581250 0.23349
9 212421 rs493348 0.0011726
9 212486 rs118002206 0.8963399999999999
9 212557 rs585770 0.010108
9 212761 rs584922 0.00013966
9 212801 rs77104749 0.6904
9 212908 rs488787 0.00056585
9 212931 rs74623260 0.30339
9 213020 rs115559938 0.80477
9 213091 rs13294926 0.7750199999999999
9 213102 rs79621870 0.85177
9 213149 rs680654 0.00038463
9 213291 rs680144 0.00011426
9 213347 rs149668416 0.054742
9 213467 rs187744801 0.6957899999999999
9 213779 rs10964550 0.023984000000000002
9 213802 rs142628326 0.5451699999999999
9 213810 rs7850051 0.024048
9 213828 rs7867257 0.39294
9 213942 rs189581550 0.42021000000000003
9 214081 rs28707718 0.59564
9 214142 rs12553716 0.71624
9 214181 rs116662320 0.38398000000000004
9 214299 rs74536546 0.27571
9 214444 rs75872323 0.85465
9 214517 rs145642597 0.94137
9 214593 rs116104753 0.9517200000000001
9 214679 rs117856897 0.06115
9 214706 rs540473 5.1988e-07
9 214719 rs115610637 0.66666
9 214804 rs76707254 0.051725
9 214864 rs2236547 0.028848000000000002
9 214908 rs62533313 0.6137199999999999
9 214919 rs144097790 0.64637
9 215057 rs481905 4.817899999999999e-07
9 215186 rs199908377 0.79695
9 215228 rs112809777 0.23776
9 215269 rs636922 0.0011379
9 215277 rs115917982 0.26591
9 215296 rs73370597 0.31411999999999995
9 215431 rs149829536 0.73056
9 215494 rs7869327 0.018292
9 215511 rs2023402 0.41198999999999997
9 215534 rs635615 0.00075622
9 215917 rs2479318 1.4941e-06
9 216124 rs561921 0.012187
9 216128 rs113785304 0.49451000000000006
9 216259 rs74583590 0.41493
9 216482 rs182414325 0.5929800000000001
9 216493 rs2484966 3.3153e-07
9 216597 rs186955989 0.75113
9 216707 rs627889 0.00030197
9 217086 rs558428694 0.79113
9 217247 rs4741632 0.023037000000000002
9 217269 rs598791 9.0398e-05
9 217397 rs529045 3.8538000000000003e-07
9 217597 rs4741635 0.024659999999999998
9 217826 rs10964703 0.01521
9 218079 rs76569213 0.63554
9 218183 rs500785 0.0011761
9 218237 rs78365921 0.31361
9 218421 rs74694017 0.69266
9 218502 rs76363006 0.76694
9 218827 rs13284536 0.47741000000000006
9 219449 rs578062 0.005592499999999999
9 219513 rs7047595 0.3547
9 219528 rs2479319 9.622700000000001e-07
9 219620 rs7047741 0.69523
9 219774 rs575307 8.379899999999999e-07
9 219853 rs78168802 0.69375
9 219855 rs2039046 0.72182
9 219875 rs574399 8.718899999999999e-07
9 219896 rs663552 4.1236999999999993e-07
9 220070 rs663013 0.00058617
9 220085 rs774125092 0.33635
9 220124 rs114735866 0.39155
9 220416 rs75701573 0.31673
9 220884 rs149282671 0.37564000000000003
9 221300 rs114653499 0.7568699999999999
9 221431 rs79456417 0.30356
9 221494 rs117634671 0.43254
9 221513 rs7852548 0.5837899999999999
9 221736 rs111954577 0.31074
9 221874 rs2484967 8.3431e-07
9 221912 rs114423361 0.64699
9 222272 rs489140 0.00054633
9 222380 rs77585619 0.085812
9 222459 rs631722 0.0006925
9 222541 rs560021259 0.53147
9 222755 rs77419002 0.8666
9 222918 rs556738819 0.89725
9 223171 rs141299624 0.49909
9 223332 rs617467 0.00045396
9 223339 rs617453 8.2365e-08
9 223379 rs776979845 0.33963000000000004
9 223613 rs1536608 7.7847e-08
9 223843 rs605001 2.8748000000000003e-07
9 223979 rs604470 3.2010999999999997e-07
9 224227 rs541645 6.7e-05
9 224338 rs602742 8.8517e-08
9 224367 rs542669 9.068500000000001e-08
9 224462 rs16907700 0.67755
9 224693 rs601023 4.2491000000000006e-07
9 224742 rs600951 1.2036e-07
9 224781 rs7873617 0.29225
9 224976 rs589627 3.2136e-06
9 225067 rs116922219 0.48898
9 225268 rs7865047 0.35785
9 225834 rs4741644 0.002346
9 225870 rs79504213 0.34299
9 226099 rs188431146 0.80382
9 226157 rs2484968 6.6585e-06
9 226199 rs2479321 0.00026696
9 226632 rs553244681 0.80027
9 226741 rs75257959 0.74051
9 227198 rs7019427 0.79009
9 227554 rs4740660 0.020937
9 227565 rs540376993 0.5748300000000001
9 227572 rs2022011 0.018017
9 227615 rs519184 0.0020971
9 227621 rs4740661 0.019077
9 227980 rs12339394 0.50364
9 228301 rs16923561 0.51802
9 228934 rs35439167 0.48973
9 228952 rs115916797 0.9192299999999999
9 229248 rs62531261 0.46581000000000006
9 229283 rs624098 0.0018095
9 229470 rs16923575 0.49591999999999997
9 229625 rs12340060 0.80061
9 229678 rs16923579 0.49171000000000004
9 229734 rs10965205 0.0055257
9 229750 rs79184683 0.0056761
9 229826 rs10965206 0.014426
9 230447 rs142030333 0.96595
9 230450 rs538640302 0.9355600000000001
9 231173 rs567540995 0.55291
9 231383 rs549896730 0.9807600000000001
9 231427 rs112272839 0.25490999999999997
9 231855 rs531815399 0.8880100000000001
9 231884 rs549953927 0.51772
9 231930 rs149291421 0.9325200000000001
9 231975 rs144565006 0.44306999999999996
9 232680 rs185621531 0.23904
9 233052 rs552197736 0.07550499999999999
9 234238 rs148108680 0.81614
9 234302 rs150770265 0.4409
9 234694 rs10117903 0.78145
9 234907 rs546727 0.0048816
9 235201 rs593179 3.9680999999999996e-07
9 235308 rs141892028 0.8312799999999999
9 235310 rs375231483 0.79386
9 235315 rs566741551 0.23271999999999998
9 235596 rs62531268 0.46234
9 235640 rs13291704 0.5011
9 236165 rs777236858 0.24493
9 236202 rs62531271 0.81979
9 236779 rs10119664 0.7883600000000001
9 236784 rs9298840 0.025905
9 236827 rs77490619 0.46426000000000006
9 236828 rs496152 0.0021721999999999996
9 237373 rs114109228 0.24636
9 237557 rs150198732 0.23149
9 237559 rs62531272 0.45009
9 237988 rs7858717 0.44742
9 238370 rs10117655 0.79913
9 238389 rs552848 1.8584e-06
9 238551 rs763973538 0.23460999999999999
9 238825 rs75141615 0.24255
9 238951 rs10120270 0.7804800000000001
9 238968 rs537741805 0.76845
9 238988 rs144773728 0.9972799999999999
9 239038 rs77034939 0.7751399999999999
9 239064 rs77785326 0.6099
9 239067 rs62531301 0.39537
9 239266 rs138633470 0.68062
9 239313 rs471756 6.7369e-07
9 239396 rs78398356 0.57735
9 239533 rs115358902 0.17882
9 239667 rs12342533 0.4085
9 239865 rs477109 1.7713999999999999e-06
9 240321 rs684092 1.2769e-06
9 240365 rs16921309 0.39178
9 240439 rs115989231 0.67647
9 240571 rs10965586 0.008968
9 240578 rs589269 0.0027781999999999998
9 240709 rs76842119 0.2034
9 240764 rs571823588 0.9681799999999999
9 241029 rs11788662 0.39209
9 241322 rs11788711 0.81416
9 241555 rs72701216 0.73838
9 241690 rs11790302 0.84777
9 241899 rs13291850 0.8295799999999999
9 242044 rs140040823 0.2407
9 242247 rs76652908 0.41026999999999997
9 242446 rs75405959 0.7301
9 242529 rs618810 1.0868e-05
9 242563 rs116978083 0.8260299999999999
9 242664 rs183413433 0.27069
9 242758 rs145670711 0.11069000000000001
9 242797 rs16921804 0.48353
9 242863 rs28450861 0.56607
9 243264 rs7039282 0.20074
9 243266 rs28422122 0.77995
9 243357 rs7033418 0.20717
9 243500 rs16922023 0.47317
9 243512 rs183534876 0.77308
9 243686 rs115951511 0.74073
9 243770 rs76781072 0.0079304
9 243911 rs527746303 0.51178
9 243950 rs192857133 0.91632
9 243967 rs76771381 0.39952
9 244059 rs13287444 0.51389
9 244166 rs10122647 0.41753999999999997
9 244284 rs500931 0.0039512
9 244457 rs661356 3.1728e-06
9 244577 rs660877 0.0043108999999999995
9 244592 rs10965867 0.7957
9 244608 rs13296492 0.77655
9 244627 rs189958243 0.50621
9 244792 rs10120842 0.76455
9 245032 rs10119085 0.76427
9 245033 rs10122726 0.76427
9 245116 rs12346806 0.54773
9 245285 rs13301418 0.76462
9 245286 rs111832612 0.80687
9 245470 rs62531303 0.42846000000000006
9 245706 rs10965932 0.42308999999999997
9 245752 rs535550 1.9435999999999998e-05
9 245831 rs62531304 0.43196
9 245838 rs7869675 0.48611000000000004
9 246073 rs553726633 0.7269399999999999
9 246083 rs115466950 0.54603
9 246096 rs149496373 0.73154
9 246237 rs62531305 0.42906000000000005
9 246357 rs785830 1.8234000000000002e-05
9 246547 rs7046576 0.012261
9 246667 rs112090177 0.1757
9 247174 rs12555266 0.68508
9 247270 rs79682659 0.81548
9 247406 rs12115552 0.0080304
9 247557 rs785831 1.6144e-05
9 247573 rs785832 1.1762999999999999e-05
9 247586 rs785833 4.3691000000000006e-05
9 247616 rs7848541 0.0048705
9 247689 rs785835 2.1093000000000003e-05
9 247693 rs7020344 0.42818999999999996
9 247694 rs533482466 0.10240999999999999
9 247734 rs12352585 0.5100899999999999
9 247998 rs150105499 0.48858999999999997
9 248030 rs7861294 0.014641999999999999
9 248039 rs11794945 0.44061999999999996
9 248079 rs79154486 0.81781
9 248135 rs7023993 0.0029415
9 248136 rs7023994 0.0029002
9 248241 rs16922826 0.48393
9 248428 rs785836 0.0022053
9 248447 rs785837 0.0021092
9 248464 rs116515956 0.32766
9 248671 rs73372551 0.9431799999999999
9 248686 rs146153092 0.7873899999999999
9 248749 rs785838 0.0022234000000000004
9 248796 rs10966122 0.36763
9 249061 rs600492 4.2516000000000004e-05
9 249104 rs10966134 0.28228000000000003
9 249260 rs11794758 0.40915
9 249281 rs1336563 0.8492200000000001
9 249391 rs588412 1.1150999999999999e-05
9 249396 rs12352122 0.28471
9 249400 rs114125256 0.20299
9 249649 rs150843217 0.27399
9 249740 rs587035 8.3229e-06
9 249819 rs62531306 0.42066000000000003
9 249845 9:249845_C_T 0.27168000000000003
9 249889 rs144392043 0.6601
9 249986 rs785841 0.0022788
9 249992 rs785842 0.0050603
9 250453 rs13300102 0.58614
9 250522 rs75776575 0.7880199999999999
9 250609 rs680567 0.0051351999999999995
9 250826 rs62531307 0.48512
9 250833 rs115277410 0.16323
9 250846 rs28713472 0.64776
9 250889 rs679542 0.005007800000000001
9 250895 rs114283278 0.63042
9 250935 rs578216 7.9926e-06
9 251244 rs491805 0.004565
9 251251 rs13285317 0.56585
9 251429 rs71488134 0.57071
9 251490 rs74586666 0.50126
9 251531 rs4740675 0.10802
9 251560 rs116193279 0.09647599999999999
9 251568 rs494609 0.0028675000000000003
9 251664 rs649126 0.0028680999999999997
9 251726 rs648745 0.0048273000000000005
9 251922 rs114692704 0.64761
9 252119 rs148531540 0.7286600000000001
9 252146 rs114752972 0.18357
9 252288 rs35446872 0.55077
9 252445 rs192126365 0.44047
9 252573 rs28522829 0.72693
9 252661 rs184823684 0.11487
9 252693 rs2484948 9.350000000000001e-05
9 252731 rs13440184 0.6613
9 252734 rs189279944 0.27366999999999997
9 252964 rs73372559 0.88684
9 253056 rs117142098 0.39909
9 253063 rs11795260 0.86492
9 253246 rs9407996 0.0072680999999999996
9 253282 rs2479325 8.5958e-06
9 253310 rs73638087 0.21565
9 253349 rs75184550 0.44509
9 253362 rs7033013 0.22671
9 253594 rs11792508 0.5726
9 253716 rs11794107 0.5697399999999999
9 253740 rs556261650 0.9158
9 253938 rs141334368 0.6538
9 254051 rs13286967 0.5186
9 254071 rs62531310 0.45941000000000004
9 254077 rs73638088 0.2678
9 254086 rs73372561 0.83945
9 254183 rs143355735 0.28693
9 254203 rs117925012 0.42081
9 254327 rs1336572 0.84096
9 254779 rs11787557 0.56579
9 254842 rs62531311 0.55432
9 254876 rs35728205 0.55088
9 254936 rs58319563 0.94396
9 254981 rs642096 3.578e-05
9 254982 rs28541337 0.70582
9 254983 rs74385819 0.41811000000000004
9 255174 rs191471221 0.79099
9 255218 rs28463978 0.67738
9 255226 rs641184 4.2231e-05
9 255286 rs189554026 0.79103
9 255398 rs537337 0.00010712
9 255421 rs640293 3.9359e-05
9 255449 rs142196051 0.9141799999999999
9 255453 rs113930822 0.21886999999999998
9 255465 rs10966340 0.66259
9 255470 rs10966341 0.66293
9 255513 rs10966343 0.66293
9 255608 rs139054671 0.43116000000000004
9 255713 rs4741691 6.697800000000001e-05
9 255737 rs73372569 0.92258
9 255915 rs62531332 0.4741
9 256012 rs73372572 0.92071
9 256154 rs544463 4.1549e-05
9 256164 rs79828335 0.9300299999999999
9 256181 rs62531333 0.47721
9 256410 rs62531334 0.47866000000000003
9 256545 rs115730284 0.15037
9 256713 rs114835770 0.13698
9 256871 rs184933985 0.7898
9 256872 rs112666042 0.78201
9 256875 rs572098 4.2601e-05
9 256923 rs12235582 0.038167
9 256994 rs573071 0.00012848
9 256995 rs573091 0.00011719
9 257023 rs10966417 0.91433
9 257034 rs573860 8.235e-05
9 257349 rs487275 6.2474e-06
9 257410 rs114446976 0.09211799999999999
9 257427 rs2484951 4.0469e-05
9 257469 rs143813845 0.67061
9 257581 rs10125027 0.48700000000000004
9 257665 rs490182 4.6413000000000004e-05
9 257708 rs7856552 0.9101799999999999
9 257754 rs491032 3.6969e-05
9 257973 rs492887 4.2323e-05
9 257985 rs492934 4.2825e-05
9 257992 rs111641905 0.26147
9 258144 rs494668 3.7933000000000004e-05
9 258167 rs11788897 0.9004
9 258186 rs10966495 0.58904
9 258216 rs558373623 0.78984
9 258247 rs516619 4.6236e-05
9 258357 rs78955920 0.9280700000000001
9 258372 rs517601 4.5424e-05
9 258376 rs517616 0.00011069
9 258561 rs519402 4.471e-05
9 258588 rs60170042 0.9190799999999999
9 258685 rs183860686 0.78701
9 258688 rs58554751 0.92253
9 258817 rs192651046 0.55574
9 258875 rs522222 0.00010608
9 258914 rs2479326 0.00010784
9 259024 rs582933 3.6961999999999996e-05
9 259061 rs12001405 0.60782
9 259224 rs525088 4.3753e-05
9 259242 rs150043370 0.75137
9 259248 rs73372581 0.9344600000000001
9 259285 rs111237232 0.92829
9 259331 rs581500 0.00012696
9 259336 rs74469646 0.87536
9 259381 rs77457163 0.9322299999999999
9 259538 rs549586 4.8935e-05
9 259554 rs549624 0.00011706
9 259575 rs549707 0.00010767
9 259772 rs10118198 0.61452
9 259822 rs10116985 0.60428
9 259884 rs552524 5.3761e-05
9 259990 rs553489 4.9111000000000005e-05
9 260411 rs7864012 0.6482
9 260544 rs180853736 0.53588
9 260546 rs12352690 0.31342
9 260558 rs12352691 0.62411
9 260603 rs7864251 0.5946199999999999
9 260653 rs775911518 0.76126
9 260656 rs12336240 0.29632
9 261190 rs643800 0.0047024
9 261262 rs76275979 0.04838
9 261303 rs75869970 0.8694200000000001
9 261460 rs76448074 0.048867
9 261516 rs7871949 0.8854700000000001
9 261529 rs73372587 0.9215200000000001
9 261705 rs631331 6.5672e-05
9 261707 rs501041 6.2007e-05
9 261712 rs113503206 0.25972
9 261772 rs80314218 0.7843
9 261781 rs761060849 0.024712
9 261784 rs62531336 0.55684
9 261855 rs2479328 0.00010973
9 262043 rs12005634 0.8745799999999999
9 262207 rs9408082 0.00011228
9 262226 rs115691806 0.31455
9 262465 rs7049200 0.7978
9 262618 rs78615361 0.8390299999999999
9 262671 rs73372593 0.9577899999999999
9 262673 rs78029983 0.42395
9 262726 rs77745461 0.55253
9 262765 rs118041048 0.8353
9 262928 rs112416523 0.97551
9 262932 rs180872775 0.31758000000000003
9 262955 rs12337114 0.30435999999999996
9 263016 rs7875992 0.85134
9 263023 rs117716880 0.8435
9 263124 rs113045256 0.55461
9 263321 rs557716 0.00011565
9 263357 rs150729088 0.70326
9 263500 rs559505 5.8037e-05
9 263542 rs600994 5.828100000000001e-05
9 263641 rs74425256 0.74929
9 263645 rs600509 5.2148e-05
9 263796 rs116240905 0.49749
9 263809 rs114482870 0.13964000000000001
9 264265 rs511364 6.8587e-05
9 264347 rs586994 3.571e-05
9 264404 rs512379 4.6041e-05
9 264502 rs513236 5.1587e-05
9 264519 rs513300 5.544100000000001e-05
9 264591 rs186373301 0.76289
9 264604 rs11790624 0.28988
9 264835 rs785845 3.1933e-05
9 264841 rs80116407 0.8455299999999999
9 264949 rs113560418 0.8900100000000001
9 264993 rs584207 1.9692e-05
9 265050 rs583840 1.7969e-06
9 265205 rs519651 0.00020127
9 265221 rs112607994 0.47646000000000005
9 265247 rs28728447 0.36691
9 265357 rs117227810 0.90514
9 265386 rs62531338 0.1516
9 265403 rs7021486 0.67529
9 265437 rs543300 2.0654000000000002e-05
9 265441 rs62533367 0.2172
9 265469 rs543379 3.8981e-06
9 265487 rs78058562 0.71405
9 265608 rs73374504 0.84546
9 265722 rs73374505 0.8309799999999999
9 265761 rs62533368 0.39745
9 265972 rs114479159 0.68515
9 266121 rs2021977 0.67857
9 266165 rs12342002 0.44633999999999996
9 266234 rs116244962 0.72347
9 266239 rs189671137 0.13260999999999998
9 266431 rs77919192 0.56677
9 266505 rs573851 1.2655e-05
9 266543 rs13292783 0.46688
9 266646 rs189576655 0.9091600000000001
9 266708 rs11788947 0.06764500000000001
9 266782 rs540054087 0.29914
9 266786 rs663327 0.00044
9 266795 rs663309 3.943e-06
9 266999 rs7860253 0.019291
9 267033 rs578972 0.00045509
9 267224 rs112138284 0.30055
9 267565 rs7875847 0.71107
9 267606 rs494637 0.00012358
9 267610 rs57963885 0.92805
9 267636 rs576861225 0.48348
9 267655 rs545633285 0.30286
9 267718 rs57651039 0.8573799999999999
9 267814 rs57560093 0.8861399999999999
9 267820 rs57338514 0.9667399999999999
9 267823 rs57258578 0.30422
9 268221 rs79806466 0.9886799999999999
9 268325 rs11792335 0.16541
9 268332 rs11792336 0.1538
9 268505 rs143613176 0.8380299999999999
9 268740 rs526509 0.00012009
9 268763 rs62533369 0.15127000000000002
9 268827 rs73374514 0.85321
9 268901 rs75118717 0.92611
9 268914 rs73374516 0.9262600000000001
9 269008 rs73374517 0.16324
9 269050 rs73374519 0.92779
9 269080 rs73374522 0.26694
9 269258 rs117892025 0.58701
9 269372 rs34435374 0.14617
9 269381 rs78956576 0.9225899999999999
9 269431 rs1336564 0.3053
9 269474 rs76869327 0.14719000000000002
9 269510 rs554243 0.00062382
9 269544 rs112349761 0.8512
9 269736 rs111586650 0.11955
9 270216 rs560608 0.00014409
9 270224 rs471897 0.0023728
9 270321 rs17720310 0.17640999999999998
9 270402 rs62533371 0.15378
9 270422 rs589230 0.0028344
9 270613 rs2022010 0.15930999999999998
9 270614 rs75193870 0.84288
9 270618 rs117080879 0.32539
9 271132 rs10967209 0.12988
9 271228 rs16926375 0.89417
9 271229 rs118182378 0.73633
9 271455 rs682251 1.6601e-06
9 271467 rs9792501 0.1325
9 271518 rs73374530 0.8994700000000001
9 271534 rs79772149 0.86835
9 271572 rs75169267 0.37277
9 271638 rs506121 0.0024592
9 271822 rs61167112 0.8938299999999999
9 271864 rs57498434 0.82571
9 272033 rs61393783 0.8907
9 272098 rs60424180 0.86934
9 272191 rs10812374 0.028405
9 272270 rs532701 0.0004781000000000001
9 272325 rs785847 0.00056097
9 272429 rs73374538 0.76163
9 272502 rs7856826 0.77067
9 272696 rs73374540 0.7942600000000001
9 272950 rs16926614 0.88626
9 272981 rs2992835 0.37777
9 273160 rs540909 0.00061709
9 273233 rs2274526 0.25513
9 273729 rs1547693 0.22484
9 273763 rs1972351 0.26402
9 273986 rs785848 0.30008
9 274108 rs10757606 0.016143
9 274324 rs10757607 0.016305
9 274433 rs13287938 0.033931
9 274434 rs78515092 0.0021725
9 274455 rs10429525 0.015453
9 274590 rs550822924 0.49701000000000006
9 274606 rs16926817 0.60355
9 274899 rs1336565 0.0029434
9 274908 rs12345814 0.22284
9 274911 rs143460553 0.6844600000000001
9 275043 rs523812 0.19839
9 275049 rs523830 0.17282999999999998
9 275179 rs12343204 0.6383300000000001
9 275542 rs12343375 0.014394999999999998
9 275567 rs2094459 0.059958000000000004
9 275763 rs2094460 0.14697000000000002
9 275786 rs2094461 0.24999000000000002
9 275809 rs2094462 0.18738
9 275913 rs13287349 0.80578
9 275974 rs113949483 0.83378
9 276048 rs187121272 0.40981999999999996
9 276053 rs2992836 0.53254
9 276110 rs3008074 0.46078
9 276128 rs3008075 0.80204
9 276186 rs3008076 0.8206700000000001
9 276725 rs607418 0.28718
9 277142 rs182221319 0.58194
9 277298 rs146701155 0.58531
9 277314 rs117160047 0.8397
9 277378 rs117508129 0.16977
9 277687 rs538088860 0.94096
9 277776 rs9406914 0.534
9 277970 rs540943454 0.56982
9 277989 rs9406915 0.41273999999999994
9 278018 rs12347003 0.28922
9 278050 rs544998924 0.73358
9 278107 rs12352476 0.28573000000000004
9 278156 rs12347052 0.28817
9 278299 rs544286397 0.7338100000000001
9 278388 rs4741744 0.40889000000000003
9 278840 rs142797483 0.49163999999999997
9 278902 rs62533372 0.8676
9 278990 rs142647767 0.006899
9 279149 rs535474 0.2936
9 279239 rs557363 0.14742
9 279408 rs655696 0.18841
9 279506 rs1591578 0.061534000000000005
9 279507 rs7865883 0.51965
9 279612 rs117353201 0.24184
9 279753 rs10967642 0.9854200000000001
9 279829 rs4741751 0.10890999999999999
9 279970 rs34173126 0.42858999999999997
9 280226 rs77271110 0.033267000000000005
9 280269 rs34859571 0.5141
9 280429 rs12349487 0.10246
9 280727 rs12343056 0.028641000000000003
9 281029 rs13284845 0.34645
9 281102 rs637666 0.831
9 281263 rs636828 0.018361000000000002
9 281316 rs73374570 0.053318
9 281523 rs58776181 0.051995000000000006
9 281845 rs17720878 0.49688999999999994
9 281976 rs785850 0.13091
9 282105 rs192394575 0.067478
9 282180 rs10967788 0.52013
9 282215 rs73374573 0.33710999999999997
9 282408 rs80310743 0.018879
9 282504 rs112667626 0.041548
9 282531 rs10967825 0.029388
9 282557 rs79837119 0.0166
9 282738 rs13291664 0.5785899999999999
9 282947 rs78647598 0.045087
9 283033 rs75169345 0.63527
9 283138 rs10967888 0.22505999999999998
9 283211 rs10967892 0.23784
9 283534 rs72701251 0.027676
9 283620 rs10967913 0.39146
9 283637 rs73374581 0.22575
9 283702 rs61394380 0.9601200000000001
9 284116 rs593395 0.12462000000000001
9 284161 rs6475996 0.75264
9 284291 rs150572503 0.10222
9 284363 rs76905982 0.46353999999999995
9 284370 rs138641211 0.7056100000000001
9 284415 rs581630 0.42732
9 284593 rs76590910 0.046043
9 284622 rs117955591 0.32326
9 284623 rs479090 0.65547
9 284742 rs478152 0.044857999999999995
9 284782 rs117855976 0.43966000000000005
9 284944 rs73374584 0.2392
9 285008 rs113983557 0.23635
9 285346 rs117531256 0.47403
9 285420 rs76472687 0.043917000000000005
9 285540 rs7865183 0.9559799999999999
9 285547 rs7865185 0.2414
9 285808 rs10967998 0.23833000000000001
9 286102 rs10968012 0.28693
9 286491 rs3209441 0.36114
9 286593 rs529208 0.43123
9 286824 rs62533373 0.67567
9 286852 rs12336170 0.25224
9 287107 rs13283984 0.52964
9 287149 rs10968084 0.24488000000000001
9 287226 rs17721011 0.029893
9 287279 rs10968086 0.17989000000000002
9 288260 rs142270537 0.93648
9 288414 rs66865237 0.37285
9 288611 rs10968160 0.85182
9 288725 rs72701256 0.51297
9 288818 rs58008997 0.36709
9 288979 rs79539600 0.08892699999999999
9 288999 rs528278384 0.47753999999999996
9 289061 rs6476030 0.9773700000000001
9 289111 rs72701258 0.49546999999999997
9 289237 rs6476031 0.9533299999999999
9 289348 rs7049010 0.2244
9 289557 rs150742426 0.7572399999999999
9 289711 rs77642155 0.47106000000000003
9 289869 rs62533375 0.7181
9 290006 rs1336566 0.52435
9 290271 rs112174060 0.23406999999999997
9 290386 rs67438083 0.63016
9 290670 rs7030730 0.019643
9 290694 rs79361203 0.46399999999999997
9 290841 rs17664531 0.016259
9 290844 rs16929599 0.1988
9 290890 rs116187604 0.66761
9 290928 rs117327479 0.86813
9 291249 rs80001490 0.4205
9 291373 rs62533376 0.0010529000000000003
9 291489 rs184224933 0.72192
9 291784 rs675634 0.21553000000000003
9 291915 rs184686994 0.2324
9 292207 rs113270184 0.18256
9 292266 rs785851 0.18962
9 292673 rs811995 0.17
9 292708 rs2884957 0.47643
9 293074 rs785852 0.017164
9 293128 rs146940924 0.22507
9 293360 rs943628 0.066976
9 293668 rs72701263 0.15763
9 294182 rs785853 0.17407999999999998
9 294190 rs785854 0.16444
9 294513 rs77388206 0.70133
9 294962 rs12552019 0.8270000000000001
9 295040 rs68169629 0.35852
9 295179 rs66532444 0.85364
9 295225 rs12343718 0.72641
9 295237 rs657391 0.15537
9 295270 rs569244776 0.69987
9 295292 rs762371913 0.00038862
9 296054 rs113908305 0.073274
9 296297 rs116929265 0.10156
9 296689 rs141982219 0.47886000000000006
9 296750 rs12344076 0.6735300000000001
9 296756 rs150846961 0.6409999999999999
9 296938 rs78676617 0.073504
9 296953 rs145539197 0.51985
9 297057 rs139671933 0.24891999999999997
9 297222 rs79828590 0.06414299999999999
9 297249 rs77111774 0.063238
9 297334 rs56186632 0.8702
9 297393 rs516542 0.20635
9 297394 rs687831 0.20365999999999998
9 297724 rs571148383 0.9902200000000001
9 298251 rs113571105 0.025389
9 298543 rs182050909 0.28554
9 298679 rs596113 0.21358000000000002
9 298699 rs75682722 0.015768
9 298719 rs17664774 0.27207
9 298777 rs113630032 0.062258
9 298892 rs571045 0.17599
9 299144 rs77620214 0.020516999999999997
9 299315 rs785857 0.00090488
9 299450 rs112106769 0.05439
9 299739 rs533674925 0.25615
9 299756 rs785858 0.00082119
9 299791 rs785859 0.01317
9 299982 rs112768986 0.054787
9 300295 rs16925974 0.9111799999999999
9 300307 rs75486713 0.020308
9 300483 rs625332 0.1988
9 300827 rs785860 0.17307999999999998
9 301003 rs55956941 0.63952
9 301091 rs144275885 0.0028601
9 301129 rs113872961 0.013026
9 301467 rs79018205 0.013628999999999999
9 301667 rs112344892 0.029129000000000002
9 301851 rs181549220 0.32532
9 301986 rs479165 0.23233
9 302069 rs77473259 0.66686
9 302084 rs80321037 0.029713
9 302324 rs476324 0.20285
9 302595 rs78939902 0.013914
9 302657 rs10969058 0.68786
9 302663 rs562873 0.0014819000000000002
9 303062 rs10120948 0.37305
9 303266 rs36066376 0.8405799999999999
9 303479 rs10757842 0.013680000000000001
9 303526 rs10813061 0.0018283000000000002
9 303639 rs10757845 0.12245999999999999
9 303727 rs10757847 0.13831
9 303828 rs73639045 0.6883100000000001
9 303851 rs7849724 0.17449
9 304276 rs17721320 0.012576
9 304428 rs2296820 0.21589
9 304478 rs17664919 0.014936000000000001
9 304628 rs149918318 0.41478000000000004
9 304769 rs13292474 0.10509
9 304887 rs376602347 0.91074
9 304957 rs13288618 0.10479000000000001
9 304974 rs61121278 0.66843
9 304983 rs180868840 0.51931
9 305002 rs114818785 0.59625
9 305205 rs10122727 0.70832
9 305531 rs1969951 0.19959000000000002
9 305536 rs10121619 0.2404
9 305565 rs1969952 0.1138
9 305575 rs117893771 0.013424
9 305642 rs7875095 0.051852999999999996
9 305654 rs7857705 0.78201
9 305667 rs10123577 0.71177
9 305919 rs56189385 0.096482
9 305924 rs77957334 0.014461000000000002
9 305975 rs66756511 0.19566
9 305978 rs75606672 0.012871
9 306206 rs76362188 0.011685
9 306277 rs35381637 0.43545
9 306368 rs74828318 0.042977999999999995
9 306467 rs73639048 0.66904
9 306517 rs12344657 0.2195
9 306555 rs768497678 0.57927
9 306684 rs192348819 0.30715
9 306734 rs62533402 0.43201000000000006
9 306833 rs144892197 0.53205
9 306906 rs4741772 0.13725
9 306921 rs4741773 0.54335
9 306937 rs78732021 0.020271
9 307020 rs117172038 0.099356
9 307063 rs72701272 0.005681
9 307135 rs4741774 0.10028
9 307197 rs10813156 0.040793
9 307257 rs10813157 0.17238
9 307266 rs4741775 0.86315
9 308218 rs61011610 0.20422
9 308380 rs34559001 0.34079
9 308533 rs12335470 0.95175
9 308697 rs146197112 0.79061
9 308698 rs113579497 0.14394
9 308863 rs7862033 0.0092057
9 308898 rs111753495 0.083267
9 309405 rs74769552 0.9307799999999999
9 309718 rs112833185 0.0097636
9 310104 rs144820444 0.9516100000000001
9 310179 rs7024777 0.01409
9 310492 rs141642666 0.48138000000000003
9 310545 rs10813221 0.038166000000000005
9 310646 rs185167807 0.21295
9 310672 rs10969550 0.032126999999999996
9 310683 rs111568018 0.021894
9 310929 rs140636652 0.25914
9 310970 rs10969557 0.00063078
9 311112 rs150369588 0.9294399999999999
9 311385 rs7860815 0.7819
9 311481 rs531918749 0.73022
9 311600 rs7033726 0.029774000000000002
9 311607 rs17721433 0.011766
9 311724 rs558174299 0.96296
9 311814 rs62533403 0.008648999999999999
9 311975 rs143461644 0.42244
9 312088 rs139391329 0.9679399999999999
9 312124 rs2039045 0.47711000000000003
9 312134 rs11789099 0.28799
9 312194 rs12344468 0.4981
9 312231 rs140028088 0.24285
9 312264 rs12339042 0.45083
9 312708 rs532518960 0.45669
9 313110 rs73639049 0.021213
9 313305 rs10813240 0.12476
9 313338 rs78281009 0.9594
9 313441 rs12344063 0.13940999999999998
9 313495 rs117471859 0.45208000000000004
9 313565 rs10969640 0.018065
9 313637 rs10969646 0.12409
9 313666 rs10813241 0.001108
9 313767 rs10969655 0.13255999999999998
9 313800 rs546175779 0.6994199999999999
9 314026 rs150168860 0.15775999999999998
9 314076 rs182146998 0.11305
9 314209 rs2296821 0.0011098
9 314464 rs13290723 0.5492199999999999
9 314516 rs13290870 0.0010122
9 314593 rs2296823 0.002918
9 314820 rs202021466 0.0086251
9 314974 rs74424048 0.019447
9 315185 rs7028352 0.8850899999999999
9 315294 rs7040640 0.52435
9 315340 rs55980753 0.025085
9 315349 rs185192427 0.17575
9 315394 rs7028627 0.024276
9 315736 rs12237955 0.010948999999999999
9 315996 rs56002971 0.1417
9 316117 rs7032778 0.22916999999999998
9 316217 rs7024053 0.21959
9 316231 rs7032918 0.20685
9 316247 rs7020261 0.062385
9 316325 rs7020392 0.24589
9 316396 rs142203756 0.18039000000000002
9 316398 rs7033066 0.24445999999999998
9 316515 rs7024448 0.046222000000000006
9 316663 rs16924024 0.6156699999999999
9 316803 rs11794296 0.61335
9 316998 rs2296824 0.010887
9 317010 rs112846220 0.16164
9 317181 rs185763132 0.32345999999999997
9 317195 rs10813355 0.21288
9 317218 rs3818557 0.47368999999999994
9 317240 rs11793484 0.1399
9 317370 rs882640 0.012763
9 317417 rs12003074 0.59062
9 317449 rs28427324 0.8024399999999999
9 318139 rs373762359 0.9251
9 318153 rs1980876 0.025251
9 318207 rs4294238 0.59135
9 318332 rs10969887 0.010702
9 318409 rs12352287 0.86605
9 318588 rs77913430 0.020176
9 318794 rs11795376 0.13249
9 318860 rs73376574 0.8094100000000001
9 319028 rs781483006 0.7572300000000001
9 319180 rs7872761 0.6181300000000001
9 319298 rs7033445 0.32866
9 319516 rs6476252 0.19014
9 319932 rs10970043 0.0085013
9 322403 rs570659402 0.04007
9 322534 rs72499151 0.01985
9 322760 rs4740710 0.020458
9 322906 rs145840668 0.15625999999999998
9 323458 rs145169930 0.021071
9 323463 rs10970298 0.098558
9 323468 rs149357265 0.1211
