CHR BP SNP P
12 48287203 rs4237855 0.010639000000000001
12 48287237 rs11574029 0.30194
12 48287373 rs11574027 0.39273
12 48287614 rs115735340 0.1982
12 48287786 rs11168288 0.50785
12 48288246 rs11574026 1.6485e-11
12 48288281 rs148127532 0.23465999999999998
12 48289220 rs7965397 0.010318
12 48289328 rs186107244 0.26675
12 48289355 rs3890734 3.5162e-05
12 48289373 rs3890733 3.4726e-05
12 48289624 rs112892098 0.34996
12 48290095 rs550948300 0.058421
12 48290288 rs113389151 0.72147
12 48290549 rs75102233 0.15695
12 48291150 rs111336890 0.3471
12 48291251 rs11168290 0.7348600000000001
12 48291701 rs550400066 0.25928
12 48292391 rs12427078 0.054383
12 48292838 rs7302235 0.030427999999999997
12 48292874 rs181997677 0.8229200000000001
12 48292876 rs58379944 0.28369
12 48293037 rs10875695 0.02443
12 48293097 rs11168291 0.29429
12 48293298 rs112884497 0.21809
12 48293625 rs114782287 0.26311
12 48293716 rs11168293 2.0666e-05
12 48293959 rs60556433 0.50827
12 48294131 rs4760655 0.030079
12 48294413 rs17882106 5.2298000000000005e-11
12 48294626 rs7136534 0.022213
12 48294891 rs181520816 0.67903
12 48295083 rs12721409 0.11263
12 48295133 rs12581281 0.43738
12 48295181 rs57946627 0.083577
12 48295351 rs12721377 0.21902
12 48295488 rs10783219 0.027802999999999998
12 48295742 rs139896867 0.69913
12 48295965 rs10083198 0.034371
12 48296221 rs11574024 0.72696
12 48296268 rs7299460 0.03238
12 48296486 rs4760658 3.3461e-05
12 48296830 rs112694780 0.8358899999999999
12 48297719 rs111360637 0.8966
12 48297792 rs7979360 0.73875
12 48297932 rs11574013 0.9280299999999999
12 48298295 rs11574012 0.44556999999999997
12 48299441 rs11574008 0.25324
12 48299570 rs11574005 0.28091
12 48299628 rs11574004 0.24805
12 48299826 rs4516035 1.5564e-16
12 48300334 rs7139166 7.8393e-17
12 48300678 rs59128492 0.5244800000000001
12 48300692 rs11574002 0.5958100000000001
12 48300835 rs113500298 0.95055
12 48301383 rs10875696 8.5821e-17
12 48301898 rs11614332 9.4816e-17
12 48302075 rs75385305 0.19845
12 48302323 rs77902706 0.23723000000000002
12 48302334 rs12316741 0.33474
12 48302359 rs17879547 2.8789e-05
12 48302427 rs117193681 1.4031e-06
12 48302545 rs11568820 3.5927e-13
12 48302860 rs17880972 0.54982
12 48302896 rs11168297 1.0052e-16
12 48303098 rs144312093 0.098099
12 48303101 rs148737182 0.22930999999999999
12 48303379 rs74907797 0.049745
12 48303561 rs4760603 0.023656
12 48303859 rs7310552 1.1681e-16
12 48303914 rs147447773 0.20674
12 48304181 rs4411327 0.96772
12 48304375 rs7975847 0.96447
12 48304552 rs7976091 3.3942e-13
12 48304570 rs111374571 0.7823
12 48304797 rs10875697 4.1200000000000006e-13
12 48304852 rs113854796 0.96209
12 48305230 rs117063336 0.44405
12 48305333 rs10747525 4.4273999999999994e-13
12 48305411 rs12322430 0.34479
12 48305479 rs58570797 0.26546
12 48305533 rs10875698 0.95609
12 48305644 rs4077869 0.78581
12 48306078 rs111558526 0.4472
12 48306336 rs6580644 0.15112
12 48306529 rs143077665 0.35283000000000003
12 48307104 rs117211526 0.45813999999999994
12 48307309 rs7132324 0.1507
12 48307641 rs7302038 0.76742
12 48307956 rs12231071 4.4931000000000003e-13
12 48307963 rs7970168 0.9715
12 48307988 rs111228751 0.21151999999999999
12 48308072 rs117843845 0.44905
12 48308104 rs191892232 0.0015630000000000002
12 48308119 rs553880479 0.44826000000000005
12 48308174 rs7970314 2.9966999999999997e-13
12 48308236 rs12318019 0.34326999999999996
12 48308607 rs4578458 0.35155
12 48308639 rs143142264 0.42727
12 48308674 rs113891917 0.34481999999999996
12 48308943 rs141654590 0.26161999999999996
12 48308956 rs117592950 0.36978
12 48309032 rs58051519 0.27296
12 48309509 rs58915362 0.78042
12 48309570 rs10875699 0.15843
12 48309855 rs12827401 2.9819e-13
12 48309972 rs35609792 2.9834e-13
12 48310352 rs80026840 0.21756
12 48310931 rs10875700 3.1188e-12
12 48311003 rs4402365 4.7394e-13
12 48311072 rs150606080 0.9600299999999999
12 48311251 rs138956035 0.34686999999999996
12 48311288 rs11829292 4.3515e-13
12 48311347 rs76401729 0.29748
12 48311468 rs75976287 0.21673
12 48311631 rs11168301 0.30555
12 48311869 rs10875701 4.7903e-13
12 48311996 rs139186713 0.47496000000000005
12 48312085 rs73295130 0.36439
12 48312097 rs73295132 0.36439
12 48312182 rs73295134 0.35779
12 48312253 rs11168302 0.44878999999999997
12 48312302 rs111562991 0.46734
12 48312439 rs4442605 4.6321e-13
12 48312590 rs4454781 4.9532e-13
12 48312735 rs11168303 0.87464
12 48312860 rs7312286 0.13940999999999998
12 48313018 rs10875702 5.2085e-13
12 48313181 rs7296550 5.1052e-14
12 48313454 rs12314051 0.35036
12 48313459 rs77168343 0.6107100000000001
12 48313650 rs4514490 0.87629
12 48313657 rs4254129 4.3138999999999994e-13
12 48313925 rs74088121 0.74866
12 48314602 rs4760669 0.13210999999999998
12 48314641 rs189253236 0.62964
12 48314762 rs73111983 0.00015325
12 48314782 rs117709065 9.8571e-05
12 48314890 rs11168304 0.91265
12 48314900 rs11168305 0.45364
12 48314935 rs7305180 2.3725e-15
12 48315015 rs74470367 0.29511
12 48315095 rs557657868 0.50726
12 48315466 rs7970472 2.454e-13
12 48315474 rs146110489 0.40965
12 48316133 rs143876837 0.12512
12 48316261 rs10459217 3.1716e-12
12 48316298 rs7295404 0.8486799999999999
12 48316556 rs10459227 2.5072e-12
12 48316722 rs10459228 2.1588e-12
12 48316745 rs10459229 3.0961e-12
12 48316776 rs10459218 8.4845e-16
12 48316778 rs12304841 0.52633
12 48316802 rs74696651 0.5452
12 48316854 rs561933410 0.78677
12 48317789 rs150229521 0.21049
12 48317829 rs77015561 0.14423
12 48317832 rs7311030 2.3764e-12
12 48317969 rs7295021 2.2931e-12
12 48317999 rs11168306 0.21725
12 48318211 rs77882185 0.0038079
12 48318291 rs148935740 0.40334000000000003
12 48318388 rs548090560 0.71541
12 48318570 rs75815101 0.13277
12 48318750 rs74435831 0.65456
12 48319256 rs143035561 0.43073
12 48319272 rs60757377 0.47186000000000006
12 48319325 rs7315992 1.616e-12
12 48319326 rs7300028 3.7302e-16
12 48319541 rs141517824 0.80992
12 48319583 rs7300301 1.6031e-12
12 48319594 rs7300088 1.604e-12
12 48319613 rs4760670 0.12335
12 48319663 rs11168307 1.5514e-12
12 48319702 rs10875703 1.5942e-12
12 48319860 rs12316950 1.4102e-12
12 48319883 rs112726671 0.0029005
12 48319920 rs11168308 2.3021e-12
12 48320012 rs12303561 3.7437e-16
12 48320109 rs7303966 2.7787e-12
12 48320785 rs74926139 0.40669
12 48320814 rs80277829 0.91785
12 48320932 rs73114006 0.41294
12 48320935 rs7308216 1.5464e-12
12 48321023 rs6580645 0.12324
12 48321039 rs4578459 0.12343
12 48321332 rs146534089 0.15006
12 48321417 rs7973209 0.0048987
12 48321699 rs7311856 4.2383e-13
12 48321703 rs7297624 0.00030848
12 48321994 rs117019730 0.30778
12 48322271 rs4760671 4.194e-13
12 48322617 rs114887344 0.31409000000000004
12 48322747 rs77766878 0.026501999999999998
12 48322752 rs147354712 0.35566
12 48322881 rs78200150 0.004863800000000001
12 48322975 rs112097835 0.043573
12 48323219 rs112465637 0.25538
12 48323353 rs11168309 5.0739e-16
12 48323386 rs111943622 0.9753700000000001
12 48323652 rs149722663 0.07735700000000001
12 48323690 rs78799579 0.55689
12 48323776 rs7956152 0.0032012
12 48323827 rs61553170 0.32121
12 48324118 rs73295162 0.52108
12 48324326 rs10747526 0.11760999999999999
12 48324474 rs7972027 0.11739000000000001
12 48324770 rs79728792 0.40154
12 48325058 rs76147991 0.40110999999999997
12 48325154 rs79505885 0.15569000000000002
12 48325367 rs12313409 0.47308
12 48325685 rs11168310 7.7018e-16
12 48325843 rs34438994 0.27844
12 48326149 rs150462077 0.40438
12 48326161 rs7315432 0.87459
12 48326560 rs138249973 0.1253
12 48326880 rs4760672 0.10962000000000001
12 48326978 rs146969424 0.83983
12 48327059 rs137988959 0.24575999999999998
12 48327071 rs61920869 1.4159e-15
12 48327096 rs7975675 3.1592e-12
12 48327106 rs61920870 4.7966e-12
12 48327212 rs12306963 1.3089e-15
12 48327316 rs139169831 0.42263999999999996
12 48327915 rs75403590 0.85054
12 48328454 rs12831006 1.2202e-15
12 48328509 rs11168311 3.9071e-14
12 48328510 rs4132994 0.29796999999999996
12 48328693 rs4132995 0.27936
12 48328854 rs76275422 0.084236
12 48329242 rs116866273 0.5976
12 48329388 rs11168312 0.39551
12 48329775 rs115073491 0.12487999999999999
12 48329785 rs187103000 0.74765
12 48330396 rs182580853 0.9361200000000001
12 48330420 rs76099334 0.2206
12 48330448 rs11168313 8.1266e-16
12 48330629 rs11168314 2.5041e-14
12 48330797 rs114207918 0.12652
12 48330928 rs118108406 0.51221
12 48330941 rs11168315 2.45e-14
12 48331227 rs11168316 2.6586e-14
12 48331306 rs10875704 5.0554e-14
12 48331376 rs143628870 0.1458
12 48331420 rs4411326 5.7145e-14
12 48331530 rs79448816 0.15434
12 48332313 rs117499636 4.9287e-05
12 48332328 rs116885149 0.4699
12 48332499 rs115764465 0.72521
12 48332529 rs11168318 4.7605e-14
12 48332582 rs34381446 7.904e-16
12 48332641 rs10875705 1.062e-15
12 48332724 rs10747527 0.09815700000000001
12 48332725 rs118076007 0.47752
12 48332747 rs74356534 0.19418
12 48332894 rs115303665 0.12147000000000001
12 48333100 rs58426141 0.44072
12 48333325 rs75079085 0.031818
12 48333598 rs11168319 1.3541e-14
12 48333636 rs11168320 2.2806e-14
12 48333705 rs10875706 3.0970999999999996e-14
12 48333726 rs10875707 2.9082e-14
12 48333740 rs117452833 0.4527
12 48333750 rs10875708 2.8882e-14
12 48333847 rs78495932 0.7869
12 48333855 rs10875709 2.7807e-14
12 48333890 rs57419443 0.43885
12 48334278 rs77197175 0.60751
12 48334603 rs11168322 0.48103
12 48334639 rs10783221 4.7177999999999995e-14
12 48335546 rs74086592 0.033393
12 48335825 rs76954143 0.24534
12 48335842 rs80001683 0.90801
12 48336141 rs77137222 0.87351
12 48336311 rs4393380 1.0076000000000001e-16
12 48336350 rs185549645 0.7247899999999999
12 48336389 rs4307774 0.91695
12 48336423 rs4321017 0.03319
12 48336543 rs76883696 1.8649e-09
12 48336613 rs4576885 0.18515
12 48336619 rs4303288 4.4112e-09
12 48336623 rs4307775 0.54137
12 48336736 rs138142537 7.359100000000001e-05
12 48336780 rs67090843 0.063533
12 48337069 rs4073729 2.0099000000000001e-16
12 48337179 rs60130023 0.034352999999999995
12 48337317 rs4073726 4.5027e-18
12 48337328 rs4328263 0.5723
12 48337384 rs12721378 1.8112999999999998e-08
12 48337517 rs7301728 0.00011167
12 48337629 rs3923693 0.00023707
12 48337631 rs79755221 0.7632
12 48337992 rs74086595 0.085461
12 48338050 rs4237856 0.8364299999999999
12 48338196 rs7970376 1.0834000000000001e-17
12 48338414 rs4583039 1.4665e-16
12 48338422 rs4547172 4.242799999999999e-22
12 48338551 rs78011053 0.7791100000000001
12 48338746 rs4340112 7.4881e-18
12 48338854 rs117232651 0.79038
12 48339241 rs73295192 0.8657799999999999
12 48339295 rs12579948 0.7656
12 48339400 rs76324939 0.24613000000000002
12 48339536 rs150607252 0.038383
12 48339669 rs539742010 0.19286
12 48339826 rs12717995 7.0419e-16
12 48340009 rs12721414 0.00039087
12 48340195 rs73114045 0.00014253
12 48340959 rs12721415 8.9441e-06
12 48341437 rs184710008 0.80576
12 48341584 rs36029544 0.00044526
12 48341619 rs10783222 7.284299999999999e-18
12 48341621 rs78167162 0.7672800000000001
12 48341722 rs10783223 4.3757e-18
12 48341741 rs141124878 1.3411000000000002e-10
12 48342098 rs740025 0.98849
12 48342362 rs2898045 0.92743
12 48342427 rs77924983 0.99629
12 48342560 rs73295196 0.027880000000000002
12 48343195 rs12307534 0.050545
12 48344038 rs1015390 2.399e-17
12 48344299 rs111310141 0.21416999999999997
12 48344330 rs7966407 0.023236
12 48345367 rs74086599 0.0094735
12 48345430 rs78647154 0.79276
12 48345506 rs11168325 6.9288e-21
12 48345577 rs79831416 0.50954
12 48345666 rs11168326 0.20171
12 48345975 rs11168327 2.5084000000000002e-20
12 48346363 rs12721416 1.1828e-16
12 48346662 rs371035622 0.47085
12 48346800 rs4366552 0.6502100000000001
12 48347133 rs4506714 1.344e-17
12 48347143 rs12721417 0.0067024
12 48347156 rs116882582 0.93996
12 48347415 rs74086601 0.025870999999999998
12 48347527 rs74086602 0.025958999999999996
12 48347608 rs11168328 0.40775
12 48347827 rs11168329 0.025994999999999997
12 48347924 rs57330068 0.026014
12 48348004 rs143039657 0.29157
12 48348352 rs1541408 0.00011631
12 48348404 rs572267693 0.15966
12 48348544 rs559901504 0.95367
12 48348696 rs142392195 0.00049688
12 48348808 rs112269606 0.28324
12 48349000 rs74088704 0.027502
12 48349060 rs74088706 0.027382999999999998
12 48349210 rs74088707 0.027387
12 48349499 rs4344559 0.7059300000000001
12 48349646 rs2408878 7.5299e-05
12 48349692 rs571770813 0.89815
12 48349760 rs74088708 0.0257
12 48349767 rs192048801 0.46296000000000004
12 48349889 rs2158514 0.011198999999999999
12 48349943 rs114749646 0.89815
12 48350293 rs764979198 0.12022000000000001
12 48350449 rs4494362 1.8925e-18
12 48350568 rs575507726 0.9165
12 48350817 rs182377564 0.61374
12 48350858 rs147037403 0.025632
12 48350913 rs12318838 0.5918100000000001
12 48351262 rs116627940 0.8321
12 48351338 rs117600141 0.37489
12 48351604 rs182968074 4.0957999999999995e-08
12 48351606 rs116866645 0.0031309999999999997
12 48351856 rs34433333 0.010686
12 48351996 rs111768651 0.018877
12 48352149 rs79853392 0.025386000000000002
12 48352151 rs11534913 1.5250999999999997e-17
12 48352248 rs11503871 9.944299999999999e-05
12 48352281 rs11168331 7.0652e-05
12 48352311 rs77617841 0.025885000000000002
12 48352358 rs181526668 0.93024
12 48352412 rs11541194 6.0428999999999995e-22
12 48352726 rs11561406 1.3501e-17
12 48352782 rs11503872 0.30963
12 48352797 rs151019917 0.025942000000000003
12 48353004 rs11503873 7.0373e-05
12 48353043 rs141658438 0.00010593
12 48353156 rs57624904 0.74692
12 48353424 rs766263788 0.7793100000000001
12 48353477 rs11168332 0.047018
12 48353545 rs564769203 0.023864
12 48353565 rs149147325 0.62008
12 48353626 rs4494361 0.7599899999999999
12 48353937 rs117220581 0.045199
12 48354144 rs142199601 0.00010878
12 48354197 rs138444011 0.83693
12 48354257 rs113886423 0.026591000000000004
12 48354403 rs7135926 5.109600000000001e-05
12 48354606 rs4288816 0.010004
12 48354687 rs12311639 0.59931
12 48354906 rs117938743 0.075619
12 48355183 rs12821733 0.0036457
12 48355244 rs12313208 3.1044e-05
12 48355351 rs74088709 0.025486
12 48355352 rs12822608 0.010870999999999999
12 48355856 rs140615092 0.37106
12 48355878 rs144473856 0.9372299999999999
12 48355969 rs12301447 0.4782
12 48356079 rs76081873 0.091061
12 48356081 rs77047951 0.091406
12 48356109 rs4760673 1.4399000000000002e-17
12 48356529 rs113101830 0.023494
12 48356548 rs75461981 0.8406899999999999
12 48356764 rs140975250 0.7551
12 48356881 rs4459375 2.9972e-17
12 48356930 rs76333561 0.78797
12 48357014 rs4760674 2.2594e-10
12 48357098 rs12814542 0.0093154
12 48357188 rs58436504 0.7810199999999999
12 48357242 rs115027887 0.76717
12 48357719 rs1859448 0.0089405
12 48357756 rs4417373 0.65007
12 48358057 rs34116679 0.33474
12 48358203 rs35299693 5.2693e-09
12 48358279 rs11609253 1.1340000000000002e-26
12 48358300 rs73297117 0.8789299999999999
12 48358449 rs145684563 0.25740999999999997
12 48358716 rs7358642 0.026604000000000003
12 48358794 rs12721420 7.422699999999999e-24
12 48359230 rs115946625 0.7428899999999999
12 48359389 rs12721421 0.22271999999999997
12 48359527 rs7964582 2.3547e-18
12 48359676 rs35000511 1.6559000000000002e-05
12 48359797 rs115830671 0.7290399999999999
12 48359984 rs2286025 0.011575
12 48360284 rs117976552 0.079637
12 48360620 rs2286024 1.0612e-23
12 48360895 rs117699587 0.0059551000000000005
12 48361002 rs150814305 0.009711200000000001
12 48361003 rs34111422 0.58502
12 48361282 rs2286023 0.0056293
12 48361486 rs11613095 0.9808
12 48361523 rs74088715 0.4787
12 48361524 rs7307880 6.002999999999999e-24
12 48361910 rs12306869 0.027298000000000003
12 48362412 rs6823 4.7938000000000006e-24
12 48363024 rs12721423 0.009104799999999998
12 48363033 rs4141064 5.0084e-24
12 48363105 rs113790316 0.027444
12 48363123 rs12316060 0.020613
12 48363253 rs10875712 2.5985e-16
12 48363647 rs61134963 0.82914
12 48363648 rs12580518 0.69624
12 48363958 rs79154988 0.88545
12 48364075 rs77009904 0.78868
12 48364463 rs10875713 1.7818000000000003e-24
12 48364506 rs74649306 9.274e-06
12 48364712 rs73297131 0.6912
12 48364799 rs4760606 1.151e-14
12 48364881 rs34829929 0.0091569
12 48365184 rs12426835 0.57057
12 48365265 rs4760607 0.011536
12 48365437 rs146342110 0.11574000000000001
12 48365733 rs28594309 0.0092831
12 48365888 rs74529814 5.508200000000001e-06
12 48366449 rs2071358 0.23501
12 48366547 rs2071357 0.013956
12 48366550 rs2071356 0.75283
12 48366644 rs76729841 0.8786799999999999
12 48366895 rs41272781 0.94363
12 48367054 rs41272777 5.1864e-06
12 48367186 rs41272773 0.032262
12 48367205 rs41272771 0.051008
12 48367427 rs61048429 0.076043
12 48367557 rs116379863 0.59502
12 48367829 rs1635560 0.76156
12 48367976 rs2070739 0.017579
12 48368128 rs12721425 4.9017e-06
12 48368171 rs41272765 0.41171
12 48368296 rs12721426 5.038e-06
12 48368464 rs17122498 0.88244
12 48368541 rs12721427 4.8863999999999995e-06
12 48368689 rs141265753 0.065427
12 48368880 rs146235600 0.13648
12 48368887 rs56932369 0.021626
12 48368893 rs12721428 0.020331000000000002
12 48368989 rs4760608 4.7536999999999996e-26
12 48369025 rs56196515 3.8682e-06
12 48369407 rs76104937 0.41195
12 48369518 rs192120085 0.43936000000000003
12 48369584 rs78564038 0.41481
12 48369684 rs73297147 0.44309
12 48369923 rs57138989 0.70009
12 48370005 rs74088779 0.4474
12 48370423 rs41272761 0.43456999999999996
12 48370722 rs73297150 0.44393
12 48370791 rs41272757 0.43365
12 48370988 rs41272753 0.026820999999999998
12 48371011 rs41272751 0.5885199999999999
12 48371045 rs41272749 1.4142e-06
12 48371303 rs41272747 0.018476
12 48371340 rs41272745 0.6019399999999999
12 48371595 rs1793949 2.1677e-21
12 48371679 rs57550917 0.5929
12 48371720 rs56265470 0.6085699999999999
12 48371767 rs58279970 0.59978
12 48371802 rs1793948 0.43017
12 48372052 rs116381604 0.23914000000000002
12 48372077 rs1793947 0.4588
12 48372640 rs115194627 0.87518
12 48372740 rs73297159 0.45986000000000005
12 48372789 rs73297161 7.0887e-09
12 48372810 rs75447849 8.892e-09
12 48372880 rs74086446 0.45995
12 48372888 rs1635557 0.0019998
12 48372964 rs528453655 0.92124
12 48373055 rs73297163 0.4756
12 48373074 rs113267873 0.60848
12 48373085 rs116357910 0.61334
12 48373097 rs74086449 0.46207
12 48373101 rs115291873 0.60751
12 48373181 rs12368284 5.8095e-46
12 48373479 rs58431786 0.42157
12 48373511 rs41272035 0.34204
12 48373570 rs1793943 0.41383000000000003
12 48373762 rs41272031 0.48891999999999997
12 48373798 rs41272029 0.09415
12 48373939 rs58783688 0.34686
12 48373943 rs142560812 0.22844
12 48374011 rs57444859 1.9367999999999998e-09
12 48374028 rs56387272 1.7180999999999999e-09
12 48374296 rs115030926 0.1655
12 48374328 rs41272027 0.46958999999999995
12 48374513 rs1635554 0.0014618
12 48374535 rs41263867 0.41755
12 48374616 rs12300271 4.2019e-08
12 48374826 rs2276458 2.3867e-22
12 48374932 rs58559329 0.019247
12 48375258 rs79231959 9.466799999999999e-10
12 48375451 rs75703301 3.5381000000000004e-10
12 48375475 rs1793937 1.5075e-22
12 48375568 rs1635553 2.5089e-10
12 48375668 rs41263861 8.496e-10
12 48375723 rs41263857 0.016678
12 48375822 rs79896080 1.207e-09
12 48375965 rs2276457 9.677700000000001e-23
12 48375975 rs2276456 1.1236e-23
12 48376076 rs77813711 1.0749e-09
12 48376137 rs2276455 1.6319999999999998e-22
12 48376213 rs12811832 6.1677e-25
12 48376291 rs2276454 1.9099e-22
12 48376422 rs41263855 0.39486
12 48376474 rs74586113 0.82824
12 48376503 rs3829736 1.4204e-10
12 48376530 rs11168337 1.5906e-10
12 48376574 rs55967487 1.1515e-09
12 48376599 rs3829735 0.9181600000000001
12 48376864 rs17122510 0.87335
12 48376869 rs17801742 2.7354e-10
12 48376969 rs11168338 5.219000000000001e-26
12 48377635 rs10219510 9.2801e-10
12 48377653 rs77169216 0.87266
12 48377718 rs56010633 8.9746e-10
12 48377756 rs55744743 1.6922e-09
12 48377947 rs41263845 1.0925e-09
12 48377970 rs1635550 8.698099999999999e-06
12 48378380 rs41317939 1.0768e-09
12 48378432 rs184031664 0.29091
12 48378900 rs41317933 1.7103e-10
12 48378919 rs41317931 0.013129
12 48378933 rs56006800 3.0382999999999997e-10
12 48379408 rs41317929 3.6917e-10
12 48379494 rs115270781 0.97695
12 48379810 rs3829734 6.029299999999999e-11
12 48379856 rs7963636 1.0490000000000001e-10
12 48379961 rs1635547 8.995200000000001e-11
12 48379964 rs1635546 9.9365e-11
12 48380031 rs1635544 8.9789e-11
12 48380075 rs41317921 0.0015676
12 48380213 rs201823490 0.29002
12 48380682 rs10875714 3.7763e-26
12 48380926 rs140985224 0.74035
12 48381045 rs41317915 0.51302
12 48381374 rs41317913 0.21629
12 48381394 rs150865922 0.033155000000000004
12 48381648 rs114068339 0.14576
12 48381827 rs74086467 0.99608
12 48381975 rs79415107 0.64448
12 48382096 rs11168340 0.018341999999999997
12 48382100 rs3782916 0.40115
12 48382282 rs740024 3.8861999999999993e-11
12 48382457 rs740023 3.6504e-10
12 48382477 rs740022 4.3767e-26
12 48382573 rs12817104 1.0963e-34
12 48382598 rs77074611 0.71222
12 48383148 rs41317911 0.7948
12 48383235 rs1635537 4.4462e-11
12 48383493 rs41317907 0.88075
12 48383638 rs116536651 0.9294100000000001
12 48383809 rs148257083 0.6526
12 48383814 rs11168343 1.7849e-36
12 48383852 rs558418931 0.21878000000000003
12 48383953 rs1793924 7.5292e-12
12 48384122 rs1793923 7.7922e-12
12 48384436 rs3782915 2.0744e-26
12 48384715 rs116082944 0.030418999999999998
12 48384845 rs78963720 0.76321
12 48384916 rs77271335 0.16816
12 48384944 rs1793917 8.7223e-14
12 48385129 rs75655288 0.3654
12 48385576 rs917055 3.217e-15
12 48385695 rs76002385 3.4783999999999996e-10
12 48385871 rs12318861 0.35912
12 48385945 rs1635536 3.3795e-15
12 48386060 rs1621710 6.2331e-12
12 48386241 rs1635535 1.0917e-14
12 48386553 rs1635534 3.734e-15
12 48386568 rs577169763 0.021047999999999997
12 48386577 rs1793915 3.7078e-15
12 48386631 rs199596775 0.30288000000000004
12 48386919 rs2071437 3.5685e-26
12 48387052 rs1793912 3.874e-15
12 48387057 rs1793911 5.8925e-12
12 48387959 rs183528882 0.58885
12 48388102 rs55921916 3.5106000000000003e-08
12 48388150 rs116115813 0.029557
12 48388302 rs41317901 0.012636
12 48388482 rs41317897 0.053452
12 48388492 rs117645772 0.078225
12 48388612 rs2023939 7.394e-13
12 48388629 rs148885073 0.9292100000000001
12 48388630 rs115437141 0.80605
12 48388830 rs2248990 8.1767e-13
12 48388845 rs112653089 0.0084522
12 48388856 rs2276453 8.0055e-13
12 48389023 rs10875716 1.9295999999999997e-40
12 48389159 rs113812393 0.0015838
12 48389232 rs55698101 4.4788999999999994e-10
12 48389245 rs12423250 0.14761
12 48389333 rs1793960 0.14931
12 48389643 rs1034762 1.9712e-15
12 48389709 rs7967258 0.011548000000000001
12 48390080 rs1793959 1.0673e-05
12 48390216 rs41317885 0.5646100000000001
12 48390435 rs41317883 0.50851
12 48390585 rs2213163 7.4254e-28
12 48390722 rs2213162 5.3587e-13
12 48390839 rs2226946 4.9904e-13
12 48390858 rs193060246 0.51675
12 48390967 rs114276099 0.2964
12 48391055 rs7971880 1.3053e-40
12 48391094 rs56037230 6.2055e-28
12 48391127 rs56959315 6.5257e-28
12 48391416 rs3737548 6.6191e-28
12 48391657 rs34392760 3.4351e-09
12 48391769 rs77680085 0.013893
12 48392397 rs1814231 0.6715399999999999
12 48392433 rs1793958 5.208199999999999e-48
12 48392478 rs915920 0.66289
12 48392749 rs80005652 0.6320600000000001
12 48392824 rs1793957 3.6218e-54
12 48392914 rs1793956 1.4759e-11
12 48392950 rs12308796 0.72108
12 48393098 rs12308909 8.8535e-28
12 48393106 rs1793955 2.1251e-12
12 48393137 rs1635533 5.650899999999999e-11
12 48393320 rs1793954 8.1103e-13
12 48393351 rs115159354 0.26186
12 48393444 rs1635532 1.515e-13
12 48393526 rs1793953 1.8972e-13
12 48393781 rs112469769 0.0021009
12 48394410 rs75387565 0.24092
12 48394823 rs954326 0.017113999999999997
12 48395102 rs1635529 5.1532e-16
12 48395361 rs117072186 0.0049061999999999995
12 48395900 rs1635528 3.3532e-09
12 48396009 rs41272785 0.5898399999999999
12 48396058 rs183651214 0.50659
12 48396210 rs9669263 0.10224
12 48396364 rs1635527 2.1980999999999997e-31
12 48396450 rs1793933 1.5134e-15
12 48396505 rs1793931 1.4503e-15
12 48396629 rs115958349 0.434
12 48396785 rs1635526 1.4405999999999998e-15
12 48396920 rs12228854 1.8694e-28
12 48397046 rs114659922 0.29791
12 48397775 rs542643156 0.29791
12 48397780 rs77534899 0.21024
12 48397924 rs76609872 0.15279
12 48398002 rs3803184 2.7659000000000005e-19
12 48398080 rs3803183 2.9397e-19
12 48398223 rs3803182 1.7561e-09
12 48398291 rs41317877 0.05545599999999999
12 48399028 rs3809324 1.2995999999999999e-28
12 48399230 rs12317373 0.9617100000000001
12 48399359 rs74086493 0.032225
12 48399403 rs1859444 3.2284e-19
12 48399438 rs74802509 3.5919e-11
12 48399561 rs73299138 0.506
12 48399612 rs1859443 0.6574300000000001
12 48399641 rs144416691 0.041831
12 48399787 rs116774162 0.45208000000000004
12 48399931 rs3825404 2.1419e-19
12 48399979 rs148483784 0.19709000000000002
12 48400090 rs3809322 4.3118e-29
12 48400617 rs10783227 1.9057000000000003e-19
12 48400844 rs68113770 0.15959
12 48401049 rs115616949 0.45265
12 48401505 rs117785496 0.0048997
12 48401520 rs12300777 0.68892
12 48401681 rs2898056 3.8933e-29
12 48401992 rs145177184 0.032221
12 48402123 rs116383507 0.46221
12 48402628 rs11168350 0.6194
12 48403168 rs79120990 0.46348
12 48403224 rs75118739 0.61468
12 48403229 rs6580647 1.6647999999999998e-19
12 48403395 rs79159228 4.0070000000000004e-11
12 48403440 rs61917746 8.887100000000001e-13
12 48403501 rs7306154 0.07631900000000001
12 48403530 rs7305954 2.25e-20
12 48403581 rs78123094 3.8707e-11
12 48403692 rs9805048 2.2592e-20
12 48403710 rs79679112 0.46387
12 48403765 rs11168351 9.0271e-41
12 48403917 rs9804751 0.63489
12 48404117 rs185559172 0.81297
12 48404302 rs59074911 0.052271000000000005
12 48404480 rs1859442 0.0033281999999999995
12 48404543 rs78113681 7.110499999999999e-20
12 48404636 rs9651980 1.8809000000000002e-05
12 48404654 rs9651981 0.0035927
12 48404692 rs9651993 7.783e-20
12 48404889 rs58666147 0.022693
12 48404979 rs11168352 0.62668
12 48405055 rs142894589 0.51008
12 48405122 rs41369448 0.43236
12 48405372 rs74349662 3.6101e-16
12 48405408 rs12580309 0.42508999999999997
12 48405553 rs151056809 0.12657000000000002
12 48405679 rs187222056 0.51018
12 48405860 rs7132668 1.0793e-20
12 48405972 rs78057349 0.40815999999999997
12 48406190 rs57442763 0.015102
12 48406206 rs56410055 0.53009
12 48406230 rs115044307 0.51018
12 48406234 rs180921709 0.64117
12 48407008 rs149191132 0.5102800000000001
12 48407987 rs1990029 7.175600000000001e-20
12 48408013 rs1990028 9.6489e-26
12 48408098 rs115089813 0.028355
12 48408136 rs117099320 0.30943000000000004
12 48408161 rs78995501 3.0989999999999997e-16
12 48408212 rs11168353 0.0023169
12 48408257 rs138935297 0.41617
12 48408280 rs114308118 0.08642899999999999
12 48408584 rs12303908 0.39358000000000004
12 48408605 rs79177510 0.86195
12 48408737 rs80120825 2.7598000000000002e-05
12 48408826 rs60953179 0.44928999999999997
12 48408892 rs77275660 0.018286
12 48409054 rs12819124 3.148699999999999e-72
12 48409297 rs11168354 0.0021035999999999997
12 48410050 rs143591328 0.64399
12 48410213 rs78359140 0.3229
12 48410217 rs139505983 0.5493899999999999
12 48410517 rs6580649 7.5565e-20
12 48410566 rs7964359 3.3140000000000004e-23
12 48410670 rs151110971 0.71542
12 48410683 rs55880517 3.222e-16
12 48410830 rs56198302 7.425399999999999e-16
12 48410832 rs56369160 8.204800000000001e-16
12 48410933 rs79303281 0.11807999999999999
12 48410954 rs74086499 0.39521999999999996
12 48410978 rs11168355 2.1016e-26
12 48410993 rs150236533 0.22953
12 48411102 rs10875718 9.6461e-42
12 48411158 rs10875719 1.0620999999999999e-41
12 48411189 rs74086501 0.061513
12 48411500 rs76844256 0.026567
12 48411787 rs58086963 0.0020431
12 48411987 rs72644841 1.4273e-20
12 48412138 rs11168357 1.5013e-26
12 48412410 rs17122565 0.010905
12 48412550 rs78239819 7.429299999999999e-06
12 48412592 rs2079295 4.8605e-06
12 48412600 rs74086502 0.42641999999999997
12 48412733 rs74090303 0.33853
12 48412897 rs74090304 0.39836
12 48412942 rs12581263 0.42761000000000005
12 48413046 rs10160938 0.77405
12 48413369 rs76841481 2.4799e-15
12 48413565 rs10875720 7.655e-06
12 48413593 rs10875721 1.2051e-44
12 48413634 rs10875722 7.8873e-06
12 48413681 rs567761774 0.0094757
12 48413875 rs17122567 0.0022392
12 48413944 rs7299135 5.0021e-06
12 48413950 rs28459711 5.3242e-06
12 48413979 rs7299364 6.0757e-06
12 48414058 rs7299271 1.0377e-05
12 48414269 rs568627865 0.5112899999999999
12 48414292 rs112320963 0.10854000000000001
12 48414600 rs113176600 0.0022914000000000003
12 48414695 rs11168358 0.0022753
12 48414798 rs11612578 1.4847999999999998e-20
12 48415534 rs74086747 0.35538000000000003
12 48415653 rs147919896 0.86345
12 48415757 rs4760609 9.9844e-27
12 48416023 rs11168359 6.866699999999999e-46
12 48416052 rs719008 9.522e-06
12 48416139 rs76661222 2.1738000000000003e-07
12 48416201 rs79147058 2.5589000000000002e-15
12 48416565 rs74086748 0.36751999999999996
12 48416840 rs10467100 0.34465999999999997
12 48416939 rs138087390 0.016902
12 48417039 rs774377409 0.9478
12 48417163 rs143180290 0.039272
12 48417213 rs73299177 0.52495
12 48417233 rs76251540 0.06858
12 48417308 rs7134878 0.0030347
12 48417535 rs11168360 0.0013701
12 48417537 rs10875723 1.3613e-05
12 48417562 rs7135261 0.0010613
12 48417657 rs74086751 0.027811000000000002
12 48418008 rs189596349 0.43488999999999994
12 48418123 rs115774276 0.066449
12 48418146 rs10450783 0.0016710000000000002
12 48418225 rs4760610 5.0391e-27
12 48418409 rs138284922 0.0064171
12 48418518 rs75969137 2.7334e-15
12 48418556 rs6580650 1.3556e-44
12 48418710 rs60275794 0.36734
12 48418809 rs75265168 0.088917
12 48419060 rs11168361 0.0010662
12 48419618 rs80130819 3.0517000000000004e-06
12 48419836 rs147536076 0.41991999999999996
12 48419976 rs76903014 0.16261
12 48420214 rs7967762 5.1441e-20
12 48420250 rs58322501 0.027306
12 48420253 rs10875724 3.7033e-26
12 48420380 rs116121315 0.71986
12 48420568 rs111531728 0.39345
12 48420596 rs74868904 0.045651
12 48420713 rs11168363 0.00094604
12 48421034 rs17122571 3.3756e-06
12 48421234 rs75129147 0.076346
12 48421363 rs11168364 0.00085973
12 48421407 rs12305182 4.3372e-26
12 48421449 rs4760611 9.5098e-22
12 48421597 rs140702289 0.60868
12 48421663 rs4760676 2.883e-26
12 48421736 rs73299191 0.80042
12 48421772 rs11168365 1.8444e-44
12 48421856 rs4760612 1.57e-45
12 48421981 rs113447847 1.6248e-07
12 48421982 rs114075018 0.08909
12 48422220 rs59820676 0.33323
12 48422231 rs2056448 0.0033375999999999996
12 48422489 rs2408954 0.0032898000000000003
12 48422705 rs77684920 3.6361e-15
12 48423071 rs111529477 0.0026373
12 48423224 rs192261888 0.50937
12 48423233 rs1859441 4.7775e-21
12 48423245 rs75008956 3.8344999999999995e-15
12 48423394 rs78247340 0.29627
12 48423667 rs56127643 0.73848
12 48423906 rs12297117 0.5593100000000001
12 48424205 rs111340617 0.47288
12 48424220 rs112325228 0.080492
12 48424497 rs10875725 1.5263e-05
12 48424732 rs78899530 0.37844
12 48424770 rs184379611 0.81083
12 48424780 rs76434860 0.3848
12 48425235 rs2269936 7.5602e-24
12 48425464 rs116503460 0.95344
12 48425567 rs60481346 0.23103
12 48425974 rs75624820 0.80534
12 48425992 rs10875726 6.028e-27
12 48426143 rs10875727 1.128e-26
12 48426219 rs113296481 0.075937
12 48426295 rs10492082 3.9387e-06
12 48426384 rs113511011 0.075989
12 48426392 rs10875728 2.6135000000000002e-24
12 48426726 rs10875729 1.5231e-24
12 48427055 rs138792146 0.62059
12 48427118 rs143020527 0.47691999999999996
12 48427329 rs1859440 3.9549e-56
12 48427496 rs59667534 2.2047e-06
12 48427523 rs7310579 1.3025e-21
12 48427875 rs10875730 5.267400000000001e-24
12 48427884 rs4760614 4.6884e-22
12 48427909 rs73301103 0.75888
12 48428146 rs11835720 0.60836
12 48428150 rs4760615 9.9172e-22
12 48428395 rs11168368 0.60902
12 48428534 rs77508887 2.1479e-15
12 48428955 rs148777702 0.8076
12 48428982 rs74086764 0.023211000000000002
12 48429149 rs74086765 0.029441000000000002
12 48429223 rs117684147 0.9537100000000001
12 48429627 rs74710913 0.017886000000000003
12 48429701 rs7957764 8.9694e-22
12 48429776 rs733592 2.1857999999999997e-56
12 48429933 rs6580651 3.7249999999999997e-22
12 48429994 rs79663409 1.8275e-07
12 48430073 rs139501664 1.9369e-07
12 48430199 rs143169513 1.8513e-07
12 48430254 rs113438600 0.075515
12 48430747 rs113360204 0.07546900000000001
12 48430913 rs56094347 0.023235
12 48430989 rs78899766 0.00020661
12 48431062 rs73301104 0.75794
12 48431168 rs11168369 2.5820999999999997e-23
12 48431197 rs58096169 0.023231
12 48431525 rs11835282 0.52037
12 48431933 rs79423731 0.010717
12 48431936 rs765260 2.1270999999999997e-56
12 48432065 rs79774458 1.8715e-15
12 48432554 rs118113807 0.0011147
12 48432561 rs114056786 0.56313
12 48432597 rs558898473 0.11414
12 48432743 rs10875731 2.4506999999999994e-23
12 48432800 rs73301106 5.5403999999999995e-14
12 48432917 rs73301111 4.7858999999999995e-14
12 48432936 rs77237977 1.4708e-15
12 48433195 rs11836542 0.61869
12 48433541 rs74086771 0.012948
12 48433613 rs76832538 1.4332e-15
12 48433673 rs114891262 0.37782
12 48433840 rs55633210 0.0083349
12 48433883 rs138925668 0.44776000000000005
12 48433931 rs149410112 0.44776000000000005
12 48434492 rs141682988 0.71014
12 48434507 rs2240306 1.91e-06
12 48434767 rs4760618 1.5858e-22
12 48434939 rs146212915 0.095549
12 48435175 rs79844029 0.25965
12 48435231 rs77196724 0.07522100000000001
12 48435280 rs11168370 1.9675000000000002e-23
12 48435535 rs76522393 0.48131
12 48435553 rs76842027 0.054821
12 48435636 rs12321931 0.62747
12 48435681 rs114693059 0.57848
12 48436647 rs2286022 5.016600000000001e-22
12 48436792 rs74086772 0.013071000000000001
12 48436998 rs572296401 0.51517
12 48437095 rs60894356 0.52104
12 48437686 rs11168371 1.4228e-24
12 48437733 rs142349671 0.5204300000000001
12 48437833 rs73301119 0.78308
12 48437880 rs59362607 0.008373700000000001
12 48438290 rs60629297 8.7063e-22
12 48438411 rs114652134 0.66172
12 48438466 rs58238019 0.81148
12 48438701 rs150480612 0.25544
12 48438925 rs138452879 0.011217
12 48439222 rs78904841 0.9707399999999999
12 48440122 rs73301124 0.81308
12 48440205 rs34698661 0.61382
12 48440540 rs137919214 0.23925
12 48440978 rs117547974 1.4556e-08
12 48441168 rs74086778 0.013158000000000001
12 48441282 rs113434050 0.30301
12 48441331 rs61520103 0.8133
12 48441406 rs59135652 0.010847
12 48441479 rs12296244 5.9958e-24
12 48441590 rs12303317 0.5544600000000001
12 48441593 rs11168373 2.096e-06
12 48441692 rs1018973 2.699e-22
12 48441748 rs12297820 3.8732e-14
12 48441776 rs535264919 0.26156
12 48442016 rs114299676 0.82099
12 48442105 rs10875732 7.954e-24
12 48442337 rs149774810 0.8268
12 48442957 rs117065448 0.010768000000000002
12 48443048 rs7975632 1.0799e-47
12 48443346 rs117797076 1.8439e-08
12 48444096 rs190122806 0.48128000000000004
12 48444147 rs114422986 0.55723
12 48444488 rs7299704 4.7187e-27
12 48444705 rs114921129 0.39473
12 48445232 rs12310743 0.61522
12 48446108 rs73301128 0.6007600000000001
12 48446305 rs10875733 1.6995e-06
12 48446318 rs7959755 5.777e-23
12 48446751 rs139736110 0.49722
12 48446982 rs140497357 0.52149
12 48447105 rs6580652 8.2789e-48
12 48447373 rs58573495 0.60788
12 48447390 rs115248108 0.8014600000000001
12 48447437 rs112610494 0.075134
12 48447658 rs12310999 5.046299999999999e-24
12 48447789 rs76827482 0.32278
12 48447827 rs79710179 0.51362
12 48447861 rs112132045 0.38542
12 48448091 rs113890829 0.30541999999999997
12 48448134 rs61918774 1.3909e-23
12 48448274 rs72644842 9.191e-23
12 48448466 rs11168374 1.5729e-23
12 48448652 rs73301136 0.5328
12 48448700 rs143097298 0.60242
12 48448916 rs56345199 1.9052e-14
12 48449047 rs77590573 1.4702e-15
12 48449163 rs4760677 3.7143e-22
12 48449273 rs111822247 0.08872100000000001
12 48449446 rs7978968 0.9955799999999999
12 48451454 rs11168376 0.8367100000000001
12 48451497 rs181330048 0.23636999999999997
12 48451832 rs140021298 0.99539
12 48451959 rs4293182 2.2996e-22
12 48452081 rs11168378 1.5933e-06
12 48452237 rs57380031 2.1702e-22
12 48452709 rs10128967 3.1499e-14
12 48452737 rs146954904 0.23756
12 48453039 rs10128968 3.1556e-14
12 48453115 rs182576395 0.9795200000000001
12 48453189 rs74086781 0.013178
12 48453820 rs12297004 4.6953e-24
12 48453882 rs12580764 2.2587e-22
12 48454171 rs150760037 0.009114
12 48454630 rs75715025 9.351900000000001e-16
12 48454643 rs150683326 0.59245
12 48454681 rs55789595 0.010819
12 48455204 rs9630296 2.8377e-14
12 48455255 rs7138917 1.8567e-27
12 48455332 rs115244748 0.38713000000000003
12 48455410 rs144850838 0.8025800000000001
12 48455567 rs11834818 1.5859000000000001e-06
12 48455614 rs151100803 0.58796
12 48455781 rs114488343 0.3928
12 48455788 rs145162429 0.3928
12 48456154 rs141977970 0.62734
12 48456413 rs34120080 0.52763
12 48456633 rs185520116 0.27171999999999996
12 48456823 rs7133249 2.3266e-22
12 48456945 rs12422355 1.5847999999999998e-06
12 48457032 rs17607800 8.6541e-16
12 48457060 rs113341092 0.41365
12 48457134 rs116011135 0.74954
12 48457159 rs3825403 3.8021000000000006e-27
12 48457339 rs3742075 1.5836000000000002e-06
12 48457385 rs3742074 2.6239999999999996e-22
12 48458149 rs17122611 2.3191e-22
12 48458409 rs73301150 0.81223
12 48458445 rs117669304 0.000154
12 48458448 rs58952582 4.4508e-24
12 48458514 rs73301152 0.52091
12 48458529 rs60761335 4.4759e-24
12 48458896 rs192825742 0.95949
12 48458912 rs182987633 0.73719
12 48459093 rs373291017 0.59458
12 48459107 rs552005846 0.39395
12 48459488 rs17122612 8.2009e-23
12 48460016 rs17122613 6.4103e-23
12 48460083 rs17122615 0.30496999999999996
12 48460563 rs77759793 2.4149e-22
12 48460904 rs140068180 0.57145
12 48460962 rs74662579 0.36764
12 48461364 rs112229516 0.077762
12 48461415 rs74089530 0.011615
12 48461451 rs17122617 0.30471
12 48461581 rs4760678 3.6418999999999995e-57
12 48461635 rs4760679 6.063e-48
12 48461985 rs73301155 0.81223
12 48462171 rs138870697 0.0083509
12 48462197 rs73301158 0.81223
12 48462297 rs570212714 0.83746
12 48462455 rs11613485 5.5257e-23
12 48462705 rs148094482 0.48368
12 48462707 rs141832892 0.8014600000000001
12 48462741 rs56312890 0.59856
12 48462868 rs11168383 1.7204e-23
12 48463059 rs191971570 0.52542
12 48463375 rs74089540 0.011864
12 48463593 rs76132129 0.5434
12 48463630 rs145503156 0.20738
12 48463806 rs10875735 1.7336e-23
12 48464020 rs142494487 0.49701999999999996
12 48464195 rs60681522 5.4746e-23
12 48464475 rs17122620 1.7032e-23
12 48464790 rs11168384 0.6229899999999999
12 48465061 rs72644843 5.4494e-23
12 48465191 rs11168385 0.6229899999999999
12 48465425 rs72644844 5.4494e-23
12 48466208 rs143360136 0.046934
12 48466333 rs75899788 0.6071
12 48466509 rs186615938 0.046934
12 48466521 rs140116468 0.030180000000000002
12 48466697 rs4760680 1.727e-23
12 48466902 rs141926062 0.51653
12 48467721 rs1978161 3.5204999999999994e-57
12 48467977 rs11168386 1.7262e-23
12 48468159 rs35902603 0.6076600000000001
12 48468209 rs35130318 0.078327
12 48468602 rs60536184 0.0086196
12 48468652 rs4258439 4.3409e-27
12 48468923 rs12316682 1.5814e-14
12 48469072 rs113169334 0.67209
12 48469193 rs60001274 0.9021299999999999
12 48469390 rs116693923 0.15867
12 48469425 rs568457133 0.041517
12 48469564 rs55759881 0.007728100000000001
12 48469573 rs115547982 0.39488
12 48469696 rs7971668 5.3256e-23
12 48469751 rs73301161 0.59856
12 48469827 rs116501777 0.6229899999999999
12 48469908 rs73301164 0.59801
12 48470098 rs140969425 0.6229899999999999
12 48470168 rs75350487 0.007879899999999999
12 48470169 rs59766465 5.356399999999999e-23
12 48470533 rs12311774 1.8317999999999998e-23
12 48470582 rs184145716 0.6230399999999999
12 48470680 rs12311953 1.7175999999999997e-23
12 48470717 rs12313300 1.6960000000000002e-23
12 48471268 rs12426981 1.6044999999999998e-06
12 48471449 rs114131745 0.48239
12 48471575 rs78671671 0.0086119
12 48471998 rs577253429 0.23629
12 48472343 rs74910025 5.3485e-23
12 48472366 rs10875736 1.6541e-23
12 48472453 rs12315625 1.654e-23
12 48472604 rs78933666 0.0083362
12 48473059 rs10875737 1.6416e-23
12 48473097 rs185762371 0.23629
12 48473239 rs111663844 0.30209
12 48473369 rs10747529 3.2993e-27
12 48473460 rs373767014 0.6126699999999999
12 48473630 rs35445616 0.61306
12 48473739 rs10875738 1.6212e-23
12 48473969 rs74089548 0.0083572
12 48474853 rs10492081 0.072245
12 48475175 rs112144282 0.6572600000000001
12 48475233 rs12301339 1.6260000000000002e-23
12 48475684 rs116692636 0.4034
12 48475833 rs2107640 3.1313e-57
12 48476172 rs74727636 0.077667
12 48476217 rs188276622 0.69652
12 48476282 rs77467185 9.716799999999998e-16
12 48476409 rs117629067 0.21609
12 48476654 rs74329984 0.077691
12 48476795 rs7963640 4.7678e-18
12 48477086 rs7963934 4.8816e-23
12 48477163 rs114279226 0.9790700000000001
12 48477197 rs886589 3.2383e-57
12 48477422 rs886588 1.7663000000000003e-23
12 48477577 rs11613879 2.9569e-06
12 48477630 rs74089549 0.0081251
12 48477907 rs74089550 0.011864
12 48478107 rs118077444 0.0014232000000000001
12 48478354 rs12581972 4.7356e-23
12 48478539 rs7303677 1.581e-06
12 48478545 rs79814418 0.21506
12 48478664 rs4589362 4.7378999999999996e-23
12 48479002 rs61750873 0.009924200000000001
12 48479143 rs546033329 0.13002
12 48479322 rs79657807 0.0083509
12 48479531 rs188536027 0.90341
12 48479674 rs568008165 0.06864400000000001
12 48479832 rs9971924 5.350699999999999e-48
12 48479882 rs141684981 0.61443
12 48480128 rs79223154 0.007165
12 48480515 rs187626033 0.4988
12 48480570 rs79912276 0.9205399999999999
12 48480643 rs7312326 4.975100000000001e-23
12 48480652 rs144162667 0.48331
12 48480919 rs10875739 3.2623000000000005e-27
12 48481006 rs111989698 0.07757
12 48481171 rs11838217 0.6101300000000001
12 48481383 rs147415190 0.010896
12 48481433 rs74086968 0.0093825
12 48481477 rs73301173 0.81109
12 48481519 rs11168401 1.8244e-23
12 48481587 rs3997 4.759599999999999e-48
12 48481619 rs145477801 0.5203
12 48481798 rs117373952 0.18115
12 48481963 rs190875761 0.00020336
12 48481999 rs111550162 0.78305
12 48482153 rs12304476 1.7921e-23
12 48482574 rs114343641 0.84335
12 48482726 rs112688170 0.065924
12 48482770 rs180886551 0.8126800000000001
12 48483241 rs12306451 1.716e-23
12 48483284 rs56821073 0.10559
12 48483296 rs145891814 0.52051
12 48483484 rs7139330 6.161000000000001e-48
12 48483492 rs3782911 1.8869e-23
12 48483507 rs3782910 1.8620000000000002e-23
12 48483973 rs989144 1.7719e-23
12 48484148 rs57783574 0.6111800000000001
12 48484207 rs116345974 0.61138
12 48484433 rs61918806 1.8574000000000003e-23
12 48484616 rs12301562 1.6404e-14
12 48484696 rs76105297 6.649600000000001e-05
12 48484711 rs113373163 0.2866
12 48484848 rs141629734 0.52018
12 48484871 rs74497077 0.18804
12 48484951 rs12303042 0.62078
12 48484958 rs11168403 1.8634000000000002e-23
12 48485158 rs12303151 0.60416
12 48485375 rs142941522 0.047069
12 48485411 rs73301183 0.8096
12 48485530 rs56129148 3.4135e-27
12 48485604 rs114302267 0.6049
12 48485619 rs113316611 0.077071
12 48485695 rs112476169 0.077075
12 48485940 rs2051851 4.925e-48
12 48486252 rs75916302 0.39148
12 48486302 rs113114641 0.070651
12 48486477 rs17671086 0.0071885000000000004
12 48486489 rs144297681 0.82063
12 48486696 rs76261711 9.7726e-16
12 48486715 rs11168404 1.5487999999999999e-06
12 48486892 rs57054831 4.914500000000001e-23
12 48487030 rs11833896 0.6119600000000001
