CHR BP SNP P
22 39428012 rs549196225 0.6951
22 39428096 rs73887535 0.78946
22 39428305 rs149444818 0.19075999999999999
22 39428396 rs9611081 0.70194
22 39428676 rs118079666 0.7086100000000001
22 39428763 rs113373204 0.20553000000000002
22 39428919 rs5757432 0.66622
22 39429067 rs5995659 0.34447
22 39429161 rs142825201 0.47497
22 39429209 rs8139110 0.73622
22 39429319 rs144711913 0.61537
22 39429416 rs114437023 0.4592
22 39429663 rs5750723 0.74393
22 39430148 rs191770432 0.12429000000000001
22 39430267 rs9622909 0.71591
22 39430410 rs140641456 0.8634200000000001
22 39430606 rs116383681 0.26929000000000003
22 39430740 rs145864468 0.79402
22 39430794 rs147999658 0.35369
22 39430805 rs113314545 0.54227
22 39430874 rs113587226 0.53684
22 39431092 rs113404006 0.19747
22 39431094 rs116200328 0.9238700000000001
22 39431098 rs5995660 0.35853
22 39431164 rs113061427 0.30304000000000003
22 39431488 rs146994475 0.26818000000000003
22 39431601 rs533741542 0.46248
22 39431682 rs4820362 0.69744
22 39431868 rs192226498 0.0999
22 39432069 rs12157659 0.34662
22 39432126 rs12157720 0.54515
22 39432156 rs9611083 0.25659
22 39432166 rs186756769 0.9822299999999999
22 39432466 rs115906086 0.47563999999999995
22 39433623 rs4821860 0.17143
22 39433745 rs9941940 0.5212899999999999
22 39433825 rs7284130 0.4097
22 39433914 rs5757438 0.6931
22 39434488 rs59364430 0.98611
22 39434545 rs150136939 0.9823299999999999
22 39434872 rs549570590 0.30115
22 39434898 rs116419039 0.12794
22 39434907 rs5750726 0.6901
22 39435122 rs149588556 0.87179
22 39435636 rs114228539 0.3273
22 39435855 rs5757441 0.69402
22 39436046 rs5757442 0.77374
22 39436541 rs34393871 0.29317
22 39436876 rs35898507 0.15228
22 39437410 rs5750727 0.7357
22 39437591 rs9611084 0.67205
22 39437707 rs148244917 0.93073
22 39438512 rs2413564 0.74427
22 39438659 rs2413565 0.7792100000000001
22 39440149 rs5750728 0.6821699999999999
22 39440199 rs76919915 0.19475
22 39440333 rs116637572 0.8196700000000001
22 39440334 rs74772017 0.63162
22 39440541 rs5757444 0.73739
22 39441203 rs4821862 0.7612300000000001
22 39441204 rs199693357 0.48913999999999996
22 39441841 rs145600842 0.2862
22 39442298 rs6001399 0.8594700000000001
22 39442381 rs4820364 0.9011600000000001
22 39442480 rs34610137 0.19425
22 39442786 rs548116226 0.0076288
22 39442822 rs12159395 0.38004
22 39443016 rs5757445 0.72219
22 39443167 rs13057968 0.67715
22 39443199 rs117163502 0.39497
22 39443270 rs112668702 0.9992700000000001
22 39444189 rs5757447 0.30025
22 39444309 rs6001401 0.42186
22 39444530 rs5750730 0.66152
22 39445042 rs35321168 0.7124699999999999
22 39445161 rs2076100 0.64889
22 39445380 rs2014881 0.6321100000000001
22 39445436 rs33913356 0.035079
22 39445554 rs2076101 0.62668
22 39446837 rs187598201 0.11893
22 39446972 rs34782049 0.99205
22 39447269 rs4821863 0.22205999999999998
22 39447418 rs33968924 0.65752
22 39447786 rs5757450 0.68245
22 39447817 rs557777818 0.25665
22 39448275 rs12157816 0.27055999999999997
22 39448456 rs35269786 0.47962
22 39448465 rs35860424 0.51205
22 39448615 rs13056825 0.64681
22 39448695 rs146924719 0.80494
22 39448711 rs6001402 0.66225
22 39448750 rs5757451 0.66233
22 39448875 rs5757452 0.65738
22 39449014 rs5757454 0.44697
22 39449112 rs148231238 0.85713
22 39449136 rs10427764 0.66652
22 39449503 rs5750734 0.74033
22 39449655 rs5750735 0.6514
22 39449858 rs35880481 0.50017
22 39450528 rs1985760 0.6340600000000001
22 39450607 rs12152196 0.29906
22 39450678 rs2016407 0.6359899999999999
22 39450800 rs34455474 0.22459
22 39451015 rs35618865 0.72664
22 39451084 rs36012794 0.62879
22 39451265 rs141570226 0.31076
22 39451901 rs74838578 0.17709
22 39452196 rs113273254 0.18850999999999998
22 39452591 rs138894229 0.037206
22 39452808 rs143506597 0.11192
22 39452955 rs5757455 0.6371
22 39452958 22:39452958_A_G 0.45338
22 39453053 rs142380675 0.4929
22 39453080 rs111276292 0.11142
22 39453259 rs141846148 0.12493
22 39453365 rs113348028 0.47726
22 39453496 rs116327540 0.47556000000000004
22 39453783 rs112077004 0.46903
22 39453857 rs114788205 0.39515
22 39453900 rs115018472 0.6038
22 39453934 rs113828827 0.47121999999999997
22 39454194 rs111528270 0.4642
22 39454249 rs112215227 0.39111
22 39454449 rs112940064 0.38977
22 39454718 rs57079081 0.9943299999999999
22 39454910 rs138528338 0.8345100000000001
22 39454987 rs111598672 0.40268000000000004
22 39455105 rs5757456 0.5862
22 39455343 rs113652444 0.65487
22 39455417 rs113222576 0.32197
22 39455550 rs113438538 0.47878999999999994
22 39455622 rs149764619 0.6824899999999999
22 39455695 rs184460248 0.47563
22 39455700 rs6001403 0.86964
22 39455749 rs113940900 0.4976
22 39455777 rs111831701 0.56328
22 39455971 rs112565682 0.42651999999999995
22 39456025 rs113263345 0.41603999999999997
22 39456112 rs111841508 0.70597
22 39456206 rs146605649 0.5081899999999999
22 39456220 rs113744680 0.6923199999999999
22 39456321 rs111437571 0.73526
22 39456465 rs114498039 0.72982
22 39456529 rs140111449 0.97535
22 39456549 rs116351238 0.8954
22 39456553 rs150293703 0.69021
22 39456903 rs5995662 0.66676
22 39457084 rs149536175 0.75888
22 39457304 rs73423503 0.52637
22 39457650 rs560321216 0.037139
22 39457805 rs138839715 0.9792799999999999
22 39457904 rs115504569 0.15316
22 39458049 rs113688706 0.0034436
22 39458165 rs5750736 0.21399
22 39458258 rs59430299 0.55115
22 39458364 rs114801268 0.6188
22 39458503 rs5757457 0.24263
22 39458522 rs7284199 0.62142
22 39458572 rs116480718 0.62385
22 39458643 rs115781387 0.5965199999999999
22 39459067 rs150061990 0.60618
22 39459485 rs140136367 0.16713
22 39459528 rs143768454 0.80388
22 39459667 rs146706128 0.52589
22 39459782 rs6001406 0.64203
22 39459807 rs188102919 0.68403
22 39459829 rs192906816 0.49783
22 39459884 rs563792598 0.52635
22 39460046 rs112954283 0.8891
22 39460659 rs115073277 0.84501
22 39460846 rs568953941 0.3349
22 39460859 rs138847009 0.89392
22 39460893 rs116665897 0.9206799999999999
22 39461620 rs114427377 0.97131
22 39461764 rs144707066 0.9710799999999999
22 39461856 rs142727632 0.12558
22 39462055 rs140169428 0.36411
22 39462113 rs117167939 0.3103
22 39462152 rs114978638 0.8757
22 39462219 rs566959412 0.67127
22 39462280 rs61224132 0.70715
22 39462284 rs143845401 0.27997
22 39462286 rs146364735 0.97675
22 39462400 rs114255225 0.98003
22 39462557 rs149907849 0.86306
22 39462643 rs114808096 0.86587
22 39462732 rs144930319 0.41878000000000004
22 39462801 rs149038905 0.8485299999999999
22 39462861 rs116083756 0.9088
22 39462997 rs116356050 0.9464
22 39463036 rs192290870 0.46375
22 39463055 rs57974184 0.0064008
22 39463103 rs76430047 0.96839
22 39463112 rs78180773 0.9737299999999999
22 39463242 rs148034731 0.98516
22 39463420 rs140807058 0.95265
22 39463781 rs56933838 0.086564
22 39463825 rs553725026 0.9910100000000001
22 39464022 rs115016742 0.87764
22 39464141 rs57336113 0.77656
22 39464164 rs139042464 0.6782699999999999
22 39464165 rs142250923 0.88105
22 39464596 rs148564265 0.53409
22 39464707 rs113291751 0.88775
22 39464734 rs111929723 0.81077
22 39464865 rs150543544 0.35549000000000003
22 39465038 rs140385724 0.15667999999999999
22 39465365 rs113940983 0.14745
22 39465629 rs111956070 0.41405
22 39465650 rs542634436 0.57804
22 39465777 rs113817860 0.22368000000000002
22 39466106 rs5757458 0.14678
22 39466203 rs9607606 0.5422399999999999
22 39466669 rs534173258 0.32799999999999996
22 39466832 rs116775634 0.43326000000000003
22 39466846 rs114846359 0.87815
22 39467076 rs114440319 0.9990899999999999
22 39467285 rs141924557 0.1085
22 39467322 rs4456800 0.66794
22 39467334 rs562499454 0.014447999999999999
22 39467378 rs532825872 0.5795899999999999
22 39467495 rs116563178 0.29663
22 39467677 rs149623688 0.73053
22 39467804 rs3985947 0.31501
22 39468183 rs181057877 0.69915
22 39468321 rs113341673 0.27646
22 39468732 rs58208200 0.38553000000000004
22 39468772 rs5757460 0.32314
22 39468915 rs4820365 0.52725
22 39469000 rs111661055 0.85541
22 39469262 rs7285674 0.33016999999999996
22 39469293 rs187871817 0.5453600000000001
22 39469305 rs190881492 0.87713
22 39469335 rs146727065 0.8370799999999999
22 39469564 rs146808116 0.17146
22 39469660 rs143648360 0.07632699999999999
22 39469736 rs148178132 0.29236999999999996
22 39469917 rs111515119 0.75112
22 39470223 rs4820366 0.38232
22 39470327 rs6001414 0.0014295999999999998
22 39470347 rs79231153 0.72246
22 39470648 rs8141579 0.095596
22 39471027 rs147383601 0.7669699999999999
22 39471216 rs116648214 0.8806
22 39471551 rs6001416 0.0012996
22 39471562 rs34251862 0.66578
22 39471868 rs146746424 0.09592200000000001
22 39471914 rs6519165 0.016928
22 39472174 rs7291971 0.015111000000000001
22 39472177 rs6519166 0.50932
22 39472248 rs17496004 0.35322
22 39472256 rs8142124 0.5961
22 39472543 rs5757462 0.14406
22 39472798 rs55635653 0.45466000000000006
22 39473686 rs35585306 0.8219299999999999
22 39473847 rs12160242 0.0015316
22 39473992 rs9607609 0.98718
22 39474635 rs76924887 0.032698000000000005
22 39475060 rs35941380 0.9235899999999999
22 39475386 rs141846968 0.22011999999999998
22 39475759 rs12158580 0.0010352
22 39475864 rs111798032 0.008092499999999999
22 39475946 rs148215144 0.7450600000000001
22 39475964 rs5757464 0.015729
22 39476382 rs34300092 0.39187
22 39477123 rs5757465 4.8021999999999995e-05
22 39477160 rs148497423 0.7573300000000001
22 39477252 rs74944762 0.24918
22 39477377 rs6001417 0.07170399999999999
22 39477391 rs3736685 0.06929500000000001
22 39477455 rs34913053 0.1301
22 39477566 rs8177832 0.06800199999999999
22 39477658 rs17496018 0.0010085
22 39477972 rs10427620 0.070498
22 39478024 rs114667203 0.7398100000000001
22 39478067 rs35895710 0.53668
22 39478235 rs17537554 0.05632
22 39478236 rs17537561 0.05515900000000001
22 39478254 rs35191768 0.77889
22 39478301 rs34819681 0.37549
22 39478341 rs34949391 0.46861
22 39478342 rs36083961 0.46896000000000004
22 39478362 rs34737056 0.13508
22 39478398 rs17537568 0.91375
22 39478427 rs6001418 0.15732000000000002
22 39478486 rs556427359 0.061215
22 39479105 rs17496025 0.0010149
22 39479241 rs34193985 0.33464
22 39479294 rs73887543 0.64878
22 39479352 rs12158985 0.00099615
22 39479353 rs2294366 0.49428999999999995
22 39479386 rs548504114 0.18261
22 39479520 rs28534684 0.809
22 39479574 rs2294367 0.0021211
22 39479617 rs17496032 0.0072122
22 39480143 rs114227304 0.7521399999999999
22 39480163 rs34242740 0.6067
22 39480215 rs74902756 0.00073074
22 39480245 rs3091374 0.0018859000000000002
22 39480259 rs5757467 0.44783
22 39480260 rs5757468 0.46528
22 39480261 rs141060516 0.00069158
22 39480501 rs150241378 0.65127
22 39480663 rs2011861 0.0018058
22 39480691 rs145534190 0.8968799999999999
22 39480697 rs2011869 0.43091999999999997
22 39481012 rs34146529 0.87589
22 39481124 rs190071884 0.33899999999999997
22 39481187 rs2413570 0.0013616
22 39481393 rs2413571 0.38194
22 39481395 rs28537571 0.071587
22 39481658 rs190838413 0.18784
22 39481662 rs35954479 0.0007945000000000001
22 39481829 rs749076723 0.90051
22 39481860 rs5757470 0.37646
22 39481895 rs2413572 0.37594
22 39481977 rs73161557 0.9507
22 39482023 rs2899313 0.36403
22 39482028 rs35260874 0.00080311
22 39482236 rs374757211 0.58639
22 39482267 rs17496039 0.00097429
22 39482371 rs17496046 0.0008879
22 39482627 rs17537574 0.00091501
22 39482809 rs17537581 0.00011089
22 39483102 rs11545130 0.13660999999999998
22 39483432 rs112802713 0.89722
22 39483459 rs76917817 0.92699
22 39483832 rs35342554 0.68488
22 39483844 rs35228531 0.5942
22 39484001 rs34894733 0.093671
22 39484009 rs35535804 0.69726
22 39484178 rs3891126 0.00012649
22 39484325 rs35953525 0.0012687000000000002
22 39484650 rs59984336 0.68617
22 39484841 rs151301487 0.9716799999999999
22 39484905 rs76121268 0.09715399999999999
22 39484920 rs6001423 0.00016426
22 39485075 rs145363248 0.2876
22 39485103 rs77512015 0.0010148
22 39485130 rs146445368 0.93675
22 39485131 rs576635734 0.41691000000000006
22 39485212 rs5995668 0.00016941
22 39485422 rs7287529 0.0020893
22 39485461 rs111871965 0.00105
22 39485491 rs150083023 0.56526
22 39485564 rs57843552 0.66066
22 39485740 rs80197792 0.55833
22 39485852 rs78128219 0.59978
22 39486011 rs143578148 0.97051
22 39486298 rs117487169 0.9990399999999999
22 39486397 rs147491463 0.28626999999999997
22 39486593 rs28583464 0.00017241
22 39486655 rs150614364 0.28615999999999997
22 39486725 rs181062299 0.70806
22 39487029 rs111381709 0.049516000000000004
22 39487098 rs73887564 0.6622600000000001
22 39487170 rs139716475 0.945
22 39487258 rs139270 0.0030532
22 39487595 rs139271 0.00097365
22 39487596 rs116719687 0.28601
22 39487665 rs139272 8.9041e-06
22 39487669 rs17000748 0.036407
22 39487719 rs139273 7.624600000000001e-06
22 39487722 rs139274 0.58846
22 39488295 rs146464307 0.25576
22 39488393 rs1569649 0.47848
22 39488481 rs6001426 0.29496999999999995
22 39488560 rs139275 0.0059244
22 39488951 rs183087924 0.070103
22 39489155 rs79391606 0.9143899999999999
22 39489351 rs112004487 0.00068643
22 39489520 rs150382600 0.9576899999999999
22 39489753 rs5995670 0.67545
22 39489868 rs142205840 0.8983
22 39489950 rs112599100 0.77786
22 39490310 rs73161565 0.44664
22 39490557 rs73423535 0.96399
22 39490612 rs113764986 0.89326
22 39490615 rs114906820 0.39149
22 39490754 rs68062411 0.44673999999999997
22 39490883 rs113232490 0.84572
22 39490919 rs144440509 0.28883000000000003
22 39490921 rs67488873 0.5895100000000001
22 39490968 rs61362448 0.00056392
22 39491061 rs67081644 0.44336000000000003
22 39491132 rs117653736 0.60006
22 39491133 rs17000751 0.44556
22 39491233 rs78441665 0.53171
22 39491600 rs140104453 0.43662
22 39491904 rs112015703 0.98245
22 39491957 rs145499026 0.51665
22 39492059 rs73423551 0.9960600000000001
22 39492133 rs68092956 0.42782
22 39492252 rs73887566 0.5491699999999999
22 39492570 rs73161568 0.4177
22 39492651 rs75842619 0.00026779
22 39492763 rs113023 0.0013880000000000001
22 39492856 rs112341494 0.8532700000000001
22 39492887 rs112153951 0.41705
22 39492899 rs59851917 0.41923999999999995
22 39492934 rs73161569 0.42266000000000004
22 39492964 rs56695217 0.60741
22 39493036 rs58817268 0.38668
22 39493251 rs41281251 0.0002728
22 39493294 rs55989856 0.00023006
22 39493356 rs60093835 0.00024803
22 39493541 rs60758775 0.42268
22 39493542 rs138782546 0.97211
22 39493554 rs77603434 0.98974
22 39493555 rs56155393 0.5473899999999999
22 39493597 rs67577561 0.5351
22 39493802 rs66773314 0.55203
22 39493898 rs67878612 0.52747
22 39494084 rs139279 0.57809
22 39494087 rs139280 0.73707
22 39494238 rs6001429 0.00017469
22 39494302 rs146140548 0.94865
22 39494311 rs139281 0.4982
22 39494473 rs148774203 0.41018000000000004
22 39494881 rs67079788 0.5949
22 39494906 rs74951861 0.060864
22 39494920 rs139282 0.68497
22 39494978 rs139089486 0.1787
22 39495059 rs149891597 0.94629
22 39495115 rs6001430 2.0579e-05
22 39495213 rs6001431 2.3383000000000003e-05
22 39495501 rs56187554 0.50117
22 39495512 rs77582628 2.2739e-05
22 39495563 rs55676315 0.50243
22 39495584 rs139283 0.002232
22 39495609 rs6519169 0.59914
22 39495643 rs151284746 0.94696
22 39495666 rs115502355 0.94814
22 39495670 rs139284 0.5564600000000001
22 39495780 rs139285 0.0021778
22 39495800 rs139286 0.5516800000000001
22 39495870 rs139287 0.55111
22 39495932 rs576716153 0.19418
22 39496016 rs139288 0.5425800000000001
22 39496039 rs551901355 0.96501
22 39496085 rs139289 0.70062
22 39496134 rs139290 0.55219
22 39496199 rs139291 0.55053
22 39496412 rs139294 0.001917
22 39496663 rs11913950 3.3724e-05
22 39496712 rs144786172 0.22471
22 39496715 rs77600583 0.96378
22 39496731 rs139295 0.0016518000000000001
22 39496744 rs11914001 3.3561e-05
22 39496828 rs11913991 1.389e-05
22 39496899 rs56408030 0.61834
22 39496902 rs55887645 3.3187e-05
22 39496922 rs6001432 0.12237999999999999
22 39497006 rs139296 0.72233
22 39497160 rs13055594 0.10485
22 39497181 rs9611092 0.72395
22 39497404 rs139297 0.005645000000000001
22 39497406 rs77993299 0.13515
22 39497412 rs112605061 0.96242
22 39497452 rs139298 0.0026653000000000002
22 39497454 rs139299 0.0023071999999999997
22 39497729 rs547265448 0.71732
22 39497811 rs139301 0.005414199999999999
22 39498038 rs139302 0.0058647
22 39498325 rs139303 0.7046600000000001
22 39498414 rs182726364 0.51505
22 39498496 rs78710950 0.57663
22 39498613 rs115742902 0.1081
22 39498677 rs139305 0.005222999999999999
22 39498699 rs111264862 1.5711e-05
22 39498834 rs139306 0.005219
22 39499072 rs139311 0.0052453000000000005
22 39499170 rs59749439 0.84972
22 39499210 rs5750744 0.15117
22 39499309 rs76437499 0.10001
22 39499369 rs139312 0.0050841
22 39499575 rs139313 0.0052992
22 39499604 rs139314 0.71131
22 39499653 rs139315 0.0045991999999999995
22 39499763 rs139316 0.0045692
22 39499873 rs6001435 0.30244
22 39499902 rs139317 0.005142
22 39500264 rs6001436 0.71272
22 39500282 rs5995674 0.0046508999999999995
22 39500301 rs11912075 0.35049
22 39500575 rs147174276 0.46255
22 39500932 rs139318 0.0047772
22 39501044 rs139319 0.0045203000000000005
22 39501235 rs150579670 0.044367000000000004
22 39501242 rs139321 0.0049356
22 39501285 rs139322 0.0043659
22 39501478 rs139323 0.0045998
22 39501819 rs62228281 0.00019845
22 39501823 rs139324 0.0044738
22 39501880 rs143361196 0.081718
22 39502036 rs146589635 0.91504
22 39502119 rs75562273 0.74458
22 39502135 rs139325 0.0043897
22 39502142 rs149786157 0.091182
22 39502172 rs139326 0.0044222
22 39502189 rs139327 0.0042812
22 39502293 rs143831745 0.21344000000000002
22 39502426 rs148161534 0.9065700000000001
22 39502474 rs59429437 0.16788
22 39502485 rs185820189 0.89236
22 39502695 rs139328 0.0039517
22 39502705 rs138769463 0.65674
22 39503000 rs141150825 0.22666999999999998
22 39503062 rs60607672 0.16243
22 39503457 rs112601462 0.15947
22 39503720 rs528507388 0.2118
22 39503723 rs143429027 0.5667399999999999
22 39503849 rs139330 0.63965
22 39503861 rs112015396 0.084634
22 39503968 rs9622935 0.97467
22 39503988 rs538799231 0.9454100000000001
22 39504316 rs151267611 0.016561000000000003
22 39504405 rs139331 0.65981
22 39504602 rs139332 0.003508
22 39504739 rs183814436 0.41042
22 39505188 rs190307893 0.68829
22 39505222 rs139333 0.013105
22 39505223 rs60912437 0.23804
22 39505232 rs139334 0.0031885999999999998
22 39505333 rs143508949 0.38401
22 39505393 rs139336 0.0028859000000000003
22 39505461 rs139337 0.0029538
22 39505472 rs139338 0.64123
22 39505576 rs141651919 0.6581899999999999
22 39505581 rs139339 0.0032332
22 39505609 rs139340 0.0031273000000000004
22 39505635 rs150087243 0.019697
22 39505654 rs12170793 0.13153
22 39505846 rs11914145 0.8549
22 39506202 rs59728386 0.00033406
22 39506464 rs562703645 0.21456
22 39506582 rs2092409 0.0048286
22 39506976 rs6001442 0.90194
22 39506995 rs144752465 0.7357899999999999
22 39507014 rs79477683 0.90755
22 39507337 rs76722179 0.9126299999999999
22 39507479 rs56105589 0.0012339
22 39507512 rs6001443 0.82637
22 39507556 rs117725632 0.74498
22 39507583 rs139341 0.45366000000000006
22 39507654 rs139342 0.0029914
22 39507685 rs139343 0.0032646
22 39507733 rs139344 0.0055292
22 39507757 rs544039995 0.21473000000000003
22 39507829 rs191171000 0.056969000000000006
22 39507832 rs139346 0.0054957999999999995
22 39507863 rs5995682 0.8714700000000001
22 39507887 rs139347 0.0033286
22 39507896 rs139348 0.0033823
22 39507920 rs35764429 0.0012743000000000001
22 39508150 rs139352 0.50693
22 39508208 rs139353 0.51054
22 39508262 rs144637113 0.053862
22 39508291 rs112680721 0.21454
22 39508327 rs139354 0.50579
22 39508665 rs141756689 0.36365
22 39508932 rs150561093 0.35909
22 39509071 rs6001444 0.1394
22 39509159 rs8135095 1.1326e-05
22 39509351 rs151053606 0.54942
22 39509486 rs556173881 0.94081
22 39509587 rs76500409 7.8867e-06
22 39509689 rs149590394 0.74521
22 39509714 rs147262153 0.74631
22 39509804 rs115200503 0.092892
22 39509866 rs9622950 0.05779600000000001
22 39510000 rs9754377 0.10099
22 39510861 rs1807586 2.1305e-06
22 39510995 rs738469 1.8792e-06
22 39511104 rs112227317 0.22039
22 39511180 rs188337133 0.69694
22 39511434 rs189550319 0.54272
22 39511547 rs7286326 0.22688000000000003
22 39512066 rs190314609 0.1277
22 39512165 rs56277322 4.644e-06
22 39512205 rs78521561 4.6612e-06
22 39512415 rs56347445 4.4791e-06
22 39512431 rs548762090 0.23646
22 39512475 rs139357 0.005307500000000001
22 39512522 rs56135326 4.4407e-06
22 39512571 rs56075836 8.051e-06
22 39512611 rs60597135 4.2829e-06
22 39513123 rs8137055 5.474e-06
22 39513428 rs564856023 0.16927999999999999
22 39513530 rs139358 0.91484
22 39513575 rs75290076 0.20708000000000001
22 39513649 rs116147332 0.14239000000000002
22 39513718 rs115291057 0.14034000000000002
22 39513773 rs113799456 0.14247
22 39513980 rs12160834 0.1302
22 39514151 rs6001445 0.7521399999999999
22 39514163 rs117305379 0.38439
22 39514355 rs1997769 0.11267
22 39514437 rs57603744 0.12154000000000001
22 39514467 rs185037603 0.62048
22 39514688 rs139360 0.0063783
22 39515123 rs181287838 0.54732
22 39515623 rs144375528 0.34385
22 39515702 rs143784742 0.097699
22 39515798 rs139362 0.0057071000000000005
22 39516048 rs146708121 0.98282
22 39516179 rs113050458 0.12410999999999998
22 39516182 rs539454796 0.21536999999999998
22 39516183 rs139363 0.0063736999999999995
22 39516243 rs17000762 0.41366
22 39516310 rs78219746 0.41346000000000005
22 39516359 rs150933251 0.81912
22 39516440 rs17000763 0.16907
22 39516515 rs139364 0.0061867
22 39516568 rs17000765 0.12942
22 39517410 rs75789113 0.23923000000000003
22 39518013 rs139365 0.001103
22 39518315 rs139367 0.0013437000000000002
22 39518325 rs139368 0.001184
22 39518377 rs117620225 0.30198
22 39518938 rs371718200 0.9868600000000001
22 39518943 rs575286908 0.64999
22 39518945 rs542358888 0.6127100000000001
22 39519050 rs139370 0.00017449
22 39519154 rs80051801 0.53586
22 39519196 rs139371 0.00024497
22 39519221 rs56824848 0.23374
22 39519410 rs763422457 0.046095
22 39519411 rs73161593 0.4499
22 39519505 rs752271350 0.98026
22 39519548 rs577464140 0.66604
22 39519712 rs6001447 0.7686
22 39519780 rs139372 0.041188999999999996
22 39520357 rs187668540 0.21141999999999997
22 39520396 rs10427883 0.0077923
22 39520408 rs529601736 0.21283000000000002
22 39520815 rs4821867 0.069503
22 39521528 rs184306722 0.30781
22 39521805 rs56920539 0.59426
22 39521957 rs144048961 0.31636
22 39521987 rs7288344 0.55301
22 39522488 rs139374 3.7723e-09
22 39522600 rs544532600 0.86505
22 39522665 rs139375 8.6181e-11
22 39522768 rs151232307 0.3232
22 39522791 rs116096195 0.10655999999999999
22 39522940 rs79501 1.6478999999999998e-08
22 39523876 22:39523876_T_C 0.32791
22 39523902 rs5757490 0.24138
22 39524131 rs139376 3.0024e-11
22 39525095 rs139715384 0.67132
22 39525791 rs139379 1.9736e-09
22 39525880 rs78188275 0.5023
22 39526063 rs6001449 0.60023
22 39526070 rs5757491 0.012784
22 39526141 rs183099711 0.68403
22 39526174 rs139380 3.7544e-12
22 39526291 rs149678385 0.76978
22 39526296 rs139381 4.0652e-12
22 39526760 rs139382 0.011986
22 39526840 rs569180837 0.084459
22 39527043 rs8136600 0.69442
22 39527300 rs56205032 0.19883
22 39527583 rs79502 7.305399999999999e-13
22 39527790 rs710190 5.217899999999999e-10
22 39527797 rs12166266 0.9675799999999999
22 39527814 rs710191 5.1993e-10
22 39527884 rs34963492 0.012376
22 39527909 rs139383 5.238200000000001e-10
22 39527935 rs139384 6.7923e-13
22 39528280 rs150208006 0.7275
22 39528316 rs56249622 0.43158
22 39528440 rs79503 4.9426e-10
22 39528506 rs5750753 0.22984000000000002
22 39528865 rs73884820 0.25317
22 39529029 rs713841 8.715700000000001e-13
22 39529039 rs138469423 0.35493
22 39529133 rs4820369 0.27059
22 39529429 rs11089928 0.9634
22 39529651 rs12169578 0.23969000000000001
22 39529817 rs55779697 0.026257
22 39530132 rs139385 4.9462e-10
22 39530159 rs56280969 0.59921
22 39530204 rs28620442 0.42201000000000005
22 39530859 rs139386 6.0026e-10
22 39530948 rs544736671 0.67497
22 39531085 rs139387 7.8991e-13
22 39531195 rs192014338 0.74368
22 39531357 rs573437207 0.97457
22 39531636 rs750212620 0.36399000000000004
22 39531732 rs139388 9.181000000000001e-10
22 39531955 rs139389 9.8098e-13
22 39532082 rs184435363 0.8563200000000001
22 39532420 rs713909 9.027100000000001e-10
22 39532518 rs67693995 0.91228
22 39532519 rs73884822 0.34260999999999997
22 39532523 rs73884823 0.13167
22 39532554 rs714016 8.689799999999999e-13
22 39532689 rs76005566 0.5585
22 39532754 rs757433931 0.20027
22 39532825 rs145571256 0.042211
22 39532848 rs113130162 0.69357
22 39532853 rs139390 9.2877e-13
22 39532966 rs186249291 0.044599
22 39533012 rs6001451 0.31916
22 39533272 rs714013 8.769200000000001e-13
22 39533744 rs8140495 0.69386
22 39533956 rs140544970 0.33619
22 39534317 rs183031412 0.68765
22 39535208 rs5757494 0.221
22 39535253 rs73884824 0.20426
22 39535595 rs12170696 0.81935
22 39535601 rs192197706 0.18666
22 39535657 rs149398063 0.30016
22 39535792 rs5757495 0.20131
22 39535830 rs554443618 0.89387
22 39536113 rs73884825 0.80253
22 39536287 rs60471858 0.1614
22 39536289 rs4821869 0.19577999999999998
22 39536544 rs546290128 0.034041
22 39536745 rs6001452 0.59132
22 39536822 rs188469893 0.090305
22 39537168 rs2076476 0.18986
22 39537872 rs9622960 0.7788
22 39537932 rs139393 1.3000000000000001e-12
22 39537966 rs117125511 0.065664
22 39538048 rs150790136 0.26071
22 39538214 rs139394 1.6522e-12
22 39538332 rs9611099 0.21414
22 39538433 rs139395 3.4583e-12
22 39538485 rs139396 1.8490000000000001e-09
22 39538633 rs114692629 0.031592
22 39539048 rs149131188 0.7803399999999999
22 39539268 rs5750754 0.20435
22 39539373 rs9622962 0.8261
22 39539573 rs143408546 0.8937
22 39540020 rs115894802 0.30635
22 39540178 rs147088117 0.7670899999999999
22 39540527 rs56383137 0.82421
22 39540645 rs2235685 0.76893
22 39540803 rs62228283 0.0017175
22 39541014 rs12165612 0.82494
22 39541143 rs5750755 0.19232
22 39541198 rs149238494 0.93604
22 39541398 rs79092618 0.51605
22 39541543 rs114937418 0.9883799999999999
22 39541721 rs192777317 0.8114600000000001
22 39541853 rs186482322 0.99656
22 39541996 rs188992665 0.55472
22 39542108 rs778162879 0.43537
22 39542292 rs877529 4.0052e-09
22 39542392 rs9622963 0.8377399999999999
22 39542422 rs144642720 0.6753
22 39542640 rs148478757 0.84275
22 39542656 rs73884826 0.17817
22 39542894 rs2281258 0.18336
22 39543000 rs73884827 1.0972e-06
22 39543135 rs2143365 0.21481
22 39543328 rs189667834 0.96324
22 39543371 rs139397 1.9348e-12
22 39543546 rs114912855 0.23675
22 39543915 rs115709061 0.9148299999999999
22 39543994 rs114431927 0.6060399999999999
22 39544090 rs11914197 0.26961999999999997
22 39544294 rs2235686 0.20951
22 39544970 rs139398 1.4129e-09
22 39544986 rs540560816 0.5572
22 39545159 rs183348877 0.81191
22 39545325 rs73884828 0.12872
22 39545396 rs139400 1.4912999999999998e-09
22 39545424 rs113770949 0.05745499999999999
22 39545592 rs77832508 0.24025
22 39546067 rs8142647 0.14072
22 39546074 rs139401 2.0684e-09
22 39546145 rs139402 1.9577e-09
22 39546426 rs73884829 0.1569
22 39547021 rs139403 1.5198e-09
22 39547201 rs139404 2.0765999999999996e-09
22 39547215 rs776522533 0.2807
22 39547427 rs10439918 0.7739
22 39547595 rs184799933 0.68739
22 39547687 rs59851943 0.8539200000000001
22 39547962 rs6001455 1.6214999999999998e-09
22 39548027 rs5995688 2.0129e-09
22 39548238 rs116329204 0.09614
22 39548971 rs536626323 0.9857899999999999
22 39549173 rs56806944 0.20156
22 39549246 rs186802406 0.16069
22 39549333 rs56821694 0.20107
22 39549426 rs12158877 1.6510999999999998e-09
22 39549464 rs142673415 0.097966
22 39549526 rs139405 1.7590999999999999e-09
22 39549771 rs74847799 0.14043
22 39549788 rs183365528 0.69253
22 39550172 rs186175585 0.56385
22 39550283 rs573973455 0.64285
22 39550439 rs144307977 0.12305999999999999
22 39551140 rs117926948 0.76777
22 39551253 rs540422423 0.93053
22 39551438 rs118175636 0.76955
22 39551528 rs6001456 0.92984
22 39551555 rs79504 5.2406e-12
22 39551567 rs79505 4.3733e-12
22 39551628 rs79506 1.9632e-09
22 39551660 rs183103417 0.68652
22 39551798 rs139406 2.9886e-09
22 39551806 rs79549377 0.25153000000000003
22 39551894 rs78999276 0.13155999999999998
22 39551989 rs12169390 0.20583
22 39552075 rs139407 2.2009e-09
22 39552509 rs139408 2.8702e-12
22 39552597 rs139410 2.3999e-09
22 39552841 rs183760749 0.69084
22 39552888 rs139411 2.2703e-09
22 39552934 rs150242365 0.82483
22 39553003 rs139412 3.0136e-12
22 39553069 rs189306382 0.9865700000000001
22 39553146 rs373811544 0.68952
22 39553330 rs113694472 4.4131999999999995e-06
22 39553629 rs147985490 0.8163600000000001
22 39553750 rs142321447 0.30333000000000004
22 39553772 rs139413 3.0186000000000003e-09
22 39553819 rs139414 2.0362e-09
22 39553873 rs144918752 0.83768
22 39554177 rs138754084 0.68943
22 39554439 rs6001457 0.82147
22 39554749 rs139416 1.9174e-12
22 39554807 rs139417 0.015156999999999999
22 39555231 rs149382131 0.6694399999999999
22 39555803 22:39555803_A_G 0.14483
22 39555928 rs374657711 0.68876
22 39556332 rs145339959 0.085671
22 39556799 rs11913951 0.47428000000000003
22 39556856 rs5757500 0.20039
22 39557162 rs139418 1.9243e-09
22 39557340 rs139419 1.4974e-09
22 39557414 rs139420 0.029461
22 39557421 rs8136797 0.081118
22 39557596 rs139421 1.6516e-09
22 39557612 rs139422 1.799e-09
22 39557691 rs114941660 0.19137
22 39557694 rs538961913 0.68361
22 39557730 rs139423 1.7992e-09
22 39558015 rs148040733 0.79833
22 39558919 rs5757501 0.24898
22 39558939 rs536642555 0.68742
22 39559015 rs553659184 0.55786
22 39559298 rs139424 3.1477e-12
22 39559377 rs146670832 0.82416
22 39559466 rs59329046 0.25238
22 39559742 rs139425 2.2546e-09
22 39559983 rs145943316 0.81663
22 39560092 rs138777279 0.59525
22 39560312 rs116228991 0.8965200000000001
22 39560340 rs75452534 1.633e-06
22 39560457 rs548978301 0.11314
22 39560592 rs61484824 0.49523999999999996
22 39560666 rs139426 0.00043188
22 39560753 rs60044379 2.4456e-06
22 39560886 rs114928181 0.78862
22 39560963 rs61143188 0.50337
22 39561187 rs181920582 0.93017
22 39561321 rs141402901 0.8561
22 39561479 rs5995689 0.00033983
22 39561527 rs111514996 0.0025566
22 39561528 rs5750758 0.27399999999999997
22 39561707 rs5757502 0.00010332
22 39561744 rs5750759 0.27064
22 39561790 rs190887083 0.29717
22 39561904 rs5757504 6.8783e-05
22 39561924 rs142504288 0.8595299999999999
22 39562197 rs76656832 0.8364
22 39562202 rs5757505 0.26808000000000004
22 39562814 rs147827855 0.16513
22 39562891 rs6001464 0.70294
22 39563208 rs2092410 5.8331e-09
22 39564068 rs143078545 0.99219
22 39564074 rs190536509 0.92804
22 39564267 rs10427866 0.16451
22 39564617 rs146225034 0.40028
22 39564814 rs139090264 0.72987
22 39564925 rs6001465 0.5187
22 39565241 rs5757507 1.4113e-09
22 39565314 rs62228307 0.28718
22 39565547 rs59680031 5.3979e-05
22 39565747 rs73422845 0.84565
22 39565896 rs1003991 3.3622e-09
22 39566187 rs7287790 5.1214e-06
22 39566243 rs73884850 5.396800000000001e-07
22 39566468 rs73884851 5.264500000000001e-07
22 39566559 rs79627873 7.6666e-07
22 39566604 rs141368521 0.50055
22 39566626 rs7287349 1.3115e-05
22 39566728 rs113828830 1.9755e-07
22 39566831 rs11912469 5.4272e-07
22 39566841 rs9306333 1.2834000000000001e-05
22 39566929 rs11912459 6.4319e-07
22 39566978 rs75173951 0.99165
22 39566985 rs11089929 4.4916e-06
22 39567135 rs115749743 0.34619
22 39567373 rs77693853 0.6387
22 39567570 rs535977392 0.47181000000000006
22 39567613 rs59517128 0.34298
22 39567789 rs113174646 1.9236e-07
22 39567910 rs58078575 0.32211999999999996
22 39568012 rs139011985 0.95506
22 39568100 rs79691845 0.9106299999999999
22 39568279 rs112524667 0.9960100000000001
22 39568286 rs6001466 0.3619
22 39568585 rs7288775 7.4977e-07
22 39568590 rs115917582 0.97959
22 39568591 rs7288539 8.167000000000001e-07
22 39568672 rs7288922 2.1796e-07
22 39568771 rs7288822 6.545999999999999e-07
22 39568917 rs145275115 0.57013
22 39568926 rs7290094 5.5165e-06
22 39568990 rs113117630 0.94091
22 39568995 rs12171114 0.36761
22 39569106 rs115513049 0.8337200000000001
22 39569150 rs12171203 3.7281999999999997e-06
22 39569266 rs781137621 0.22930999999999999
22 39569301 rs75828953 3.2616999999999996e-07
22 39569475 rs6001470 5.097399999999999e-10
22 39569500 rs17000815 0.36701999999999996
22 39569632 rs149078637 0.53283
22 39569817 rs117705437 0.97196
22 39570093 rs142886584 0.9299
22 39570145 rs112316220 0.5048
22 39570165 rs76501229 0.11977
22 39570168 rs73884852 9.692900000000001e-07
22 39570229 rs73884853 0.5110100000000001
22 39570230 rs113314301 1.7663000000000001e-07
22 39570404 rs17000818 0.36003
22 39570442 rs17000822 0.36148
22 39570914 rs78589487 1.2164000000000002e-07
22 39571434 rs926544 0.84904
22 39571902 rs76999591 0.017751
22 39571918 rs111538856 0.014806999999999999
22 39572567 rs6001473 0.11355
22 39572598 rs76152274 2.1728999999999998e-07
22 39572650 rs5995691 2.0921000000000003e-06
22 39572889 rs76418186 3.3275999999999997e-07
22 39572946 rs370925419 0.015432
22 39572958 rs17000830 2.0914e-07
22 39573196 rs111303799 3.7812e-07
22 39573724 rs7287160 3.9407e-06
22 39574124 rs76651515 0.86754
22 39574165 rs12170725 0.9339200000000001
22 39574209 rs114035116 0.30104000000000003
22 39574481 rs117362372 0.6484800000000001
22 39574535 rs187179414 0.78047
22 39574642 rs376313199 0.34694
22 39575221 rs12627955 0.0056423
22 39575242 rs115032177 0.37931
22 39575322 rs5757510 0.24266999999999997
22 39575692 rs5750761 0.037579
22 39575848 rs12166894 0.0020319
22 39575873 rs34379659 0.0015841
22 39575900 rs76283604 0.0015683
22 39576323 rs137937128 0.062217999999999996
22 39576336 rs60163078 0.53241
22 39577089 rs62228308 0.5269
22 39577120 rs112990358 0.013538
22 39577285 rs13053430 1.3347000000000001e-05
22 39577471 rs77674834 0.89764
22 39577809 rs62228309 0.40025
22 39577898 rs6001478 0.39433
22 39579449 rs9622966 0.010715
22 39580427 rs146264976 0.9793799999999999
22 39581035 rs80197560 0.7018399999999999
22 39581155 rs116160898 0.08455700000000001
22 39581163 rs115008634 0.08035
22 39581202 rs188774096 0.92145
22 39581215 rs76154187 0.024091
22 39581266 rs75808046 0.97572
22 39581277 rs738470 0.4333
22 39581559 rs115275256 0.6653899999999999
22 39581760 rs77500158 0.52067
22 39581789 rs114220043 0.083297
22 39582311 rs5750762 4.769e-05
22 39582340 rs55781028 0.45755
22 39582509 rs5750763 4.5277e-05
22 39582668 rs5995693 0.011359999999999999
22 39583414 rs116329731 0.9022700000000001
22 39583579 rs80240680 0.9127200000000001
22 39583715 rs115712579 0.09779199999999999
22 39583762 rs7511618 0.40525
22 39583804 rs112437977 0.4064
22 39583854 rs76637764 0.41708999999999996
22 39584057 rs554974094 0.37473
22 39584085 rs4546091 0.40912
22 39584185 rs4438592 0.35944
22 39584246 rs4547628 0.36059
22 39584297 rs62228312 0.36573
22 39584305 rs4389411 0.36938000000000004
22 39584437 rs2413573 0.54775
22 39584446 rs7289146 0.035147000000000005
22 39584652 rs2103672 0.27181
22 39584758 rs1807587 0.40331999999999996
22 39584794 rs141030112 0.77822
22 39584865 rs1807588 0.4004
22 39585075 rs111528308 0.98529
22 39585120 rs738471 0.41133000000000003
22 39585424 rs5750764 0.067991
22 39585922 rs17302926 0.48871000000000003
22 39586097 rs17394169 0.44618
22 39586248 rs17394203 0.43938
22 39586332 rs17394224 0.43298000000000003
22 39586379 rs17303024 0.43096
22 39586458 rs575635070 0.40213000000000004
22 39586508 rs62228314 0.42452
22 39586561 rs62228315 0.39983
22 39586579 rs79238994 0.4145
22 39586580 rs77533948 0.41343
22 39586635 rs6001481 0.64398
22 39586648 rs28501241 0.34573000000000004
22 39586780 rs62228316 0.41233000000000003
22 39587082 rs57021416 0.9423799999999999
22 39587480 rs62228317 0.45633
22 39587844 rs144020532 0.4638
22 39587894 rs185192449 0.12661
22 39587923 rs190084459 0.5139600000000001
22 39588090 rs112034868 0.090286
22 39588460 rs62228318 0.81103
22 39588462 rs76864347 0.054036
22 39588506 rs114963945 0.7541899999999999
22 39588857 rs188396974 0.035555
22 39589127 rs62228319 0.80866
22 39589352 rs5995694 0.84501
22 39589792 rs111402515 0.8074600000000001
22 39589930 rs5750766 7.0571e-05
22 39589976 rs5757515 0.0011512
22 39590080 rs5757516 0.0011325999999999999
22 39590100 rs5750767 0.0011415999999999998
22 39590317 rs35884973 0.0011717000000000001
22 39590330 rs62228320 0.0011792
22 39590343 rs34482091 1.4489000000000001e-05
22 39590354 rs139660268 0.88638
22 39590385 rs6001483 0.0011699000000000002
22 39590517 rs73884873 0.80066
22 39590531 rs2413574 0.0011562999999999999
22 39590621 rs2899314 0.001164
22 39590653 rs4293644 0.0011640999999999997
22 39590754 rs4258897 0.0010668
22 39590886 rs4473495 0.0011265999999999997
22 39590915 rs4420796 5.8547e-08
22 39591241 rs5757522 0.0011346
22 39591402 rs5757523 0.0011272
22 39591681 rs553398797 0.46538
22 39591922 rs12484357 0.00114
22 39591998 rs5757524 0.0011220000000000002
22 39592109 rs5757525 0.0011109000000000002
22 39592131 rs5757526 7.0508e-05
22 39592181 rs5750769 0.11355
22 39592254 rs5757527 0.001123
22 39592281 rs5757528 0.0011321
22 39592304 rs5757529 0.001135
22 39592628 rs112577309 0.90217
22 39592643 rs6001486 0.71559
22 39592832 rs5757530 0.0011159
22 39592838 rs112245779 0.9046
22 39592868 rs566805219 0.37601999999999997
22 39592974 rs12170488 0.08089500000000001
22 39593095 rs5757532 0.00088432
22 39593405 rs149681550 0.4408
22 39593565 rs144449015 0.96225
22 39593625 rs116929018 0.43368
22 39593810 rs115446108 0.70235
22 39593935 rs6001489 0.84225
22 39594562 rs147638021 0.9638200000000001
22 39594580 rs6001490 0.8092
22 39594740 rs6001491 0.0012863
22 39595018 rs5757533 0.0013003000000000001
22 39595062 rs5757534 0.0012823
22 39595105 rs140996272 0.9557
22 39595106 rs150210284 0.11395
22 39595117 rs138733570 0.97762
22 39595152 rs5757535 0.0013069000000000002
22 39595160 rs5757536 0.00128
22 39595187 rs534053638 0.29094000000000003
22 39595188 rs186450848 0.82406
22 39595213 rs5757537 0.0012725999999999998
22 39595868 rs5995695 0.0012952
22 39595920 rs77806631 0.9931
22 39596026 rs10854718 0.0011466
22 39596289 rs62228334 0.8002199999999999
22 39596349 rs10775749 0.0011722000000000002
22 39596567 rs183025786 0.5624100000000001
22 39596574 rs150738608 0.9993
22 39596634 rs5757538 0.0011014000000000002
22 39596704 rs5757539 0.0011977000000000001
22 39596953 rs78649044 0.90649
22 39597239 rs5995696 0.029802999999999996
22 39597338 rs5757542 0.0012742
22 39597351 rs567831895 0.54125
22 39597381 rs5995697 0.001285
22 39597438 rs5757543 0.0012613
22 39597459 rs115873463 0.61888
22 39597465 rs5757544 0.0011695
22 39597488 rs5757545 0.0012644
22 39597642 rs79576515 0.094707
22 39597717 rs77254166 0.5090899999999999
22 39597742 rs55832739 0.9178700000000001
22 39597763 rs184904844 0.9282600000000001
22 39597922 rs138175670 0.78376
22 39598589 rs149400410 0.7046399999999999
22 39598720 rs73163463 0.73288
22 39598756 rs79919582 0.82109
22 39599301 rs2064309 0.8632200000000001
22 39599745 rs5757546 0.0024924
22 39599944 rs5757547 0.0032597
22 39599949 rs141193191 0.76627
22 39600109 rs5757548 0.00031309
22 39600476 rs28678132 0.3085
22 39600479 rs4821871 0.09246900000000001
22 39600571 rs115711160 0.001761
22 39600627 rs60189334 0.012572
22 39600649 rs56226863 0.012592
22 39600651 rs4821872 0.098356
22 39600665 rs77418518 0.48522
22 39601071 rs542044777 0.382
22 39601089 rs191758308 0.8503799999999999
22 39601219 rs5757550 0.053915
22 39601374 rs189048232 0.6947399999999999
22 39601380 rs5757551 0.052330999999999996
22 39601404 rs77379297 0.1477
22 39601466 rs5757552 0.051744000000000005
22 39601495 rs78588924 0.93232
22 39601697 rs1569646 0.052578
22 39601747 rs77316180 0.8288399999999999
22 39601811 rs1569647 0.051412
22 39601860 rs1569648 0.051085000000000005
22 39602038 rs2413575 0.05101
22 39602134 rs2413576 0.051102
22 39602321 rs2413579 0.050512
22 39602436 rs2413580 0.051333000000000004
22 39602518 rs742502 0.051335000000000006
22 39602562 rs548630240 0.46623000000000003
22 39602968 rs5750772 0.067253
22 39603285 rs117848336 0.34789000000000003
22 39603384 rs13058433 0.057036
22 39603460 rs112500817 0.97898
22 39603929 rs5757556 0.058013999999999996
22 39604023 rs75022208 0.86839
22 39604208 rs113532058 0.8746200000000001
22 39604438 rs713980 0.057880999999999995
22 39604442 rs713981 0.057829
22 39604499 rs738468 0.053935000000000004
22 39604516 rs112931952 0.2446
22 39604674 rs529978906 0.061087999999999996
22 39604799 rs2006007 0.044502
22 39604847 rs5757557 0.04212
22 39604906 rs2006008 0.041462
22 39605007 rs2413581 0.041093
22 39605158 rs5757558 0.00021905
22 39605290 rs2050142 0.00021825
22 39605400 rs909956 0.042015
22 39605749 rs2050143 0.00021181
22 39605755 rs56310790 0.0055549
22 39606071 rs5757559 0.00019945
22 39606318 rs5757560 0.00020317
22 39606445 rs12162663 0.00020548
22 39606485 rs12162673 0.00020568
22 39606501 rs12162740 0.00020545
22 39606694 rs6001497 0.00019989
22 39606751 rs142583962 0.8578600000000001
22 39607034 rs56059801 0.147
22 39607075 rs5750775 0.00021042
22 39607103 rs113773853 0.7641100000000001
22 39607133 rs6001500 0.00019994
22 39607572 rs140688202 0.35839
22 39608080 rs12484719 0.00018045
22 39608193 rs12484710 0.00019207
22 39608263 rs184670928 0.53399
22 39608298 rs7286961 0.00018602
22 39608300 rs7286712 0.00018588
22 39608472 rs5757561 0.00018383
22 39608658 rs5757562 0.00017682
22 39608704 rs5757563 0.00018573
22 39608733 rs5750776 0.00018109
22 39608807 rs5757564 0.00018699
22 39608904 rs5757565 0.00019949
22 39608997 rs5757566 0.00021509
22 39609009 rs130660 0.14107999999999998
22 39609131 rs75132039 0.012739
22 39609515 rs12485173 0.00020582
22 39609532 rs135177 0.15143
22 39609751 rs130659 0.040006
22 39610372 rs76689915 0.9412299999999999
22 39610439 rs130658 0.31271
22 39610647 rs130657 0.038451
22 39610858 rs73884881 0.057461
22 39611127 rs80090234 0.030538
22 39611453 rs135176 0.039138
22 39611712 rs7285679 0.85051
22 39611961 rs143342271 0.84615
22 39612084 rs135175 0.13441
22 39612110 rs114927436 0.95339
22 39612420 rs75157212 0.14494
22 39612457 rs115691281 0.8983899999999999
22 39612517 rs5750777 0.00021477
22 39612699 rs130655 0.044601999999999996
22 39612945 rs142920752 0.98103
22 39613097 rs151077951 0.0035453000000000004
22 39613256 rs139521356 0.0034516999999999994
22 39613362 rs143236197 0.83941
22 39613933 rs149098200 0.86646
22 39614684 rs550621965 0.34897
22 39614853 rs146505360 0.36033000000000004
22 39615121 rs75279419 4.3016000000000003e-07
22 39615317 rs2040399 0.12745
22 39615857 rs117138710 0.008557799999999999
22 39615894 rs56791680 0.97357
22 39615960 rs12484319 0.54811
22 39616534 rs568518807 0.8653700000000001
22 39616576 rs536510745 0.63505
22 39616878 rs116540704 0.0060046000000000006
22 39616912 rs544192508 0.042226
22 39617481 rs182589947 0.047649000000000004
22 39617702 rs6001508 0.03739
22 39617876 rs9607623 0.033569999999999996
22 39618025 rs77876076 0.59011
22 39618289 rs111871433 0.8374799999999999
22 39619028 rs116934744 0.37003
22 39619497 rs114450038 0.70399
22 39619802 rs555216272 0.57172
22 39619814 rs56031201 0.075624
22 39619897 rs9611110 0.67088
22 39620002 rs9611112 0.68895
22 39620265 rs115948772 0.7943100000000001
22 39620628 rs114967981 0.14051
22 39620641 rs56133813 0.0032579
22 39620862 rs139775423 0.18206
22 39620900 rs190810375 0.18023
22 39620928 rs116011535 0.18167
22 39620980 rs114630100 0.15139
22 39620997 rs183030207 0.5203300000000001
22 39621073 rs17000897 0.0034335
22 39621081 rs115727092 0.14001
22 39621342 rs7289923 0.18098
22 39621545 rs112181258 0.14834
22 39621579 rs113867122 0.13318
22 39621797 rs35978693 0.13335
22 39621819 rs114786489 0.91312
22 39621893 rs113656523 0.098963
22 39622058 rs2285099 0.014773
22 39622096 rs73163486 0.6948
22 39622290 rs577290108 0.23644
22 39622334 rs2285097 0.016013
22 39622390 rs2285096 0.015300999999999999
22 39622491 rs528153679 0.39976
22 39622541 rs2285095 0.015038
22 39622560 rs2285094 0.015756
22 39622697 rs141181032 0.9110799999999999
22 39622711 rs4990914 0.01347
22 39622712 rs4990915 0.013463999999999999
22 39622836 rs4990916 0.014587000000000001
22 39622837 rs4990917 0.01462
22 39622939 rs4990918 0.013712
22 39622940 rs4990919 0.5977399999999999
22 39622986 rs4990920 0.61719
22 39622991 rs4990921 0.013993
22 39623025 rs113960018 0.029608
22 39623113 rs4990922 0.015813999999999998
22 39623114 rs145541184 0.8075600000000001
22 39623389 rs2003809 0.017802000000000002
22 39623391 rs190073591 0.72072
22 39623558 rs115528273 0.27204
22 39623725 rs4416326 0.00065499
22 39623779 rs9611115 0.015778
22 39623812 rs9607624 0.015623
22 39623888 rs140494277 0.93304
22 39624052 rs9611116 0.016146999999999998
22 39624105 rs9611117 0.015478
22 39624212 rs9611118 0.015181
22 39624238 rs5757570 0.00069906
22 39624248 rs9611119 0.015649
22 39624498 rs9611120 0.015597999999999999
22 39625012 rs138873067 0.94747
22 39625068 rs9622978 0.016103
22 39625221 rs9611122 0.015909
22 39625320 rs9611123 0.015841
22 39625509 rs771726410 0.30468
22 39625676 rs2285100 0.010137
22 39625726 rs12159388 0.77837
22 39625959 rs117772734 0.71616
22 39626024 rs2239769 0.014921
22 39626375 rs4821874 0.40796
22 39626419 rs2239768 0.014273
22 39626542 rs117102928 0.64717
22 39626572 rs13053714 0.0014042999999999998
22 39626823 rs4821875 0.015588
22 39626890 rs554921406 0.019418
22 39626926 rs4821876 0.014559
22 39627077 rs117246316 0.27299
22 39627271 rs12157563 0.8583200000000001
22 39627630 rs55634318 0.74845
