CHR BP SNP P
11 8669159 rs116286752 0.31458
11 8669242 rs114901518 0.85398
11 8669437 rs10840100 6.4279e-05
11 8669510 rs78482760 0.88779
11 8669694 rs35319120 3.3165e-08
11 8669923 rs150760704 0.76481
11 8670172 rs7950801 0.88028
11 8670331 rs7106755 0.49276000000000003
11 8670343 rs116596625 0.96767
11 8670517 rs74053014 0.75321
11 8670747 rs7939673 3.0031e-08
11 8670776 rs35904890 0.36341
11 8670812 rs182686320 0.33116
11 8671136 rs778080107 0.48346000000000006
11 8671137 rs749606119 0.74334
11 8671218 rs776174135 0.6623899999999999
11 8671369 rs10840101 0.064845
11 8671547 rs10769938 3.2518e-08
11 8671588 rs114860161 0.8618299999999999
11 8671776 rs138648207 0.64079
11 8671997 rs115695971 0.61602
11 8672111 rs116291856 0.64917
11 8672260 rs115041135 0.56352
11 8672340 rs78276861 0.85346
11 8672472 rs184453924 0.88864
11 8672600 rs189334211 0.14147
11 8672969 rs558637890 0.66947
11 8673475 rs775406020 0.31232
11 8673716 rs78737968 0.11955999999999999
11 8673729 rs763856691 0.082561
11 8673735 rs181654225 0.64344
11 8673939 rs4256980 6.551300000000001e-05
11 8674049 rs7123627 0.78445
11 8674200 rs7123873 0.91663
11 8674381 rs186059608 0.8690100000000001
11 8674654 rs76023987 0.025052
11 8675011 rs7942340 0.8489399999999999
11 8675066 rs7930642 0.8488600000000001
11 8675086 rs4929928 5.4229e-05
11 8675282 rs190333790 0.14932
11 8675328 rs118143986 0.024819
11 8675475 rs11042025 3.0549e-08
11 8676088 rs553647935 0.67815
11 8676089 rs184031898 0.75485
11 8676133 rs536014203 0.059569000000000004
11 8676184 rs76600773 0.5562699999999999
11 8676238 rs10840102 2.6202000000000002e-08
11 8676288 rs73408102 0.58386
11 8676440 rs72856558 0.015949
11 8676465 rs188719188 0.9336
11 8676582 rs150385195 0.8819100000000001
11 8676639 rs112575617 0.98895
11 8676725 rs113960211 0.28949
11 8676788 rs567182769 0.65017
11 8677031 rs141607996 0.017806
11 8677063 rs7941510 3.0739e-08
11 8677185 rs7950528 6.1801e-05
11 8677188 rs538455451 0.71328
11 8677201 rs34867877 7.6488e-05
11 8677367 rs185282082 0.37226
11 8677848 rs747797476 0.064528
11 8677877 rs554225645 0.65504
11 8677892 rs79215488 0.0040514
11 8678276 rs182329689 0.36896
11 8678514 rs189567763 0.82384
11 8678632 rs114839797 0.48789
11 8678756 rs885114 2.2480000000000003e-08
11 8678868 rs114036110 0.87379
11 8678991 rs116380759 0.8761899999999999
11 8679016 rs2316901 5.142e-05
11 8679106 rs77250884 0.062837
11 8679157 rs565771587 0.4371
11 8679546 rs16938564 0.31717
11 8679604 rs544694109 0.68657
11 8680084 rs112096207 0.0013555
11 8680097 rs148939556 0.32631
11 8680381 rs79413888 0.50872
11 8680816 rs114142211 0.44688999999999995
11 8680885 rs11042026 7.324899999999999e-10
11 8680891 rs4291677 2.6619e-08
11 8681438 rs61875912 0.43009
11 8681441 rs192899191 0.10672999999999999
11 8682018 rs1502317 2.8144e-08
11 8682465 rs10840103 0.6087
11 8682639 rs77945468 0.021134
11 8682979 rs550281505 0.59115
11 8683071 rs78285579 0.97705
11 8683585 rs539031204 0.1489
11 8683625 rs140206101 0.69468
11 8683639 rs10769939 7.0463e-05
11 8683759 rs144063818 0.44585
11 8684037 rs147319775 0.74333
11 8684051 rs1502316 0.56928
11 8684134 rs75780186 0.30965
11 8684538 rs75033840 0.021672999999999998
11 8685352 rs78323932 0.90249
11 8685393 rs4272783 2.7685e-08
11 8685451 rs11042027 0.21936999999999998
11 8685648 rs7933556 0.8875299999999999
11 8685685 rs7118611 2.9328e-08
11 8686068 rs11042028 1.0022000000000001e-09
11 8686847 rs7106264 0.88986
11 8687353 rs554949419 0.54102
11 8687642 rs192429279 0.20555
11 8687705 rs4495896 2.6906e-08
11 8687710 rs7110529 2.8782999999999997e-08
11 8687819 rs150093066 0.9017200000000001
11 8688016 rs7113874 4.8493999999999993e-05
11 8688125 rs11042029 1.7176e-08
11 8688127 rs530727920 0.7488600000000001
11 8688291 rs114009276 0.8881399999999999
11 8688319 rs56321966 0.86049
11 8688922 rs12364516 0.21499000000000001
11 8688998 rs117989651 0.25249
11 8689200 rs76683401 0.8876
11 8689247 rs142689023 0.098148
11 8689336 rs7126235 5.0826000000000004e-05
11 8689429 rs75676708 0.7196
11 8689514 rs75744729 0.02833
11 8690112 rs117488032 0.026162
11 8690257 rs10840104 2.9938e-08
11 8690390 rs769291234 0.62052
11 8690618 rs187291530 0.19271
11 8690718 rs11042030 7.053799999999999e-08
11 8690772 rs12285011 0.8356399999999999
11 8691012 rs12271470 2.3707e-08
11 8691094 rs116112207 0.9371
11 8691144 rs140046218 0.86751
11 8691719 rs140356246 0.97151
11 8691720 rs149934556 0.18105
11 8691811 rs7101911 0.024199000000000002
11 8691848 rs116280420 0.9650299999999999
11 8692339 rs36092927 3.7979000000000003e-05
11 8692566 rs79052020 0.023207
11 8692955 rs78022088 0.80793
11 8693290 rs146920368 0.48815
11 8694073 rs12575252 3.3864e-05
11 8694248 rs138292109 0.90223
11 8694713 rs149612715 0.58597
11 8694716 rs530801328 0.12286
11 8694726 rs57012665 0.16266
11 8694830 rs10128597 6.5686e-09
11 8694882 rs72856576 0.36349000000000004
11 8694998 rs140053246 0.29465
11 8694999 rs7121168 0.021938
11 8695046 rs116917741 0.98816
11 8695133 rs141962701 0.00077078
11 8695211 rs114733189 0.58092
11 8695376 rs117184436 0.36591999999999997
11 8695472 rs7118686 0.021546
11 8695520 rs117605558 0.024839
11 8695687 rs113119137 0.7794
11 8695990 rs7122232 0.9003200000000001
11 8696527 rs188847852 0.48427
11 8696872 rs11042032 0.0013658
11 8697005 rs576929273 0.3106
11 8697054 rs11042033 0.06564099999999999
11 8697135 rs191523727 0.6351899999999999
11 8697227 rs11042034 0.026219
11 8697372 rs146936826 0.021347
11 8698067 rs143841252 0.6943
11 8698328 rs3942866 0.046532
11 8698451 rs138874789 0.72013
11 8698630 rs542937878 0.97514
11 8698909 rs777173591 0.27742
11 8699225 rs2036423 0.011396
11 8699294 rs12273403 0.74157
11 8699414 rs764214318 0.53884
11 8699662 rs10840105 1.8846000000000001e-06
11 8700158 rs4520599 0.81223
11 8700167 rs1875568 0.00013056
11 8700284 rs11042035 4.1256999999999995e-05
11 8700326 rs118169339 0.008727200000000001
11 8700327 rs11042036 0.0083216
11 8700660 rs74055103 0.83039
11 8701002 rs549490204 0.59019
11 8701129 rs75015732 0.7279899999999999
11 8701607 rs77374023 0.7288399999999999
11 8701836 rs10840106 3.6952999999999996e-06
11 8701888 rs12363135 0.20739000000000002
11 8702016 rs61045588 0.8871899999999999
11 8702036 rs78966200 0.052934
11 8702073 rs112369934 0.26486
11 8702142 rs10840107 0.10947
11 8702213 rs77663712 0.2959
11 8702229 rs11042037 0.20262
11 8702469 rs10769940 0.0001616
11 8702473 rs181214519 0.45376000000000005
11 8702575 rs117631225 0.28622
11 8702726 rs59752192 0.6076199999999999
11 8702733 rs11042038 0.0076684
11 8702809 rs55931237 0.63953
11 8702950 rs374264891 0.016725999999999998
11 8702975 rs529277729 0.33799999999999997
11 8703431 rs114328093 0.57803
11 8703433 rs766005649 0.50869
11 8703941 rs10840108 0.096484
11 8703955 rs145631877 0.36065
11 8703987 rs116358005 0.44545
11 8704038 rs76178622 0.77115
11 8704039 rs10840109 0.30084
11 8704091 rs10840110 0.28964
11 8704302 rs200312442 0.24485
11 8704329 rs80106507 0.75148
11 8704346 rs199996172 0.54285
11 8704384 rs143278201 0.25536
11 8704398 rs189117738 0.43298000000000003
11 8704641 rs75984823 0.16652
11 8704711 rs3365 0.56888
11 8704718 rs142988643 0.36361
11 8704965 rs2073684 2.7706e-06
11 8705162 rs75651224 0.8524700000000001
11 8705257 rs34010112 0.17935
11 8705312 rs563468490 0.36982
11 8705480 rs7951084 0.004408100000000001
11 8705528 rs61875926 0.0046984999999999996
11 8705539 rs199517409 0.88475
11 8705993 rs567756662 0.92885
11 8706056 rs569924781 0.3289
11 8706406 rs4670 0.24181999999999998
11 8706628 rs2073685 0.0058373999999999995
11 8706636 rs143988471 0.1368
11 8706639 rs77786762 0.23892
11 8707083 rs2073686 0.0067268
11 8707147 rs74055106 0.28856
11 8707233 rs6735 0.0054215
11 8707404 rs371505842 0.14336
11 8707719 rs112745188 0.53527
11 8708160 rs74735701 0.84457
11 8708477 rs546910066 0.058067999999999995
11 8708527 rs35957960 0.006046800000000001
11 8708654 rs61685207 0.2685
11 8708781 rs142931735 0.7184699999999999
11 8708804 rs534109771 0.62603
11 8708893 rs151097261 0.43651
11 8708960 rs115347301 0.47326
11 8708989 rs7925000 0.10855
11 8709241 rs7945657 0.0056052
11 8709337 rs2036422 1.8259e-06
11 8709551 rs10840111 0.005597100000000001
11 8709628 rs138213023 0.5768300000000001
11 8709687 rs184238362 0.53562
11 8709715 rs113826612 0.5430699999999999
11 8709722 rs76595323 0.46568999999999994
11 8710112 rs568324243 0.14981
11 8710244 rs10769941 6.3365e-05
11 8710511 rs10840112 1.7965999999999999e-06
11 8710607 rs117603983 0.0024968000000000004
11 8711740 rs74055109 0.2531
11 8712173 rs75868796 0.7397
11 8712779 rs117098258 0.15777
11 8713215 rs116537867 0.66898
11 8713580 rs7933677 0.25343000000000004
11 8713651 rs7941844 0.20838
11 8713727 rs111228483 0.20826
11 8713806 rs35330493 0.00954
11 8714138 rs11042041 2.1852000000000003e-06
11 8714198 rs79600575 0.3066
11 8714275 rs35104495 3.839700000000001e-06
11 8714278 rs114181415 0.57176
11 8714300 rs188526561 0.36444
11 8714325 rs4929908 0.0020723000000000004
11 8714861 rs145929768 0.4202
11 8714940 rs572946948 0.15667999999999999
11 8715074 rs79050107 0.28672
11 8715275 rs3751072 0.034388
11 8715892 rs78115107 0.9225200000000001
11 8716165 rs117118858 0.061239999999999996
11 8716284 rs188794056 0.28575
11 8716285 rs140928568 0.83696
11 8716968 rs2270955 0.17925
11 8717003 rs2270956 8.5847e-05
11 8717290 rs551610555 0.54002
11 8717607 rs2134309 5.5781999999999995e-05
11 8717795 rs148622300 0.44298999999999994
11 8717996 rs143547948 0.5679
11 8718575 rs145487593 0.5687800000000001
11 8718658 rs541098523 0.21354
11 8718674 rs59942149 0.8683799999999999
11 8718941 rs114265331 0.52518
11 8719262 rs75105504 0.00271
11 8719615 rs10840113 8.5969e-05
11 8719644 rs537106470 0.13943
11 8719955 rs4929930 0.012239
11 8719997 rs35126830 0.0093501
11 8720740 rs60449221 0.90348
11 8721082 rs79647539 0.27185
11 8721100 rs149246995 0.8547100000000001
11 8721105 rs78184392 0.23049
11 8721123 rs74716282 0.27513000000000004
11 8721160 rs113674580 0.25163
11 8722144 rs538486062 0.50743
11 8722217 rs529921275 0.76364
11 8722325 rs7105248 0.00016771
11 8722440 rs147532882 0.7903899999999999
11 8722621 rs7123653 1.343e-05
11 8722985 rs184768053 0.089885
11 8723058 rs57312436 0.91999
11 8723071 rs188048565 0.12630999999999998
11 8723431 rs12290299 0.7700899999999999
11 8723500 rs116345325 0.75307
11 8723563 rs10769942 6.5411e-07
11 8723574 rs10769943 8.4993e-07
11 8723749 rs79651315 0.17552
11 8723826 rs115156660 0.4402
11 8724191 rs113126215 0.76254
11 8724325 rs73410009 0.30491
11 8724333 rs181593798 0.048711000000000004
11 8724455 rs143411658 0.13644
11 8724554 rs74055113 0.9174
11 8724571 rs10769944 0.012933000000000002
11 8725268 rs7928370 0.00025479
11 8725583 rs142365775 0.3115
11 8725626 rs7940366 2.9101e-06
11 8726071 rs74055115 0.32595999999999997
11 8726103 rs144176846 0.96911
11 8726275 rs146519621 0.0028703
11 8726459 rs113691233 0.18520999999999999
11 8726712 rs76667021 0.6202
11 8726736 rs143520973 0.076856
11 8727174 rs76868749 0.24954
11 8727609 rs112435381 0.030938999999999998
11 8727697 rs7108849 6.2113e-07
11 8727827 rs7115086 0.9144200000000001
11 8727923 rs114706465 0.24181
11 8727959 rs72858217 0.16072999999999998
11 8728229 rs77786559 0.00046328
11 8728869 rs79094992 0.26686
11 8729057 rs3752849 0.14399
11 8729276 rs80340218 0.27297
11 8729421 rs116131401 0.22924
11 8729449 rs201882001 0.54793
11 8729625 rs7935091 0.9195399999999999
11 8729851 rs117295970 0.54466
11 8730167 rs11042044 0.6459699999999999
11 8730633 rs7117300 3.7876e-07
11 8731138 rs750209597 0.84759
11 8731752 rs117396370 0.7332
11 8731778 rs769932480 0.8264
11 8732965 rs118142343 0.29884
11 8733065 rs11820703 0.84975
11 8733639 rs114959446 0.7776
11 8733738 rs114553571 0.019778999999999998
11 8733763 rs4929909 0.1379
11 8733969 rs147779319 0.98535
11 8734140 rs112354780 0.17615
11 8734260 rs61756193 0.49556999999999995
11 8734285 rs115598488 0.46935
11 8734934 rs182024873 0.68926
11 8735662 rs931756 1.486e-06
11 8735945 rs12420824 0.75889
11 8736041 rs117144548 0.10201
11 8736046 rs931757 0.7091
11 8736468 rs554026806 0.69376
11 8736679 rs61875929 0.90394
11 8736695 rs10840114 2.903e-10
11 8737389 rs76303325 0.11868
11 8737481 rs884188 0.64126
11 8737595 rs1104773 0.17747000000000002
11 8737671 rs1104774 0.25194
11 8737724 rs4061049 0.17615
11 8737750 rs4061048 0.21941
11 8738248 rs1104772 0.94086
11 8738365 rs140485240 0.2269
11 8738382 rs144342326 0.93375
11 8738500 rs117746981 0.004346899999999999
11 8738532 rs871676 9.759e-05
11 8738843 rs871677 0.73601
11 8739219 rs140095881 0.50656
11 8739379 rs145864147 0.35012
11 8739491 rs144526641 0.97277
11 8739821 rs56797102 0.76443
11 8740564 rs138100770 0.87782
11 8740634 rs147215227 0.31189
11 8741672 rs78137796 0.012666
11 8742521 rs57212881 0.47211000000000003
11 8742781 rs773481268 0.047568
11 8743419 rs115492695 0.33247
11 8743458 rs562401316 0.41057
11 8743579 rs1910146 0.68838
11 8744017 rs145088338 0.041316000000000005
11 8744219 rs7105372 3.1231999999999995e-05
11 8744250 rs567383821 0.16265
11 8744300 rs143698800 0.3468
11 8744375 rs117734282 0.001999
11 8744539 rs769713996 0.7647
11 8744648 rs61875931 3.0123000000000003e-05
11 8745008 rs56980703 0.90864
11 8745055 rs4300398 0.82589
11 8745081 rs4370937 0.00031067
11 8745149 rs1393382 0.94925
11 8745203 rs77558048 0.0479
11 8745413 rs117582149 0.12879000000000002
11 8745711 rs4390341 2.3593e-14
11 8746170 rs114860071 0.7148399999999999
11 8746684 rs4929931 5.5652e-07
11 8747609 rs142344349 0.67453
11 8747822 rs7128811 0.0030565
11 8747977 rs7110224 0.014671
11 8748045 rs146305008 0.66913
11 8748142 rs566937099 0.36596
11 8748490 rs10769946 0.8582700000000001
11 8749736 rs117899564 0.94524
11 8750113 rs114365852 0.67255
11 8750553 rs11042052 7.403600000000001e-05
11 8750577 rs75175581 0.70621
11 8750669 rs182239495 0.82235
11 8751479 rs11042053 0.013947
11 8751640 rs3812762 8.0489e-08
11 8751746 rs80010688 0.47886000000000006
11 8751889 rs3794153 1.6938e-14
11 8752380 rs148990882 0.67907
11 8752598 rs61751342 6.3983e-06
11 8752760 rs182856766 0.45929
11 8752784 rs375888687 0.96826
11 8752999 rs143936573 0.076188
11 8753305 rs192396913 0.39981
11 8753455 rs78750346 0.5765899999999999
11 8753552 rs905289 8.7895e-07
11 8753648 rs60619855 0.51983
11 8753717 rs6484007 0.00011502
11 8753729 rs905290 1.419e-15
11 8753948 rs562260098 0.74925
11 8754031 rs7952335 2.6203e-07
11 8754148 rs6484008 2.6222e-07
11 8754559 rs72858243 0.00030131
11 8755588 rs16938636 0.69535
11 8756553 rs138606430 0.27126999999999996
11 8756856 rs11042055 1.9043e-15
11 8757577 rs72858249 0.023343
11 8757900 rs74053134 0.59114
11 8758026 rs11042056 0.016406
11 8758114 rs10769947 8.2454e-16
11 8758309 rs184236435 0.094316
11 8758344 rs117602024 0.30356
11 8758420 rs192912331 0.5874199999999999
11 8759027 rs72858253 0.5502
11 8759162 rs140868971 0.04058
11 8759163 rs75249858 0.1203
11 8759547 rs140336296 0.68045
11 8759610 rs76437692 0.22775
11 8759715 rs75631054 0.17343
11 8759795 rs60501641 0.19341
11 8760078 rs76247475 0.18836
11 8760156 rs10840115 3.1611e-05
11 8760243 rs565369152 0.015642
11 8760905 rs142026498 0.06714400000000001
11 8761087 rs147323184 0.11033
11 8761782 rs10769948 3.079e-16
11 8762162 rs12296005 0.038931
11 8762523 rs546005368 0.73605
11 8762643 rs192990867 0.12891
11 8763109 rs74053135 0.7007
11 8763228 rs72858257 0.037186000000000004
11 8763415 rs145409456 0.88926
11 8763549 rs188029180 0.6674
11 8763561 rs1875567 0.64928
11 8763815 rs11042058 4.8443e-08
11 8764002 rs4403807 0.16733
11 8764958 rs75662286 0.57836
11 8765117 rs10840116 2.5838e-10
11 8765202 rs16938637 0.77762
11 8765300 rs181519295 0.25489
11 8765660 rs143539190 0.2393
11 8765932 rs139375971 0.40039
11 8766343 rs74053138 0.53983
11 8767027 rs12226180 0.73941
11 8767163 rs78178266 0.3945
11 8767301 rs182266885 0.5877399999999999
11 8767748 rs74053139 0.29525999999999997
11 8768410 rs572717571 0.62571
11 8768647 rs17330190 0.0099402
11 8769071 rs184243023 0.6731
11 8769097 rs7120004 7.7389e-08
11 8769207 rs16905630 0.26877
11 8769273 rs56388022 0.5745
11 8769298 rs139370630 0.81675
11 8769318 rs769767798 0.6865100000000001
11 8769359 rs75410285 0.21291999999999997
11 8769440 rs116794194 0.38877
11 8769526 rs78182154 0.13723
11 8769593 rs2055462 0.70898
11 8770113 rs16905637 0.29529
11 8770139 rs144288088 0.4029
11 8770555 rs141972997 0.24361999999999998
11 8770759 rs189806485 0.48118
11 8770837 rs80066389 0.27865
11 8771054 rs78575614 0.27758
11 8771087 rs74053141 0.53715
11 8772367 rs77860546 0.25034
11 8772571 rs186554242 0.69609
11 8772573 rs57145477 0.53467
11 8772574 rs59314560 0.53467
11 8772812 rs10734636 3.029e-08
11 8772813 rs760124334 0.98825
11 8772854 rs61875934 0.049222
11 8773031 rs150236605 0.33581
11 8773136 rs192440313 0.58541
11 8773538 rs60980006 0.53482
11 8773555 rs57208947 0.29165
11 8773824 rs138264781 0.79927
11 8773869 rs142715491 0.26549
11 8773976 rs7944777 0.53518
11 8774213 rs77259679 0.27446
11 8774465 rs7945378 0.53454
11 8774923 rs10743086 2.3672e-05
11 8775419 rs10160684 4.5198e-07
11 8775974 rs558355889 0.4733
11 8776173 rs72858268 0.6291399999999999
11 8776312 rs180928900 0.17025
11 8776693 rs75156496 0.34886
11 8776700 rs10769952 9.866699999999999e-08
11 8776794 rs115272295 0.27924
11 8777393 rs7949286 0.6058600000000001
11 8777408 rs34524863 9.0457e-09
11 8777654 rs72858272 0.60244
11 8777789 rs4929934 9.4748e-08
11 8777878 rs75556292 0.5484100000000001
11 8778047 rs143383342 0.45253999999999994
11 8778077 rs2173999 9.0605e-09
11 8778186 rs72858278 0.00035482
11 8778352 rs10769953 3.6892e-08
11 8778787 rs116063342 0.063967
11 8779172 rs1079452 9.999900000000001e-08
11 8779759 rs74053166 0.5332600000000001
11 8779944 rs114496515 0.83735
11 8780632 rs78392113 0.041644
11 8781458 rs117954710 0.14107
11 8782195 rs74053168 0.28368000000000004
11 8782270 rs59619952 0.9522299999999999
11 8782351 rs149864039 0.9658399999999999
11 8782429 rs75632991 0.27349
11 8782444 rs35670750 8.1151e-09
11 8782520 rs34599227 2.6587e-10
11 8782728 rs74053169 0.57145
11 8782754 rs12795943 0.1001
11 8783044 rs115779358 0.8878799999999999
11 8783713 rs10769954 3.7618e-08
11 8783879 rs74053170 0.5523
11 8783918 rs16905739 0.266
11 8784225 rs150377841 2.2155999999999998e-07
11 8784361 rs555837949 0.85555
11 8784362 rs189933078 0.023991
11 8784640 rs140485425 0.24055
11 8784647 rs10769955 1.3702e-16
11 8784869 rs4929910 8.0539e-08
11 8784992 rs74053172 0.52449
11 8785294 rs75558879 0.077928
11 8785599 rs148403013 0.66065
11 8785752 rs80163977 0.5214300000000001
11 8786058 rs10743087 1.356e-07
11 8786086 rs74053175 0.52428
11 8786206 rs141038149 0.33271999999999996
11 8786273 rs150231818 0.23214
11 8786835 rs148931551 0.17352
11 8787176 rs530223028 0.23639000000000002
11 8787263 rs115177848 0.034167
11 8787282 rs4929935 0.56638
11 8787620 rs10743088 4.8457e-07
11 8788168 rs10743089 1.3469000000000002e-07
11 8788225 rs10734637 1.4617e-08
11 8788442 rs572399752 0.36878
11 8788620 rs79120406 0.073766
11 8788879 rs72849104 0.019141
11 8789165 rs56210063 0.00017088
11 8789689 rs59974779 0.55318
11 8790170 rs146635107 0.8878799999999999
11 8790442 rs142382281 0.65277
11 8790848 rs151278457 0.0034444000000000002
11 8790905 rs145428937 0.40726999999999997
11 8791098 rs189316668 0.43003
11 8791142 rs16905791 0.37231
11 8791227 rs2873297 5.1544e-07
11 8791370 rs138622191 0.64053
11 8791447 rs148880161 0.64078
11 8791538 rs74053180 0.5511699999999999
11 8791615 rs543662757 0.65249
11 8791736 rs74053189 0.54869
11 8791981 rs7934519 6.0222e-08
11 8792293 rs78348888 0.073278
11 8792622 rs4929936 6.4173e-08
11 8792803 rs139950992 0.61328
11 8793538 rs117217791 0.03117
11 8793543 rs59504764 0.30049000000000003
11 8793561 rs554547959 0.62151
11 8793976 rs10769956 1.0447000000000001e-13
11 8793991 rs11822131 0.51913
11 8794191 rs10840119 7.6095e-05
11 8794802 rs147680811 0.074244
11 8794823 rs55902154 7.6108e-05
11 8794924 rs61359613 0.29868
11 8795080 rs11042059 5.3123e-16
11 8795126 rs4929937 0.054839
11 8795787 rs151226956 0.24748
11 8795830 rs138055563 0.24713000000000002
11 8796021 rs554635718 0.6210399999999999
11 8796040 rs141003830 0.95634
11 8796388 rs762559759 0.090789
11 8796442 rs138561645 0.008356200000000001
11 8796544 rs141548584 0.022064
11 8796555 rs11042060 5.1036e-16
11 8796829 rs766677400 0.11574000000000001
11 8796959 rs3862351 0.30145
11 8797902 rs140305690 0.021773
11 8798067 rs16905815 0.55515
11 8798698 rs540533894 0.8446600000000001
11 8798728 rs187976075 0.6288100000000001
11 8798824 rs3850931 0.56099
11 8798853 rs16905816 0.9392299999999999
11 8799306 rs114356871 0.2987
11 8799716 rs143822692 0.053376
11 8799749 rs11042064 2.1111999999999997e-05
11 8800090 11:8800090_G_C 0.64182
11 8800151 rs36021069 0.5865199999999999
11 8800504 rs3913547 2.3468000000000003e-05
11 8800591 rs7949147 0.36182
11 8800731 11:8800731_G_A 0.31062
11 8800749 rs547071355 0.32087
11 8800879 rs3850932 0.28626999999999997
11 8801014 rs59279926 0.5241600000000001
11 8801135 rs3850933 5.933e-07
11 8801249 rs780718429 0.20179
11 8801331 rs139255084 0.6533800000000001
11 8801618 rs10840120 1.795e-05
11 8801790 rs10732515 2.7206e-07
11 8801797 rs60812444 0.37038000000000004
11 8802011 rs190329594 0.024627
11 8802368 rs530983850 0.93274
11 8802422 rs10219216 0.54603
11 8802470 rs74053199 0.36595
11 8802552 rs74053200 0.30924
11 8802565 rs16905828 0.9123100000000001
11 8802605 rs143523378 0.25754
11 8802649 rs10219217 0.55799
11 8802678 rs150945773 0.27347
11 8802848 rs12099164 0.07205399999999999
11 8802873 11:8802873_C_T 0.4173
11 8803040 rs536824443 0.6401899999999999
11 8803192 rs7937844 0.36919
11 8803491 rs7938235 0.43299
11 8803512 rs189864856 0.61869
11 8803761 rs7950178 0.3095
11 8803824 rs538541696 0.013115
11 8804111 rs6484423 0.87555
11 8804250 rs139291138 0.6672399999999999
11 8804555 rs144737345 0.022825
11 8804883 rs56210429 0.6386
11 8805232 rs77117687 2.08e-07
11 8805261 rs10500705 1.3829000000000001e-08
11 8805307 rs10500706 0.31656
11 8805374 rs16905855 0.38341
11 8805382 rs143528796 0.8903399999999999
11 8805688 rs58974631 0.20164
11 8805907 rs188522833 0.12516
11 8806143 rs191933673 0.020594
11 8806151 rs149921518 0.013743
11 8806154 rs3751071 1.6088000000000002e-07
11 8806155 rs149065992 0.2632
11 8806188 rs142105042 0.073537
11 8806240 rs147782069 0.38441
11 8806709 rs2292045 1.4557e-08
11 8806842 rs78122243 0.27183
11 8807122 rs150448907 0.67294
11 8807179 rs2292046 1.1529000000000002e-07
11 8807186 rs2292047 0.18293
11 8807199 rs12574885 0.8174100000000001
11 8807548 rs7127574 0.91494
11 8807825 rs56070502 0.71213
11 8808091 rs117706243 0.08140800000000001
11 8808252 rs3844099 1.2682e-07
11 8808313 rs191126931 0.53884
11 8808587 rs3763920 2.4724e-07
11 8808632 rs3763919 0.00053633
11 8808821 rs117965545 0.26142
11 8808832 rs117417445 0.26161999999999996
11 8808960 rs74054204 0.5667
11 8809016 rs10769957 3.6919999999999996e-16
11 8809146 rs4929939 0.50857
11 8809202 rs16905887 0.64151
11 8809203 rs75464582 0.26115
11 8809389 rs139563052 0.9588399999999999
11 8809467 rs75022615 0.2611
11 8809560 rs11042066 1.2519e-07
11 8809618 rs78745841 0.25924
11 8809719 rs141135585 0.37854
11 8809844 rs11603335 1.4317e-08
11 8809992 rs117483908 0.25941
11 8810008 rs116883543 0.25923
11 8810032 rs79004964 0.2592
11 8810165 rs149014691 0.26152
11 8810185 rs75459760 0.25891
11 8810405 rs187717097 0.080567
11 8810698 rs141044123 0.34044
11 8811616 rs12420964 8.2569e-05
11 8811689 rs114952164 0.64244
11 8811889 rs117656532 0.087253
11 8812279 rs10840122 8.9256e-05
11 8812517 rs56158708 0.0036791
11 8812837 rs186278029 0.46361
11 8812912 rs12421360 0.020000999999999998
11 8813005 rs575747271 0.051265
11 8813094 rs189382901 0.0032277
11 8813397 rs12287694 0.00010359
11 8813418 rs182038885 0.5609
11 8813528 rs34090393 1.1879e-08
11 8813652 rs12289240 0.00010662
11 8813956 rs12421789 5.4093999999999996e-17
11 8814297 rs139458460 0.056843
11 8814860 rs141355761 0.69987
11 8815115 rs10769958 5.633899999999999e-17
11 8815278 rs114040529 0.50902
11 8815453 rs11042067 5.565600000000001e-17
11 8815470 rs2316865 5.6107e-16
11 8815501 rs146839903 0.44205
11 8815599 rs11042068 1.3903e-08
11 8815623 rs145684971 0.05243099999999999
11 8815632 rs75477297 0.65032
11 8815704 rs4579928 4.8616e-17
11 8815825 rs12224436 6.4153e-16
11 8816091 rs187464438 0.17553
11 8816250 rs150169432 0.4646
11 8816474 rs535149866 0.83083
11 8816495 rs4929911 7.7441e-16
11 8816671 rs72849153 0.7308100000000001
11 8816695 rs4929912 6.7716e-16
11 8816952 rs537297950 0.26461
11 8817206 rs6484484 4.3522e-17
11 8817276 rs7944560 4.325e-17
11 8817309 rs571674338 0.96557
11 8817315 rs11042069 6.1544e-16
11 8817448 rs139649305 0.022816
11 8817580 rs10500707 1.1995000000000001e-08
11 8817808 rs3844100 1.5931e-08
11 8817840 rs3842991 1.5867e-08
11 8817883 rs12291552 8.1232e-05
11 8818020 rs3862352 1.4829000000000002e-08
11 8818833 rs10769959 8.7417e-08
11 8819143 rs78898937 0.18166
11 8819193 rs77361338 0.024833
11 8819367 rs11042070 2.2065000000000002e-14
11 8819550 rs114842570 0.49583999999999995
11 8819683 rs3763918 5.87e-16
11 8819777 rs181306538 0.16409
11 8819808 rs3763917 8.8535e-05
11 8819939 rs17337580 0.003674
11 8820154 rs16906027 0.6746300000000001
11 8820297 rs80223795 0.57433
11 8820589 rs10840124 8.3549e-05
11 8820982 rs10743090 9.2087e-05
11 8821005 rs76916399 0.20426
11 8821198 rs139014011 0.20914000000000002
11 8821737 rs4929913 0.56822
11 8821972 rs16906037 7.9425e-05
11 8822027 rs117605819 0.15978
11 8822032 rs11042072 2.3053e-14
11 8822362 rs773114914 0.050536000000000005
11 8822514 rs6484494 0.5977899999999999
11 8822601 rs4082668 8.2493e-05
11 8822656 rs75464360 0.1963
11 8822743 rs116655870 0.16767
11 8822836 rs150539082 0.0096304
11 8822961 rs181093776 0.60628
11 8823173 rs7107867 4.5074e-16
11 8823187 rs7129667 4.0232999999999997e-16
11 8823315 rs57900521 0.23726999999999998
11 8823453 rs60298595 0.23895999999999998
11 8823464 rs11042074 7.135899999999999e-05
11 8823493 rs7120300 0.13622
11 8823590 rs6484496 4.6686e-16
11 8824236 rs60869409 6.0976999999999996e-05
11 8824388 rs4929914 6.5546e-16
11 8824418 rs4929915 2.1866e-14
11 8824996 rs4929916 2.2659999999999998e-17
11 8825367 rs117570248 0.16591
11 8825766 rs11042075 0.004627
11 8825774 rs10840126 1.5679e-14
11 8825865 rs11042076 3.5079e-09
11 8825966 rs11042077 1.0659999999999999e-08
11 8826071 rs78406497 0.00024184
11 8826253 rs112451580 0.92324
11 8826491 rs116074652 0.59204
11 8826559 rs12794444 1.3335999999999998e-19
11 8826574 rs77931169 0.43323999999999996
11 8826575 rs117818156 0.063964
11 8826688 rs10840127 4.0215999999999997e-13
11 8826700 rs11042078 9.133499999999998e-19
11 8826779 rs10840128 1.0199e-05
11 8827031 rs556408745 0.86067
11 8827320 rs112420404 0.43301999999999996
11 8827627 rs150055934 0.33036
11 8827750 rs17337866 6.4749e-13
11 8828017 rs34417491 7.6916e-13
11 8828054 rs16906056 3.7795e-13
11 8828385 rs188466583 0.60356
11 8828414 rs7121160 0.89904
11 8828681 rs111568805 0.46324
11 8829105 rs10769961 3.0011999999999996e-07
11 8829163 rs7950108 0.9154399999999999
11 8829168 rs2292049 0.0013402999999999998
11 8829416 rs11042079 7.9025e-19
11 8829463 rs4929917 0.8618
11 8829494 rs10840129 4.9472e-12
11 8829967 rs3850934 6.8855e-12
11 8830385 rs78115344 0.7135199999999999
11 8830470 rs3850935 0.63415
11 8830514 rs188548823 0.25069
11 8830800 rs559022132 0.8956
11 8830801 rs10840130 7.428900000000001e-19
11 8831488 rs565340566 0.96247
11 8831930 rs74054210 0.57039
11 8832222 rs572706353 0.97262
11 8832278 rs148189350 0.69348
11 8832489 rs569546236 0.9193100000000001
11 8832919 rs564849452 0.26993
11 8833026 rs3850936 0.56752
11 8833049 rs778435251 0.23378000000000002
11 8833359 rs10743091 0.0018249000000000002
11 8833800 rs3915868 1.9704000000000002e-11
11 8834224 rs112982399 0.5021800000000001
11 8834400 rs6484547 0.5099199999999999
11 8834610 rs191581522 0.36715
11 8834680 rs11603841 4.484100000000001e-19
11 8834901 rs61505319 0.72418
11 8835289 rs116951684 0.27093
11 8835425 rs145430114 0.68671
11 8835436 rs142590650 0.17705
11 8835506 rs148715649 0.3362
11 8835754 rs151210707 0.83847
11 8835941 rs79429196 0.81629
11 8836030 rs7101895 0.00038098
11 8836049 rs58419940 0.93163
11 8836321 rs116292347 0.14778
11 8836441 rs549527172 0.68519
11 8836445 rs7111092 0.0003053
11 8836575 rs978637 0.00038334
11 8836596 rs978636 4.738e-19
11 8836748 rs3862353 0.76807
11 8836770 rs61876187 5.695999999999999e-19
11 8836801 rs10769962 0.00038076
11 8836895 rs144665683 0.8855299999999999
11 8836916 rs79752735 0.7884
11 8837018 rs12574180 0.022811
11 8837089 rs10769963 0.00036962
11 8837319 rs148368401 0.7801100000000001
11 8837387 rs10743092 0.0003744
11 8837408 rs10769964 0.40861
11 8837469 rs548180816 0.15258
11 8837578 rs76557001 0.98824
11 8837745 rs12420300 0.40024
11 8837970 rs143937085 0.047830000000000004
11 8838075 rs75178603 0.00038407
11 8838203 rs111368878 0.84903
11 8838436 rs59524952 0.52083
11 8838444 rs145646474 0.3113
11 8838626 rs75352368 0.34406
11 8838660 rs4929918 2.0313e-06
11 8838795 rs4244805 2.1309000000000002e-06
11 8838828 rs2316863 2.1334e-06
11 8838970 rs189126506 0.30771
11 8839229 rs11042082 3.6446e-19
11 8839235 rs77978783 0.7901699999999999
11 8839245 rs151159165 0.98588
11 8839358 rs78630564 0.8014899999999999
11 8839379 rs34023999 2.1436e-12
11 8839587 rs540743686 0.9938600000000001
11 8839638 rs372886406 0.6779999999999999
11 8839725 rs11042083 0.7126100000000001
11 8840083 rs11042085 2.0138e-06
11 8840323 rs4554887 5.347699999999999e-19
11 8840772 rs114975088 0.8063
11 8840802 rs548361760 0.4393
11 8841012 rs76306920 0.30665
11 8841043 rs78006126 0.49277
11 8841786 rs10769965 5.1059e-07
11 8842015 rs4617587 0.6511399999999999
11 8842273 rs6484606 4.127399999999999e-07
11 8842486 rs7947427 0.69216
11 8842590 rs7947553 2.4681e-08
11 8842822 rs111510919 0.067789
11 8843378 rs12419731 2.8450000000000003e-08
11 8843388 rs537388115 0.93895
11 8843466 rs11042087 0.0030916999999999997
11 8843502 rs139506267 0.2034
11 8843515 rs11042088 5.1662e-19
11 8843603 rs11042089 2.8355e-08
11 8843770 rs10840131 2.4764e-08
11 8843830 rs144174551 0.94885
11 8844065 rs7935617 2.9259e-08
11 8844087 rs4290228 0.68738
11 8844253 rs533056279 0.6577
11 8844352 rs368223711 0.65982
11 8844356 rs10840132 2.3723e-08
11 8844522 rs78781313 0.71003
11 8844599 rs542298075 0.35005
11 8844828 rs13377459 5.4799e-07
11 8844842 rs12574497 0.055297000000000006
11 8844909 rs7947631 8.001800000000001e-25
11 8844974 rs547218305 0.22326
11 8845132 rs7930737 2.1341000000000002e-08
11 8845266 rs36094920 5.435499999999999e-10
11 8845289 rs7930878 3.6795999999999997e-07
11 8845425 rs187502615 0.6592
11 8845543 rs12288224 0.06397
11 8845601 rs182524939 0.9218799999999999
11 8845607 rs7127197 4.9593e-10
11 8845682 rs148858351 0.06009400000000001
11 8845863 rs61876201 0.014051
11 8846034 rs142556243 0.19966
11 8846062 rs150942764 0.059678999999999996
11 8846112 rs4929919 5.5085e-07
11 8846198 rs147115900 0.29945
11 8846369 rs10840133 7.9292e-25
11 8846610 rs781506907 0.4176
11 8847041 rs10769966 7.3827e-25
11 8847105 rs115391853 0.83634
11 8847230 rs7944416 0.59542
11 8847363 rs536465394 0.9145
11 8847890 rs138218320 0.013890000000000001
11 8847896 rs79194179 0.91686
11 8848018 rs763164295 0.59314
11 8848463 rs7131166 7.652600000000001e-07
11 8848517 rs146035313 0.021566
11 8848520 rs7127564 7.5992e-07
11 8848680 rs75133073 0.29588000000000003
11 8848700 rs7943377 6.8845e-19
11 8848785 rs35503692 3.9942e-10
11 8848880 rs150781177 0.18727
11 8849031 rs139143527 0.9545100000000001
11 8849076 rs79204974 0.7929
11 8849452 rs116357245 0.20131
11 8849495 rs2568090 6.818899999999999e-19
11 8850225 rs7113023 0.71323
11 8850254 rs72849960 0.0022509
11 8850481 rs2568048 0.7277100000000001
11 8850574 rs142787895 0.9084399999999999
11 8850704 rs2568050 0.7247100000000001
11 8850831 rs75194231 0.084401
11 8850990 rs7950491 3.9570999999999997e-10
11 8851208 rs2653589 0.67248
11 8851479 rs75677722 0.063341
11 8851755 rs117893061 0.76339
11 8851799 rs192631153 0.30355
11 8851800 rs183583230 0.1851
11 8851943 rs147171681 0.0031234
11 8852014 rs74928621 0.080616
11 8852074 rs374297122 0.24877
11 8852239 rs2243566 2.2786e-24
11 8852390 rs114408038 0.45532
11 8852400 rs79090116 0.11782999999999999
11 8852685 rs2568064 2.3350000000000002e-24
11 8852696 rs79343018 0.062001
11 8852839 rs75072453 0.00043779
11 8853080 rs186961326 0.86718
11 8853177 rs2251536 3.1660000000000006e-24
11 8853497 rs116760192 0.65355
11 8853529 rs148985270 0.37992
11 8853605 rs538963769 0.23309000000000002
11 8853615 rs552386711 0.31298000000000004
11 8853625 rs2653591 3.8296e-11
11 8853774 rs34033747 4.843899999999999e-11
11 8853934 rs191375869 0.30011
11 8854309 rs2568071 0.50612
11 8854673 rs61876202 0.0015377000000000001
11 8854947 rs34522349 0.4539
11 8855577 rs75556794 0.06475
11 8855830 rs140495520 0.82881
11 8856048 rs142777011 0.58777
11 8856360 rs192760532 0.68903
11 8856657 rs148405389 0.53446
11 8856822 rs2455604 0.50074
11 8857329 rs117412188 0.059274
11 8857346 rs115669167 0.5914
11 8857552 rs61876203 0.067829
11 8857569 rs78851325 0.94515
11 8857586 rs80278456 0.057937
11 8857647 rs141349572 0.91604
11 8857657 rs36180552 1.0730000000000001e-09
11 8858175 rs145741666 0.61073
11 8858197 rs148933993 0.31167
11 8858351 rs571177336 0.9500799999999999
11 8858377 rs2653606 1.6984e-18
11 8858593 rs76883634 0.42476
11 8858607 rs117091554 0.0029551
11 8858730 rs10769967 3.2345e-18
11 8859107 rs140904258 0.61129
11 8859193 rs2436176 0.77789
11 8859377 rs76093621 0.3531
11 8859384 rs2568025 0.00022723
11 8859656 rs34418236 1.4681e-09
11 8859980 rs35563381 1.8161e-09
11 8860035 rs74632098 0.0013271
11 8860080 rs769112220 0.26711999999999997
11 8860310 rs187711034 0.097201
11 8860505 rs137968118 0.5998899999999999
11 8860688 rs2568028 0.41816000000000003
11 8860734 rs149478533 0.83631
11 8860787 rs79757644 0.056963
11 8860795 rs115367219 0.2191
11 8860887 rs529895078 0.39632
11 8860916 rs779388809 0.52455
11 8861044 rs2568031 0.00032189999999999996
11 8861077 rs2568032 0.00031913
11 8861118 rs35909878 1.8582999999999999e-09
11 8861225 rs76419680 0.49721000000000004
11 8861543 rs7119939 1.1959000000000001e-17
11 8861669 rs190555668 0.18586
11 8862168 rs78017449 0.18980999999999998
11 8862188 rs4910062 1.1609999999999999e-17
11 8862197 rs76587829 0.08204199999999999
11 8862385 rs371115012 0.2809
11 8862530 rs7945705 1.546e-17
11 8862624 rs140136260 0.0029871
11 8862669 rs59933215 0.1945
11 8862840 rs117822451 0.082966
11 8862844 rs11042097 0.0036414
11 8862917 rs143768344 0.60039
11 8863125 rs2653607 1.5052999999999998e-17
11 8863305 rs201082408 0.69744
11 8863550 rs2568043 1.8249000000000002e-17
11 8863570 rs77864863 0.037075
11 8863682 rs34275210 2.1711999999999997e-09
11 8864138 rs1529641 1.87e-17
11 8864360 rs78612906 0.059887
11 8864657 rs142341171 0.060719
11 8865012 rs78322645 0.66406
11 8865164 rs117616149 0.060099
11 8865179 rs11042098 0.0058865
11 8865210 rs57375414 0.58697
11 8865239 rs114156871 0.08160099999999999
11 8865305 rs76179828 0.59427
11 8865363 rs10840134 2.5756e-17
11 8865561 rs74054216 0.49642
11 8865623 rs7949795 2.8541000000000003e-06
11 8865653 rs77893394 0.26976999999999995
11 8865716 rs116992522 0.060142999999999995
11 8865806 rs146989185 0.45521000000000006
11 8865855 rs34874636 0.00080154
11 8866808 rs7123429 5.6962e-14
11 8867008 rs7126651 0.35952
11 8867070 rs1368017 0.046847
11 8867303 rs2256067 0.78617
11 8867342 rs11042099 1.5188999999999998e-08
11 8867509 rs7937298 1.4456e-13
11 8867773 rs369045344 0.67696
11 8867818 rs148548174 0.34699
11 8868406 rs140749379 0.01085
11 8868657 rs147869059 0.7709699999999999
11 8868744 rs115651417 0.75864
11 8869072 rs141454114 0.18170999999999998
