CHR BP SNP P
17 20164108 rs74850712 0.25068
17 20164279 rs78952345 0.654
17 20164554 rs146869212 0.0077968
17 20164565 rs547904868 0.072227
17 20164581 rs769853734 0.47681999999999997
17 20164769 rs550173588 0.74927
17 20165054 rs2526467 3.3099e-14
17 20165239 rs76242567 0.20197
17 20165251 rs2526466 6.1591e-11
17 20165333 rs118137939 0.072613
17 20165621 rs72830202 0.00044109
17 20165783 rs114211053 0.5926
17 20165883 rs78169251 0.49904
17 20166143 rs72832504 0.00043206
17 20166490 rs185361319 0.85269
17 20166531 rs116833962 0.057284
17 20166658 rs188633484 0.53579
17 20166950 rs2703792 3.1407999999999996e-14
17 20167153 rs147225004 0.06789099999999999
17 20167365 rs117058912 0.013471
17 20167387 rs138881241 0.58685
17 20167611 rs2526465 6.1701e-11
17 20167635 rs76724337 0.5872
17 20167692 rs2013576 3.6079e-14
17 20167693 rs117096120 0.78385
17 20167867 rs2005722 3.6064e-14
17 20168685 rs185534179 0.58703
17 20168793 rs149913191 0.45252
17 20169059 rs112574871 0.016062
17 20169624 rs113267087 0.77295
17 20169822 rs192106445 0.45932
17 20170173 rs184007076 0.5946
17 20170423 rs564179999 0.26375
17 20170608 rs61660810 0.1239
17 20170715 rs79678129 0.44781000000000004
17 20170787 rs115627700 0.8372700000000001
17 20170879 rs140927554 0.59354
17 20170885 rs150223403 0.59354
17 20171377 rs548050925 0.33294
17 20171524 rs2158472 8.737799999999998e-11
17 20171526 rs80140414 0.5959399999999999
17 20171546 rs192817315 0.5946
17 20171735 rs117888607 0.41834
17 20171872 rs3850779 5.7919e-11
17 20172447 rs16959946 0.9401700000000001
17 20172459 rs116796407 0.14251
17 20172492 rs185774938 0.47584
17 20172612 rs189195926 0.26605999999999996
17 20172833 rs181578325 0.955
17 20173184 rs28831144 0.0049444
17 20173400 rs116844272 0.57112
17 20173610 rs28559317 0.10726
17 20174463 rs115468240 0.46787
17 20174526 rs9899514 0.13333
17 20174674 rs149144258 0.015580000000000002
17 20174715 rs57647643 0.017256999999999998
17 20174794 rs118055956 0.4904
17 20174852 rs9897328 3.961e-14
17 20175006 rs118145105 0.25977
17 20175086 rs79106774 0.5828399999999999
17 20175264 rs79610501 0.001352
17 20175376 rs76505169 0.8503700000000001
17 20175391 rs79873844 8.437100000000001e-06
17 20175421 rs147061953 0.13789
17 20175460 rs76309839 0.8849100000000001
17 20175498 rs562699932 0.55094
17 20175674 rs140259820 0.45231000000000005
17 20175723 rs75186852 9.1056e-06
17 20175742 rs76111182 0.33199
17 20176703 rs8074047 2.8264999999999997e-14
17 20176893 rs141667686 0.045766
17 20176920 rs146208794 0.051926
17 20177104 rs9915059 2.8973000000000004e-14
17 20177255 rs148564174 0.050651
17 20177830 rs141931255 0.5089600000000001
17 20178298 rs76661829 0.5924
17 20178312 rs28550747 0.95663
17 20179073 rs17795703 0.0025759
17 20179140 rs73305551 0.017563
17 20179418 rs188303126 0.10899
17 20179552 rs145487421 0.066002
17 20180096 rs72832506 0.00050242
17 20180337 rs9896221 2.5255000000000002e-14
17 20180429 rs115228559 0.015024000000000001
17 20180536 rs9904928 2.6694e-14
17 20180550 rs9896709 2.6464999999999998e-14
17 20180558 rs72832508 0.00045585
17 20180715 rs11657161 6.829899999999999e-11
17 20180951 rs137958599 0.86326
17 20180969 rs184999437 0.81738
17 20180989 rs144359985 0.50369
17 20181108 rs74713345 0.051189
17 20181184 rs57110692 0.12361
17 20181296 rs78460626 0.16475
17 20181566 rs12603372 5.0665e-11
17 20181655 rs115395384 0.58719
17 20181766 rs115992911 0.55857
17 20181902 rs3850780 4.9653e-11
17 20182034 rs555495706 0.22471999999999998
17 20182067 rs75957082 0.051580999999999995
17 20182725 rs11654942 5.6369e-11
17 20182769 rs191591755 0.66619
17 20182846 rs151065176 0.0082804
17 20182894 rs139818002 0.59295
17 20182924 rs9892630 3.4083e-14
17 20183358 rs140992173 0.15433
17 20183675 rs9901102 0.1257
17 20183787 rs77161723 0.043016000000000006
17 20184361 rs567876781 0.52974
17 20184362 rs77763041 0.007765100000000001
17 20184501 rs3850783 2.8395999999999998e-14
17 20184660 rs73307278 0.015349000000000002
17 20184711 rs150109141 0.8539399999999999
17 20184836 rs191888646 0.68711
17 20184926 rs115700808 0.35712
17 20185030 rs3850784 2.7707e-14
17 20185248 rs3850785 2.7805e-14
17 20185435 rs144082371 0.065487
17 20185456 rs78448425 0.55692
17 20185733 rs9894809 0.059181
17 20185965 rs79406441 0.05234
17 20186002 rs150841930 0.24703000000000003
17 20186229 rs7224153 0.46598
17 20186438 rs140448663 0.10199
17 20186794 rs72832515 0.00043343
17 20187356 rs181449094 0.45615
17 20187816 rs141758037 0.60977
17 20187964 rs147098222 0.48411000000000004
17 20188028 rs6587061 0.12504
17 20188053 rs138473147 0.61363
17 20188174 rs10491107 4.461600000000001e-11
17 20188238 rs192462003 0.49153
17 20188581 rs9905493 2.632e-14
17 20189046 rs11653630 4.7791000000000006e-11
17 20189156 rs146257103 0.32474000000000003
17 20189327 rs73307286 0.015706
17 20189476 rs73307289 0.016423
17 20189528 rs149655122 0.37609000000000004
17 20189670 rs189115362 0.14142000000000002
17 20189968 rs116277366 0.2809
17 20190061 rs147728033 0.62479
17 20190355 rs181569127 0.52587
17 20190900 rs148364609 0.4813
17 20190960 rs79371727 0.0056323
17 20190974 rs12949481 5.441399999999999e-11
17 20191141 rs150413678 0.5876399999999999
17 20191331 rs115105068 0.2162
17 20191568 rs73307292 0.76568
17 20191795 rs139323725 0.050897000000000005
17 20191859 rs75696103 7.1429e-05
17 20191860 rs77449863 5.7383e-11
17 20192043 rs191888741 0.9862700000000001
17 20192184 rs532345463 0.45286000000000004
17 20192207 rs192375168 0.58748
17 20192252 rs12942627 6.219e-11
17 20192382 rs148700698 0.94978
17 20192969 rs9900166 2.4471000000000002e-14
17 20193131 rs114355749 0.99484
17 20193250 rs147778432 0.31496
17 20193334 rs139435915 0.23015
17 20193697 rs115154270 0.4517
17 20193940 rs6587063 2.406e-14
17 20193985 rs145146274 0.99764
17 20194042 rs184485808 0.4517
17 20194415 rs72832518 0.00043151
17 20194523 rs12051865 0.11569000000000002
17 20194598 rs115183572 0.58833
17 20195147 rs546045734 0.5462600000000001
17 20195217 rs12938355 4.6195e-11
17 20195279 rs76239273 0.54105
17 20195330 rs115124271 0.050194
17 20195438 rs11204300 6.666199999999998e-11
17 20195599 rs7225533 0.40591
17 20195659 rs7224558 0.8876799999999999
17 20195667 rs142730706 0.15605
17 20195786 rs145067775 0.68525
17 20195873 rs148313585 0.8505
17 20195874 rs141461908 0.5838800000000001
17 20196144 rs1561974 2.3572e-14
17 20196340 rs28563081 0.063942
17 20196483 rs533753601 0.36739
17 20196633 rs2034109 2.2688e-14
17 20196793 rs116370609 0.062823
17 20197045 rs9325893 0.079601
17 20197073 rs148647029 0.024699000000000002
17 20197101 rs9325894 2.2913e-14
17 20197483 rs140866594 0.70819
17 20197530 rs192649185 0.79723
17 20197586 rs11653869 4.705e-11
17 20197737 rs8077852 0.12004000000000001
17 20197858 rs76007343 0.43244
17 20198024 rs2034110 0.1796
17 20198160 rs11654025 8.551799999999998e-15
17 20198204 rs115819408 0.96486
17 20198557 rs12950564 4.203e-11
17 20198631 rs62066878 0.2757
17 20198708 rs7223481 0.063329
17 20198758 rs143705542 0.56807
17 20199079 rs142781167 0.46047
17 20199658 rs147437147 0.63908
17 20199825 rs192113322 0.0047148
17 20199939 rs527453013 0.38973
17 20200022 rs143715704 0.0075953
17 20200510 rs79134173 0.062797
17 20200535 rs186758012 0.14715999999999999
17 20201127 rs56237951 0.0028474
17 20201291 rs78325877 0.073202
17 20201396 rs114313923 0.072371
17 20201479 rs141459329 0.98034
17 20201891 rs77160461 0.57245
17 20202396 rs140426286 0.07168200000000001
17 20202741 rs141349928 0.47773999999999994
17 20202984 rs72832520 0.00041238
17 20203073 rs57837691 4.032099999999999e-11
17 20203098 rs80158377 0.31158
17 20203801 rs142437760 0.065819
17 20204016 rs530410247 0.55075
17 20204370 rs116533754 0.9345600000000001
17 20204468 rs182216030 0.22441999999999998
17 20204490 rs115291174 0.041031
17 20204511 rs544760184 0.5533
17 20204516 rs7207611 1.7921e-14
17 20205158 rs146137981 0.06727999999999999
17 20205261 rs145842286 0.26045
17 20205369 rs79934172 0.8578899999999999
17 20205394 rs148514014 0.4318
17 20205627 rs182877533 0.42616000000000004
17 20205632 rs187178252 0.38552
17 20205741 rs142761576 0.016395
17 20205806 rs151032442 0.59355
17 20205817 rs5025290 0.89344
17 20205867 rs191760493 0.64794
17 20205885 rs58664968 0.0050721
17 20206027 rs142464195 0.7068800000000001
17 20206281 rs9914219 0.11473
17 20206311 rs62066879 0.87823
17 20206424 rs73981899 0.0050022
17 20206484 rs778045275 0.96488
17 20206645 rs1373147 1.8696e-14
17 20206669 rs550971208 0.33108000000000004
17 20206675 rs1373146 5.445899999999999e-11
17 20206883 rs11871945 1.869e-14
17 20206898 rs11869258 3.9145000000000004e-11
17 20207053 rs138628533 0.7068800000000001
17 20207091 rs9915628 1.8646000000000002e-14
17 20207121 rs143462299 0.99629
17 20207419 rs181140861 0.92033
17 20207594 rs9895177 0.91174
17 20207884 rs6587064 2.7999000000000002e-09
17 20208475 rs79044184 0.16568
17 20208476 rs7208290 0.47818
17 20208719 rs140132156 0.21381999999999998
17 20208846 rs78041331 0.8415
17 20208921 rs7212886 0.05871900000000001
17 20209365 rs139428957 0.46811
17 20209474 rs2120282 3.0306e-14
17 20209512 rs571451915 0.14204
17 20209584 rs79120706 0.46826
17 20209721 rs2165897 2.272e-14
17 20209943 rs8071665 2.0757e-14
17 20210087 rs572482699 0.18479
17 20210150 rs144729663 0.20863
17 20210193 rs78997506 0.55365
17 20210534 rs76348384 0.9362
17 20210616 rs73309111 0.159
17 20210722 rs55650639 0.00037880000000000005
17 20210809 rs2386429 2.0546000000000002e-14
17 20210835 rs547313129 0.13154000000000002
17 20210929 rs114006340 0.95071
17 20210955 rs184941176 0.94962
17 20210985 rs72832522 0.0003949
17 20211064 rs74700491 0.74343
17 20211345 rs75900334 0.068537
17 20212223 rs185931157 0.43793000000000004
17 20213107 rs116433136 0.058263
17 20213133 rs541653428 0.88649
17 20213208 rs144801498 0.91405
17 20213431 rs188305182 0.42235
17 20213719 rs76462982 0.72819
17 20213888 rs140715260 0.39764
17 20213978 rs115810821 0.58604
17 20214052 rs114584256 0.059786
17 20214340 rs77638333 0.4999
17 20214348 rs75866373 0.72733
17 20214492 rs8070401 5.772699999999999e-09
17 20214565 rs9908418 0.9095
17 20215352 rs7223476 6.238500000000001e-10
17 20215428 rs60388215 0.037194
17 20215535 rs562554768 0.5857100000000001
17 20215814 rs140818426 0.93366
17 20215836 rs116016163 0.6019800000000001
17 20215905 rs11871827 1.2342e-14
17 20216095 rs11870147 1.0733e-14
17 20216348 rs115636655 0.58394
17 20216565 rs8079701 1.0659999999999999e-14
17 20216688 rs115633213 0.58394
17 20216900 rs150320975 0.44047
17 20216928 rs8071274 2.6203000000000004e-11
17 20217122 rs7209889 0.0046505
17 20217218 rs149602062 0.9460700000000001
17 20217375 rs75296798 0.89795
17 20217460 rs191585744 0.62502
17 20217959 rs182922697 0.61533
17 20218507 rs114247640 0.8801899999999999
17 20218793 rs1992562 1.0687e-14
17 20218994 rs147463814 0.42999
17 20219051 rs62066880 0.38251999999999997
17 20219119 rs1992561 2.7733000000000004e-11
17 20219226 rs9913192 0.048457
17 20219508 rs2058971 1.1525e-14
17 20219870 rs146482025 0.4678
17 20219999 rs141144890 0.857
17 20220635 rs115268295 0.8787799999999999
17 20220659 rs117820098 0.77837
17 20220817 rs9913312 0.004628899999999999
17 20221050 rs7222647 1.1017000000000001e-07
17 20221328 rs7207817 1.2278e-09
17 20221347 rs143362040 0.43786
17 20221392 rs74319100 0.9055700000000001
17 20221400 rs75334890 0.92595
17 20221470 rs7223363 0.15583
17 20223152 rs7212571 3.8006e-11
17 20223640 rs183947066 0.6262
17 20223789 rs544666193 0.44425
17 20224251 rs190472570 0.089071
17 20224290 rs11658116 5.4659e-11
17 20224349 rs36111993 0.0067613
17 20224693 rs548646459 0.32531
17 20224732 rs188698031 0.9145200000000001
17 20225008 rs535843020 0.04241
17 20225360 rs538437568 0.64425
17 20226269 rs187493210 0.96493
17 20227198 rs570374245 0.94215
17 20227609 rs11204302 0.096082
17 20227797 rs9913394 0.10278
17 20227876 rs56020078 0.00048432
17 20227885 rs188123796 0.77869
17 20227953 rs9913818 1.0375e-14
17 20228550 rs565829477 0.57521
17 20228795 rs147120593 0.059128999999999994
17 20229681 rs192447955 0.46475
17 20229721 rs60832375 0.013811000000000002
17 20230368 rs184447116 0.6157699999999999
17 20230519 rs543306208 0.58963
17 20231050 rs184846648 0.70207
17 20231230 rs142666771 0.82184
17 20231379 rs186081028 0.7806
17 20231628 rs150465846 0.4648
17 20232286 rs556511567 0.81772
17 20232580 rs554652803 0.75952
17 20233515 rs552715912 0.88202
17 20233989 rs533681539 0.44587
17 20235650 17:20235650_A_T 0.40996000000000005
17 20236584 rs552242011 0.43972
17 20236788 rs140322197 0.0060243
17 20237261 rs78350404 0.9492
17 20237501 rs547611663 0.7582300000000001
17 20237900 rs555574422 0.15513
17 20237964 rs574117184 0.6208
17 20238084 rs187793719 0.75355
17 20238174 rs146869615 0.20815
17 20238228 rs145656496 0.014334
17 20238312 rs138192739 0.00046134
17 20239482 rs571816602 0.75174
17 20239827 rs8078442 0.0056343
17 20239966 rs536536923 0.46513000000000004
17 20240428 rs551168746 0.9224
17 20240779 rs552586999 0.071056
17 20241489 rs565293822 0.77489
17 20241507 rs200600676 0.042265
17 20241647 rs567141344 0.8257899999999999
17 20242557 rs188205737 0.7946300000000001
17 20242661 rs538244870 0.83068
17 20243181 rs527870352 0.90769
17 20243847 rs556476349 0.8043399999999999
17 20244155 17:20244155_C_T 0.41793
17 20244264 rs7223488 1.3009999999999999e-08
17 20244489 rs200625459 0.28693
17 20245221 rs112974162 0.023644
17 20245914 rs539505737 0.6278
17 20247197 rs574188291 0.57481
17 20247248 rs541688569 0.57521
17 20247428 rs183172404 0.042623
17 20247435 rs138828483 0.063493
17 20247903 rs147982580 0.011568
17 20248546 rs539363087 0.94647
17 20248758 rs543090177 0.44017
17 20248959 rs540809787 0.6279
17 20250711 rs149265434 0.80084
17 20250839 rs866944958 0.4459
17 20251251 rs550920494 0.6261899999999999
17 20251406 rs552650929 0.11052000000000001
17 20251409 rs187775058 0.71875
17 20251846 rs117186571 0.9318700000000001
17 20252874 rs183612148 0.7591600000000001
17 20253621 rs141285677 0.59283
17 20253953 rs191436887 0.8847700000000001
17 20254231 rs115615772 0.56965
17 20254479 rs527933094 0.8754
17 20254480 rs552462483 0.60622
17 20254499 rs564840565 0.57521
17 20255200 rs541922841 0.5070399999999999
17 20255255 rs146200087 0.013761
17 20255829 rs552385240 0.5757899999999999
17 20257116 rs74670959 0.80906
17 20257560 rs534140509 0.9556899999999999
17 20257926 rs141350065 0.16109
17 20259675 rs539404627 0.065218
17 20259835 rs543115985 0.69896
17 20259929 rs555102348 0.29061
17 20260094 rs140907076 0.16797
17 20260186 rs73309121 0.10852
17 20261111 rs527429122 0.46586000000000005
17 20261797 rs137957806 0.78099
17 20261885 rs553092228 0.81735
17 20263038 rs7216866 1.0119e-14
17 20263229 rs77184299 0.061972
17 20263333 rs542108704 0.15962
17 20263702 rs7213156 2.1073e-15
17 20264137 rs574689141 0.57725
17 20264541 rs564901339 0.061898
17 20264876 rs8078183 0.66523
17 20267069 rs541954331 0.83995
17 20267076 rs560037278 0.065326
17 20267526 rs531463161 0.06566
17 20267534 rs543305452 0.37914000000000003
17 20267581 rs529225966 0.26289
17 20269167 rs189254683 0.44533
17 20270102 rs573744481 0.62125
17 20271332 rs188854580 0.82896
17 20272243 rs116929821 0.7941699999999999
17 20272253 rs140241686 0.061341999999999994
17 20272861 rs181440665 0.1076
17 20274106 rs2543794 0.27968000000000004
17 20276500 rs568497578 0.81371
17 20276977 rs544252310 0.57711
17 20277192 rs541980182 0.63127
17 20277753 rs182878732 0.62389
17 20277944 rs59640562 0.043237
17 20278263 rs144146151 0.38106999999999996
17 20278675 rs552082754 0.44425
17 20278986 rs547570519 0.57725
17 20279706 rs146426615 0.06160499999999999
17 20279740 rs559849950 0.5835199999999999
17 20280482 rs187555517 0.6242300000000001
17 20281519 rs528716975 0.6342300000000001
17 20281530 rs565268139 0.57496
17 20281964 rs534543838 0.43859
17 20282382 rs116689933 0.65341
17 20282711 rs149342370 0.58716
17 20282871 rs549059732 0.99797
17 20282986 rs187614728 0.045413999999999996
17 20283026 rs144740249 0.82575
17 20284562 rs181219799 0.8409399999999999
17 20284911 rs145449663 0.84977
17 20285181 rs529942526 0.85303
17 20285568 rs189258984 0.88126
17 20285571 rs4003767 9.2007e-15
17 20285804 rs562240696 0.85077
17 20286346 rs576340029 0.6470199999999999
17 20286575 rs543812773 0.9279
17 20286650 rs529394940 0.06530599999999999
17 20287500 rs568023048 0.8339700000000001
17 20287677 rs557731736 0.8906
17 20288098 rs3910761 1.7633e-11
17 20288125 rs7212584 0.41311000000000003
17 20288367 rs537344882 0.6211399999999999
17 20288427 rs145995327 0.5030899999999999
17 20288623 rs180712104 0.64413
17 20288668 rs142218416 0.18093
17 20288745 rs78743668 1.8873000000000002e-11
17 20288900 rs4003797 5.3128e-15
17 20289121 rs551231026 0.80245
17 20289412 rs557202425 0.067094
17 20289509 rs144856249 0.043649
17 20290334 rs55749943 5.3543e-15
17 20290394 rs544935354 0.45227
17 20290503 rs143797571 0.64413
17 20290514 rs114324977 0.1686
17 20290829 rs148088458 0.0061754
17 20290830 rs140922331 0.064075
17 20291019 rs9909852 0.12061
17 20291257 rs9912844 1.0198e-11
17 20291873 rs572975875 0.41923
17 20292395 rs16941857 0.8808600000000001
17 20292788 rs527728391 0.10404000000000001
17 20293213 rs548153392 0.009756
17 20293467 rs187773328 0.89779
17 20294009 rs569492188 0.17492
17 20294757 rs553621704 0.8364
17 20295301 rs62066893 3.2485e-15
17 20295329 rs560044481 0.8821899999999999
17 20297209 rs535120497 0.83009
17 20297324 rs16941914 0.5723199999999999
17 20299759 rs141242906 0.066001
17 20300449 rs143707426 0.94166
17 20300858 rs140256987 0.039655
17 20301366 rs571147267 0.60883
17 20301958 rs577075801 0.43523
17 20302745 rs576675074 0.8942100000000001
17 20302815 rs574460214 0.48535
17 20303207 rs145229416 0.77367
17 20304648 rs539468387 0.93166
17 20304796 rs543973201 0.32766
17 20305035 rs541696353 0.5020899999999999
17 20305552 rs539779543 0.5777899999999999
17 20306606 rs547282714 0.64631
17 20307895 rs551668785 0.45303999999999994
17 20310072 rs1725737 3.3390999999999998e-15
17 20310166 rs117680630 0.8552200000000001
17 20310198 rs151030549 0.022902000000000002
17 20311423 rs192268540 0.9334
17 20312317 rs552872799 0.8547799999999999
17 20315102 rs568289316 0.38397
17 20315462 rs8074429 0.37744
17 20315619 rs117021454 0.8549
17 20315910 rs551790031 0.35759
17 20316567 rs189656515 0.32223
17 20317037 rs577097706 0.032773000000000004
17 20317180 rs139774147 0.12153
17 20317259 rs573705999 0.068786
17 20320857 rs149025188 0.010025
17 20320896 rs546601394 0.86136
17 20321387 rs533864951 0.26805999999999996
17 20323056 rs62066927 4.5408e-15
17 20323199 rs191412962 0.11225999999999998
17 20323210 rs182735204 0.067375
17 20323224 rs187773923 0.83545
17 20323242 rs535941155 0.033264
17 20323584 rs555100904 0.46628000000000003
17 20324743 rs183286176 0.044355
17 20324959 rs9913007 0.054791999999999993
17 20325182 rs116865291 0.00034832
17 20325398 rs147827174 0.32718
17 20325422 rs148864774 0.17798
17 20325731 rs9895295 0.8615200000000001
17 20325776 rs576124490 0.48828999999999995
17 20325850 rs543590197 0.58633
17 20325973 rs55903118 0.0064784
17 20327033 rs553259961 0.76702
17 20327425 rs573890958 0.69899
17 20327637 rs2694188 0.58232
17 20328969 rs186939096 0.9162399999999999
17 20329052 rs74255392 0.81823
17 20329068 rs117875592 0.047698000000000004
17 20329847 rs148703106 0.29215
17 20331035 rs182040971 0.862
17 20331131 rs2694192 0.40543
17 20331704 rs12942125 0.17620999999999998
17 20332056 rs117113726 0.9326700000000001
17 20332072 rs148750602 0.9423299999999999
17 20333726 rs8080171 0.010326
17 20334301 rs201967513 0.06092
17 20334398 rs2694201 4.7395000000000006e-15
17 20334924 rs549140662 0.6049899999999999
17 20335368 rs147117664 0.05740700000000001
17 20335609 rs142614013 0.85761
17 20336073 rs532870085 0.015862
17 20338746 rs111282183 0.80356
17 20338831 rs57263574 2.0585e-11
17 20340030 rs570895926 0.60558
17 20340342 rs113794582 0.9159
17 20340525 rs8076285 0.071368
17 20340701 rs2950202 0.72301
17 20342338 rs137983888 0.8860100000000001
17 20342346 rs62066941 4.0338999999999995e-15
17 20342538 rs573972741 0.58935
17 20342543 rs541482434 0.58941
17 20342767 rs181492999 0.93076
17 20344923 rs567446290 0.58794
17 20345455 rs559363214 0.70193
17 20347880 rs368945620 0.6668
17 20350472 rs143621490 0.8829799999999999
17 20350585 rs4985819 1.5765e-11
17 20350968 rs6650602 0.005478
17 20351032 rs138225695 0.074145
17 20351386 rs62066946 5.6395e-09
17 20351458 rs62066947 3.3247e-14
17 20351547 rs529436734 0.22446999999999998
17 20351723 rs570081969 0.073338
17 20351775 rs144683046 0.01745
17 20351927 rs142882213 0.45551
17 20352524 rs62066949 1.8336e-14
17 20353205 rs559468966 0.5373899999999999
17 20354656 rs1682191 1.2932e-14
17 20358787 rs558353408 0.6806
17 20363507 rs551332994 0.79457
17 20363592 rs147047589 0.22905999999999999
