CHR BP SNP P
4 103449350 rs66890035 0.42273999999999995
4 103450083 rs230533 1.0068999999999998e-47
4 103450133 rs577135636 0.9157200000000001
4 103450167 rs230532 2.2204999999999997e-48
4 103450377 rs230531 2.0960999999999997e-48
4 103451774 rs73837258 0.0053461
4 103452123 rs72929600 0.0095558
4 103452262 rs728440 0.42528999999999995
4 103452275 rs73837260 0.0052006
4 103452358 rs147177288 0.57705
4 103452373 rs138700516 0.060133000000000006
4 103452421 rs73837261 0.0053139
4 103452813 rs79650652 7.7571e-13
4 103452819 rs75816590 7.7516e-13
4 103453384 rs79958823 0.0054326
4 103453385 rs113692063 0.0054635
4 103453419 rs192927973 0.59851
4 103453432 rs142471825 0.5333
4 103453508 rs189475133 0.032691000000000005
4 103453535 rs28450894 7.575e-13
4 103453980 rs230530 5.5782e-39
4 103454216 rs534642279 0.76779
4 103454451 rs4647991 0.043795
4 103454790 rs72696160 0.44396
4 103455347 rs4647992 3.3071e-13
4 103455627 rs752133052 0.8407
4 103455689 rs767151782 0.070471
4 103455935 rs67147511 0.43283
4 103456138 rs28595328 3.4621e-13
4 103456259 rs17032763 0.032691000000000005
4 103456788 rs77024822 0.002113
4 103456875 rs188853628 0.36373
4 103457043 rs183358498 0.12344000000000001
4 103457418 rs230529 1.6079999999999997e-31
4 103457573 rs4647994 0.33512
4 103457585 rs230528 1.6009e-31
4 103457858 rs4647997 0.013049000000000002
4 103458165 rs4647999 0.14414000000000002
4 103458178 rs230527 4.241199999999999e-47
4 103458418 rs7679591 0.0056170000000000005
4 103458825 rs230526 1.5884e-31
4 103458877 rs230525 8.332299999999998e-49
4 103458949 rs4648002 0.0054222
4 103459362 rs573670840 0.4956
4 103459390 rs66976879 0.42863999999999997
4 103459458 rs184068347 0.71027
4 103459740 rs79651301 1.7652e-31
4 103459786 rs17032771 0.2932
4 103459793 rs182584301 0.032895999999999995
4 103459948 rs577618349 0.4956
4 103460028 rs73837266 0.0052033
4 103460347 rs75744242 0.005439
4 103460474 rs77416893 0.0053707
4 103460969 rs73837268 0.0054498
4 103461107 rs4648004 7.8806e-40
4 103461206 rs145094244 0.36293000000000003
4 103461424 rs147831161 0.05415
4 103461559 rs4648006 1.0167e-12
4 103461783 rs143519195 6.4804e-07
4 103461788 rs4648008 0.0025543000000000002
4 103461819 rs4648009 0.0025559000000000003
4 103462038 rs230523 1.8264999999999998e-48
4 103462055 rs113179669 0.33045
4 103462246 rs72931410 0.013088999999999998
4 103462320 rs185773402 0.16821
4 103462363 rs181975019 0.27035
4 103462797 rs230522 1.7228e-48
4 103462875 rs114415650 0.5041
4 103463007 rs118882 1.8371e-48
4 103463239 rs35121130 0.9848600000000001
4 103463328 rs230521 1.4664e-31
4 103463712 rs116698557 0.54981
4 103464790 rs72679109 0.4297
4 103465036 rs72931412 0.013038
4 103465229 rs76016852 0.07483
4 103465612 rs230520 4.1847999999999996e-47
4 103466128 rs67143295 0.4257
4 103466250 rs17032779 0.0026156999999999994
4 103466447 rs370797001 0.3208
4 103466555 rs115396308 0.69784
4 103466638 rs67517559 0.43888999999999995
4 103466749 rs230519 1.0518999999999999e-48
4 103467255 rs57834461 0.42758999999999997
4 103467259 rs186091405 0.035232
4 103467458 rs191002746 0.52642
4 103467840 rs150337554 0.035282
4 103467914 rs539233522 0.48326
4 103468518 rs93059 1.895e-37
4 103468889 rs79635087 0.026405
4 103469533 rs73837271 0.0054052
4 103469654 rs182768011 0.29449000000000003
4 103469789 rs67128625 0.41591999999999996
4 103469819 rs74646905 0.017985
4 103469923 rs192477561 0.5129199999999999
4 103469967 rs230518 1.9255999999999998e-48
4 103470193 rs230517 1.6823e-31
4 103470345 rs67597696 0.43123
4 103470724 rs185281845 0.005398
4 103471251 rs230516 2.0426999999999996e-48
4 103471434 rs230515 2.0594999999999998e-48
4 103471882 rs73834805 0.005449600000000001
4 103471939 rs230514 1.1889e-48
4 103472137 rs73834806 0.0054451000000000005
4 103472885 rs230512 1.569e-31
4 103473119 rs149705748 0.13169
4 103473295 rs60555739 0.0037155
4 103473905 rs72691872 0.38406
4 103474042 rs114748378 0.030052999999999996
4 103474532 rs114259371 0.032016
4 103474541 rs183148704 0.26059
4 103474710 rs114701694 0.031627999999999996
4 103474732 rs570286514 0.0026258
4 103474768 rs230511 2.0968000000000005e-47
4 103474990 rs533294116 0.8461200000000001
4 103475444 rs4648011 1.8674e-26
4 103476155 rs9942301 0.46753999999999996
4 103476166 rs230510 4.4636e-39
4 103476271 rs73834807 0.0052468
4 103476566 rs7340881 0.038657
4 103477011 rs72691878 0.49835
4 103478265 rs230509 2.2712e-47
4 103478430 rs115550771 0.28698
4 103478703 rs13117745 0.039351
4 103478941 rs28566809 2.825e-13
4 103479279 rs230508 1.0751e-48
4 103479480 rs762259880 0.83305
4 103480187 rs116829593 0.32799999999999996
4 103480246 rs230507 1.3844000000000002e-47
4 103480450 rs230506 0.3658
4 103480907 rs6819573 2.8223e-13
4 103481188 rs143335259 0.07533
4 103481351 rs230505 1.0054999999999999e-31
4 103481561 rs230504 1.3542e-47
4 103481563 rs140273420 0.51585
4 103481813 rs72931428 0.72402
4 103482326 rs79185170 0.99836
4 103482635 rs191883106 0.05884299999999999
4 103483533 rs771151195 0.9666600000000001
4 103484190 rs551661214 0.032992
4 103484615 rs230491 5.3408e-46
4 103484620 rs144946319 0.031779
4 103484885 rs148613837 0.041815
4 103484896 rs67547121 0.44516000000000006
4 103485135 4:103485135_C_T 0.60209
4 103485282 rs58995842 0.44328999999999996
4 103485288 rs116005085 0.031779
4 103485780 rs230492 2.8997e-47
4 103485812 rs149564103 0.00039904
4 103485899 rs78325060 0.9985200000000001
4 103486177 rs566525716 0.7884800000000001
4 103486216 rs230493 1.0173e-45
4 103486350 rs73834811 0.0052836
4 103486373 rs113529475 4.5668999999999994e-11
4 103486697 rs1598861 2.7233999999999997e-40
4 103486698 rs35680095 0.015287
4 103486844 rs73834812 0.0050981
4 103486969 rs230494 2.7579e-30
4 103486988 rs115614971 0.62873
4 103487285 rs17032815 0.004752
4 103487300 rs230495 2.1322e-30
4 103487982 rs2293970 2.5885999999999997e-13
4 103488013 rs146266290 0.07297100000000001
4 103488491 rs230496 2.8426999999999995e-30
4 103488863 rs4648014 0.10869000000000001
4 103488938 rs4648015 0.005163
4 103488986 rs230497 2.4561999999999996e-49
4 103489603 rs230498 2.313e-49
4 103489670 rs4648016 0.0051441
4 103489983 rs230499 2.4270999999999994e-49
4 103490200 rs4648018 0.061184
4 103490417 rs4648020 0.02391
4 103490418 rs4648021 0.02391
4 103490496 rs78108185 0.64376
4 103490502 rs141762292 0.50551
4 103490863 rs151069185 0.025521000000000002
4 103490897 rs182545095 0.9011
4 103491600 rs140510614 0.37679
4 103491724 rs230500 2.3381999999999995e-49
4 103492383 rs230502 2.3975999999999996e-39
4 103493470 rs77803021 2.7041e-13
4 103493571 rs55884387 0.44855
4 103493916 rs141219104 0.55728
4 103494230 rs230538 3.0167e-30
4 103494344 rs181680729 0.026761
4 103494347 rs113739545 0.0092586
4 103494406 rs142018793 0.0044472999999999995
4 103495532 rs230539 3.2447e-48
4 103496128 rs771380078 0.40039
4 103496143 rs17032830 0.037544
4 103496437 rs4648022 0.28457
4 103496522 rs72931443 0.008212200000000001
4 103496541 rs150161207 0.026761
4 103496667 rs230540 2.0297e-47
4 103496998 rs909331 2.6351999999999997e-13
4 103497054 rs4648023 0.025521000000000002
4 103497334 rs10023807 0.99285
4 103497383 rs114681250 0.11558
4 103497567 rs4648024 2.6409e-13
4 103497785 rs230541 8.842299999999999e-31
4 103497875 rs909332 2.628e-13
4 103498455 rs230542 1.475e-47
4 103498614 rs57248236 0.44896
4 103498775 rs115426115 0.48721000000000003
4 103499260 rs4648026 0.45041000000000003
4 103500379 rs78492053 0.66799
4 103500788 rs230543 9.036899999999999e-31
4 103500875 rs230544 8.775399999999998e-31
4 103501054 rs1801 1.4213e-49
4 103501124 rs4648030 0.55784
4 103502064 rs577117825 0.51134
4 103502325 rs149759093 0.1428
4 103502551 rs11723120 8.470599999999998e-50
4 103502762 rs11097789 1.7550999999999998e-47
4 103503278 rs28491436 3.1081e-13
4 103503824 rs4699030 8.723e-31
4 103504305 rs1005819 6.309e-31
4 103504779 rs4648037 2.8654e-13
4 103505189 rs4648038 4.3255999999999994e-08
4 103505961 rs4648039 1.5906e-05
4 103506095 rs1598858 7.731900000000001e-48
4 103506374 rs1610152 2.6796e-13
4 103506444 rs1598859 1.3462000000000001e-49
4 103507270 rs148735949 0.28302
4 103507373 rs778916945 0.66557
4 103507703 rs17032850 1.3349e-49
4 103508074 rs186086139 0.53252
4 103508315 rs530459429 0.00080993
4 103508526 rs3774956 8.9825e-31
4 103508598 rs4648043 0.005222
4 103508703 rs4648045 1.0116e-49
4 103508760 rs147992985 0.5885699999999999
4 103508824 rs3821958 8.781499999999999e-31
4 103509025 rs3774957 1.2474999999999999e-49
4 103509030 rs4648046 0.3645
4 103509328 rs4648047 0.39331
4 103509436 rs1287 8.7725e-31
4 103509455 rs7667496 1.2276e-49
4 103509681 rs7692606 1.2454999999999998e-49
4 103510323 rs182787191 0.57087
4 103510511 rs1020759 8.6455e-31
4 103510741 rs543428294 0.095526
4 103511114 rs3774959 1.2217999999999999e-49
4 103511330 rs3774960 8.6806e-31
4 103511388 rs10489114 0.05884400000000001
4 103511772 rs10013190 3.0248000000000004e-13
4 103511802 rs67343621 0.44992
4 103512277 rs144498191 0.022708000000000002
4 103512362 rs56017192 0.44991000000000003
4 103512451 rs59123962 1.0890999999999999e-49
4 103512590 rs561837716 0.60763
4 103513073 rs4698858 7.844499999999999e-31
4 103513165 rs140709713 0.0079065
4 103513329 rs181550738 0.47321
4 103513901 rs9996972 2.3671e-13
4 103513929 rs551696646 0.58506
4 103513939 rs10031217 2.3568e-13
4 103514174 rs144583753 0.022315
4 103514445 rs1020760 1.1287999999999998e-30
4 103514658 rs1609993 0.81724
4 103514737 rs4648049 2.8600000000000004e-13
4 103514741 rs4648050 1.6307e-37
4 103514993 rs4648051 7.6572e-35
4 103515055 rs4648052 4.3669999999999997e-20
4 103515313 rs4648055 1.0798999999999999e-34
4 103515569 rs4648057 0.45116999999999996
4 103515591 rs4648058 2.3785e-36
4 103515597 rs4648059 2.8348e-13
4 103516384 rs4648062 0.47088
4 103516697 rs4648063 0.82571
4 103516811 rs4235405 5.446e-40
4 103516930 rs569237014 0.7386699999999999
4 103517463 rs4648065 0.60228
4 103518305 rs4648068 1.9883e-36
4 103518479 rs4648069 0.062495
4 103518700 rs4648072 0.46967
4 103518843 rs4648073 0.0011097000000000001
4 103519365 rs3774963 1.6058e-36
4 103519397 rs4648075 0.0040019
4 103519487 rs3774964 4.1106e-20
4 103519863 rs4648078 0.0027763
4 103520367 rs4648079 0.015187
4 103520480 rs543704895 0.078704
4 103520603 rs146010049 0.36543000000000003
4 103521323 rs4648082 0.45211999999999997
4 103522948 rs4648088 0.15897
4 103523110 rs149356312 0.029120999999999998
4 103523142 rs73834831 0.0047951
4 103523927 rs17032920 0.45105
4 103524018 rs78876876 0.07724099999999999
4 103524019 rs80159818 0.97173
4 103524299 rs569229081 0.6048100000000001
4 103524331 rs7684888 1.4147e-36
4 103524629 rs11722146 8.2325e-35
4 103524935 rs3774965 6.8864e-08
4 103525350 rs12509403 1.595e-36
4 103525480 rs149882943 0.52915
4 103525502 rs73834832 0.60749
4 103525508 rs12509517 7.7576e-35
4 103525931 rs3774967 1.5647999999999997e-36
4 103525987 rs72934868 0.010740999999999999
4 103526041 rs145703896 0.53308
4 103526311 rs113789881 0.09356
4 103526428 rs4699031 8.2972e-37
4 103526531 rs4235406 8.135099999999999e-35
4 103526674 rs3755867 8.578299999999998e-37
4 103527068 rs4648090 1.1028e-06
4 103527169 rs4648091 0.0041917000000000005
4 103527745 rs149211506 0.49391999999999997
4 103527876 rs4648095 3.2021999999999997e-13
4 103528017 rs4648096 0.060224
4 103528128 rs4648097 5.5336e-07
4 103529024 rs4648100 0.37916
4 103529040 rs4648101 0.015068999999999999
4 103529963 rs9790601 6.2117e-37
4 103530036 rs75265196 0.072005
4 103530056 rs7683854 9.4444e-37
4 103530642 rs28557116 2.8215e-13
4 103531112 rs3774968 5.7511e-37
4 103531991 rs4648104 1.8283e-09
4 103532439 rs4648106 0.51666
4 103532862 rs4648108 0.014898
4 103533052 rs56207297 0.0062858
4 103533195 rs559186673 0.79437
4 103533512 rs780437147 0.38686
4 103533631 rs4648109 0.5110899999999999
4 103533821 rs4648110 4.2442e-06
4 103534336 rs4648114 0.026668999999999998
4 103534425 rs4648116 0.0057353000000000005
4 103534557 rs4648117 3.6897e-13
4 103534560 rs3817685 4.8463999999999994e-37
4 103534776 rs4648120 0.23288000000000003
4 103535219 rs4648121 0.7658699999999999
4 103535765 rs4648125 0.52878
4 103535881 rs4648126 0.64432
4 103535905 rs4648127 0.044905
4 103536024 rs4648128 4.1611000000000004e-09
4 103536038 rs4648130 0.9767
4 103536261 rs230547 0.27137
4 103536413 rs4648133 2.1344999999999997e-34
4 103536441 rs4648134 0.0058118
4 103536511 rs530424445 0.064218
4 103536670 rs4648135 1.4731e-12
4 103536673 rs4648136 0.6118600000000001
4 103536901 rs4648141 0.001449
4 103537442 rs1609798 7.4906e-33
4 103537774 rs4648143 0.6044
4 103539751 rs186425968 0.71326
4 103539993 rs79866315 0.43933
4 103540313 rs7674004 1.9745e-59
4 103540325 rs190243929 8.507e-06
4 103540714 4:103540714_G_A 0.18752
4 103540762 rs62327180 1.0987e-33
4 103540780 rs7674640 2.7241e-59
4 103541185 rs28479865 0.27684000000000003
4 103542005 rs997476 0.054358000000000004
4 103542201 rs10489113 4.5475e-10
4 103542251 rs113401905 0.0042933
4 103543258 rs78875173 0.62641
4 103543380 rs116542256 0.33365
4 103543385 rs77719483 0.0043644
4 103543459 rs113157811 0.006250100000000001
4 103543710 rs149975627 0.43015
4 103543850 rs145106062 0.52154
4 103543976 rs75068580 0.19297999999999998
4 103544441 rs143173699 0.9961
4 103545219 rs17032996 1.774e-08
4 103545253 rs11733293 1.7709999999999998e-38
4 103545327 rs4698860 1.7059999999999997e-38
4 103545487 rs4698861 5.879700000000001e-38
4 103545797 rs4698862 1.6384e-38
4 103545829 rs113848605 0.0016994
4 103545848 rs4698863 1.7562999999999999e-38
4 103546138 rs62327181 1.4019e-38
4 103546186 rs17033014 1.1777e-38
4 103546275 rs72934901 0.5837600000000001
4 103546304 rs17033015 8.4385e-44
4 103546855 rs12645469 2.761e-20
4 103546896 rs12648696 2.3513e-36
4 103547225 rs111917101 0.0018831
4 103547803 rs188645874 0.97906
4 103547949 rs7685915 1.7272999999999999e-38
4 103547967 rs7664171 2.4156000000000003e-38
4 103548216 rs35992292 3.3826e-39
4 103548229 rs138374859 0.30143000000000003
4 103548253 rs570844412 0.006699299999999999
4 103548363 rs17033019 0.011028
4 103548526 rs75495596 0.35670999999999997
4 103548799 rs559052287 0.74278
4 103549149 rs10213251 1.628e-08
4 103550006 rs7677509 3.1609e-63
4 103550075 rs7699231 3.1469999999999994e-63
4 103550096 rs7699678 3.1550999999999993e-63
4 103550141 rs149756038 0.44187
4 103550248 rs11724614 3.2504999999999996e-63
4 103551084 rs549735059 0.75689
4 103551376 rs7664828 2.2419999999999997e-63
4 103551603 rs7665090 2.0686999999999993e-63
4 103551721 rs143068809 0.396
4 103551754 rs571116628 0.19526
4 103551759 rs7690123 1.8558999999999997e-63
4 103551818 rs7665659 1.8557e-63
4 103551909 rs7665854 1.8557e-63
4 103552068 rs7690700 2.0204999999999995e-63
4 103552155 rs76988304 0.0057792
4 103552430 rs12644381 1.685e-63
4 103552559 rs112346774 0.032847
4 103552709 rs1054037 1.6918999999999998e-63
4 103552768 rs17033034 0.021654
4 103552813 rs4013 1.9249e-63
4 103552830 rs4019 2.3934999999999994e-63
4 103552858 rs7672268 7.1535e-13
4 103552897 rs78514870 0.0061059
4 103553053 rs1054029 2.4578999999999997e-63
4 103553090 rs3194585 2.4578999999999997e-63
4 103553372 rs75826658 4.0198e-06
4 103553543 rs735403 2.0019e-63
4 103553627 rs115338402 0.028966000000000002
4 103553665 rs735404 3.3452999999999995e-63
4 103553916 rs735405 2.0213999999999998e-63
4 103553926 rs1077358 1.4519999999999998e-63
4 103553960 rs3774969 5.2884e-13
4 103554019 rs2866406 2.0218999999999998e-63
4 103554108 rs2866407 1.5046999999999998e-63
4 103554113 rs2866408 1.8941999999999998e-63
4 103554261 rs2866409 2.1133e-63
4 103554273 rs149600482 0.0013714
4 103554350 rs2866412 3.228399999999999e-63
4 103554353 rs144281209 0.034922
4 103554522 rs12498722 2.7569e-63
4 103554552 rs12502761 0.054185000000000004
4 103554575 rs76127909 0.023216999999999998
4 103554713 rs5026469 1.1726999999999998e-62
4 103554722 rs5026470 1.0852999999999999e-62
4 103554733 rs5026471 1.2884e-62
4 103554773 rs5026472 3.3079999999999994e-62
4 103554810 rs5026474 2.7868e-63
4 103554821 rs5026475 1.1757e-43
4 103554822 rs78253661 0.38892
4 103554910 rs5026476 2.8203e-63
4 103554975 rs13106304 2.3769999999999994e-63
4 103554992 rs13106325 2.4454e-63
4 103555417 rs6812747 2.5406999999999994e-63
4 103555611 rs6813157 2.5200999999999996e-63
4 103555676 rs6839064 2.4236999999999993e-63
4 103555803 rs2272695 2.4169999999999998e-63
4 103555821 rs2272696 2.4169999999999998e-63
4 103555992 rs2272697 2.2856999999999994e-63
4 103556180 rs147437033 0.34415999999999997
4 103556316 rs909349 1.9200999999999996e-63
4 103556462 rs4586937 2.2660999999999994e-63
4 103556756 rs537514963 0.58318
4 103556861 rs3733202 2.9156999999999993e-63
4 103557077 rs2866413 3.569899999999999e-63
4 103557192 rs4547797 3.6458999999999995e-63
4 103557219 rs2866414 3.639599999999999e-63
4 103557311 rs4496586 1.8499999999999996e-50
4 103557398 rs148828948 0.00069928
4 103557460 rs145203188 0.3444
4 103557463 rs10007196 3.6805e-08
4 103557529 rs9996834 3.469699999999999e-63
4 103557664 rs11727546 2.7897999999999997e-63
4 103557753 rs2903283 3.5468e-63
4 103557817 rs548305108 0.2878
4 103558169 rs4579121 3.081199999999999e-63
4 103558514 rs6810869 2.9134999999999996e-63
4 103558731 rs6833962 0.0012376
4 103558805 rs6533020 3.1565999999999995e-63
4 103558833 rs6834176 1.1904e-10
4 103558853 rs6533021 2.7961999999999996e-63
4 103558951 rs6533022 3.157099999999999e-63
4 103559329 rs145893584 0.7479100000000001
4 103559340 rs116947538 0.25429
4 103559350 rs72936909 0.48177
4 103559555 rs185631260 0.6984600000000001
4 103559876 rs2125211 2.7808e-63
4 103560168 rs79546432 0.41373000000000004
4 103560259 rs75110398 0.020901
4 103560701 rs115374885 0.43883999999999995
4 103560745 rs765789 3.9297000000000004e-10
4 103560795 rs111700303 0.9913700000000001
4 103560801 rs76778895 0.24245999999999998
4 103560817 rs150220143 0.2972
4 103561106 rs2293995 2.7289999999999998e-12
4 103561480 rs78922400 0.047901
4 103561709 rs228611 5.685699999999999e-59
4 103561905 rs73834871 0.41061000000000003
4 103562192 rs148667652 0.20490999999999998
4 103562322 rs139110514 0.018703
4 103562457 rs140790255 0.42346999999999996
4 103563385 rs143324246 0.019237
4 103563913 rs188657004 0.41966000000000003
4 103563966 rs73834873 0.62978
4 103564025 rs72936914 0.8653700000000001
4 103564340 rs115483961 0.41589
4 103564432 rs116124797 0.36323
4 103564713 rs139602776 0.004589
4 103564812 rs149319204 0.088308
4 103565152 rs76136769 0.57972
4 103565372 rs75756213 0.6310100000000001
4 103565509 rs116574094 0.42828
4 103565586 rs77936094 0.49446
4 103565967 rs75640828 0.43872
4 103566363 rs74525093 0.7114
4 103566794 rs114021393 0.42668999999999996
4 103566962 rs79329573 0.50659
4 103567013 rs74989365 0.40942
4 103567123 rs76893294 0.42454
4 103567348 rs228618 2.1474999999999997e-48
4 103567563 rs79274089 0.0024712
4 103567719 rs28706134 0.77048
4 103568085 rs116541393 0.42936
4 103568710 rs559618758 0.1206
4 103569020 rs77332324 0.00064791
4 103569283 rs228619 1.1591999999999999e-34
4 103569700 rs148292684 0.62443
4 103570052 rs75702923 0.86459
4 103570144 rs73834874 0.6401
4 103570287 rs150795202 0.44106000000000006
4 103570683 rs77328746 0.86388
4 103571181 rs76645359 2.6856e-06
4 103571347 rs138032228 0.9180799999999999
4 103572320 rs228623 1.7080999999999997e-48
4 103572440 rs228624 1.7129e-48
4 103572694 rs76421501 0.43556000000000006
4 103572751 rs228625 2.6689999999999994e-48
4 103572946 rs228626 1.617e-48
4 103573082 rs228627 5.4665e-48
4 103573254 rs181941722 0.9591700000000001
4 103573323 rs228628 1.9325e-37
4 103573377 rs228629 2.099e-37
4 103573440 rs73834876 0.39398
4 103573491 rs12152655 5.9739e-16
4 103573626 rs147946607 0.29632
4 103573726 rs7693730 0.00011771
4 103573749 rs228630 2.1209999999999997e-37
4 103573765 rs62327213 0.6097199999999999
4 103573863 rs228631 1.3404e-36
4 103573904 rs228632 3.0464e-37
4 103573918 rs59092216 0.63751
4 103573922 rs147714715 0.7910699999999999
4 103574761 rs148918081 0.15249000000000001
4 103575067 rs179195 4.1029999999999994e-37
4 103575153 rs75487550 0.6977
4 103575240 rs73834880 0.5997399999999999
4 103575280 rs2978641 3.7971e-37
4 103575286 rs73834881 0.57923
4 103575385 rs228612 3.9029999999999995e-37
4 103576010 rs75927052 0.17468
4 103576168 rs59208331 0.4066
4 103576357 rs780555730 0.25411
4 103576491 rs188213222 0.20619
4 103576843 rs55850039 0.52227
4 103576867 rs75563073 2.5223000000000002e-05
4 103576988 rs192793226 0.9335
4 103577060 rs74594408 0.51068
4 103577258 rs138652061 0.42796999999999996
4 103577360 rs78955300 5.228999999999999e-06
4 103577465 rs228613 1.3824e-47
4 103577992 rs77985169 0.0082676
4 103578055 rs150743025 0.33165
4 103578265 rs73834883 0.42549
4 103578275 rs115131065 0.40105999999999997
4 103578593 rs80198806 4.1184e-05
4 103578637 rs228614 1.2486999999999999e-43
4 103578861 rs147023714 0.9492799999999999
4 103579044 rs147542645 0.5746899999999999
4 103579460 rs228615 3.5136999999999995e-47
4 103579691 rs228616 4.0841e-47
4 103579765 rs73834886 0.42891999999999997
4 103580006 rs569872335 0.001916
4 103580064 rs17033092 0.27521
4 103580078 rs72936944 0.56317
4 103580154 rs17033093 0.37801
4 103580296 rs17033095 0.24598000000000003
4 103580377 rs73834888 0.3891
4 103580611 rs75653990 0.70844
4 103580788 rs228617 2.3534e-36
4 103581262 rs17033100 0.96793
4 103581376 rs114273169 0.8797200000000001
4 103581402 rs148767464 0.2319
4 103581492 rs77295620 0.53462
4 103581704 rs185117620 0.30498000000000003
4 103582090 rs116699774 0.9813200000000001
4 103582276 rs17033102 0.9913200000000001
4 103582603 rs17033104 0.27226999999999996
4 103582776 rs114796633 0.83811
4 103582798 rs73834889 0.54478
4 103582846 rs79672052 0.7084600000000001
4 103582933 rs75644923 0.9721799999999999
4 103583087 rs10489112 0.60247
4 103583137 rs73834890 0.44376000000000004
4 103583189 rs434644 1.9426999999999996e-47
4 103583196 rs413967 2.1848000000000001e-47
4 103583208 rs404574 1.7698e-47
4 103583419 rs116160049 0.70916
4 103583661 rs115121871 0.18623
4 103583769 rs114013817 0.79218
4 103583776 rs17033107 0.17507999999999999
4 103584257 rs149287472 0.30376
4 103584258 rs78173522 0.70709
4 103584307 rs116504762 0.70709
4 103584451 rs56387131 0.44398000000000004
4 103584537 rs114096488 0.70703
4 103584595 rs190410677 0.96472
4 103584867 rs116472841 0.22118000000000002
4 103584927 rs73834893 0.44443
4 103584976 rs75852609 0.70686
4 103585058 rs10489111 0.22255
4 103585194 rs80032281 0.70686
4 103585198 rs77324925 0.7068
4 103585199 rs10489110 0.97777
4 103585328 rs17033116 0.0098932
4 103585630 rs140289949 8.0283e-07
4 103585819 rs79449882 0.70639
4 103585845 rs74718667 0.96754
4 103586340 rs72663144 0.49575
4 103586648 rs116557653 0.097465
4 103586775 rs147313775 0.0051049
4 103586842 rs17033118 0.35446
4 103586977 rs227361 1.2630999999999998e-43
4 103587007 rs58265287 0.44798999999999994
4 103587331 rs10452145 0.7017100000000001
4 103587487 rs10452146 0.68311
4 103587540 rs751647277 0.95024
4 103587767 rs10452177 0.52356
4 103587805 rs148541403 0.21752
4 103587815 rs190060548 0.04937
4 103587957 rs56325979 0.44788999999999995
4 103587973 rs77111210 5.3654e-05
4 103588146 rs73834895 0.44756
4 103588172 rs73834897 0.7734800000000001
4 103588214 rs73834899 0.72631
4 103588513 rs73834900 0.5198
4 103588576 rs73834901 0.44891000000000003
4 103588630 rs77517783 0.0033296999999999997
4 103588678 rs73834902 0.002822
4 103588863 rs182982804 0.20655
4 103588953 rs73836803 0.44911999999999996
4 103589049 rs57707697 0.44928
4 103589134 rs75406529 0.12353
4 103589211 rs6533023 0.015548
4 103589480 rs6817508 0.0081591
4 103589799 rs79753057 0.52331
4 103589979 rs145870359 0.80242
4 103590014 rs74842201 0.020502
4 103590049 rs59822982 0.014962
4 103590264 rs60957290 0.44909
4 103590490 rs55922881 0.44956
4 103590500 rs530520318 0.0020315000000000003
4 103590862 rs148414564 0.0043806
4 103590864 rs6847587 1.272e-44
4 103590932 rs148789917 0.72283
4 103590978 rs377281937 0.75721
4 103591054 rs184381213 0.011646
4 103591399 rs139353573 0.040316000000000005
4 103591507 rs74337489 0.79562
4 103591638 rs77218481 0.43057
4 103591766 rs7695925 0.0082882
4 103592106 rs146077417 0.02402
4 103592285 rs227362 0.016612000000000002
4 103592294 rs60581775 0.43073999999999996
4 103592303 rs111897970 0.8105
4 103592317 rs28656254 0.75874
4 103592652 rs6812484 0.0099198
4 103592869 rs73836807 0.11237
4 103593046 rs113013209 0.003198
4 103593080 rs150996745 0.50684
4 103593090 rs73836808 0.5807100000000001
4 103593178 rs717278 0.0096064
4 103593342 rs717279 0.0095771
4 103593446 rs57371361 0.014899
4 103593480 rs75510228 0.43115
4 103593829 rs74819220 0.0053497
4 103593856 rs72940732 0.015386000000000002
4 103593898 rs227275 1.9288999999999995e-26
4 103594087 rs75077385 0.014209000000000001
4 103594088 rs77084614 0.01459
4 103594251 rs79971084 0.36918
4 103594288 rs150304682 0.41686000000000006
4 103594289 rs72940735 0.013816
4 103594306 rs73836809 0.42303
4 103594325 rs6851387 0.021069
4 103594592 rs183808908 0.45752
4 103594596 rs6826031 0.021431
4 103594918 rs227276 2.0477e-27
4 103594938 rs227277 2.8739e-26
4 103594950 rs6827148 0.0154
4 103594962 rs112573030 0.0032201
4 103595277 rs55654958 0.42213
4 103595289 rs41276945 0.41594
4 103595398 rs75143054 0.022601
4 103595483 rs56400036 0.42162
4 103595528 rs60220347 0.014983000000000002
4 103595606 rs60573680 0.015596
4 103595651 rs227278 2.5628000000000003e-27
4 103595714 rs59953620 0.015097
4 103595742 rs72940740 0.021693
4 103596149 rs10489109 0.0148
4 103596209 rs76160830 0.0034966000000000003
4 103596632 rs139253418 0.017403000000000002
4 103596883 rs59021138 0.011831999999999999
4 103596925 rs58695194 0.018288
4 103596980 rs59808454 0.010555
4 103597032 rs227279 1.2027e-25
4 103597084 rs545809297 0.47533000000000003
4 103597091 rs57122746 0.011398
4 103597352 rs56808363 0.0093035
4 103597430 rs73836814 0.42222
4 103597562 rs147818512 0.42683000000000004
4 103597580 rs58123443 0.015631
4 103597648 rs72940745 0.01102
4 103597746 rs577794158 0.13712
4 103597789 rs79934496 0.59444
4 103597868 rs72940746 0.011348
4 103598171 rs577525693 0.92971
4 103598345 rs73836817 0.42316000000000004
4 103598348 rs73836818 0.42316000000000004
4 103598385 rs79138733 1.0593e-06
4 103598418 rs72940747 0.010973
4 103598495 rs191360764 0.045742000000000005
4 103598667 rs79869985 0.035626
4 103598839 rs77249608 0.8613700000000001
4 103598977 rs72940748 0.018879
4 103599183 rs182450841 0.61036
4 103599270 rs56839100 0.42361000000000004
4 103599626 rs77161216 0.7059300000000001
4 103599962 rs72940752 0.016871
4 103600105 rs17033142 0.00611
4 103600597 rs72940753 0.006090699999999999
4 103601062 rs17033146 0.0058397
4 103601214 rs17033150 0.0083863
4 103601254 rs17033153 0.11252000000000001
4 103601341 rs72940757 0.0044188000000000005
4 103601346 rs73836823 0.0068430999999999995
4 103601430 rs77845705 8.0092e-13
4 103601802 rs183907792 0.38083
4 103601896 rs77292006 0.025972000000000002
4 103602043 rs60641479 0.42341000000000006
4 103602100 rs116119670 0.041977
4 103602127 rs60485645 0.42432
4 103602229 rs77739565 0.009640899999999999
4 103602237 rs11097790 2.1371000000000003e-08
4 103602549 rs140640151 0.050506
4 103602600 rs72940762 5.2558999999999996e-05
4 103602619 rs72940764 6.0206000000000006e-05
4 103602695 rs115182749 0.034305
4 103602703 rs190201547 0.38309
4 103602897 rs72940768 0.97683
4 103603343 rs6828145 0.5447
4 103603479 rs59122287 0.42615
4 103603625 rs61216440 0.97564
4 103603706 rs112730086 0.0015148
4 103603833 rs62327215 0.46426999999999996
4 103603949 rs227280 2.0056e-14
4 103604061 rs191838284 0.00081054
4 103604433 rs72940780 0.98514
4 103604583 rs72940782 0.98554
4 103604707 rs17033155 0.9763
4 103604711 rs73836831 0.42691999999999997
4 103604904 rs72940787 0.5529
4 103604951 rs150433846 0.32001999999999997
4 103605256 rs55913844 0.42668
4 103605278 rs531190251 0.4037
4 103605290 rs117797211 3.5615e-05
4 103605743 rs10004772 0.0070637
4 103605817 rs6844161 0.5748
4 103605916 rs393223 1.7649999999999998e-16
4 103606098 rs184142376 0.88126
4 103606145 rs58463759 0.9474299999999999
4 103606273 rs7691857 0.9485299999999999
4 103606357 rs139673659 0.66409
4 103606449 rs7670315 0.9810200000000001
4 103606668 rs143968852 9.2921e-06
4 103606672 rs170563 8.5867e-14
4 103606872 rs227281 7.017e-14
4 103606886 rs227282 6.799400000000001e-14
4 103607188 rs547742368 0.588
4 103607189 rs146676872 0.30106
4 103607253 rs227283 1.0452e-13
4 103607406 rs72940792 0.72588
4 103607553 rs112410997 0.67314
4 103607635 rs227284 7.9421e-14
4 103607806 rs227285 5.2947e-14
4 103608196 rs73836834 0.4387
4 103608308 rs170564 5.5954e-14
4 103608627 rs73836835 0.43841
4 103609253 rs115972694 0.07145399999999999
4 103609793 rs13112128 2.6594e-14
4 103609857 rs149530322 0.8596600000000001
4 103610248 rs227363 2.6904000000000003e-14
4 103610261 rs188096610 0.5412600000000001
4 103610310 rs227364 3.7121e-14
4 103610623 rs78612967 0.4385
4 103610872 rs227365 3.4152e-14
4 103610980 rs140639107 0.54647
4 103611108 rs113125567 0.69198
4 103611364 rs227366 3.3815e-14
4 103611533 rs227367 1.1816e-16
4 103611687 rs139104246 0.016988
4 103611771 rs17033168 0.74502
4 103611845 rs227368 1.2872e-35
4 103612018 rs227369 3.4847e-14
4 103612043 rs227370 5.6566e-14
4 103612137 rs227371 3.4255e-14
4 103612216 rs79912020 5.7686e-05
4 103612791 rs6843612 0.8682200000000001
4 103612792 rs6843449 0.8682200000000001
4 103612917 rs227372 3.2196e-14
4 103613012 rs141711115 0.67194
4 103613266 rs227373 6.079199999999999e-14
4 103613299 rs227374 3.0119e-14
4 103613308 rs190415430 0.10222
4 103613567 rs77746751 0.00014796
4 103613605 rs17033179 0.00016816
4 103613625 rs78496933 0.00017619999999999997
4 103613903 rs112572895 0.00016875
4 103613904 rs6827789 0.5171
4 103614007 rs77007356 0.21856
4 103614202 rs151105428 0.016486
4 103614289 rs558436509 0.45258000000000004
4 103614358 rs17033181 0.00015782
4 103614459 rs192417072 1.0320999999999998e-05
4 103614611 rs116799922 0.7600899999999999
4 103614683 rs28464806 0.0014835
4 103615258 rs28696020 0.00016173
4 103615424 rs55880907 0.43878999999999996
4 103615509 rs566883079 0.94184
4 103615527 rs148265971 0.051759000000000006
4 103616020 rs10008118 0.6893100000000001
4 103616023 rs28618363 0.00016863
4 103616214 rs142505613 0.8844200000000001
4 103616394 rs28679325 0.00015830000000000003
4 103616526 rs139467677 0.41746000000000005
4 103616612 rs149235901 0.20274
4 103617221 rs113429848 0.92595
4 103617491 rs28613301 0.00015925
4 103617604 rs575027392 0.73087
4 103617616 rs535793950 0.29952
4 103617687 rs59651274 0.43883999999999995
4 103617702 rs144908579 0.29756
4 103617720 rs28707088 0.00016067
4 103617845 rs75731958 2.7961999999999998e-05
4 103618023 rs227375 2.6671999999999997e-27
4 103618276 rs75184827 0.00012969
4 103618620 rs112605985 0.00012916
4 103618977 rs151054729 0.084536
4 103619763 rs535143263 0.71119
4 103619839 rs150200965 0.6924
4 103620327 rs145702431 0.77852
4 103620765 rs188686073 0.4386
4 103621897 rs540836765 0.9455100000000001
4 103621980 rs182181566 0.067253
4 103622203 rs28876670 0.69392
4 103623250 rs556218154 0.15261
4 103623591 rs182109126 0.40876999999999997
4 103623656 rs556092450 0.43961999999999996
4 103623900 rs76615823 0.6754399999999999
4 103624179 rs28432851 0.00016538
4 103624180 rs28743101 0.00012968
4 103624238 rs10000705 0.00012982
4 103624269 rs58377895 0.43388000000000004
4 103624354 rs78146345 0.00013425
4 103624435 rs10013650 0.00013331
4 103624587 rs9991351 0.00012181
4 103624779 rs9991705 0.00013069
4 103624870 rs111244780 3.2155e-05
4 103624971 rs192874438 0.9422799999999999
4 103625024 rs112988605 0.00015639
4 103625151 rs146801719 0.85954
4 103625162 rs145249091 0.00012475
4 103625183 rs150900 3.1907e-14
4 103625230 rs146506618 0.00012206
4 103625247 rs114339243 0.00013172
4 103625291 rs111507217 0.00013225
4 103625348 rs28714261 0.00013121
4 103625415 rs28669026 0.00013275
4 103625433 rs28462987 0.00016303
4 103625531 rs12513074 7.394e-10
4 103625590 rs223513 1.4554e-16
4 103625602 rs189247837 0.9422799999999999
4 103625626 rs28393346 0.00013149
4 103625736 rs28509306 0.00019849
4 103625993 rs576521738 0.77283
4 103626269 rs28660972 0.00016571
4 103626513 rs186114596 0.41161000000000003
4 103626523 rs10003141 0.00016702
4 103626727 rs73836837 0.5623100000000001
4 103626794 rs10026041 0.00016758
4 103626833 rs9993014 3.7138e-05
4 103626848 rs545179815 0.89079
4 103626859 rs223512 1.4139e-16
4 103627197 rs2084776 0.81667
4 103627219 rs116678022 0.080539
4 103627565 rs58950217 0.86506
4 103627674 rs28790637 0.00016869
4 103627687 rs28880291 0.00016355
4 103627874 rs223511 1.9051000000000001e-16
4 103627968 rs223510 1.4299999999999998e-16
4 103628531 rs142002161 0.35319
4 103628682 rs61502047 0.48108999999999996
4 103629476 rs111536675 0.7762899999999999
4 103630096 rs116546261 0.08182400000000001
4 103630137 rs9307271 0.00016429
4 103630302 rs9307272 0.00014833
4 103630800 rs223509 0.008306200000000001
4 103631126 rs72940802 0.47336000000000006
4 103631706 rs10008821 0.00016249
4 103631751 rs113849661 0.47196000000000005
4 103631810 rs183358051 0.62889
4 103632159 rs543225298 0.41723000000000005
4 103632160 rs2167456 0.00018627
4 103632548 rs3974631 0.00016206
4 103632585 rs75542427 0.085638
4 103632730 rs3974632 0.00016753
4 103632871 rs112254598 0.5052800000000001
4 103632909 rs186368738 0.78628
4 103632963 rs223508 8.0742e-14
4 103633009 rs3974634 0.00026909
4 103633275 rs138652899 0.019934
4 103633392 rs190426297 0.28966
4 103633815 rs223507 3.591e-14
4 103633837 rs59536591 0.46835
4 103633894 rs223506 1.2527999999999999e-16
4 103634200 rs57346031 0.45118
4 103634220 rs223505 6.845900000000001e-14
4 103634241 rs79529143 0.078251
4 103634331 rs116043641 0.7983399999999999
4 103634434 rs149745461 0.79845
4 103634728 rs73836838 0.4143
4 103635183 rs223504 1.2716e-16
4 103635340 rs17033204 0.60092
4 103635445 rs10014969 0.82439
4 103635928 rs28688870 0.098256
4 103635967 rs145261200 0.57204
4 103636292 rs56725841 0.006359
4 103636436 rs78577655 0.23988
4 103636589 rs72942713 0.94225
4 103636660 rs112980258 0.087736
4 103636812 rs75808172 0.41394
4 103637193 rs181446351 0.11265
4 103637237 rs185839640 0.51056
4 103637312 rs113650664 0.58368
4 103637334 rs113218472 0.0045042
4 103637335 rs145870439 0.9668899999999999
4 103637806 rs113359386 0.00017099
4 103637910 rs55888741 0.97083
4 103638334 rs530096511 0.7155600000000001
4 103638420 rs76498519 6.1912e-09
4 103638539 rs56870636 0.41323999999999994
4 103638601 rs55757523 0.41361000000000003
4 103638638 4:103638638_C_A 0.007941199999999999
4 103639270 rs74404975 0.68414
4 103639403 rs73836843 0.24702
4 103639672 rs17033207 0.00030238
4 103639771 rs182453341 0.30167
4 103639827 rs759959843 0.9359700000000001
4 103639840 rs17033210 0.98751
4 103639860 rs112438015 0.00031396
4 103639872 rs113314229 0.35101
4 103639937 rs541038518 0.06136799999999999
4 103639990 rs113460934 0.84724
4 103640143 rs223503 3.8329e-07
4 103640173 rs111358269 0.8367700000000001
4 103640315 rs193258074 0.5281600000000001
4 103640340 rs56117652 0.37251
4 103640341 rs114483057 0.89055
4 103640433 rs144315790 0.75363
4 103640511 rs116600851 0.17527
4 103640560 rs112400361 0.00029251
4 103640758 rs223502 1.4072e-05
4 103640902 rs10489108 0.8377
4 103640903 rs116666601 0.0029166
4 103641185 rs200858540 0.50156
4 103641186 rs530877698 0.53415
4 103641449 rs140739898 0.43333999999999995
4 103641604 rs191750220 0.41303999999999996
4 103641655 rs62327228 0.005695899999999999
4 103641687 rs112795898 0.97824
4 103641710 rs190438205 0.54477
4 103641825 rs17033219 0.0021847
4 103641837 rs72663153 0.004423399999999999
4 103642090 rs17033222 0.9990100000000001
4 103642105 rs76401681 0.013722
4 103642247 rs59248089 0.9998799999999999
4 103642302 rs111697021 0.4009
4 103642356 rs6842746 0.28335
4 103642379 rs113958091 0.84793
4 103642466 rs6842968 0.30811
4 103642539 rs59031610 0.98644
4 103643021 rs140521774 0.16735999999999998
4 103643117 rs7686632 0.9921700000000001
4 103643128 rs223501 2.0127e-09
4 103643129 rs7686641 0.3703
4 103643251 rs56912699 0.8229700000000001
4 103643336 rs72942733 0.73026
4 103643368 rs75698933 0.41286000000000006
4 103643378 4:103643378_C_T 0.62308
4 103643788 rs73836849 0.45113000000000003
4 103644099 rs114543305 0.80233
4 103644366 rs140752392 0.0021230999999999997
4 103644577 rs75796437 0.45903
4 103645082 rs6857760 0.0070209999999999995
4 103645186 rs114897852 0.8653
4 103645682 rs116652968 0.87018
4 103645905 rs114042268 0.72033
4 103646241 rs185802204 0.16265
4 103646434 rs113775284 0.00031924
4 103646452 rs77602774 0.53475
4 103646565 rs577175645 0.52242
4 103646571 rs17033226 0.016055
4 103646644 rs112273196 0.0021285
4 103646814 rs72937827 0.42305
4 103646941 rs7677366 0.12866
4 103647047 rs223500 5.388399999999999e-11
4 103647142 rs7677599 0.5465800000000001
4 103647335 rs223499 1.0787999999999999e-05
4 103647399 rs115273956 0.49333
4 103647561 rs76080811 0.14835
4 103647685 rs78238035 0.55138
4 103647848 rs113584126 0.0009812000000000002
4 103648047 rs78210851 0.46293999999999996
4 103648300 rs112708678 0.0023504000000000003
4 103648378 rs114107911 0.5251600000000001
4 103648664 rs114880416 0.12629
4 103648829 rs138958881 0.52218
4 103649043 rs76671809 0.30126
