CHR BP SNP P
12 9810144 rs7309800 9.560400000000001e-11
12 9810451 rs7306991 0.037129
12 9810689 rs11052233 0.2445
12 9810749 rs113924907 4.952000000000001e-11
12 9810764 rs7310568 9.521799999999999e-11
12 9810841 rs79019311 0.095189
12 9810914 rs11052234 2.8666e-10
12 9811049 rs2162657 9.543000000000001e-11
12 9811058 rs1560010 0.094652
12 9811123 rs768172272 0.21416
12 9811137 rs10844350 9.546700000000002e-11
12 9811149 rs10844351 9.546700000000002e-11
12 9811187 rs10844352 9.546700000000002e-11
12 9811207 rs10844353 9.3145e-11
12 9811303 rs11052235 9.692900000000001e-11
12 9811352 rs10771996 1.2733e-10
12 9811397 rs10771997 0.037499
12 9811468 rs10771998 0.037043
12 9811472 rs10771999 0.00066143
12 9811502 rs187823217 0.18082
12 9811651 rs10772001 4.1417999999999997e-69
12 9811832 rs12366653 2.9523e-10
12 9811948 rs11052241 1.3295e-10
12 9812063 rs1863875 1.453e-10
12 9812066 rs75305775 0.26928
12 9812086 rs11052245 9.265400000000001e-11
12 9812401 rs35884213 2.7203e-10
12 9812413 rs16913477 9.306299999999999e-11
12 9812516 rs35280686 9.2258e-11
12 9812522 rs61913328 0.58036
12 9812714 rs10844359 9.214700000000001e-11
12 9812783 rs11052254 2.8379e-10
12 9813095 rs7299738 9.036200000000002e-11
12 9813100 rs7310405 9.036200000000002e-11
12 9813179 rs7311421 9.036200000000002e-11
12 9813188 rs7310516 9.036200000000002e-11
12 9813307 rs7311574 1.0709e-10
12 9813404 rs34383380 4.0664999999999993e-69
12 9813414 rs7310790 8.9432e-11
12 9813524 rs114657205 0.8476799999999999
12 9813567 rs7311945 8.951000000000001e-11
12 9813781 rs10772005 8.869799999999998e-11
12 9813867 rs10772006 9.182700000000002e-11
12 9814019 rs1108453 0.6843600000000001
12 9814071 rs1108452 0.08729500000000001
12 9814176 rs7304321 8.866600000000001e-11
12 9814256 rs12424904 1.1247e-10
12 9814266 rs7304464 9.174e-11
12 9814375 rs61913330 2.4152e-20
12 9814431 rs117188371 1.8241e-05
12 9814544 rs11052266 0.25056999999999996
12 9814587 rs10844368 8.873899999999999e-11
12 9814588 rs10844369 8.873899999999999e-11
12 9814782 rs4439599 0.67247
12 9815170 rs111753672 0.2037
12 9815305 rs12311889 0.40189
12 9815503 rs80055867 0.025766000000000004
12 9815867 rs10734805 0.6701
12 9815902 rs10844372 2.6244e-07
12 9816299 rs10844373 9.384799999999997e-69
12 9816425 rs11052274 0.095288
12 9816429 rs7959272 1.2902e-31
12 9816703 rs7974871 7.755800000000001e-11
12 9816875 rs7978187 8.463699999999999e-11
12 9817061 rs116884408 0.0014683
12 9817194 rs16914071 0.23576999999999998
12 9817228 rs146282776 7.2819e-05
12 9817395 rs35671537 3.3729000000000003e-10
12 9817654 rs6488098 0.089074
12 9817691 rs78427035 0.24538000000000001
12 9818089 rs183153930 0.59608
12 9818275 rs12317575 0.25884
12 9818342 rs558085401 0.29312
12 9818470 rs12317691 0.64894
12 9818795 rs75028157 0.32658000000000004
12 9819052 rs76906545 0.2629
12 9819119 rs117922336 0.00081461
12 9819152 rs16914229 0.08119
12 9819316 rs112897035 0.08165900000000001
12 9819374 rs4763733 0.45178999999999997
12 9819378 rs189496405 0.0016687999999999998
12 9819493 rs190147984 0.010841
12 9819505 rs142436154 0.4406
12 9819531 rs10743806 5.780799999999999e-69
12 9819537 rs140549819 5.7054e-08
12 9819625 rs10732553 0.68004
12 9820080 rs11052282 9.685e-11
12 9820158 rs138575935 0.0099541
12 9820328 rs145266723 0.00019152
12 9820575 rs10772010 1.1421999999999997e-62
12 9820619 rs6488100 0.09728200000000001
12 9820711 rs149538333 0.96951
12 9820765 rs144132075 4.7924e-08
12 9821098 rs73057559 1.4081e-10
12 9821178 rs35691764 0.54303
12 9821234 rs114924195 0.36579
12 9821238 rs186378018 0.020130000000000002
12 9821661 rs16914557 0.099896
12 9821756 rs183040385 3.5993e-05
12 9821781 rs17732859 0.10619
12 9822387 rs16914640 0.4718
12 9822469 rs557740486 0.00020869999999999998
12 9822952 rs1560011 3.3063999999999997e-69
12 9823140 rs2114870 2.0139999999999996e-128
12 9823178 rs35237063 2.6938e-18
12 9823274 rs10844380 2.2707999999999996e-127
12 9823399 rs561196257 0.8115399999999999
12 9823486 rs12817365 1.0053e-18
12 9823519 rs76036296 0.32746
12 9823553 rs4763738 7.6913e-05
12 9823704 rs116212931 0.1936
12 9823859 rs11052303 1.0676e-18
12 9823868 rs11052304 1.0276e-18
12 9823941 rs145855394 0.056921000000000006
12 9823973 rs11052305 1.2071e-18
12 9824079 rs7970348 8.8833e-05
12 9824095 rs184791761 0.00064587
12 9824138 rs12582584 2.3313999999999994e-66
12 9824669 rs117299066 0.029901999999999998
12 9824988 rs11052311 9.5015e-19
12 9825046 rs114600778 0.19296
12 9825653 rs113923852 0.53932
12 9825739 rs116437669 0.1943
12 9825969 rs6488109 4.7314999999999994e-11
12 9826022 rs6488110 0.027749
12 9826142 rs76027969 0.009054799999999998
12 9826246 rs73057567 3.6818000000000006e-07
12 9826279 rs55939269 4.1121e-13
12 9826408 rs11052327 1.0568e-18
12 9826701 rs1118223 0.46031000000000005
12 9826746 rs11524523 1.0254000000000001e-18
12 9826782 rs4763264 4.3913000000000006e-11
12 9827139 rs11519377 1.0347999999999999e-18
12 9827359 rs7972035 2.8744e-18
12 9827487 rs7969074 1.0320999999999999e-18
12 9827599 rs116610693 0.027955
12 9827698 rs144454608 0.25506999999999996
12 9827952 rs759733118 0.82358
12 9827953 rs9668568 1.3142e-18
12 9828298 rs189587230 0.29843000000000003
12 9828409 rs11052342 9.3306e-19
12 9828427 rs2895988 1.4271999999999998e-66
12 9828445 rs60675581 0.72063
12 9828624 rs2217230 0.25267
12 9828729 rs115163319 0.96057
12 9829015 rs12301473 0.016996999999999998
12 9829027 rs12302794 0.0086207
12 9829438 rs2114871 9.111799999999998e-67
12 9829457 rs6488120 0.027317
12 9829566 rs6488121 0.030191000000000003
12 9829601 rs117869546 0.018775
12 9829753 rs11502800 0.0090112
12 9830607 rs11052366 2.0730999999999995e-11
12 9830609 rs11052367 1.8236e-11
12 9830698 rs12309762 1.9822e-11
12 9830804 rs150228713 0.38695999999999997
12 9830967 rs529646394 0.38721
12 9831164 rs117264303 0.022663
12 9831321 rs11052369 0.013615
12 9831605 rs118132383 0.25447
12 9831832 rs7967436 0.036289
12 9831959 rs11052372 7.474999999999998e-127
12 9832036 rs10844418 1.9882999999999997e-11
12 9832239 rs9630263 0.35057
12 9832421 rs9630264 1.9807e-11
12 9832822 rs2114872 2.0949000000000004e-11
12 9832882 rs2114873 2.0597e-11
12 9832954 rs139472339 0.3595
12 9832980 rs6488122 1.8539000000000002e-11
12 9833199 rs117372141 0.12024000000000001
12 9833284 rs118168721 7.6119e-12
12 9833398 rs6488123 0.032996
12 9833422 rs143102212 0.71808
12 9833426 rs10844424 8.5334e-19
12 9833524 rs3764022 3.1738999999999994e-129
12 9833628 rs3764021 1.4401999999999995e-100
12 9833883 rs7310897 4.0621e-11
12 9833973 rs151293304 3.3379e-05
12 9834345 rs9332411 3.613599999999999e-67
12 9834394 rs10844427 2.471699999999999e-129
12 9834481 rs11052384 6.9062999999999995e-53
12 9834567 rs9630265 2.1052e-11
12 9834577 rs115118088 0.47763999999999995
12 9834754 rs10844429 2.1684000000000002e-11
12 9834926 rs56324200 1.1771e-08
12 9834971 rs7979623 0.22275999999999999
12 9835014 rs7962025 4.5743e-11
12 9835039 rs147017995 0.50489
12 9835153 rs61913355 0.5465399999999999
12 9835169 rs11052389 0.008058800000000001
12 9835338 rs766229652 0.35404
12 9836175 rs138264839 0.30771
12 9837224 rs7307439 9.5293e-05
12 9837497 rs148557567 0.7597
12 9837522 rs11052412 0.0098686
12 9837525 rs191015188 0.78022
12 9837989 rs139494099 0.18268
12 9837998 rs2080211 4.264799999999999e-79
12 9838052 rs2080210 0.030552
12 9838163 rs576291672 0.095867
12 9838184 rs12828602 7.6628e-19
12 9838287 rs527468708 0.0021697
12 9838310 rs117584587 0.014334999999999999
12 9838815 rs149734073 0.034962
12 9838916 rs7977940 9.2285e-68
12 9838993 rs7964290 7.9914e-05
12 9839376 rs75641466 0.18262
12 9839405 rs12316684 0.007765
12 9839440 rs78358418 0.75169
12 9839445 rs7302498 2.7737e-05
12 9839837 rs12312233 0.011501
12 9840038 rs11052423 3.072199999999999e-129
12 9840120 rs141284016 0.55611
12 9840236 rs78198513 0.90555
12 9840731 rs117475346 0.27198
12 9840773 rs7310460 3.3325999999999995e-67
12 9840926 rs11052426 1.5894999999999998e-129
12 9840964 rs17806710 1.3864999999999996e-129
12 9841121 rs10844449 8.126000000000001e-19
12 9841364 rs11052430 8.047499999999999e-19
12 9841520 rs116679760 0.18617999999999998
12 9841667 rs4508286 8.337799999999999e-05
12 9841732 rs11052431 8.664399999999999e-19
12 9841869 rs76397405 0.9284100000000001
12 9841915 rs10844456 1.5672999999999998e-129
12 9842004 rs11052434 8.4434e-19
12 9842008 rs10844457 2.3913e-18
12 9842235 rs116486827 0.29093
12 9842596 rs116122656 0.8174
12 9842793 rs74469545 0.8895
12 9842903 rs74065337 0.033818
12 9843021 rs12810851 8.0768e-19
12 9843170 rs11052455 1.4017999999999998e-15
12 9843253 rs78737182 0.17820999999999998
12 9843364 rs55715780 0.032391
12 9843395 rs10844468 1.7690999999999994e-130
12 9843413 rs10734807 7.495e-05
12 9843519 rs191441532 2.1166e-08
12 9843733 rs10844472 4.2599999999999995e-68
12 9843776 rs559470436 0.089794
12 9843886 rs114342127 0.19568
12 9843977 rs75257215 0.013466999999999998
12 9844156 rs569753289 0.69445
12 9844238 rs10844476 7.7196e-19
12 9844368 rs12578928 7.9889e-19
12 9844526 rs141303581 4.8807e-10
12 9844555 rs16923367 0.031719
12 9844556 rs115670497 0.69271
12 9844581 rs12825507 7.996899999999999e-19
12 9844736 rs12823699 7.9887e-19
12 9844782 rs574097121 0.8787299999999999
12 9844872 rs12320830 2.2699e-18
12 9844922 rs59210706 0.033688
12 9844957 rs148923990 0.24756
12 9845018 rs12831453 7.982300000000001e-19
12 9845225 rs115355849 0.012131
12 9845384 rs11052468 0.007620999999999999
12 9845703 rs116932414 0.035009
12 9845709 rs142016017 0.41853999999999997
12 9846079 rs115131180 0.17517
12 9846270 rs565990484 0.9955700000000001
12 9846327 rs116678075 0.17457
12 9846469 rs181196264 0.031348
12 9846521 rs7968401 1.4104999999999998e-102
12 9846827 rs113784531 0.91811
12 9847133 rs10492164 0.04102
12 9847364 rs150263662 0.43868
12 9847448 rs138893047 0.5197
12 9847578 rs115244044 0.27981
12 9847808 rs2401387 0.031094
12 9847990 rs2401388 0.028913
12 9848006 rs139477911 0.27831
12 9848057 rs149240595 0.005903800000000001
12 9848179 rs117304529 0.20542
12 9848430 rs201442089 0.17212
12 9848648 rs12828773 7.7356e-19
12 9848699 rs201307811 0.39864
12 9848883 rs2894 3.426899999999999e-67
12 9849275 rs11052497 3.2362999999999995e-67
12 9849297 rs754237303 0.69825
12 9849333 rs118023392 0.4337
12 9849512 rs117808225 4.9073e-07
12 9849548 rs7979758 7.712499999999999e-19
12 9850187 rs12815393 6.9247e-19
12 9850530 rs12318225 0.0083452
12 9850583 rs56980650 0.032560000000000006
12 9850909 rs1134543 0.041198
12 9851023 rs1056151 3.341199999999999e-67
12 9851233 rs78074152 0.0054241
12 9851293 rs145145202 0.70265
12 9851808 rs10772046 9.738899999999998e-130
12 9851906 rs7954062 7.5294e-19
12 9851929 rs1044771 3.8379999999999997e-67
12 9852180 rs7960328 3.039599999999999e-75
12 9852445 rs34623781 1.637e-11
12 9852465 rs12817550 2.0821999999999998e-16
12 9852542 rs12817743 2.0746000000000002e-16
12 9852575 rs12819865 2.0753e-16
12 9852654 rs141188217 0.8385100000000001
12 9852661 rs35512621 2.0718000000000002e-16
12 9852673 rs35078787 2.0733e-16
12 9852766 rs12818179 2.0692e-16
12 9852951 rs12820674 2.0668999999999999e-16
12 9852991 rs142709383 0.8235600000000001
12 9853039 rs117654404 0.029457999999999998
12 9853194 rs12823653 2.4049999999999996e-16
12 9853384 rs61915471 0.00094535
12 9853474 rs145551550 0.15384
12 9853497 rs78820577 0.8250799999999999
12 9853569 rs7974554 2.0562999999999998e-16
12 9853591 rs61915472 1.8174999999999998e-75
12 9853617 rs74065339 0.0323
12 9853650 rs7961812 2.0565000000000002e-16
12 9853656 rs75674442 0.6766
12 9853697 rs7975557 2.393e-16
12 9853943 rs7975865 3.8639e-16
12 9853987 rs74065340 0.032302
12 9854154 rs12830448 2.0583999999999998e-16
12 9854234 rs142339197 0.0017564
12 9854256 rs10844503 7.635299999999999e-131
12 9854397 rs12830867 2.2258e-16
12 9854415 rs12830878 2.2214999999999997e-16
12 9854450 rs11052537 0.0084884
12 9854493 rs34826829 2.2151e-16
12 9854518 rs12814560 2.1606999999999998e-16
12 9854577 rs12424826 1.4192e-75
12 9854594 rs12809752 2.1921e-16
12 9854608 12:9854608_C_T 0.67718
12 9855134 rs12369995 2.2351e-16
12 9855151 rs12371503 2.2043e-16
12 9855243 rs191018975 0.061553
12 9855391 rs74062703 0.2761
12 9855400 rs11052550 0.0082641
12 9855558 rs74062704 0.030867000000000002
12 9855744 rs12816660 2.2105999999999999e-16
12 9855958 rs11052552 3.9348999999999994e-110
12 9856207 rs67429242 2.2124000000000002e-16
12 9856266 rs66725265 2.2142e-16
12 9856322 rs71441764 2.1842e-16
12 9856442 rs12371981 2.2143999999999998e-16
12 9856484 rs12371982 4.1930000000000003e-16
12 9856497 rs114970683 0.2674
12 9856826 rs12370579 2.2774000000000003e-16
12 9856897 rs760062649 0.57477
12 9856938 rs114787328 0.1987
12 9857262 rs114904306 0.18752
12 9857476 rs116520594 0.19196
12 9857518 rs115968994 0.2704
12 9857528 rs114624385 0.16946
12 9857581 rs143496602 0.00066108
12 9857627 rs147988920 0.19316
12 9857628 rs10734809 7.717399999999999e-05
12 9857706 rs115738814 0.18757000000000001
12 9857737 rs145930466 0.18731
12 9857878 rs61915473 7.470999999999999e-76
12 9858236 rs114755642 0.63802
12 9858240 rs113298406 0.18825999999999998
12 9858366 rs4611290 0.030507999999999997
12 9858401 rs140747616 0.1488
12 9858596 rs115640397 0.19288
12 9858987 rs750418625 0.11135999999999999
12 9859301 rs186178113 0.43383
12 9859310 rs11052582 2.0288999999999998e-75
12 9859636 rs917913 4.529299999999999e-76
12 9859656 rs142970810 0.083402
12 9859673 rs114056469 0.13666
12 9859724 rs2012643 6.8156e-76
12 9859825 rs770962096 0.5283800000000001
12 9860069 rs2098298 7.282299999999999e-76
12 9860135 rs12427310 1.0262999999999998e-75
12 9860396 rs116435551 0.048215
12 9860453 rs78848933 0.16784000000000002
12 9860601 rs76586558 0.71658
12 9860697 rs7974396 2.2544999999999996e-76
12 9860944 rs112028417 0.16605
12 9861390 rs4763812 3.0316e-05
12 9861405 rs4763280 8.8465e-08
12 9861538 rs375796026 0.17472000000000001
12 9861656 rs116608461 0.16112
12 9861724 rs140878663 0.30885999999999997
12 9862082 rs10772060 6.1991e-08
12 9862124 rs10844537 2.616999999999999e-130
12 9862154 rs59112803 0.9596399999999999
12 9862203 rs117646836 0.2144
12 9862336 rs4763813 3.1758e-08
12 9862384 rs4763814 3.1910000000000006e-08
12 9862548 rs11052604 6.085799999999999e-131
12 9862969 rs2080209 2.5446e-08
12 9862970 rs2080208 2.5494e-08
12 9863150 rs2080207 3.2337e-08
12 9863151 rs115555213 0.93045
12 9863558 rs185151316 0.16119
12 9863574 rs2192440 5.4788000000000005e-05
12 9863647 rs745372282 0.58587
12 9863968 rs1861089 2.4653999999999997e-08
12 9864241 rs10743815 3.2535000000000003e-06
12 9864279 rs12297721 0.38616
12 9864392 rs7485402 2.6311e-08
12 9864472 rs117016846 0.94058
12 9864517 rs73059569 1.0029999999999999e-07
12 9864820 rs4763819 2.7141e-08
12 9864957 rs150069043 0.78581
12 9864975 rs4763283 5.543999999999999e-93
12 9865157 rs10772062 7.952999999999998e-134
12 9865164 rs59725988 0.42245
12 9865827 rs140917371 0.10249000000000001
12 9865971 rs146678714 0.15939
12 9866079 rs140068215 0.80257
12 9866349 rs7977720 1.4129999999999995e-103
12 9866399 rs7964018 9.712599999999998e-93
12 9866632 rs118037855 2.3722999999999997e-06
12 9866680 rs184031873 0.9834
12 9866682 rs2401389 0.00010482
12 9866818 rs113272059 0.68297
12 9866876 rs74062708 0.028576
12 9866969 rs112987528 0.7965899999999999
12 9867272 rs10844562 2.4977999999999993e-134
12 9867339 rs12812783 3.5049e-16
12 9867403 rs567118700 0.11388
12 9867713 rs9668079 0.0063119
12 9867831 rs182043801 7.613599999999999e-10
12 9867966 rs2080206 1.0227999999999998e-78
12 9868022 rs772556361 0.032723
12 9868248 rs12227655 1.2891999999999998e-135
12 9868276 rs12228641 1.4498999999999997e-135
12 9868798 rs112099718 0.6097600000000001
12 9868828 rs117867819 0.70168
12 9868966 rs78911514 0.81871
12 9869121 rs146149299 0.97836
12 9869208 rs57357049 0.027779
12 9869271 rs2268146 7.705399999999999e-106
12 9869514 rs2268145 0.046633
12 9869561 rs71447599 0.040941000000000005
12 9869638 rs142797707 0.00056793
12 9869719 rs11052653 3.6019e-14
12 9869740 rs7961903 3.0537e-16
12 9869758 rs34277830 6.6727999999999995e-09
12 9869916 rs10772070 4.9994999999999984e-135
12 9869920 rs10772071 7.229699999999999e-135
12 9869931 rs10772072 1.6519999999999993e-134
12 9869953 rs11052658 2.7177999999999998e-14
12 9870024 rs10772073 4.530599999999999e-133
12 9870282 rs10772074 7.376699999999997e-133
12 9870352 rs10844569 9.576399999999998e-134
12 9870415 rs741200 5.135999999999999e-83
12 9870616 rs75226273 0.0068703
12 9870704 rs7964917 0.047195999999999995
12 9871113 rs79433652 0.16731
12 9871580 rs114756189 0.16457
12 9871724 rs11835594 0.03585
12 9871814 rs2401390 6.167699999999998e-151
12 9871845 rs11052678 0.45758000000000004
12 9871872 rs1985788 2.876199999999999e-75
12 9871913 rs149027519 0.9694
12 9871983 rs59667611 4.0139e-05
12 9872076 rs182696682 0.15365
12 9872103 rs147854754 0.35909
12 9872116 rs187346365 0.15373
12 9872292 rs7301386 0.034816
12 9872425 rs71447600 0.034828
12 9872489 rs76229210 0.09523200000000001
12 9872549 rs35990903 0.034663
12 9872622 rs554044071 0.066692
12 9872680 rs148023819 0.15320999999999999
12 9872729 rs76821152 0.12966
12 9872990 rs150219028 0.0046463
12 9873042 rs138735401 0.2961
12 9873059 rs748648589 0.014053
12 9873099 rs141936221 0.0022437
12 9873186 rs34584384 0.040451999999999995
12 9873365 rs741199 1.2454999999999997e-151
12 9873381 rs79794001 0.44047
12 9873689 rs2058560 1.8193999999999997e-152
12 9873904 rs116451619 0.004849
12 9874218 rs117192316 0.1448
12 9874226 rs2192439 9.0502e-19
12 9874243 rs78385514 0.0051598
12 9874394 rs10772079 1.2879999999999997e-152
12 9874541 rs34633868 0.0085034
12 9874589 rs59819191 0.93739
12 9874648 rs12824727 0.040415
12 9874743 rs11832765 0.6293
12 9874898 rs10772083 3.800199999999999e-79
12 9874899 rs10844597 1.7633999999999998e-123
12 9875103 rs111946855 0.76398
12 9875184 rs114360227 0.031977
12 9875218 rs79357266 0.035601
12 9875323 rs118152239 0.00085551
12 9875356 rs144252486 0.041322000000000005
12 9875533 rs75867398 3.3442e-18
12 9875544 rs116125170 0.6304
12 9875869 rs117511026 0.85509
12 9876091 rs10466829 1.0383999999999999e-122
12 9876350 rs11052710 4.711399999999999e-124
12 9876505 rs10844609 1.7388999999999994e-151
12 9876612 rs10844610 2.465999999999999e-152
12 9876660 rs11052713 2.901499999999999e-152
12 9876768 rs10743819 2.3569999999999993e-122
12 9876877 rs10772085 4.6434999999999984e-123
12 9877196 rs7306304 1.4060999999999996e-122
12 9877356 rs7306557 1.4286999999999998e-122
12 9877640 rs7296241 2.5574999999999998e-152
12 9877751 rs75512904 0.14901
12 9877771 rs76013389 0.0052027
12 9877823 rs7307111 1.2965e-122
12 9877831 rs187471971 0.79325
12 9877904 rs111656048 0.15366
12 9877913 rs16927513 0.058061
12 9878009 rs13377908 0.041289
12 9878047 rs117103321 2.8952999999999996e-06
12 9878089 rs13377939 0.043821
12 9878242 rs10844615 1.4979999999999996e-151
12 9878339 rs79836275 0.1547
12 9878530 rs79251813 0.14628
12 9878552 rs7976474 0.043902
12 9878583 rs2401391 1.3106999999999997e-122
12 9878655 rs7976584 2.6608999999999997e-123
12 9878665 rs114056187 0.5988
12 9878747 rs7962964 0.043989
12 9878813 rs11052717 1.1100999999999996e-151
12 9878939 rs3922289 0.044045999999999995
12 9878976 rs11052718 7.451799999999999e-19
12 9879084 rs2401393 2.3074999999999995e-123
12 9879146 rs184457192 0.084011
12 9879223 rs76963317 0.14562
12 9879235 rs2192437 4.9170999999999994e-123
12 9879368 rs10844617 4.994399999999998e-123
12 9879426 rs2401394 4.661399999999999e-123
12 9879464 rs73061613 2.2168e-09
12 9879540 rs2401395 2.9573999999999994e-123
12 9879604 rs11834388 0.27395
12 9879659 rs184430981 0.37219
12 9879907 rs59016059 0.037281
12 9880114 rs7970116 1.7660999999999995e-123
12 9880426 rs2192436 3.6419e-05
12 9880441 rs7973638 1.7719e-123
12 9880479 rs2192435 3.8893999999999996e-11
12 9880557 rs140406150 2.241e-17
12 9880974 rs185283135 0.25889
12 9881005 rs10743820 4.0233000000000006e-11
12 9881016 rs10743821 3.7018999999999996e-11
12 9881045 rs10743822 3.9614e-11
12 9881099 rs12304982 0.044439
12 9881125 rs10743823 2.7740999999999994e-123
12 9881156 rs4763835 3.7032e-11
12 9881270 rs78187345 0.15925999999999998
12 9881306 rs2401396 3.9897e-11
12 9881529 rs118102539 6.2424e-08
12 9881583 rs16927874 0.044052
12 9881634 rs1990533 3.990400000000001e-11
12 9881689 rs2192434 3.9991000000000004e-11
12 9881696 rs2192433 3.9310000000000004e-11
12 9881902 rs764887715 0.72797
12 9882204 rs139454147 6.0239e-06
12 9882243 rs142722570 0.0022905
12 9882328 rs982511 2.9856e-11
12 9882424 rs149724585 0.27605999999999997
12 9882507 rs114835140 0.33328
12 9882700 rs4763839 6.653699999999999e-89
12 9883111 rs10772087 2.854099999999999e-153
12 9883296 rs116012266 0.15471
12 9883523 rs115729398 0.15252000000000002
12 9883534 rs11835130 0.6076
12 9883607 rs75941881 0.15375999999999998
12 9883860 rs1008610 6.466299999999999e-153
12 9884115 rs545282878 0.031458
12 9884159 rs1008611 2.0493999999999997e-11
12 9884404 rs115189295 0.33032
12 9884410 rs4763840 9.683999999999996e-90
12 9884719 rs1073103 0.13612
12 9884806 rs10161013 0.04995
12 9885054 rs59148752 0.036196
12 9885082 rs10844622 5.051999999999998e-124
12 9885101 rs111609496 0.12586
12 9885360 rs12317499 8.052999999999997e-153
12 9885526 rs12304510 5.817199999999999e-124
12 9885578 rs79809727 0.13729
12 9885813 rs61913428 4.4362999999999996e-11
12 9885840 rs34201389 4.0330000000000004e-11
12 9885940 rs60145243 0.7762600000000001
12 9885961 rs10492165 3.565099999999999e-124
12 9885999 rs10492166 4.227899999999999e-123
12 9886353 rs10844626 8.505799999999998e-154
12 9886377 rs10844627 7.1814e-154
12 9886864 rs10844630 1.1059999999999998e-153
12 9886905 rs10844632 1.1349999999999998e-153
12 9886976 rs149460969 0.46608
12 9887208 rs10772092 1.0740999999999995e-153
12 9887324 rs139301208 0.49728999999999995
12 9887386 rs10844633 6.8144e-154
12 9887629 rs35974438 0.17027
12 9887686 rs11052750 6.009299999999998e-154
12 9887732 rs11052751 5.798899999999997e-154
12 9887734 rs181877498 0.14173
12 9887818 rs11052752 4.801099999999999e-154
12 9887909 rs10844635 5.5611999999999985e-154
12 9888016 rs10844636 5.9101999999999984e-154
12 9888091 rs10844637 5.3024999999999985e-154
12 9888396 rs10844638 5.078099999999999e-154
12 9888553 rs10772093 0.048126999999999996
12 9888697 rs150194194 0.039836
12 9888887 rs10844640 3.7257999999999993e-153
12 9888912 rs10772094 3.3741999999999987e-153
12 9888990 12:9888990_A_T 0.072822
12 9889109 rs117961198 4.1608e-05
12 9889157 rs7956831 7.781199999999998e-124
12 9889543 rs76336578 0.041268
12 9889616 rs12582616 4.577300000000001e-19
12 9889658 rs111558138 3.1245e-10
12 9889758 rs138032834 0.064141
12 9890186 rs762703267 0.80724
12 9890287 rs748593923 0.64149
12 9890913 rs773252124 0.99545
12 9891371 rs11052771 1.0286e-14
12 9891489 rs10772099 0.056049
12 9891643 rs12820281 0.04591
12 9891703 rs181234962 0.098258
12 9891730 rs185282496 0.24756999999999998
12 9892585 rs567959497 0.80603
12 9892603 rs533733659 0.043115
12 9892794 rs745490019 0.89791
12 9893025 rs74062727 0.87413
12 9893079 rs10844656 0.07118
12 9893213 rs10844657 1.7856999999999996e-161
12 9893500 rs118085741 3.7858e-05
12 9893648 rs11052785 5.166799999999999e-18
12 9893695 rs10743828 0.06365
12 9894460 rs12099767 0.056866
12 9894663 rs7969022 0.060704999999999995
12 9895198 rs79189665 0.18093
12 9895271 rs567376908 0.8163199999999999
12 9895342 rs11052804 8.7946e-15
12 9895349 rs7297324 1.0518e-12
12 9895412 rs115193909 0.27513000000000004
12 9895568 rs115875481 0.77386
12 9895928 rs79319977 0.054439999999999995
12 9895988 rs148201062 0.82285
12 9896027 rs116505373 0.28947
12 9896081 rs141142340 1.9950000000000002e-17
12 9896333 rs6488176 0.080667
12 9896339 rs77422141 0.17282999999999998
12 9896360 rs77597191 0.28958
12 9896440 12:9896440_C_T 0.60388
12 9896578 rs77326551 0.17045
12 9896639 rs7312624 2.5693e-13
12 9896953 rs10772102 1.9229999999999995e-168
12 9897207 rs149806480 0.41021
12 9897348 rs145364444 0.62889
12 9897434 rs10772104 1.979e-14
12 9897565 rs10844673 1.3832999999999996e-125
12 9897688 rs116590649 0.076455
12 9897930 rs116111308 0.0036103999999999997
12 9897975 rs190907308 0.25699
12 9898152 rs117836922 4.8457999999999996e-08
12 9898227 rs7971721 5.3069000000000005e-14
12 9898235 rs150123084 0.41036000000000006
12 9898287 rs4517613 4.9083e-14
12 9898317 rs4319592 9.1002e-14
12 9898324 rs10772106 0.036997
12 9898366 rs10844676 4.7891e-14
12 9898446 rs4405404 5.5026e-14
12 9898609 rs12578698 7.438600000000001e-18
12 9899014 rs150763438 0.18345999999999998
12 9899050 rs10772108 2.554499999999999e-175
12 9899171 rs111651956 0.10153999999999999
12 9899335 rs140709009 0.41093
12 9899411 rs144952953 0.4227
12 9899449 rs4763864 0.036885
12 9899509 rs4763865 6.547999999999999e-14
12 9899575 rs4763866 0.63656
12 9899624 rs10844682 2.634099999999999e-175
12 9899662 rs77101341 0.67111
12 9899839 rs4763867 1.1259e-13
12 9899910 rs140311015 0.8079999999999999
12 9899919 rs145344503 0.40988
12 9900327 rs117998178 0.26561999999999997
12 9900366 rs80215534 0.15256
12 9900391 rs117760487 0.4058
12 9900504 rs34279883 7.582699999999999e-18
12 9900760 rs35494990 7.503e-18
12 9900805 rs3136577 7.4898e-18
12 9900910 rs3136576 0.038583
12 9900980 rs59102602 0.7219899999999999
12 9901483 rs748494550 0.71846
12 9901520 rs4763296 0.033029
12 9901530 rs61522648 0.057691
12 9902499 rs929615 1.6081e-13
12 9902666 rs11608493 2.9935999999999998e-34
12 9902760 rs114741401 0.069939
12 9902857 rs11614439 8.2658e-17
12 9903034 rs144063388 0.52482
12 9903453 rs115618633 0.074741
12 9903558 rs3176809 5.0863e-21
12 9903805 rs3176808 9.5955e-18
12 9903810 rs3176807 7.4955e-18
12 9903929 rs151131625 0.56201
12 9904074 rs3176806 1.8946e-06
12 9904075 rs3176805 0.048185000000000006
12 9904286 rs77550361 0.58845
12 9904352 rs2401397 2.4746999999999998e-06
12 9904449 rs4763299 0.39434
12 9904550 rs114395917 0.070228
12 9904617 rs3176804 4.4998000000000005e-18
12 9904679 rs2401398 1.7003e-06
12 9904807 rs3176802 2.1082e-06
12 9904996 rs887901 0.84654
12 9905172 rs750788126 0.13843
12 9905271 rs17806015 0.3839
12 9905476 rs7484445 0.6252
12 9905558 rs704223 1.8833e-06
12 9905690 rs11052877 2.7602999999999993e-197
12 9905851 rs917911 2.280099999999999e-145
12 9906067 rs1051065 2.1812e-08
12 9906146 rs117419783 3.655e-06
12 9906179 rs11052883 0.78018
12 9906324 rs111791571 1.0273000000000001e-46
12 9906489 rs3176800 2.1536e-06
12 9906589 rs3176799 0.60775
12 9906637 rs56253588 3.5381e-12
12 9907514 rs11834627 0.9219700000000001
12 9908080 rs3176797 0.039854
12 9908335 rs16931958 1.8376e-06
12 9908340 rs11833176 0.8224
12 9908385 rs766501 0.99431
12 9908429 rs766502 0.36186999999999997
12 9909286 rs3176795 0.6945600000000001
12 9909465 rs3176794 0.64967
12 9909483 rs7304618 9.626799999999998e-10
12 9909956 rs58327643 0.049819
12 9909997 rs6416258 2.8042e-06
12 9910132 rs10844706 1.936799999999999e-197
12 9910164 rs4763879 3.218999999999999e-145
12 9910279 rs10772119 2.2241e-06
12 9910289 rs7308610 0.86056
12 9910411 rs10772120 2.4091e-06
12 9910438 rs59585962 0.05711
12 9910449 rs61163981 3.7374999999999994e-145
12 9910489 rs12368445 8.3041e-18
12 9910720 rs3176793 0.32045
12 9911021 rs764709808 0.83347
12 9911087 rs3176792 3.022e-18
12 9911557 rs574555328 0.40758
12 9911693 rs148559692 0.068225
12 9911736 rs3136564 2.3801999999999997e-05
12 9912144 rs75249129 0.71732
12 9912182 rs2160086 2.1831999999999995e-102
12 9912324 rs116433270 0.79167
12 9912437 rs117501745 0.11509000000000001
12 9912439 rs3176790 5.1617000000000005e-09
12 9912501 rs78766644 0.79315
12 9912571 rs77485662 0.7562800000000001
12 9912730 rs3176789 7.701399999999997e-193
12 9912842 rs114360247 0.73834
12 9912909 rs78402887 0.79315
12 9912942 rs78047017 0.77981
12 9913097 rs3176788 2.8228000000000002e-09
12 9913134 rs3176787 5.268599999999999e-100
12 9913450 rs725943 0.81048
12 9913485 rs3176785 0.80347
12 9913758 rs75343219 0.80281
12 9913809 rs77517740 0.80281
12 9913871 rs78404231 0.80281
12 9914004 rs79723289 0.80735
12 9914005 rs2071647 1.3296999999999993e-194
12 9914031 rs3176783 0.9305200000000001
12 9914505 rs3176782 0.22698000000000002
12 9914515 rs190777690 0.080968
12 9914578 rs79930677 0.80735
12 9914747 rs189862355 0.10128999999999999
12 9914857 rs3176781 9.7509e-09
12 9914865 rs3176779 7.4549e-16
12 9914889 rs3176778 9.453500000000001e-09
12 9915005 rs3176777 8.230200000000001e-05
12 9915445 rs3136563 5.433799999999999e-113
12 9915725 rs79594062 0.8095399999999999
12 9915920 rs3136562 8.1888e-05
12 9915928 rs116010086 0.82347
12 9916010 rs3136561 0.0373
12 9916546 rs3136560 9.4512e-09
12 9916585 rs77877627 0.44198000000000004
12 9916640 rs3136559 4.5364999999999984e-195
12 9916712 rs144323627 1.6367e-06
12 9916821 rs3176776 2.6137999999999993e-113
12 9917014 rs74769219 0.8095399999999999
12 9917082 rs3176775 4.6334999999999987e-113
12 9917106 rs3176774 1.8004e-75
12 9917353 rs11833226 0.8095399999999999
12 9917375 rs186141440 0.16669
12 9917379 rs79011807 0.32076
12 9917744 rs140274657 0.60547
12 9918102 rs3176773 7.117999999999997e-100
12 9918266 rs117006594 1.2353e-08
12 9918290 rs144977920 0.06888999999999999
12 9918312 rs75301484 0.86125
12 9918321 rs3176772 9.391e-05
12 9918637 rs7966093 9.589799999999998e-110
12 9918663 rs7953260 4.118499999999999e-113
12 9918677 rs146795961 4.3746000000000004e-05
12 9918800 rs61914581 2.4441e-29
12 9918831 rs11829217 0.80813
12 9919061 rs118103654 2.8189000000000005e-25
12 9919108 rs57338882 0.00010723
12 9919251 rs11052969 9.3495e-112
12 9919267 rs11052970 1.1896999999999999e-111
12 9919279 rs11052971 9.465099999999996e-112
12 9919344 rs114830036 0.6975600000000001
12 9919461 rs34779650 7.746899999999998e-113
12 9919521 rs35143542 1.8342999999999995e-112
12 9919540 rs115415893 0.33687
12 9919561 rs35559880 6.215999999999999e-113
12 9919618 rs12816871 6.876699999999999e-113
12 9919664 rs12824297 5.058299999999999e-113
12 9919682 rs75408422 0.84554
12 9919684 rs12824308 6.459899999999999e-113
12 9919753 rs12817268 4.0520999999999993e-113
12 9919940 rs188798198 0.30621
12 9919972 rs12422685 4.3506999999999987e-113
12 9920018 rs12425365 4.189799999999999e-113
12 9920022 rs12422688 4.8541e-113
12 9920090 rs12422955 4.639499999999999e-113
12 9920121 rs12427278 4.7404999999999996e-113
12 9920291 rs12427301 7.177999999999999e-113
12 9920328 rs12422989 5.4676e-113
12 9920372 rs12427030 4.6537999999999994e-113
12 9920478 rs11052978 4.517499999999999e-113
12 9920876 rs7295897 5.408199999999999e-113
12 9920899 rs7309767 7.496099999999998e-113
12 9920940 rs7309875 3.218999999999999e-100
12 9921250 rs117529191 0.040568
12 9921527 rs9971740 4.9470999999999994e-113
12 9921745 rs79276272 0.85705
12 9921790 rs10772127 5.770999999999999e-113
12 9921868 rs10772128 5.9385e-113
12 9922216 rs12307489 7.3359e-09
12 9922535 rs140587044 0.52244
12 9922630 rs118050638 0.0061432
12 9922642 rs116277623 0.85798
12 9922652 rs10844737 5.658699999999997e-192
12 9922660 rs116780469 0.85798
12 9922829 rs724668 1.5113999999999993e-194
12 9922851 rs724667 1.6290999999999992e-194
12 9923047 rs115547334 0.7872100000000001
12 9923113 rs724666 3.912999999999998e-194
12 9923393 rs112942211 0.7872100000000001
12 9923436 rs149229366 0.29279
12 9923689 rs75122584 0.4637
12 9923744 rs7316342 1.2208999999999998e-109
12 9923917 rs7965258 0.8586600000000001
12 9924083 rs117117325 3.5233e-08
12 9924329 rs77589365 0.9260200000000001
12 9924912 rs10772132 5.005199999999997e-194
12 9925036 rs34850016 2.6048e-13
12 9925105 rs11834929 0.7854899999999999
12 9925164 rs4519175 1.4602999999999993e-193
12 9925192 rs4385980 1.5713999999999994e-193
12 9925232 rs4519176 8.293999999999997e-194
12 9925336 rs7488011 1.0247999999999995e-193
12 9925430 rs1029994 1.0515999999999994e-193
12 9925439 rs1029993 1.0456999999999997e-193
12 9925665 rs76946100 0.95767
12 9925758 rs1029992 1.1020999999999994e-193
12 9926064 rs1029991 1.7056999999999992e-193
12 9926130 rs142866293 0.2645
12 9926397 rs1029990 1.1598999999999995e-193
12 9926624 rs10844749 1.2792999999999992e-193
12 9926680 rs11829361 0.50659
12 9926784 rs1540356 1.0783999999999996e-193
12 9926868 rs1540355 1.0845999999999995e-193
12 9926875 rs10844750 5.391699999999997e-194
12 9927283 rs111607681 0.07531
12 9927570 rs12582052 7.167199999999997e-194
12 9927654 rs10772137 4.3143999999999984e-139
12 9927720 rs74715331 0.9772
12 9927745 rs80178333 0.9059299999999999
12 9927752 rs78096911 0.9096200000000001
12 9927824 rs114122846 0.9204700000000001
12 9927908 rs73063540 1.4081999999999999e-10
12 9927978 rs11836445 0.91995
12 9928292 rs7957102 0.00019375
12 9928296 rs11830098 0.96186
12 9928344 rs11832194 0.9693700000000001
12 9928625 rs191258113 0.49096000000000006
12 9928903 rs185097982 0.78293
12 9928922 rs75630572 0.97883
12 9929267 rs112328386 0.072965
12 9929317 rs79739935 0.49156000000000005
12 9929679 rs1861090 5.369499999999998e-168
12 9929706 rs75301345 0.48441000000000006
12 9930010 rs56116611 0.00020192
12 9930198 rs7964925 0.39211
12 9930302 rs548741774 0.049068
12 9930309 rs59258216 0.00020168
12 9931256 rs2110452 1.4733999999999995e-138
12 9931347 rs2110451 4.0726999999999993e-168
12 9931585 rs10844765 0.71248
12 9931643 rs7976639 1.1145999999999996e-138
12 9932070 rs11053043 1.2005999999999998e-138
12 9932333 rs76820209 0.37176
12 9932434 rs577322693 0.022065
12 9932624 rs10772138 2.972999999999999e-138
12 9932680 rs146255139 0.068479
12 9932708 rs780714237 0.68776
12 9932885 rs10844769 3.1003999999999997e-138
12 9933205 rs2098299 2.3911999999999992e-138
12 9933267 rs186867279 0.52474
12 9933776 rs11053051 0.089836
12 9934194 rs114955126 0.97465
12 9934391 rs12824491 0.08308099999999999
12 9934613 rs12822701 0.054440999999999996
12 9934980 rs4763315 0.08771799999999999
12 9935579 rs118034152 0.08867
12 9935582 rs10844780 0.079148
12 9935642 rs10844781 0.078797
12 9935688 rs7978977 1.6159999999999995e-136
12 9935781 rs7953791 0.71592
12 9935783 rs114968648 0.9377200000000001
12 9935825 rs10844782 0.08337
12 9935911 rs7964603 0.066763
12 9935943 rs75690582 0.72273
12 9935964 rs74434545 0.71612
12 9935978 rs74062759 0.00019081
12 9936313 rs4763316 0.072738
12 9936427 rs4763317 0.70963
12 9936482 rs113500254 0.6651100000000001
12 9937037 rs2110450 8.436899999999997e-136
12 9937181 rs149047160 0.12732000000000002
12 9937526 rs10844790 3.061199999999999e-135
12 9937590 rs7958591 3.707499999999999e-135
12 9937647 rs7972330 0.068386
12 9937651 rs60502418 0.1078
12 9937767 rs2160087 8.594399999999998e-135
12 9938034 rs2110449 6.862799999999998e-135
12 9938387 rs12301123 0.069129
12 9938478 rs113215265 0.084236
12 9938479 rs12314225 0.071088
12 9939160 rs115026342 0.19502
12 9939224 rs12423545 1.8762999999999995e-157
12 9939267 rs12423554 9.596599999999998e-140
12 9939354 rs79144634 0.99036
12 9939530 rs116709706 0.41794
12 9939727 rs182516873 0.21114000000000002
12 9939813 rs2895990 1.3129e-55
12 9939823 rs7966708 0.09410299999999999
12 9939942 rs2401399 0.001537
12 9940019 rs117940682 0.06384400000000001
12 9940124 rs12304686 2.51e-10
12 9940148 rs2401400 0.70653
12 9940313 rs2401401 0.70411
12 9940461 rs11053095 2.6702e-17
12 9940470 rs11053096 1.5793e-17
12 9940574 rs4763322 9.9226e-23
12 9940590 rs2080212 4.7546e-25
12 9940920 rs4763931 0.055186
12 9940994 rs4763932 0.047814999999999996
12 9941023 rs4763933 0.6848
12 9941064 rs73236736 4.6425e-06
12 9941259 rs10844813 2.6821e-17
12 9941577 rs11053116 0.047366000000000005
12 9941853 rs7975116 0.047211
12 9941949 rs4763935 0.050229
12 9942539 rs114512948 0.97677
12 9942551 rs7979620 1.3985e-09
12 9942621 rs57444770 0.096791
12 9942893 rs73236744 5.7837e-06
12 9943043 rs7132843 0.65742
12 9943551 rs2110448 0.050024
12 9943700 rs917915 5.5517e-22
12 9943727 rs114594748 0.050636
12 9943771 rs145211074 0.8083199999999999
12 9943823 rs79011586 0.39442
12 9943875 rs113732652 0.54194
12 9943910 rs6488204 0.052129999999999996
12 9944258 rs7308810 0.69092
12 9944273 rs10772147 0.051193999999999996
12 9944440 rs750393738 0.010533
12 9944652 rs10772148 0.67291
12 9944738 rs187402093 0.056333
12 9944744 rs143151801 0.045898
12 9945250 rs73063559 7.0153e-24
12 9945251 rs4763937 0.64361
12 9945319 rs73063561 2.4845e-16
12 9945359 rs4763938 0.5601
12 9945431 rs73236758 1.1955e-05
12 9945673 rs79045063 0.91219
12 9945821 rs10772150 5.5355e-16
12 9945853 rs10772151 8.253500000000001e-16
12 9946029 rs7966635 0.037493
12 9946157 rs76390104 0.046959
12 9946218 12:9946218_C_T 0.7406
12 9946219 rs11053136 1.7836e-14
12 9946277 rs76185495 0.74205
12 9946576 rs138398550 0.42568999999999996
12 9947200 rs11609005 1.0929e-34
12 9947438 rs76913649 0.6526
12 9947521 rs116605064 0.56024
12 9947703 rs7485167 8.761899999999999e-19
12 9947915 rs58882780 0.070362
12 9948009 rs12305990 0.14562
12 9948120 rs75405040 0.7932899999999999
12 9948301 rs7964276 0.49527
12 9948346 rs2041701 0.11
12 9948572 rs146109312 0.29249
12 9948586 rs79548675 0.74103
12 9948590 rs74396948 0.74275
12 9948751 rs781254189 0.9801700000000001
12 9948830 rs16907188 0.64677
12 9948894 rs200853687 0.060109
12 9948992 rs77684535 0.6474
12 9949038 rs114473928 0.50692
12 9949141 rs16907190 0.00016145
12 9949236 rs16907191 1.3446e-06
12 9949330 rs16907194 0.78842
12 9949469 rs189555098 5.4006000000000004e-05
12 9949551 rs16907197 8.240399999999999e-05
12 9949652 rs11053145 0.034045
12 9949704 rs115067514 0.7623300000000001
12 9949961 rs10128969 0.034712
12 9949977 rs10128846 0.034754
12 9950280 rs61914598 0.16391
12 9950496 rs149028321 0.48027
12 9950710 rs117162229 5.5222e-05
12 9950728 rs57144794 0.00048378
12 9950735 rs78155120 0.00049009
12 9950834 rs11053150 0.22005999999999998
12 9950884 rs4763945 0.094823
12 9951041 rs16907219 7.2932e-05
12 9951105 rs16907222 6.373300000000001e-05
12 9951193 rs187054907 0.0029177
12 9951269 rs77590132 0.81516
12 9951283 rs114361018 0.5183800000000001
12 9951505 rs114906198 0.017149
12 9951585 rs138106409 1.1859999999999998e-10
12 9951619 rs79020554 0.22664
12 9951715 rs10734811 0.097842
12 9951855 rs116071017 0.58913
12 9952011 rs112876512 0.55872
12 9952153 rs773545546 0.5179199999999999
12 9952249 rs80355090 6.6432e-05
12 9952451 rs114866426 0.5211399999999999
12 9952576 rs115687015 0.51874
12 9952652 rs10844836 0.22039
12 9952747 rs111270925 0.57994
12 9952802 rs10844837 0.22050999999999998
12 9953107 rs114705435 0.91727
12 9953134 rs146136563 0.5231600000000001
12 9953177 rs78583301 8.4096e-05
12 9953178 rs140116876 2.0936e-08
12 9953215 rs142490164 0.51972
12 9953499 rs139501866 3.4574e-05
12 9953523 rs56053011 0.0004596
12 9953534 rs114948424 0.51958
12 9953839 rs145440602 0.0004485
12 9954107 rs145295700 0.6514800000000001
12 9954283 rs77779296 0.00044675
12 9954300 rs111370837 6.3065e-05
12 9954487 rs11525542 4.239800000000001e-22
12 9955197 rs117038563 8.3421e-08
12 9955440 rs151274886 0.052139
12 9955710 rs112265897 9.0405e-05
12 9955716 rs2401402 7.1461e-08
12 9955885 rs12582047 6.990699999999999e-07
12 9955945 rs112231136 9.0804e-05
12 9956143 rs76221777 7.2098e-05
12 9956229 rs76004559 0.8814
12 9956283 rs34322434 0.2179
12 9956352 rs80080150 0.48858999999999997
12 9956570 rs115667917 0.49785
12 9956617 rs11053171 0.07258200000000001
12 9956864 rs2192443 0.0011778
12 9956976 rs188673228 0.091726
12 9957076 rs75605873 0.70717
12 9957083 rs145152695 0.00069848
12 9957096 rs79045173 7.4658e-05
12 9957169 rs750654926 0.98608
12 9957186 rs11053174 0.034707
12 9957767 rs117497864 3.3966e-05
12 9957973 rs752333725 0.10744000000000001
12 9958061 rs116883400 0.59053
12 9958602 rs57451228 0.00046239999999999996
12 9958680 rs144762621 0.039408
12 9958772 rs58848817 0.00051643
12 9958895 rs74427810 0.73739
12 9958914 rs35701967 0.22063000000000002
12 9958958 rs77131807 6.346100000000001e-05
12 9959149 rs7955679 5.727e-05
12 9959521 rs79925841 0.00045344
12 9959681 rs11615365 5.2793e-22
12 9959805 rs114946855 6.8341e-05
12 9959826 rs16907398 7.7439e-05
12 9959951 rs17459247 6.45e-07
12 9960532 rs2058561 0.0013141
12 9960598 rs114124219 0.35667
12 9960741 rs74062765 0.00045223
12 9960880 rs10772159 0.0012842
12 9960990 rs56400313 0.00045189
12 9961024 rs56234777 0.20786999999999997
12 9961025 rs7309697 0.037049
12 9961073 rs8181624 2.1945e-21
12 9961253 rs7135382 0.2188
12 9961334 rs60183299 6.2455e-07
12 9961402 rs7309379 0.034562
12 9961515 rs17807306 5.341699999999999e-22
12 9961770 rs16907438 2.5188000000000003e-05
12 9961827 rs7306809 0.26281
12 9961905 rs78577756 6.4288e-05
12 9962072 rs16907448 0.53049
12 9962152 rs61361909 0.00045881
12 9962816 rs7310926 0.88907
12 9963485 rs17807354 0.00046713
12 9963826 rs2192442 0.089857
12 9963851 rs7299568 0.0016759000000000001
12 9964303 rs11612660 0.0012467000000000001
12 9964787 rs139018766 0.00038837
12 9965173 rs7137693 0.00019784
12 9965258 rs118164708 1.1484e-05
12 9965559 rs11053226 1.5220999999999999e-05
12 9965603 rs917914 0.00017348
12 9965888 rs7308328 5.432000000000001e-22
12 9966317 rs10844860 0.00097353
12 9966335 rs57483180 0.019812
12 9966435 rs137978760 0.37940999999999997
12 9966437 rs143442421 0.41397
12 9966944 rs60605691 0.019801
12 9966969 rs2401404 0.09754
12 9967051 rs59639038 0.0163
12 9967218 rs116412532 0.01323
12 9967300 rs2401405 0.016188
12 9967730 rs73236789 0.40694
12 9967813 rs4418897 0.0046105
12 9967856 rs117525598 8.8921e-05
12 9968088 rs1122729 0.024975
12 9968595 rs149921256 0.35381999999999997
12 9969112 rs11053253 7.162e-06
12 9969265 rs757220199 0.45238999999999996
12 9969572 rs11832721 0.28104
12 9969764 rs544943522 0.011589
12 9969964 rs765326950 0.9290700000000001
12 9970062 rs11610068 2.1892e-05
12 9970124 rs7297375 0.092434
12 9970215 rs6488223 0.07116499999999999
12 9970775 rs114804120 0.81892
12 9970820 rs117461918 0.21838000000000002
12 9971509 rs77121952 0.9248200000000001
12 9971723 rs10844866 5.1912e-05
12 9971903 rs79986048 0.22765
12 9971982 rs7299885 0.10769000000000001
12 9972278 rs73046730 0.00035215
12 9972763 rs7968980 0.093591
12 9972866 rs145988581 0.12588
12 9973276 rs12371614 0.18406
12 9973286 rs553302521 0.09689199999999999
12 9973552 rs11610670 0.45458999999999994
12 9974110 rs2110447 0.1166
12 9976114 rs373685250 0.07636799999999999
12 9976156 rs6488230 0.11702
12 9976866 rs114957527 0.0012378
12 9976916 rs117312461 0.64617
12 9977905 rs7295207 0.12627
12 9979011 rs4764001 0.5465800000000001
12 9980401 rs181005085 0.28702
12 9980638 rs546137467 0.0017594999999999998
12 9980731 rs181984663 0.42511000000000004
12 9981162 rs12810163 0.012272
12 9981240 rs74062772 0.040479
12 9981249 rs759577895 0.33433
12 9981561 rs74806393 0.073655
12 9981637 rs117937771 0.1626
12 9982084 rs7969358 0.13854
12 9982114 rs7969365 0.13847
12 9982227 rs774414212 0.95785
12 9983540 rs188985115 0.53766
12 9983629 rs113947247 0.48411000000000004
12 9983961 rs139110046 3.099e-05
12 9984180 rs17806430 3.5112000000000004e-08
12 9984303 rs116862200 9.9083e-24
12 9984565 rs76608083 0.33071999999999996
12 9984742 rs2232544 0.15428
12 9984847 rs2232546 0.4777
12 9984965 rs146460124 0.27532
12 9985313 rs16907726 0.1543
12 9985494 rs11053384 0.17897000000000002
12 9985915 rs2232548 0.22835999999999998
12 9986235 rs79983054 0.061131
12 9986810 rs115241530 0.045185
12 9987369 rs114619166 0.057359
12 9987545 rs555410711 0.00053673
12 9987901 rs61914616 0.2605
12 9988235 rs61914617 0.26616
12 9988260 rs61914618 0.18032
12 9988724 rs71447602 0.07978400000000001
12 9988811 rs147058771 0.0021671999999999998
12 9989136 rs549930818 0.25951
12 9990311 rs16907767 0.24036999999999997
12 9990483 rs142238301 0.50568
12 9991096 rs4764015 0.25182
12 9991160 rs4764017 0.26569
12 9991265 rs253145 0.50779
12 9991580 rs73046739 0.25703000000000004
12 9991654 rs116132344 0.20347
12 9991881 rs561277609 0.01566
12 9991966 rs772912437 0.44137
12 9992971 rs16907812 0.22274000000000002
12 9993248 rs11053414 0.22221
12 9993317 rs146976348 0.0017638999999999999
12 9993452 rs11053415 0.22669
12 9993525 rs11053418 0.22771
12 9993970 rs779578240 0.036514
12 9993989 rs4764022 0.22283000000000003
12 9995082 rs112550276 5.477799999999999e-07
12 9996254 rs12367372 0.23838
12 9996338 rs139455560 2.3886999999999997e-07
12 9996397 rs12370824 0.23196
12 9996559 rs35288134 4.7606000000000005e-05
12 9997275 rs7980232 0.25858000000000003
12 9997311 rs6488232 0.25923
12 9997779 rs9971658 0.0022433
12 9997789 rs2012290 0.0098826
12 9998075 rs58257303 0.27464
12 9998184 rs55927238 2.9465e-07
12 9998198 rs55634637 4.693e-07
12 9998475 rs141416958 0.0016335999999999998
12 9998506 rs775216698 0.20035
12 9998813 rs4412827 0.2888
12 9998832 rs12227587 0.10339000000000001
12 9999085 rs112272076 0.032336000000000004
12 9999621 rs11053456 0.27738
12 10000042 rs575232695 0.9219
12 10000191 rs193099577 0.30491
12 10000247 rs56116724 0.28207
12 10000366 rs780019634 0.37687
12 10000372 rs569240513 0.9712799999999999
12 10000986 rs1088310 0.7103
12 10001067 rs60563850 0.29861
12 10001302 rs58811286 0.30928
12 10001459 rs188671180 0.14087
12 10001712 rs12824621 5.7551000000000005e-05
12 10001779 rs1088309 0.46365
12 10001944 rs754442618 0.63397
12 10002003 rs111774878 0.5704600000000001
12 10002158 rs61914623 0.31446
12 10002352 rs1088308 0.36088000000000003
12 10002633 rs55765220 0.34598
12 10003185 rs113230156 1.0281e-10
12 10003841 rs117811877 0.23894
12 10003842 rs72656630 3.1763e-07
12 10003974 rs185963766 0.17413
12 10003981 rs11614831 0.48196000000000006
12 10004123 rs151245688 0.059137999999999996
12 10004456 rs118093189 0.14954
12 10004538 rs7973629 0.00044549
12 10004648 rs2908700 0.005321899999999999
12 10004885 rs191278061 0.28874
12 10004932 rs2908699 0.16854
12 10005407 rs191185915 0.48013999999999996
12 10005746 rs115682932 0.7868
12 10005778 rs2594072 0.0030384
12 10005780 rs2539933 0.0012355
12 10006372 rs77732699 0.5015
12 10006420 rs253156 0.6436
12 10007238 rs74935134 0.45516999999999996
12 10007363 rs12305497 0.231
12 10007732 rs118179644 0.0065036
12 10007761 rs7957621 0.12100999999999999
12 10007848 rs33869 0.006374800000000001
12 10007863 rs33870 0.0032643999999999998
12 10007897 rs33871 0.0025862
12 10008002 rs33872 0.0022124000000000002
12 10008230 rs3829318 3.3897e-05
12 10008490 rs7974955 0.00046798
12 10008680 rs11833550 0.00055838
12 10009633 rs2268141 0.30288000000000004
12 10010006 rs33873 0.008091800000000001
