CHR BP SNP P
15 85969649 rs748888261 0.68725
15 85970287 rs146250374 0.7975300000000001
15 85970402 rs62022066 0.00047532
15 85970429 rs62022067 0.00049046
15 85970481 rs8041535 0.0062985
15 85971198 rs777333937 0.93873
15 85971231 rs77392895 0.93658
15 85971550 rs34160606 0.00066902
15 85971935 rs17552971 0.00065984
15 85972267 rs116262791 0.37576
15 85972536 rs113305234 0.89694
15 85973130 rs556696224 0.3267
15 85973698 rs11856991 0.0036799
15 85974303 rs72754503 0.35658
15 85974898 rs17553006 0.00086063
15 85974994 rs7183470 0.060765999999999994
15 85975002 rs113782745 0.7427
15 85975050 rs10153024 0.55287
15 85975092 rs73448276 0.58886
15 85975567 rs117864510 0.74464
15 85975877 rs79838862 0.7265199999999999
15 85976182 rs75831857 0.9767
15 85976534 rs74964891 0.00011754
15 85976671 rs116921527 0.7261
15 85977565 15:85977565_T_G 0.9797399999999999
15 85983102 rs189593862 0.95157
15 85983357 rs74024844 0.038566
15 85983503 rs7178054 0.030688
15 85983636 rs117095192 0.87387
15 85983971 rs72754505 0.012975
15 85984029 rs4842881 0.064721
15 85984097 rs112795394 0.40256
15 85984112 rs184101848 0.75571
15 85984183 rs4842882 0.84173
15 85984252 rs66667246 0.016068
15 85984450 rs79579754 0.39789
15 85984597 rs534755366 0.34908
15 85984756 rs141309704 0.53577
15 85984813 rs1483579 0.0008013
15 85984825 rs8029057 0.15659
15 85985051 rs1483580 0.00076074
15 85985137 rs77806600 0.9179799999999999
15 85985163 rs10220820 0.7085199999999999
15 85985223 rs747335477 0.69475
15 85985264 rs12148727 0.2524
15 85985366 rs73448283 0.5409
15 85986127 rs4843058 0.00071701
15 85986269 rs190364293 0.1613
15 85986485 rs115399670 0.73017
15 85986722 rs7176605 0.84365
15 85986809 rs74743550 0.6824899999999999
15 85986896 rs187659820 0.34781
15 85987393 rs79913502 0.27776999999999996
15 85987937 rs145787882 0.89213
15 85988430 rs78097900 0.24313
15 85988812 rs62022073 0.48373999999999995
15 85988882 rs28613235 2.1705e-05
15 85989133 rs113595737 0.77773
15 85989137 rs28665432 0.1528
15 85989232 rs139767279 0.52235
15 85989535 rs9972389 0.063559
15 85989791 rs34924687 0.00070058
15 85989989 rs73448292 0.542
15 85990033 rs73448294 0.542
15 85990239 rs143557589 0.7244
15 85990257 rs189827726 0.078224
15 85990318 rs12440441 0.17227
15 85990359 rs62022075 0.00041442
15 85990422 rs111466131 0.3286
15 85990497 rs35007738 0.0006217000000000001
15 85990632 rs59098178 0.66775
15 85990963 rs117297761 0.6689
15 85991084 rs11638594 0.00067329
15 85991202 rs137987705 0.6634399999999999
15 85991276 rs9972489 0.9463799999999999
15 85991372 rs188474987 0.8493
15 85991504 rs149394819 0.74557
15 85991570 rs72754508 0.01347
15 85991632 rs7180876 0.06451599999999999
15 85991679 rs7167596 4.5323e-06
15 85992246 rs142277241 0.6766800000000001
15 85993079 rs117738640 0.058736000000000003
15 85993214 rs8031413 0.59162
15 85993355 rs116031995 0.42691
15 85993792 rs62022077 0.44133999999999995
15 85993949 rs28778143 0.46853
15 85994317 rs78008268 0.039582
15 85994505 rs75677156 0.00038265
15 85994577 rs148813826 0.68118
15 85994815 rs72754509 0.01344
15 85995004 rs72754510 0.013444
15 85995411 rs12915998 0.00066568
15 85995656 rs564704573 0.8874
15 85995888 rs117179343 0.71267
15 85995913 rs78329341 0.9283899999999999
15 85996250 rs4260007 0.09496
15 85996375 rs117799764 0.8125
15 85996416 rs72754513 0.24874000000000002
15 85996904 rs76854411 0.6169
15 85997197 rs8027605 0.17661
15 85997490 rs4843059 0.00071206
15 85997646 rs8024297 0.8468399999999999
15 85997849 rs12903517 0.00067974
15 85997986 rs144665158 0.7743800000000001
15 85998111 rs12903996 0.00072893
15 85998246 rs7178591 0.060202
15 85998333 rs147285513 0.11467000000000001
15 85998394 rs144423494 0.0083027
15 85998741 rs12443473 0.064872
15 85999145 rs4564526 0.66875
15 85999361 rs80197067 0.15674000000000002
15 85999362 rs76107094 0.15674000000000002
15 85999767 rs62022080 0.65189
15 85999854 rs12148758 0.0006662
15 86000036 rs8024200 4.0137e-06
15 86000244 rs145119161 0.97849
15 86000503 rs4407021 3.099e-06
15 86000695 rs77747275 0.062333000000000006
15 86000756 rs534929713 0.8774700000000001
15 86001038 rs79663443 0.10257000000000001
15 86001106 rs1968867 0.062453999999999996
15 86001297 rs186500556 0.937
15 86001328 rs147261982 0.8511700000000001
15 86001899 rs7166507 0.096166
15 86002027 rs7171364 0.0079732
15 86002237 rs74024875 0.99639
15 86002262 rs112351734 0.32786
15 86002325 rs75230893 0.0034393
15 86002512 rs116030745 0.44528999999999996
15 86002672 rs4843060 0.54704
15 86003010 rs4572341 0.8187800000000001
15 86003352 rs62022081 0.6017399999999999
15 86003429 rs143794434 0.94625
15 86003547 rs148169963 0.9217200000000001
15 86003577 rs13329410 0.15567
15 86003694 rs62022082 9.3625e-05
15 86003866 rs11074256 0.21653000000000003
15 86003999 rs150862304 0.29639
15 86004091 rs55899824 0.0011513
15 86004142 rs55767890 0.0013938
15 86004259 rs189204043 0.052490999999999996
15 86004437 rs181737591 0.30007
15 86004489 rs10775261 0.063975
15 86004741 rs11630410 9.161000000000001e-06
15 86004801 rs11630457 9.493200000000001e-06
15 86005108 rs72754517 0.035554
15 86005873 rs62022085 0.00038023
15 86005898 15:86005898_T_C 0.031842
15 86005977 rs59205416 0.48541000000000006
15 86006335 rs7181410 9.2201e-06
15 86006674 rs16940052 9.271e-06
15 86006694 rs17553249 0.0014363
15 86006970 rs546564494 0.24341999999999997
15 86007070 rs184276189 0.87235
15 86007163 rs566317031 0.71983
15 86007627 rs62022086 8.1117e-05
15 86007629 rs8039049 8.9877e-06
15 86007838 rs117014663 0.46663999999999994
15 86007931 rs8039631 8.316e-06
15 86007937 rs185301954 0.8205
15 86007946 rs114572253 0.55483
15 86007954 rs116513707 0.55416
15 86008019 rs117666680 0.51858
15 86008059 rs12906308 9.3207e-06
15 86008067 rs371800959 0.39116
15 86008173 rs148117394 0.61643
15 86008462 rs185619396 0.64274
15 86009293 rs12595689 0.3058
15 86009606 rs377693226 0.7085199999999999
15 86009810 rs8042857 0.083881
15 86010104 rs17623915 8.706e-05
15 86010284 rs144923035 0.16057000000000002
15 86010345 rs10520589 0.22846
15 86010628 rs147959118 0.7822399999999999
15 86010763 rs16940072 0.24575
15 86010851 rs115494499 0.16759000000000002
15 86011264 rs12911430 0.0014640999999999999
15 86011350 rs6497187 9.109099999999999e-06
15 86011468 rs6497189 0.1501
15 86011484 rs6497190 0.14964
15 86011501 rs6497191 1.0276e-05
15 86011848 rs6416598 9.145e-06
15 86011896 rs146261100 0.087198
15 86012248 rs189275138 0.5847899999999999
15 86012271 rs141615723 0.68107
15 86012503 rs11630381 0.0014933
15 86012554 rs181444971 0.01694
15 86012578 rs11631739 0.0014743
15 86012768 rs8032488 2.0308e-05
15 86012963 rs76357267 0.065343
15 86013059 rs17553734 0.0013432000000000001
15 86013177 rs571290856 0.34929
15 86013248 rs8028240 2.1375e-05
15 86013601 rs7168345 2.0906e-05
15 86013665 rs17553790 0.0013701
15 86014042 rs141834245 0.60816
15 86014070 rs184359109 0.082832
15 86014116 rs6497194 1.9338e-05
15 86014170 rs79745548 0.6863
15 86014255 rs768978612 0.68333
15 86014374 rs114228582 0.68708
15 86014493 rs185416874 0.92196
15 86014619 rs28590112 0.13101
15 86014875 rs76056163 6.3919e-05
15 86014906 rs78777984 6.392e-05
15 86015027 rs77799869 0.070744
15 86015277 rs181092679 0.5715600000000001
15 86015287 rs4551990 9.861900000000001e-06
15 86015328 rs78229200 6.2882e-05
15 86016095 rs4843061 0.23715
15 86016476 rs190107446 0.21615
15 86016486 rs73450316 0.07526000000000001
15 86016573 rs4260008 0.0022711
15 86016592 rs778260227 0.066591
15 86017211 rs117128499 0.42471000000000003
15 86017423 rs78722829 0.8347899999999999
15 86018148 rs1038373 0.014146
15 86018173 rs4530079 0.9691299999999999
15 86018448 rs11074264 0.0019089999999999999
15 86018542 rs150060213 0.93181
15 86018746 rs7161880 1.2547e-05
15 86018757 rs72754526 0.010352
15 86018798 rs77978312 0.9082899999999999
15 86019698 rs116697701 0.50261
15 86019893 rs28615985 0.99744
15 86020456 rs193120854 0.06243200000000001
15 86020919 rs191335167 0.31606
15 86021187 rs7180213 1.7674e-05
15 86021238 rs115913723 0.33509
15 86021375 rs6497202 1.6813e-05
15 86021966 rs1531855 0.007422
15 86022039 rs565365730 0.35244000000000003
15 86022135 rs78415880 0.75367
15 86022226 rs114372015 0.7272
15 86022298 rs188269369 0.30157
15 86023018 rs11638498 1.6516e-05
15 86023082 rs116997272 0.8821200000000001
15 86023233 rs144290614 0.9251299999999999
15 86023372 rs34470653 0.30926
15 86023538 rs12913754 0.00595
15 86023905 rs7180383 0.012328
15 86023987 rs10152741 0.036523
15 86024111 rs35558728 0.0064123
15 86024259 rs767189792 0.55775
15 86024284 rs4526974 1.4677999999999999e-05
15 86024390 rs186598187 0.76677
15 86024431 rs11074272 0.30257
15 86024523 rs17624574 0.010206
15 86024615 rs562781704 0.83726
15 86024770 rs553061785 0.11753
15 86024931 rs28402355 0.12844
15 86025724 rs189291504 0.15332
15 86025963 rs77017717 8.8834e-05
15 86026030 rs115982866 0.27992
15 86026031 rs750283 0.3361
15 86026648 rs529472491 0.67306
15 86026749 rs34292280 0.78176
15 86026969 rs12901658 0.19378
15 86027234 rs35813075 0.0068178
15 86027327 rs12914250 0.0067832
15 86027453 rs12902447 0.006958
15 86027562 rs183123935 0.8816200000000001
15 86027621 rs4480750 1.6992e-05
15 86027782 rs116957581 0.13254000000000002
15 86027984 rs4523884 0.19723
15 86028067 rs117618293 0.015130000000000001
15 86028198 rs146382911 0.07234199999999999
15 86028560 rs7168995 0.75627
15 86028694 rs116176109 0.7562800000000001
15 86028784 rs112112101 0.75615
15 86028822 rs4632086 0.061666
15 86028824 rs72754528 0.006901100000000001
15 86029024 rs76016752 0.057423
15 86029172 rs114152747 0.31201
15 86029225 rs6497206 7.8109e-06
15 86029258 rs6497207 7.9702e-06
15 86029262 rs535628180 0.14845999999999998
15 86029335 rs6497208 7.7651e-06
15 86029457 rs190513651 0.18774000000000002
15 86029597 rs6497209 0.016928
15 86029775 rs77146246 0.74963
15 86029821 rs28402114 0.65567
15 86030330 rs75159403 0.758
15 86030363 rs11074276 7.701499999999999e-06
15 86030403 rs140589823 0.1237
15 86030415 rs115985069 0.8939799999999999
15 86030870 rs148836620 0.7552399999999999
15 86030936 rs11631028 0.0081283
15 86031260 rs11858817 7.5355999999999995e-06
15 86031503 rs28874135 7.5703999999999995e-06
15 86031511 rs12901340 0.69117
15 86031540 rs747010803 0.16268
15 86031579 rs11633604 7.5376e-06
15 86031826 rs77485406 0.32477
15 86031867 rs116573941 0.75534
15 86032085 rs145822435 0.67008
15 86032322 rs542705863 0.049097
15 86032590 rs7164106 6.992799999999999e-06
15 86032768 rs28532619 0.64348
15 86033184 rs1872074 6.7699e-06
15 86033248 rs144713499 0.072974
15 86033288 rs531722632 0.8794200000000001
15 86034134 rs35406378 0.45461999999999997
15 86034195 rs34438394 0.0062566
15 86034249 15:86034249_G_T 0.093984
15 86034266 rs140550133 0.4627
15 86034635 rs142219405 0.8114100000000001
15 86034899 rs187387362 0.52468
15 86034919 rs80077137 0.9943
15 86035173 rs4842883 8.4725e-06
15 86035194 rs4842885 0.20754
15 86035773 rs4842886 1.9749e-05
15 86035810 rs4842887 2.1579e-05
15 86036123 rs187004157 0.060615999999999996
15 86036331 rs62022118 9.6606e-05
15 86036354 rs188181531 0.93322
15 86036379 rs56406982 1.8794e-05
15 86036648 rs7169429 1.9030999999999998e-05
15 86036815 rs75401296 0.13723
15 86036816 rs193272239 0.9655
15 86037030 rs7168860 1.9239e-05
15 86037227 rs149300899 0.0051667
15 86037316 rs142722299 0.8473799999999999
15 86037417 rs115394980 0.75727
15 86037457 rs12101598 0.99205
15 86037705 rs533779697 0.79033
15 86037864 rs79691262 0.045099
15 86037993 rs900573 1.8523e-05
15 86038008 rs79665867 0.045493
15 86038193 rs730372 7.8341e-06
15 86038678 rs138293596 0.8840899999999999
15 86038790 rs115494465 0.7547699999999999
15 86039471 rs4536419 2.1158000000000003e-05
15 86039499 rs7164472 0.012984
15 86039564 rs725686 0.0069512
15 86039729 rs141244203 0.6580600000000001
15 86039808 rs62022157 9.743200000000001e-05
15 86040044 rs764481932 0.9326
15 86040101 rs539037121 0.66913
15 86040137 rs4843062 1.5693e-05
15 86040146 rs74318315 0.75485
15 86040206 rs76420222 0.75439
15 86040275 rs755786823 0.7390399999999999
15 86040311 rs79776764 0.91185
15 86040394 rs4360875 2.0291e-05
15 86040733 rs184914940 0.55581
15 86040820 rs4360874 7.418e-06
15 86040872 rs2046341 0.0027226999999999998
15 86040957 rs190109481 0.8735299999999999
15 86041017 rs4514633 9.286e-06
15 86041107 rs117992258 0.96996
15 86041174 rs79033758 0.9604299999999999
15 86041260 rs34818008 0.8356600000000001
15 86041262 rs60803479 0.057025
15 86041735 rs12324277 1.4448e-05
15 86041970 rs74024886 0.19660999999999998
15 86042205 rs34598679 1.5490999999999998e-05
15 86042353 rs545712825 0.17077
15 86042451 rs147747943 0.66974
15 86042773 rs2344432 0.006892699999999999
15 86042774 rs568085714 0.49686
15 86043007 rs4344688 1.5224e-05
15 86043020 rs4280192 1.5296e-05
15 86043310 rs2128837 0.30156
15 86043336 rs77020057 0.7650100000000001
15 86043398 rs2170736 1.4400000000000001e-05
15 86043485 rs2170735 1.4213e-05
15 86043638 rs188003400 0.7854
15 86043737 rs4340287 1.4369e-05
15 86043803 rs115842492 0.7555
15 86043983 rs78724710 0.30764
15 86044258 rs11636027 0.0072583
15 86044292 rs56725751 0.057164
15 86044338 rs117327642 0.5503600000000001
15 86044349 rs186275431 0.38566999999999996
15 86044415 rs59380455 0.17049
15 86044438 rs55857625 0.050648
15 86044473 rs7162502 1.546e-05
15 86044667 rs7169632 1.5262e-05
15 86044723 rs139060996 0.21255
15 86044831 rs58720149 0.048378
15 86044888 rs114369216 0.45958999999999994
15 86045105 rs115664213 0.32644
15 86045215 rs7163958 1.5415e-05
15 86045238 rs73450329 0.057501
15 86045307 rs74024892 0.052839
15 86045353 rs1038374 0.025695999999999997
15 86046451 rs141002962 0.36235
15 86046681 rs116108757 0.77195
15 86046751 rs17554709 0.00010031
15 86046802 rs12910373 1.5424e-05
15 86046811 rs34484845 0.0074023
15 86046833 rs12708553 1.5583e-05
15 86047222 rs766864986 0.78367
15 86047286 rs4281668 1.4128e-05
15 86047288 rs145254891 0.61749
15 86047539 rs116635839 0.35575
15 86047791 rs541731330 0.43281000000000003
15 86048039 rs17625240 0.008146800000000001
15 86048078 rs138705184 0.046194
15 86048103 rs34585751 0.007316800000000001
15 86048132 rs7183968 0.43263999999999997
15 86048136 rs141840057 0.50773
15 86048150 rs111390681 0.079799
15 86048167 rs57357668 0.055803
15 86048536 rs114714652 0.78113
15 86048689 rs115298469 0.7792
15 86048748 rs4843063 1.647e-05
15 86048789 rs4843064 0.36159
15 86049444 rs11073374 1.6824e-05
15 86049501 rs187481136 0.8498
15 86049719 rs7174323 1.9933e-05
15 86049792 rs142768971 0.88799
15 86049865 rs62023860 1.8569e-05
15 86049988 rs6496027 1.3875999999999999e-05
15 86050164 rs74566283 0.84278
15 86050204 rs17554929 0.007848
15 86050214 rs118017766 0.05056
15 86050890 rs7180923 1.4087e-05
15 86050944 rs7178991 1.4784000000000001e-05
15 86050961 rs73450336 0.6138
15 86051083 rs113369862 0.0032851
15 86051089 rs74904486 9.815899999999999e-05
15 86051627 rs2344433 0.020457
15 86051664 rs116333068 0.33855
15 86051890 rs7164244 0.020796000000000002
15 86052060 rs79451548 0.0061148999999999995
15 86052166 rs12905368 0.3591
15 86052231 rs77599009 0.8278200000000001
15 86052254 rs111908185 0.005882699999999999
15 86052557 rs75948406 0.33847
15 86052645 rs118101215 0.5967399999999999
15 86052670 rs756426 0.02126
15 86052856 rs3886250 0.0082681
15 86053079 rs6496032 0.9930100000000001
15 86053202 rs115160845 0.9915299999999999
15 86053359 rs7172006 0.00083192
15 86053697 rs35899940 0.0083026
15 86054226 rs8036310 0.024496
15 86054258 rs138689107 0.45211999999999997
15 86054266 rs1564719 1.3899e-05
15 86054490 rs2062234 0.0080068
15 86054523 rs4291869 1.4453e-05
15 86054731 rs4329876 0.18247
15 86055062 rs719138 0.010381999999999999
15 86055445 rs7173125 1.1336e-05
15 86055627 rs62023862 3.5622e-05
15 86055629 rs8042776 0.00024792
15 86055697 rs188330046 0.95049
15 86055743 rs75294772 0.6291100000000001
15 86055830 rs79485733 0.62198
15 86056109 rs2880763 4.0022e-05
15 86056134 rs146819868 0.49315
15 86056229 rs543506585 0.81506
15 86056378 rs79941337 0.50379
15 86056408 rs2880764 4.312e-05
15 86056462 rs2880765 4.218e-05
15 86056605 rs142628751 0.69393
15 86056807 rs36098649 0.013597999999999999
15 86056886 rs117460534 0.63784
15 86057129 rs55782422 0.47668999999999995
15 86058259 rs74024897 0.2097
15 86058584 rs557634901 0.82929
15 86059271 rs11637726 0.013739
15 86059535 rs146154197 0.65069
15 86059631 rs182302073 0.93291
15 86059657 rs34774617 0.28804
15 86059847 rs28520896 0.090946
15 86059916 rs146324329 0.52082
15 86060751 rs144470181 0.56213
15 86061271 rs7166642 4.3747e-05
15 86061874 rs146924599 0.028843999999999998
15 86061939 rs6496038 0.42263
15 86061963 rs6496039 4.4675e-05
15 86062041 rs79028805 0.7315699999999999
15 86062170 rs140772296 0.08426499999999999
15 86062338 rs542126019 0.74725
15 86062440 rs11853972 6.2325e-07
15 86062493 rs138246670 0.48822
15 86062567 rs72756503 0.0040872
15 86062911 rs4843066 2.1856999999999998e-05
15 86063133 rs4842888 5.9742e-05
15 86063283 rs56097165 0.5761
15 86063352 15:86063352_A_G 0.75462
15 86063434 rs75536012 0.18285
15 86063445 rs8037636 0.02642
15 86063498 rs68045709 0.28929
15 86063681 rs11634589 0.01573
15 86063810 rs117404312 0.011256
15 86063991 rs117664311 0.41221
15 86064107 rs35513875 0.28811
15 86064109 rs185904358 0.030219
15 86064130 rs11639291 0.015747999999999998
15 86064290 rs35179524 0.28635
15 86064327 rs1994158 0.00093301
15 86064406 rs183264681 0.27485
15 86064476 rs189749575 0.24354
15 86064826 rs139748343 0.36030999999999996
15 86064830 rs529506818 0.51425
15 86064909 rs1483581 0.020211
15 86064968 rs3743321 4.6293999999999994e-05
15 86065029 rs7162739 0.022791
15 86065162 rs118008454 0.90964
15 86065422 rs149033874 0.40726
15 86065560 rs35316253 0.01608
15 86065605 rs115969725 0.084996
15 86065680 rs76764670 0.00012174
15 86065688 rs151173623 0.35131
15 86065983 rs66739423 0.022666
15 86066082 rs12899946 4.4325e-05
15 86066100 rs12898783 4.3796000000000006e-05
15 86066337 rs78464945 0.21829
15 86066403 rs11855789 4.5706000000000006e-05
15 86066471 rs12900989 0.42186999999999997
15 86066981 rs115119840 0.37182
15 86067025 rs12324586 0.79227
15 86067204 rs16940876 0.1888
15 86067306 rs6496044 5.357e-07
15 86067398 rs7176291 4.4986000000000006e-05
15 86067701 rs186155313 0.12927
15 86067811 rs561422954 0.34138
15 86067890 rs116273169 0.45756
15 86067896 rs12911225 0.27273000000000003
15 86067963 rs12910647 0.27431
15 86068022 rs12910789 0.29064
15 86068025 rs72756514 0.76169
15 86068227 rs12909896 0.27108000000000004
15 86068414 rs12910283 0.27083
15 86068458 rs149565716 0.53171
15 86068736 rs761163030 0.85205
15 86068750 rs1982742 2.3894000000000002e-05
15 86068971 rs557651645 0.45729
15 86069045 rs117232950 0.9030799999999999
15 86069118 rs8026938 3.2182e-05
15 86069205 rs6496049 2.3864e-05
15 86069207 rs74443478 0.21685
15 86069250 rs6496050 2.9323e-07
15 86069327 rs62023881 0.0012372
15 86069513 rs143145067 0.47061000000000003
15 86069626 rs77041485 0.52857
15 86069776 rs6496051 0.047386000000000005
15 86069821 rs184868873 0.35354
15 86069938 rs548563366 0.88674
15 86070069 rs7165300 4.9376e-07
15 86070338 rs560646018 0.68334
15 86070445 rs151012381 0.1357
15 86070471 rs12594171 0.87321
15 86070486 rs534265650 0.62167
15 86070688 rs6496055 2.9115e-05
15 86070797 rs16940964 0.11957000000000001
15 86071035 rs62023882 0.54337
15 86071385 rs140667431 0.22810999999999998
15 86071450 rs113595815 0.045192
15 86071628 rs148172186 0.80879
15 86071687 rs141111376 0.96009
15 86071768 rs4638530 0.25254
15 86071904 rs185925757 0.16235
15 86072126 rs16940997 0.020011
15 86072225 rs111771702 0.27778
15 86072419 rs7163032 2.9383000000000003e-05
15 86072423 rs530636896 0.7421
15 86072434 rs7180022 2.9057e-05
15 86072466 rs7163068 2.854e-05
15 86072490 rs7183153 0.25708000000000003
15 86072507 rs7162139 0.016451
15 86072656 rs62023883 0.6822
15 86072798 rs16941004 0.9782799999999999
15 86072863 rs114717095 0.32779
15 86073035 rs35184622 0.009773700000000001
15 86073183 rs73450367 0.44116000000000005
15 86073347 rs16941005 0.18738
15 86073401 rs10468111 0.25261999999999996
15 86073424 rs10468112 3.0254000000000002e-05
15 86073451 rs116271711 0.037836
15 86073806 rs566565018 0.063048
15 86073971 rs12903435 0.41498999999999997
15 86074060 rs8030935 0.26416999999999996
15 86074176 rs79270762 0.11342
15 86074254 rs116766255 0.91161
15 86074259 rs34939874 0.38661
15 86074297 rs12708554 3.2275e-05
15 86074349 rs143416570 0.3476
15 86074351 rs12905350 3.1795e-05
15 86074371 rs7170758 0.24952
15 86074380 rs7170251 8.151e-06
15 86074673 rs75369379 0.47492
15 86074750 rs138410779 0.21704
15 86074906 rs2344436 2.9846999999999997e-05
15 86074929 rs141906583 0.23778000000000002
15 86075156 rs11073401 0.3131
15 86075263 rs77490872 0.7318
15 86075354 rs117992564 0.40821
15 86075372 rs6496065 2.9895e-05
15 86075417 rs1483578 0.010634000000000001
15 86075462 rs6496066 3.2650999999999996e-05
15 86075618 rs116367685 0.36894
15 86075747 rs4843067 0.25017
15 86075860 rs56225218 0.001807
15 86075942 rs553657406 0.76543
15 86076009 rs11073403 0.25668
15 86076070 rs145947119 0.27791
15 86076450 rs151088444 0.97545
15 86076584 rs2279167 0.11907000000000001
15 86076702 rs78480940 0.36508
15 86076711 rs118160363 0.23919
15 86076749 rs62023885 8.548099999999999e-06
15 86076772 rs114091184 0.087871
15 86077097 rs115160225 0.36025999999999997
15 86077164 rs115105465 0.094051
15 86077189 rs2279168 0.1165
15 86077404 rs1351196 3.1848000000000004e-05
15 86077516 rs116452235 0.31634
15 86077552 rs28397760 0.11495999999999999
15 86077888 rs192376181 0.8984700000000001
15 86077900 rs182302000 0.29184
15 86078089 rs16941073 0.21247
15 86078138 rs191841941 0.67514
15 86078686 rs10520590 0.023781
15 86079034 rs181735064 0.69614
15 86079115 rs35343117 0.009223299999999999
15 86079313 rs545266056 0.029129000000000002
15 86079445 rs370015738 0.5112399999999999
15 86079457 rs7173944 0.085329
15 86079621 rs75252668 0.042259
15 86079751 rs11636764 3.2872e-05
15 86079834 rs11632326 3.2569e-05
15 86080135 rs78075327 0.5382100000000001
15 86080152 rs186771627 0.10862000000000001
15 86080268 rs28421873 0.021585
15 86080337 rs979824 0.80778
15 86080625 rs979825 3.3794e-05
15 86080777 rs777942522 0.39352
15 86080791 rs4300604 0.80216
15 86080918 rs114154089 0.15328
15 86080937 rs140175370 0.26949
15 86080962 rs8039929 3.556e-05
15 86081012 rs147667075 0.26476
15 86081052 rs77398236 0.4231
15 86081278 rs79287260 8.904500000000001e-06
15 86081338 rs117444212 0.49062
15 86081367 rs187943778 0.58554
15 86081821 rs34781927 3.2679000000000003e-05
15 86081881 rs142659425 0.42236999999999997
15 86082095 rs144884848 0.26476
15 86082147 rs7359225 4.7635e-05
15 86082314 rs141158607 0.73625
15 86082325 rs28634781 0.37804
15 86082361 rs539934551 0.56697
15 86082758 rs7168738 0.26106999999999997
15 86083168 rs55844965 0.53809
15 86083409 rs114166928 0.66751
15 86083886 rs7359282 0.033708999999999996
15 86083903 rs28380635 0.03199
15 86084323 rs112238712 0.9518200000000001
15 86084979 rs547085385 0.088375
15 86085120 rs17631906 2.2743000000000002e-05
15 86085543 rs4503747 0.3347
15 86085776 rs2169876 0.0030997
15 86085802 rs2169877 0.12533
15 86086325 rs115571948 0.043517
15 86086733 rs16941157 0.00049031
15 86087095 rs74502151 0.45138
15 86087212 rs7162720 0.10298
15 86087309 rs2291049 0.063249
15 86087736 rs144247938 0.087033
15 86087773 rs146581508 0.20223
15 86087893 rs6496082 0.053239
15 86087932 rs116339363 0.69881
15 86087984 rs185935355 0.95676
15 86088214 rs78829185 0.6995899999999999
15 86088342 rs716400 0.00024362
15 86088430 rs716401 0.87997
15 86088634 rs28427010 0.88002
15 86089004 rs10520591 0.21108000000000002
15 86089174 rs114563512 0.51613
15 86089288 rs75063683 0.6549699999999999
15 86089290 rs28515484 0.00053939
15 86089387 rs11632666 0.049267
15 86089388 rs28420199 0.00031210000000000005
15 86089655 rs75405097 0.51243
15 86089805 rs36056329 0.095377
15 86089915 rs113826043 0.79764
15 86089916 rs183212178 0.8373200000000001
15 86090203 rs6496086 0.00032835
15 86090234 15:86090234_A_G 0.014824
15 86090250 rs112559488 0.33071999999999996
15 86090315 rs118192018 0.48046000000000005
15 86090842 rs74025609 0.99511
15 86091017 rs146068410 0.035707
15 86091174 rs12902005 0.065072
15 86092367 rs8033489 0.00036099
15 86092537 rs149809265 0.47761000000000003
15 86092594 rs74025610 0.4033
15 86092777 rs187698892 0.079278
15 86092793 rs75948061 0.68038
15 86092804 rs117787336 0.95688
15 86092957 rs117196098 0.45103999999999994
15 86092993 rs148456477 0.03771
15 86093234 rs8038867 0.9105200000000001
15 86093304 rs62023889 0.00055947
15 86093416 rs12911786 0.19
15 86093536 rs141934872 0.037405
15 86093672 rs74979375 0.47857
15 86093701 rs6496087 0.00035378
15 86093705 rs6496088 0.00031255
15 86093745 rs145747079 0.037405
15 86093749 rs147781278 0.038857
15 86093773 rs78803399 0.096733
15 86093781 rs16941269 0.40238
15 86093926 rs11634651 0.18408
15 86094209 rs114713381 0.92905
15 86094221 rs12898649 0.00033499
15 86094321 rs755710860 0.89144
15 86094495 rs74415890 0.38656
15 86094500 rs187372240 0.9562
15 86094583 rs114590953 0.47784
15 86094655 rs11638407 0.18623
15 86094810 rs141444195 0.21001999999999998
15 86095127 rs139130036 0.038885
15 86095166 rs59462467 0.8549200000000001
15 86095307 rs116862262 0.9422799999999999
15 86095462 rs17618909 0.18264
15 86095609 rs563745639 0.47721
15 86095944 rs144562464 0.045165
15 86095998 rs550777997 0.33849
15 86096036 rs189019462 0.025851999999999997
15 86096295 rs147758417 0.036688
15 86096358 rs150962923 0.035307
15 86096379 rs4843068 0.00047124
15 86096398 rs4842889 0.00044626
15 86096525 rs138422711 0.036462
15 86096652 rs143011850 0.036694
15 86096714 rs188554673 0.95425
15 86096728 rs145188033 0.036694
15 86096890 rs79225996 0.6590600000000001
15 86096934 rs138807360 0.035102999999999995
15 86097079 rs8031343 0.00040718
15 86097082 rs567945619 0.8829
15 86097216 rs62023891 0.00057818
15 86097303 rs117681641 0.4512
15 86097792 rs12442369 0.11695
15 86098317 rs2169878 0.0026405
15 86098390 rs16941349 0.00036164
15 86098507 rs7180143 0.000341
15 86098547 rs114675537 0.1895
15 86098647 rs7164821 0.0003615
15 86098669 rs11858611 0.77099
15 86098803 rs73450397 0.49251999999999996
15 86098846 rs374795127 0.27205
15 86098891 rs141899092 0.032476
15 86098936 rs75531292 0.49273999999999996
15 86099114 rs114091330 0.47394
15 86099339 rs76300409 0.72795
15 86099680 rs74025614 0.91525
15 86099774 rs72758662 0.058702
15 86100189 rs17768867 0.06021699999999999
15 86100216 rs778790494 0.81042
15 86100405 rs12185115 0.00037430000000000005
15 86100429 rs12185116 0.00077328
15 86100494 rs143272843 0.032454000000000004
15 86100625 rs537414860 0.31024
15 86100820 rs12438650 0.7499899999999999
15 86100864 15:86100864_C_G 0.46526999999999996
15 86101102 rs16941408 0.2907
15 86101188 rs9302332 0.91301
15 86101613 rs75241454 0.7347100000000001
15 86101975 rs731760 0.00032954
15 86102114 rs1075607 4.9093e-05
15 86102127 rs116394042 0.25918
15 86102196 rs12913556 0.27808
15 86102261 rs744860 0.2069
15 86102376 rs2344437 0.00030806
15 86102395 rs182917680 0.21513000000000002
15 86102422 rs188766883 0.9137299999999999
15 86102557 rs73450400 0.34183
15 86102585 rs138151047 0.006051600000000001
15 86102599 rs10162616 0.9151600000000001
15 86102612 rs35085180 0.26314
15 86102857 rs10162624 0.91559
15 86103060 rs12164925 5.8223e-05
15 86103176 rs16941432 5.7863999999999994e-05
15 86103396 rs56024556 0.00065897
15 86103617 rs150497374 0.7014
15 86103760 rs568874676 0.21965
15 86103832 rs16941447 0.0013784000000000001
15 86103951 rs79768492 0.38621
15 86104202 rs143258728 0.021761000000000003
15 86104241 rs562583437 0.36759000000000003
15 86104434 rs184577899 0.6003
15 86104437 rs146705253 0.52269
15 86104568 rs141337747 0.023428
15 86104573 rs576237223 0.15947999999999998
15 86104717 rs115006301 0.23775
15 86104757 rs6496093 0.00026942
15 86104914 rs8025492 0.00023411
15 86105044 rs75039806 0.25932
15 86105045 rs67253156 0.25451
15 86105123 rs57948357 0.4495
15 86105177 rs6496094 0.00028775
15 86105178 rs145820281 0.15573
15 86105318 rs2344438 0.00029652
15 86105567 rs56052131 0.098522
15 86105586 rs2880855 0.0003503
15 86105640 rs75362463 0.46839
15 86105655 rs189540085 0.53678
15 86105990 rs8030276 5.8404e-05
15 86106082 rs377443268 0.02371
15 86106470 rs16941528 0.10778
15 86106545 rs149535750 0.022765999999999998
15 86106641 rs17632140 0.10280999999999998
15 86106797 rs12442591 1.618e-05
15 86106955 rs78202242 0.11613
15 86107336 rs12592751 5.2895e-05
15 86107393 rs10162994 0.00026857
15 86107560 rs144046030 0.019174
15 86107752 rs4843070 0.12498
15 86108030 rs537661859 0.32472
15 86108341 rs139381478 0.019836000000000003
15 86108428 rs150058475 0.23194
15 86108534 rs182493105 0.092236
15 86108737 rs11630755 0.64188
15 86108930 rs146306871 0.022036
15 86109076 rs114038444 0.25349
15 86109411 rs184894121 0.14103
15 86109498 rs143735448 0.89789
15 86109539 rs11632164 0.63861
15 86109571 rs8033427 9.9225e-06
15 86109582 rs8034125 1.213e-05
15 86110400 rs112087653 0.54161
15 86110432 rs35687469 0.19896
15 86110441 rs57377428 0.42235
15 86110442 rs186643017 0.37239
15 86110588 rs191890742 0.26248
15 86110828 rs146170434 0.035528
15 86110856 rs12440599 0.00019695
15 86111012 rs117407387 0.9670700000000001
15 86111042 rs16941614 0.37028
15 86111211 rs576525911 0.020487000000000002
15 86111252 rs11858229 0.7
15 86111290 rs11638379 0.31837
15 86111361 rs117136661 0.92986
15 86111389 rs76392968 0.9015299999999999
15 86111456 rs142449273 0.8465
15 86111457 rs532417141 0.8552700000000001
15 86111635 rs118171354 0.297
15 86111694 rs16941619 0.074688
15 86111747 rs16941624 0.14367
15 86111787 rs78715511 0.71821
15 86112143 rs546399234 0.9281
15 86112409 rs140982949 0.020313
15 86112429 rs16941653 0.069118
15 86112496 rs74916926 0.35412
15 86112524 rs115515716 0.3537
15 86112569 rs114456155 0.24618
15 86112760 rs144929107 0.90245
15 86112853 rs147876029 0.92369
15 86113181 rs141586721 0.45493
15 86113716 rs10152731 1.9795999999999998e-05
15 86113780 rs75062282 0.22425
15 86113890 rs76548210 0.35446
15 86114017 rs145269489 0.02101
15 86114132 rs116365226 0.96636
15 86114142 rs10520592 0.33287
15 86114258 rs570956028 0.19984000000000002
15 86114313 rs113376804 0.013366
15 86114383 15:86114383_A_G 0.61664
15 86114436 rs115657440 0.39924
15 86114448 rs80036674 3.762e-05
15 86114453 rs10520593 2.2168000000000002e-05
15 86115065 rs141645950 0.020066999999999998
15 86115083 rs12594468 0.073571
15 86115098 rs150516111 0.020066999999999998
15 86115138 rs73452414 0.51494
15 86115141 rs138425530 0.020959000000000002
15 86115181 rs149274352 0.082025
15 86115584 rs147286876 0.56174
15 86115839 rs16941673 0.52023
15 86115900 rs13379832 2.9151e-05
15 86116121 rs12913268 2.0327e-05
15 86116144 rs13379946 1.0546e-06
15 86116188 rs147545263 0.057117999999999995
15 86116434 rs72758677 0.9793700000000001
15 86116529 rs151040251 0.017825999999999998
15 86116678 rs192650811 0.99239
15 86117033 rs549625160 0.9710200000000001
15 86117180 rs116967684 0.93504
15 86117215 rs4843072 0.47272
15 86117372 rs4842890 2.0759000000000002e-05
15 86117376 rs140361976 0.72195
15 86117420 rs145539661 0.6292300000000001
15 86117505 rs75943157 0.41163999999999995
15 86117913 rs76556725 0.9174899999999999
15 86118001 rs11630968 0.31561999999999996
15 86118014 rs72758680 0.016388
15 86118257 rs148194777 0.11177999999999999
15 86118415 rs114219897 0.45478999999999997
15 86118830 rs139391854 0.9651200000000001
15 86119181 rs1026724 1.902e-05
15 86119210 rs55892576 0.07323099999999999
15 86119326 rs1026723 1.7779e-05
15 86119399 rs1026722 1.9033e-05
15 86119402 rs144197696 0.019452
15 86119405 rs560126654 0.7955300000000001
15 86119409 rs117519547 0.91207
15 86119420 rs1026721 1.7074e-05
15 86119456 rs1026720 1.8751e-05
15 86119577 rs62023922 0.73449
15 86119669 rs74025621 0.97124
15 86119908 rs148729235 0.017644
15 86120001 rs8041467 1.8551e-05
15 86120246 rs11630112 0.39166999999999996
15 86120411 rs77135039 0.08239199999999999
15 86120505 rs115273178 0.34213000000000005
15 86121199 rs10459683 2.0124000000000002e-05
15 86121307 rs10459684 2.0679e-05
15 86121406 rs10459685 1.9637000000000002e-05
15 86121453 rs11635124 0.00019392
15 86121594 rs116147203 0.9651200000000001
15 86121615 rs11631667 2.0684e-05
15 86121672 rs11636172 2.1724e-05
15 86121678 rs11631714 2.0946e-05
15 86121739 rs544360602 0.97124
15 86121795 rs192755711 0.8266
15 86121874 rs113490371 0.0053043
15 86121892 rs8032528 2.0889e-05
15 86121935 rs11631806 2.0177e-05
15 86122299 rs73452430 0.43083
15 86122529 rs139682746 0.97767
15 86122654 rs2061821 2.5623000000000002e-05
15 86122765 rs114358244 0.8849899999999999
15 86122779 rs2061822 6.8913e-05
15 86122790 rs35930051 0.24409
15 86122875 rs34434221 0.36214
15 86122916 rs2061823 2.0164000000000002e-05
15 86122970 rs17557307 0.018097
15 86123019 rs2061824 2.0177e-05
15 86123077 rs113831353 0.019545
15 86123085 rs56156165 0.9524799999999999
15 86123170 rs745191 0.32553000000000004
15 86123216 rs112396662 0.71222
15 86123231 rs113595243 0.44588
15 86123250 rs151229540 0.75966
15 86123364 rs7177107 4.3929e-05
15 86123457 rs115899691 0.11137000000000001
15 86123462 rs745192 0.41117
15 86123751 rs146902475 0.64531
15 86123770 rs114705815 0.6278600000000001
15 86123809 rs114703106 0.10636
15 86123851 rs35624420 0.12672
15 86123882 rs34869156 0.91689
15 86123924 rs4075255 2.3486999999999997e-05
15 86123988 rs4075254 1.8657e-05
15 86124061 rs79828763 0.12333
15 86124419 rs4843073 2.7556e-05
15 86124483 rs4843074 2.2953000000000002e-05
15 86124515 rs61742515 0.64226
15 86124555 rs4843075 2.0204000000000002e-05
15 86124616 rs61731243 0.46206
15 86124712 rs75504327 0.74005
15 86124714 rs375690520 0.39651
15 86124824 rs115468498 0.5395800000000001
15 86124946 rs7162168 2.4221e-05
15 86124968 rs11633087 8.049199999999999e-06
15 86125031 rs7178065 1.9693e-05
15 86125126 rs115527863 0.66804
15 86125304 rs7179919 0.12699000000000002
15 86125417 rs79322224 0.4679
15 86125458 rs116642160 0.52113
15 86125544 rs118024695 0.9369200000000001
15 86125607 rs17570529 0.31721
15 86125627 rs79139849 0.32537
15 86125728 rs8029034 3.1184e-05
15 86125932 rs112888309 0.65917
15 86126275 rs4842891 2.8085e-05
15 86126350 rs72758699 0.012888
15 86126486 rs11635711 0.30675
15 86126556 rs77308143 0.55788
15 86126625 rs549445924 0.38853000000000004
15 86126765 rs189347662 0.8592799999999999
15 86126809 rs115330586 0.52113
15 86127022 rs17633255 0.10125
15 86127408 rs12906184 2.8229e-05
15 86127523 rs7175045 0.9781200000000001
15 86127561 rs7173705 2.792e-05
15 86127590 15:86127590_T_A 0.9445100000000001
15 86127602 rs181135474 0.12024000000000001
15 86127663 rs74025625 0.9710200000000001
15 86127674 rs75830418 0.6615800000000001
15 86128150 rs8035127 1.3627e-05
15 86128322 rs140215114 0.63418
15 86128492 rs17570795 0.43783
15 86128581 rs113396488 0.50261
15 86128641 rs10520594 3.0589e-05
15 86128717 rs10520595 1.046e-06
15 86129108 rs778304144 0.9560700000000001
15 86129201 rs931082 2.8244e-05
15 86129539 rs142793763 0.55445
15 86129581 rs59618127 0.9643299999999999
15 86129639 rs7170901 2.8893000000000003e-05
15 86129806 rs56125817 0.96452
15 86129844 rs16941930 0.48116000000000003
15 86130063 rs141473183 0.083776
15 86130109 rs150758924 0.19916
15 86130153 rs567968052 0.05735
15 86130356 rs11636818 2.831e-05
15 86130395 rs117652744 0.1475
15 86130504 rs4843078 0.17744000000000001
15 86130648 rs62023930 0.087238
15 86130734 rs149658529 0.019438
15 86130777 rs117820055 0.016183000000000003
15 86131038 rs540362392 0.9291299999999999
15 86131114 rs10152626 0.0026224
15 86131146 rs10152805 2.7451e-05
15 86131607 rs544505143 0.46931999999999996
15 86131895 rs116431756 0.35023000000000004
15 86132008 rs6496109 3.2673000000000004e-05
15 86132066 rs117155186 0.015946000000000002
15 86132287 rs78706280 0.5395
15 86132344 rs185430720 0.40691
15 86132365 rs10048046 0.74316
15 86132752 rs62023931 0.30456
15 86132781 rs186634975 0.13237000000000002
15 86133259 rs10520596 0.070579
15 86133312 rs527254626 0.22518000000000002
15 86133338 rs145878441 0.017525
15 86133443 rs748450126 0.83121
15 86133875 rs138722502 0.17093
15 86134124 rs77386825 0.244
15 86134332 rs8035496 2.1818e-05
15 86134533 rs192546972 0.11946
15 86134541 rs542149464 0.8608899999999999
15 86134702 rs74504857 0.57272
15 86134890 15:86134890_C_T 0.59422
15 86134895 rs185382062 0.75279
15 86134934 rs76363883 0.61437
15 86134955 rs138096242 0.42063999999999996
15 86135065 rs74025627 0.9530299999999999
15 86135403 rs147197916 0.7682399999999999
15 86135404 rs140572199 0.8974700000000001
15 86135858 rs114607971 0.26229
15 86135920 rs774020361 0.5484
15 86135977 rs115725227 0.48548
15 86136244 rs2061818 0.5514399999999999
15 86136264 rs116335095 0.6735399999999999
15 86136309 rs112331249 0.50912
15 86136356 rs10162620 3.717e-05
15 86136519 rs149900912 0.01929
15 86136671 rs56292503 0.95883
15 86136728 rs28654696 0.24595
15 86136860 rs146462810 0.018294
15 86137115 rs8029170 3.4377e-05
15 86137745 rs757437728 0.9916799999999999
15 86137985 rs7174504 0.94239
15 86138440 rs117208746 0.32494
15 86138623 rs60596909 0.7703800000000001
15 86138677 rs11073436 3.4413000000000004e-05
15 86138700 rs115373433 0.58082
15 86138997 rs114551174 0.8252
15 86139097 rs73452456 0.29791999999999996
15 86139500 rs776217957 0.80424
15 86139866 rs16942046 0.081027
15 86140099 rs58614772 0.8714700000000001
15 86140479 rs17571078 3.4682e-05
15 86140534 rs11631018 0.29702
15 86140597 rs74025629 0.88208
15 86140739 rs7176054 3.3353000000000004e-05
15 86140791 rs17633749 0.5613100000000001
15 86140792 rs115261427 0.2436
15 86141206 rs376509825 0.36429
15 86141309 rs80322273 0.21101999999999999
15 86141373 rs192880796 0.57386
15 86141402 rs78938203 0.47285
15 86141653 rs4843079 3.2927e-05
15 86141702 rs56657677 0.069484
15 86141901 rs58513080 0.43177
15 86142029 rs12911797 3.2951e-05
15 86142035 rs12911800 3.2953e-05
15 86142170 rs1382534 0.29198
15 86142455 rs779770053 0.96793
15 86142484 rs190403705 0.0013437999999999998
15 86142544 rs745727 1.1263e-06
15 86142589 rs729856 3.345e-05
15 86142632 rs79443949 0.019721000000000002
15 86142727 rs143270961 0.041195999999999997
15 86142732 rs146605552 0.51839
15 86142745 rs729857 0.00046876
15 86142756 rs115212597 0.25298000000000004
15 86142776 rs74025630 0.8766299999999999
15 86142818 rs729858 3.3388e-05
15 86142970 rs112004365 0.62752
15 86143031 rs729846 3.6554e-05
15 86143436 rs1551970 3.6027e-05
15 86143504 rs1551971 1.1859000000000001e-05
15 86143856 rs114479336 0.54075
15 86143886 rs59878201 0.87654
15 86144100 rs55981798 3.4966e-05
15 86144103 rs116392964 0.54092
15 86144123 rs1551972 0.1159
15 86144181 rs17633959 3.5283e-05
15 86144443 rs7167174 3.5811e-05
15 86144459 rs148243142 0.41615
15 86144478 rs141273909 0.022857
15 86144543 rs189919823 0.58419
15 86144613 rs150355801 0.022875
15 86144793 rs149539223 0.26313000000000003
15 86145234 rs77590624 0.45323
15 86145269 rs11073439 4.1046000000000006e-05
15 86145311 rs12324474 0.0033124
15 86145349 rs12440767 0.081563
15 86145391 rs7162212 4.6093999999999996e-05
15 86145400 rs72760474 0.00052348
15 86145409 rs117445493 0.7822399999999999
15 86145445 rs570647664 0.29973
15 86145493 rs146223904 0.87745
15 86145743 rs191690409 0.37340999999999996
15 86145971 rs7169724 4.0600000000000004e-05
15 86145998 rs7169232 4.2188e-05
15 86146077 rs78399950 0.6563
15 86146390 rs75292756 0.45141000000000003
15 86146551 rs36044792 0.29258
15 86146645 rs72760477 0.8775299999999999
15 86146651 rs78933607 0.3882
15 86146755 rs16942142 0.51342
15 86147103 rs4843080 4.0116999999999996e-05
15 86147255 rs74025631 0.83619
15 86147265 rs144701481 0.023802
15 86147269 rs190462098 0.36191999999999996
15 86147353 rs185966600 0.83962
15 86147848 rs7181464 3.459e-05
15 86147861 rs573722155 0.92422
15 86147888 rs34504976 0.27037
15 86148069 rs190488952 0.33655
15 86148270 rs73452475 0.43265
15 86148390 rs11634177 0.25466
15 86148438 rs11633893 0.28946
15 86148531 rs11635190 0.29584
15 86148653 rs11631449 0.28952
15 86148793 rs78977250 0.85805
15 86148835 rs62023935 4.0351e-05
15 86148892 rs138520796 0.30461
15 86148999 rs141560766 0.022844999999999997
15 86149159 rs11635152 0.0032283
15 86149418 rs59992998 4.136e-05
15 86149567 rs144760033 0.25377
15 86149705 rs2086186 0.07496599999999999
15 86149939 rs145647394 0.023802
15 86150165 rs147334078 0.6399199999999999
15 86150273 rs74025632 0.88986
15 86150556 rs11073445 0.0031315
15 86150734 rs187642093 0.7680899999999999
15 86150879 rs144584649 0.39921
15 86151000 rs140474476 0.022844999999999997
15 86151347 rs780786004 0.65476
15 86151559 rs7162084 4.1475e-05
15 86151646 rs74025633 0.8784
15 86151708 rs144859627 0.023802
15 86151867 rs11634707 0.28486
15 86151885 rs12899126 0.15674000000000002
15 86151936 rs74025634 0.8793799999999999
15 86152427 rs76732574 0.42301000000000005
15 86152487 rs1871285 0.28594
15 86152640 rs181739550 0.21649000000000002
15 86152824 rs74025635 0.8793799999999999
15 86152852 rs34535413 0.10450999999999999
15 86152938 rs12324597 0.93075
15 86153044 rs4843081 0.28833000000000003
15 86153086 rs141678495 0.2293
15 86153324 rs16942194 0.1774
15 86153372 rs79184448 0.73838
15 86153390 rs4843082 0.28564
15 86154306 rs28508279 0.37947
15 86154346 rs7175731 5.6875e-07
15 86154411 rs77913815 0.9072899999999999
15 86154594 rs7168216 3.9034e-05
15 86154727 rs1471455 5.3351e-07
15 86154839 rs11631456 4.4081e-05
15 86154900 rs188637815 0.64951
15 86154992 rs114920503 0.13585
15 86155287 rs12906580 0.27660999999999997
15 86155334 rs140982789 0.30176
15 86155349 rs12438723 0.07502
15 86155362 rs35837655 0.12692
15 86155433 rs77618827 0.47093
15 86155450 rs8030490 0.047991000000000006
15 86155520 rs769447418 0.94145
15 86155736 rs55740125 0.28454
15 86155832 rs56382304 0.28412
15 86156994 rs114940238 0.8867700000000001
15 86157065 rs140368423 0.87151
15 86157324 rs143040369 0.061978
15 86157462 rs60591590 0.887
15 86157492 rs117843607 0.10007
15 86157850 rs765525870 0.21655
15 86158118 rs74025637 0.88145
15 86158499 rs4843085 0.26959
15 86158807 rs72760498 0.01051
15 86159047 rs74025639 0.84915
15 86159162 rs141570432 0.75984
15 86159262 rs8034676 6.962399999999999e-07
15 86159692 rs41423246 0.53314
15 86159738 rs188101979 0.36103
15 86159905 rs74025640 0.84915
15 86159953 rs41388746 0.062113
15 86160128 rs79855573 0.27871
15 86160268 rs55639123 3.1561e-05
15 86160441 rs11638762 0.73244
15 86160523 rs143695646 0.96467
15 86160535 rs189398466 0.82078
15 86160624 rs146724570 0.2742
15 86160663 rs2344439 2.9772e-05
15 86160752 rs189522473 0.3863
15 86160878 rs140893252 0.022727
15 86161039 rs12898520 5.8442e-05
15 86161256 rs12900016 0.7225600000000001
15 86161259 rs141227584 0.022727
15 86161277 rs12898964 0.26521
15 86161361 rs76124885 0.24758000000000002
15 86161391 rs75738526 0.5101399999999999
15 86161558 rs139226110 0.12000999999999999
15 86161565 rs2344440 0.26174000000000003
15 86161658 rs1157519 0.26035
15 86162053 rs62022863 5.8552e-07
15 86162171 rs149411292 0.30664
15 86162351 rs76602785 0.28597
15 86162427 rs776185057 0.29062
15 86162478 rs16942230 0.50249
15 86162524 rs142012203 0.28672
15 86162573 rs115364237 0.25959
15 86162587 rs183171561 0.27410999999999996
15 86162739 rs73452483 0.5486800000000001
15 86162841 rs73452484 0.39391
15 86162874 rs4843086 0.21228000000000002
15 86162923 rs116944925 0.14229
15 86162930 rs74025641 0.84488
15 86163336 rs562375295 0.29515
15 86163434 rs116682504 0.62211
15 86163504 rs114671257 0.62211
15 86163560 rs752506114 0.76625
15 86164084 rs749404937 0.9714700000000001
15 86164199 rs117985856 0.32164
15 86164252 rs184877498 0.63918
15 86164592 rs75454809 0.10257999999999999
15 86164626 rs141930224 0.050233
15 86164933 rs8042438 4.8045e-05
15 86165000 rs114716392 0.29391
15 86165081 rs73452486 0.6247199999999999
15 86165119 rs116120119 0.9991700000000001
15 86165144 rs141893876 0.80803
15 86165693 rs62022864 3.7375999999999996e-05
15 86165815 rs115690141 0.5987
15 86165896 rs1382538 0.12136
15 86165956 rs74745732 0.39879000000000003
15 86166119 rs139591545 0.65768
15 86166241 rs16942305 0.20092000000000002
15 86166335 rs144502193 0.023063
15 86166396 rs10438417 7.7284e-05
15 86166657 rs2880856 0.15527
15 86166660 rs12592253 0.39947
15 86166875 rs111488616 0.315
15 86166943 rs181360750 0.0060094
15 86166975 rs10438418 0.98572
15 86167067 rs139789170 0.022637
15 86167192 rs116457352 0.52464
15 86167378 rs36160775 0.30682
15 86167428 rs75205408 0.40659
15 86167786 rs7179371 0.68879
15 86167805 rs149046106 0.022629
15 86167837 rs12439111 0.12604
15 86167918 rs142137044 0.90771
15 86168265 rs141061608 0.023027000000000002
15 86168360 rs12442100 0.07135599999999999
15 86168528 rs55978950 0.42106000000000005
15 86168621 rs145121924 0.023027000000000002
15 86168689 rs746160 0.043404000000000005
15 86168824 rs117177159 0.9032899999999999
15 86168880 rs746161 0.39347
15 86168893 rs183739116 0.8948200000000001
15 86169040 rs1077219 0.40415999999999996
15 86169089 rs185552391 0.82495
15 86169103 rs75927735 0.26524000000000003
