CHR BP SNP P
17 43563894 rs62065442 2.5358e-15
17 43563939 rs529345646 0.5566800000000001
17 43563951 rs4792866 0.0027067
17 43565681 17:43565681_C_A 0.9736600000000001
17 43565690 rs10432034 0.00059888
17 43565840 rs62065445 3.108e-15
17 43566035 rs142470643 0.020419999999999997
17 43566408 rs141403776 0.08490299999999999
17 43566688 rs150379356 0.30615
17 43566694 rs138111811 0.64945
17 43567175 rs1879585 2.3481999999999998e-15
17 43567327 rs141661486 0.5430699999999999
17 43567545 rs1879587 0.025159
17 43568461 rs563326764 0.13635999999999998
17 43569171 rs184160426 0.12945
17 43569245 rs113322852 3.6129e-15
17 43569770 rs62065448 2.7055e-14
17 43569909 rs62065449 5.0315e-15
17 43570046 rs73986104 0.66266
17 43570226 rs4523963 0.00053252
17 43570407 rs62065450 4.5695e-15
17 43570799 rs186985105 0.60339
17 43570893 rs1879583 5.378899999999999e-15
17 43571474 rs114407864 0.027009
17 43571596 rs149455506 0.48462
17 43571784 rs143895040 0.61555
17 43571815 rs9905348 0.0014634000000000001
17 43572419 rs56328224 1.1980000000000001e-22
17 43573419 rs62065453 1.899e-22
17 43574522 rs528016829 0.59753
17 43576392 rs139945592 0.66164
17 43579092 rs550870399 0.59334
17 43582247 rs148702103 0.4394
17 43582752 rs141192053 0.99185
17 43583075 rs141956395 0.55632
17 43584936 rs72834517 0.41778999999999994
17 43584983 rs139606554 0.050602999999999995
17 43585746 rs190554436 0.059848
17 43586138 rs8081421 0.72049
17 43586391 rs114022398 0.58809
17 43596148 rs544718682 0.08187
17 43597590 rs115881608 0.45378999999999997
17 43640444 rs556143034 0.82734
17 43646746 rs546440621 0.64322
17 43656627 rs2463518 3.1193e-20
17 43657257 rs79742625 2.6674000000000003e-21
17 43658959 rs147637131 0.23373000000000002
17 43662934 rs28541586 0.76666
17 43663247 rs1724390 2.8114e-22
17 43664943 rs189404933 0.9780399999999999
17 43664945 rs181048954 0.9824200000000001
17 43664947 rs559872901 0.48878
17 43665578 rs145794232 0.9890399999999999
17 43666780 rs73986110 0.39825
17 43666922 rs141436280 0.99966
17 43666942 rs115910292 0.9189799999999999
17 43668069 rs187438304 0.8333
17 43672899 rs373339808 0.42528
17 43674921 rs374694905 0.55995
17 43675816 rs183660674 0.2792
17 43678222 rs548371349 0.90789
17 43678741 rs28711511 0.44723
17 43681619 rs181255738 0.8053600000000001
17 43682154 rs141922775 0.49928
17 43682173 rs146309666 0.34554
17 43682670 rs111649817 0.34603
17 43683189 rs112005245 0.32621999999999995
17 43683219 rs9901147 0.91284
17 43683713 rs145138065 0.29078000000000004
17 43683813 rs116786492 0.29664
17 43685757 rs554393131 0.39402
17 43685826 rs413519 6.2875e-22
17 43686110 rs570111324 0.40333
17 43686420 rs440778 3.9368e-22
17 43688653 rs192068418 0.49964
17 43689037 rs184332899 0.11789000000000001
17 43689615 rs376019196 0.4196
17 43689789 rs868775604 0.57549
17 43691377 rs382362 1.1079e-19
17 43692014 rs189502956 0.45588
17 43692459 rs141502912 0.37795
17 43692753 rs553995192 0.29973
17 43692904 rs28368554 0.83872
17 43692913 rs7218617 0.41793
17 43692935 rs611351 6.808300000000001e-22
17 43695081 rs146685154 0.24631999999999998
17 43696152 rs556766267 0.84345
17 43696374 rs542523912 0.45003999999999994
17 43697766 rs373954521 0.87774
17 43700905 rs555522863 0.59105
17 43701841 rs148449810 0.37674
17 43702118 rs540080857 0.3603
17 43703248 rs28607063 0.47612
17 43703798 rs72834527 0.38421
17 43704756 rs192956790 0.63356
17 43705356 rs383241 1.4404000000000001e-21
17 43705518 rs376120 1.4406e-21
17 43705601 rs365825 8.877e-22
17 43705756 rs393838 6.7566e-22
17 43705866 rs77758511 0.20605
17 43706277 rs138587819 0.47613
17 43706986 rs73986115 0.8689899999999999
17 43707338 rs73307579 0.4521
17 43707619 rs681485 1.3197e-21
17 43707620 rs594591 1.516e-21
17 43707951 rs444071 1.4782e-21
17 43707955 rs396593 1.4782e-21
17 43709081 rs111766450 0.7226600000000001
17 43709415 rs436667 1.1224000000000001e-21
17 43709476 rs73307582 0.5018100000000001
17 43709837 17:43709837_G_T 0.79505
17 43709867 rs650927 1.712e-21
17 43709893 rs671740 1.7120999999999996e-21
17 43710127 rs81632 1.7309e-21
17 43710371 rs16940633 1.6179000000000003e-21
17 43710384 rs17686610 1.6433e-21
17 43710833 rs1635303 0.012555
17 43711027 rs182293413 0.71311
17 43711109 rs187352949 0.83744
17 43711312 rs2942170 1.7079999999999998e-21
17 43711539 rs2942169 1.5201e-21
17 43712215 rs7226129 0.36129
17 43712337 rs241045 1.5197e-21
17 43712464 rs241044 1.5197999999999999e-21
17 43712657 rs241042 1.5201e-21
17 43712836 rs542133116 0.21216
17 43713440 rs73986136 0.50856
17 43713925 rs241041 1.5157e-21
17 43714309 rs184887052 0.86067
17 43714673 rs241039 1.5163e-21
17 43714850 rs2942168 1.5799000000000003e-21
17 43715018 rs2942167 1.5197e-21
17 43715427 rs2942166 1.2423e-21
17 43715619 rs2942165 1.52e-21
17 43715924 rs117368197 1.5190999999999998e-21
17 43716885 rs413778 1.5197999999999999e-21
17 43717131 rs389217 1.5229e-21
17 43717415 rs389978 2.0998e-21
17 43717803 rs439558 1.2859000000000001e-21
17 43717957 rs115611294 0.51764
17 43718027 rs80175393 0.01231
17 43718336 rs434805 7.343400000000001e-22
17 43719143 rs393152 8.1491e-22
17 43719870 rs3108317 1.5247e-21
17 43721283 rs2942164 1.9978e-21
17 43721457 rs1706746 1.5354000000000003e-21
17 43721524 rs113294372 0.41762
17 43721822 rs138489250 0.74049
17 43721983 rs9900898 0.5177
17 43722509 rs1706748 1.6175e-21
17 43723189 rs413917 9.3818e-22
17 43723462 rs3418 1.5284e-21
17 43723605 rs393675 1.5466e-21
17 43724555 rs449501 1.498e-21
17 43725212 rs448830 1.4902e-21
17 43725684 rs434428 1.4795999999999998e-21
17 43725762 rs434598 1.4780999999999999e-21
17 43725976 rs371376660 0.41112
17 43725992 rs434971 1.4225e-21
17 43726125 rs385691 1.4786e-21
17 43726536 rs9891987 0.6055
17 43726574 rs455028 1.4587000000000002e-21
17 43726588 rs366858 1.418e-21
17 43726659 rs439945 6.8664e-20
17 43727061 rs453997 1.4231e-21
17 43727487 rs765802532 0.20035
17 43727887 rs424243 1.4047000000000001e-21
17 43728137 rs422112 1.4326e-21
17 43728376 rs417968 7.6777e-20
17 43729384 rs413844 1.4376e-21
17 43729432 rs647483 1.3988e-21
17 43730598 rs241038 1.4431e-21
17 43730636 rs241037 1.4421e-21
17 43731249 rs148451898 0.008307799999999999
17 43731719 rs241036 2.0505e-21
17 43731837 rs1706720 0.9276
17 43731873 rs1635302 0.9276700000000001
17 43731896 rs241035 1.4948e-21
17 43732249 rs8074747 0.06611900000000001
17 43732261 rs543269440 0.36236999999999997
17 43733048 rs241034 1.4824000000000002e-21
17 43733143 rs1724410 0.045677999999999996
17 43733264 rs1706719 0.9543
17 43733983 rs241033 1.4409e-21
17 43734018 rs118164484 0.10645999999999999
17 43734145 rs241032 1.4955e-21
17 43734304 rs241031 1.4627e-21
17 43734503 rs241030 1.4672000000000001e-21
17 43734632 rs77407978 0.53301
17 43734643 rs241029 1.4553e-21
17 43735105 rs9906038 0.3686
17 43735258 rs1635301 0.84791
17 43735276 rs241028 1.483e-21
17 43735333 rs115197718 0.40975
17 43735473 rs7216519 0.53993
17 43735478 rs241027 1.4049000000000001e-21
17 43735555 rs241026 1.4411e-21
17 43735601 rs73309407 0.10293
17 43736567 rs115209611 0.40515999999999996
17 43736763 rs241024 1.4304e-21
17 43736938 rs192228019 0.51667
17 43736994 rs9914490 0.31154
17 43737040 rs241023 1.4281e-21
17 43737217 rs8073082 0.47891999999999996
17 43737566 rs73986139 0.09699999999999999
17 43737615 rs73986140 0.31015
17 43737701 rs73309412 0.38896
17 43737730 rs241022 1.4337999999999999e-21
17 43737836 rs56306004 0.50712
17 43738627 rs241021 1.414e-21
17 43738676 rs241020 1.4141e-21
17 43738798 rs749396536 0.69397
17 43739194 rs3843738 0.08651299999999999
17 43739234 rs117094251 0.96105
17 43739261 rs73309414 0.39898
17 43739419 rs72834534 0.23776
17 43739479 rs566075061 0.16925
17 43739603 rs71375304 0.2214
17 43739699 rs7214503 0.46633
17 43739729 rs186163891 0.18033
17 43739797 rs139104558 0.5355300000000001
17 43740314 rs768303089 0.56052
17 43740565 rs1724409 7.089299999999999e-20
17 43740835 rs114170087 0.043097
17 43740856 rs62053939 1.0879e-21
17 43740967 rs111273167 1.3985000000000001e-21
17 43741028 rs62053940 1.4008e-21
17 43741112 rs1635300 0.034625
17 43741402 rs115148529 0.46235
17 43741452 rs17760577 1.4135e-21
17 43742298 rs62053942 0.0011567
17 43742915 rs537514688 0.53313
17 43743045 rs17760631 1.4634999999999999e-21
17 43743079 rs1635299 1.5568e-07
17 43743282 rs150440783 0.17667
17 43744203 rs62053943 1.2588e-17
17 43744344 rs1635298 2.7678e-20
17 43744347 rs62053944 0.045074
17 43744751 rs1724408 0.59078
17 43744990 rs17687462 1.5696e-21
17 43745430 rs144549740 0.37849
17 43745952 rs114525277 0.37404
17 43745977 rs114893253 0.37404
17 43746117 rs534522617 0.74852
17 43746276 rs17760733 1.4622e-21
17 43746379 rs115568037 0.37065
17 43746418 rs79675109 1.4572e-21
17 43746721 rs17687504 1.4474e-21
17 43746839 rs62053945 1.4226e-21
17 43747375 rs114811947 0.20279
17 43747615 rs1724407 2.4861999999999997e-21
17 43747663 rs529854348 0.54973
17 43747677 rs62053946 1.4242e-21
17 43747683 rs62053947 1.4242e-21
17 43748046 rs62053948 1.3367000000000002e-21
17 43748090 rs1635296 0.58182
17 43748101 rs62053949 1.4146e-21
17 43748412 rs62053950 1.4002e-21
17 43748492 rs190174223 0.3499
17 43748712 rs143699161 0.8082699999999999
17 43749082 rs185168873 0.3136
17 43749168 rs62053951 1.3863e-21
17 43749261 rs62053952 1.3667e-21
17 43749454 rs62053953 2.0911e-21
17 43749519 rs61606681 0.53877
17 43749579 rs17687534 1.3554e-21
17 43749694 rs118190895 0.33478
17 43749942 rs1631850 2.3433e-21
17 43749949 rs62053954 1.4525000000000001e-21
17 43749954 rs181729715 0.57586
17 43749970 rs1635295 0.5781
17 43749980 rs62053955 1.423e-21
17 43750010 rs17687571 1.369e-21
17 43750137 rs17760817 1.3632000000000001e-21
17 43750172 rs1630095 2.9626999999999998e-21
17 43750238 rs17687625 1.4118e-21
17 43750315 rs62053956 1.4247e-21
17 43750910 rs4792824 2.5889000000000002e-21
17 43750939 rs62053957 1.3425e-21
17 43751913 rs1635291 3.2633000000000004e-21
17 43752039 rs62055661 1.2167999999999999e-21
17 43752305 rs117536416 0.47691000000000006
17 43752566 rs62055662 1.2785999999999999e-21
17 43752795 rs115277086 0.5263899999999999
17 43753168 rs115818923 0.37661999999999995
17 43753454 rs62055663 1.2767e-21
17 43753642 rs62055664 1.2762999999999999e-21
17 43754010 rs76717812 1.2738e-21
17 43754099 rs17687667 1.2657000000000002e-21
17 43754209 rs79073784 1.2726e-21
17 43754436 rs116771543 0.36433000000000004
17 43754505 rs62055665 1.2713e-21
17 43754569 rs62055689 1.2616e-21
17 43754576 rs62055690 1.2693e-21
17 43754850 rs62055691 1.2662e-21
17 43755435 rs1635289 0.57075
17 43755857 rs1724401 2.1530999999999997e-21
17 43755871 rs1724400 2.1584e-21
17 43756135 rs553228401 0.36066
17 43756340 rs74398257 1.2154e-21
17 43756376 rs17687740 1.3742e-21
17 43756396 rs115774090 0.35814
17 43756466 rs757503 2.1285e-21
17 43756506 rs757502 1.724e-21
17 43756685 rs757501 1.3988e-21
17 43756712 rs548994278 0.8284799999999999
17 43756833 rs757500 1.1887e-21
17 43756910 rs62055693 1.3430999999999998e-21
17 43756969 rs1635288 7.3818e-21
17 43757020 rs735423 3.9082e-07
17 43757161 rs78487840 1.0320999999999999e-21
17 43757194 rs144766143 0.00012301
17 43757450 rs55974014 4.5666000000000005e-22
17 43757579 rs34804414 0.00039574
17 43757971 rs17687796 0.0006339
17 43758011 rs55651627 1.2891e-21
17 43758078 rs112155389 1.2467000000000001e-21
17 43758148 rs62055697 1.2757e-21
17 43758238 rs62055698 1.4045e-21
17 43758295 rs183979042 0.34867
17 43758382 rs17761046 1.3315e-21
17 43758742 rs62055700 1.4434000000000001e-21
17 43758787 rs62055701 4.8289e-21
17 43758790 rs62055702 4.7788e-21
17 43758885 rs112431991 1.3210000000000001e-21
17 43758898 rs57222984 1.2354000000000001e-21
17 43759048 rs17687838 1.3204e-21
17 43759426 rs76333921 1.3374000000000002e-21
17 43759431 rs76453925 1.4105999999999998e-21
17 43759719 rs17687849 1.3624e-21
17 43759730 rs73317496 0.40039
17 43760080 rs56400821 2.4109000000000002e-21
17 43760192 rs112169475 1.3885e-21
17 43760199 rs113728380 1.3907e-21
17 43760225 rs12946298 0.00041210000000000004
17 43760389 rs17761100 1.359e-21
17 43760516 rs17761124 1.361e-21
17 43760577 rs62055704 1.3626e-21
17 43760599 rs62055705 1.3622999999999999e-21
17 43760685 rs62055706 1.3689000000000001e-21
17 43761381 rs75115093 1.3783e-21
17 43761482 rs62055707 1.3789000000000002e-21
17 43761519 rs16941035 1.3271e-21
17 43761565 rs16941038 1.3310999999999998e-21
17 43761751 rs34240571 0.30733
17 43761856 rs2049515 1.4099e-21
17 43761939 rs2158474 1.3682e-21
17 43761974 rs62055708 1.4237e-21
17 43761985 rs76927677 1.3952e-21
17 43762255 rs17761207 1.4020999999999998e-21
17 43762429 rs62055709 1.4177e-21
17 43762554 rs62055711 1.4222000000000001e-21
17 43762594 rs17688002 1.4239e-21
17 43762846 rs2040846 1.4260000000000002e-21
17 43763007 rs4486953 1.4288e-21
17 43763202 rs17688032 1.374e-21
17 43763241 rs17688056 1.365e-21
