CHR BP SNP P
3 171684113 rs60149940 0.18731
3 171684325 rs2860730 0.17007
3 171684448 rs73180238 0.96475
3 171684515 rs2901755 0.14912999999999998
3 171684557 rs3861382 0.009198399999999999
3 171684613 rs4243421 0.009509
3 171684667 rs4894789 0.15552
3 171684670 rs11719482 0.8277399999999999
3 171684925 rs62281932 0.037656999999999996
3 171684965 rs77137937 0.0013395999999999998
3 171685339 rs79199063 0.35886
3 171685531 rs13064968 0.14007
3 171685582 rs9814607 0.9565299999999999
3 171685736 rs62281933 0.039389
3 171688546 rs571176754 0.5332600000000001
3 171688956 rs58552849 0.22439
3 171689040 rs61045247 0.71514
3 171689043 rs61418657 0.68813
3 171689430 rs1827164 0.86626
3 171689504 rs112784257 0.49318999999999996
3 171689569 rs1827165 0.84945
3 171689766 rs6770920 0.85315
3 171690179 rs13094688 0.9784700000000001
3 171690261 rs6782600 0.81711
3 171690432 rs6782709 0.1807
3 171690642 rs6785468 0.8243299999999999
3 171691679 rs3913364 0.57757
3 171691726 rs3913365 0.82588
3 171691970 rs3843983 0.8340799999999999
3 171692035 rs770935821 0.5051800000000001
3 171692052 rs143085768 0.74483
3 171692214 rs147465949 0.16292
3 171692739 rs6783946 0.33949
3 171692854 rs74444171 0.79802
3 171693012 rs142416922 0.35018
3 171694780 rs35213914 0.37046999999999997
3 171695469 rs141696486 0.25573
3 171695643 rs535023261 0.5764600000000001
3 171695918 rs79966944 0.39751
3 171696155 rs6794800 0.69957
3 171696367 rs56087706 0.54102
3 171697252 rs112089888 0.42913999999999997
3 171697302 rs73180246 0.44046
3 171698586 rs73180247 0.065695
3 171699046 rs73180248 0.39738
3 171700492 rs115801813 0.23655
3 171700771 rs9829274 0.8219
3 171701498 rs73180249 0.36441
3 171701592 rs141473807 0.38963000000000003
3 171702023 rs147223037 0.66035
3 171702070 rs113444773 0.3888
3 171703782 rs182954977 0.6963600000000001
3 171704791 rs190992375 0.80712
3 171705816 rs1499814 0.85813
3 171706410 rs7609942 0.5532699999999999
3 171707109 rs146542493 0.44955
3 171707520 rs148985405 0.13072
3 171707549 rs9849018 0.13754
3 171707659 rs6807268 0.27436
3 171707710 rs11706330 0.1531
3 171707881 rs56203102 0.27314
3 171707923 rs56411579 0.5351
3 171708229 rs11915880 0.87961
3 171709419 rs74953662 0.37846
3 171709494 rs1604033 0.79005
3 171709634 rs73180252 0.13826
3 171709846 rs150800026 0.24704
3 171710021 rs58619880 0.23462
3 171710353 rs11918116 0.2284
3 171710508 rs77855077 0.13352999999999998
3 171712133 rs3843984 0.8105100000000001
3 171712155 rs73180254 0.12378
3 171712597 rs73180256 0.12982
3 171712711 rs1463402 0.83535
3 171713603 rs73180259 0.20398
3 171714015 rs78674215 0.35519
3 171714063 rs6779824 0.79714
3 171714553 rs181751579 0.55277
3 171714592 rs9811090 0.1131
3 171715806 rs9846277 0.24175
3 171716276 rs111395168 0.28746
3 171716501 rs6787178 0.27061999999999997
3 171717034 rs73037118 0.24686
3 171717417 rs28807727 0.38727
3 171717965 rs28379724 0.35251
3 171718472 rs527893947 0.8354
3 171718550 rs4894795 0.28053
3 171718828 rs57317366 0.3129
3 171719886 rs144850196 0.73365
3 171719897 rs11915282 0.32816
3 171720070 rs10936709 0.33655
3 171720242 rs73180265 0.12287999999999999
3 171720858 rs150945172 0.28835
3 171721510 rs112285759 0.39855
3 171721620 rs138774169 0.36653
3 171721808 rs2168457 0.7291
3 171722718 rs138034489 0.8525200000000001
3 171722905 rs113477539 0.56592
3 171724006 rs57658057 0.12734
3 171724058 rs11927469 0.25439
3 171724102 rs75799157 0.5654100000000001
3 171725077 rs148050532 0.55275
3 171725397 rs555834648 0.70276
3 171725651 rs75605252 0.41484
3 171726194 rs13068918 0.29615
3 171726272 rs77562258 0.4395
3 171726310 rs144844616 0.1452
3 171726571 rs77220808 0.40576999999999996
3 171726670 rs74585864 0.41263
3 171726793 rs181726051 0.81104
3 171726882 rs73180269 0.12483
3 171726910 rs476651 0.95183
3 171727126 rs499888 0.27329000000000003
3 171727295 rs111340186 0.11055
3 171727363 rs502467 0.25599
3 171727565 rs513128 0.9725600000000001
3 171728143 rs77365006 0.42095
3 171728235 rs78991248 0.43683
3 171728821 rs71629243 0.83201
3 171729122 rs560240 0.43385
3 171729684 rs111828134 0.22475
3 171730370 rs73037133 0.5678
3 171730934 rs56235209 0.20644
3 171731061 rs817797 0.040309
3 171731225 rs705026 0.25667
3 171731288 rs112489492 0.3777
3 171731317 rs77084367 0.33009
3 171731667 rs112776233 0.3504
3 171731687 rs73037136 0.31438
3 171731877 rs498843 0.29614
3 171731972 rs35026247 0.745
3 171732225 rs73180275 0.39623
3 171732347 rs553878 0.39191
3 171732927 rs11715139 0.17709
3 171733133 rs773951380 0.14307
3 171733155 rs555654 0.14190999999999998
3 171733162 rs55867522 0.42835
3 171733438 rs573831 0.35401
3 171733624 rs11916279 0.91896
3 171733984 rs73180277 0.76032
3 171733999 rs579055 0.1493
3 171734971 rs73037143 0.20795
3 171735110 rs579328 0.65687
3 171735403 rs492573 0.14584
3 171735470 rs73180279 0.20335
3 171735737 rs138407681 0.93343
3 171735888 rs76315407 0.41773000000000005
3 171735936 rs546777 0.68157
3 171736031 rs486961 0.14719000000000002
3 171736443 rs12497673 0.22724
3 171737348 rs67050537 0.21666
3 171738108 rs58860931 0.19467
3 171738109 rs60454169 0.1969
3 171738187 rs73180283 0.19272999999999998
3 171738380 rs180762327 0.8632200000000001
3 171738407 rs73180284 0.19368
3 171738429 rs73180285 0.20037
3 171738501 rs11915893 0.21441
3 171738682 rs11915954 0.20905
3 171738987 rs472728 0.63171
3 171739445 rs528063 0.69208
3 171739846 rs554713 0.18158
3 171739988 rs502371 0.14570999999999998
3 171740956 rs183736912 0.36878
3 171741149 rs580496 0.18379
3 171741368 rs113939484 0.019712
3 171741444 rs543114 0.15197
3 171741635 rs114140996 0.12907000000000002
3 171742031 rs551328 0.18262
3 171742181 rs579806 0.18219000000000002
3 171742969 rs73182146 0.19457
3 171743041 rs521022 0.15037
3 171743570 rs1696105 0.17257999999999998
3 171743962 rs34796754 0.9105700000000001
3 171744790 rs513924 0.15553
3 171745982 rs113407680 0.12225
3 171746376 rs507443 0.14783
3 171746383 rs7632131 0.29519
3 171746395 rs575444 0.087978
3 171746538 rs371026468 0.68923
3 171746711 rs6766090 0.28331
3 171747356 rs6781921 0.28185
3 171747612 rs13322732 0.28894000000000003
3 171748344 rs524749 0.67185
3 171748487 rs13095696 0.2985
3 171748643 rs705028 0.13988
3 171749018 rs846403 0.69412
3 171749841 rs9847412 0.92485
3 171750333 rs6782430 0.7206899999999999
3 171750487 rs501881 0.092789
3 171750699 rs9852803 0.87351
3 171750884 rs9856888 0.9033899999999999
3 171751279 rs473156 0.097198
3 171751433 rs514695 0.095097
3 171751474 rs514796 0.13993
3 171751969 rs549395020 0.73775
3 171752335 rs507727 0.18637
3 171752876 rs526879 0.16055
3 171753104 rs4528979 0.74468
3 171754014 rs13088673 0.57081
3 171754257 rs529061 0.16863
3 171754659 rs13089431 0.56184
3 171755243 rs559235 0.16416
3 171755438 rs488997 0.078407
3 171755508 rs489817 0.17117000000000002
3 171755556 rs112495258 0.24361
3 171755603 rs13086103 0.47308
3 171755622 rs511909 0.19259
3 171755700 rs13063811 0.50969
3 171755927 rs12493157 0.18869
3 171756093 rs2100549 0.1138
3 171756380 rs564177 0.24566999999999997
3 171756395 rs111873624 0.9629
3 171758068 rs68014738 0.0036082
3 171760208 rs1499812 1.4524e-09
3 171760427 rs1499813 0.00015658
3 171760535 rs12638681 0.0069313000000000005
3 171761412 rs73037188 0.14278
3 171762681 rs73037190 0.1481
3 171763289 rs74478406 0.13278
3 171763417 rs77374925 0.13339
3 171764316 3:171764316_T_G 0.33434
3 171765125 rs7636836 0.71324
3 171765166 rs148898543 0.81484
3 171765204 rs2061209 2.3369e-10
3 171766585 rs116780333 0.006642
3 171767200 rs41494748 0.71332
3 171767280 rs62283775 0.72837
3 171767443 rs143858608 0.0008886000000000001
3 171767537 rs62283776 0.71168
3 171767757 rs62283777 0.7311
3 171768074 rs9290439 1.7056999999999999e-10
3 171768385 rs62283778 0.73038
3 171768541 rs62283780 0.7491399999999999
3 171768718 rs79238110 0.0038873000000000007
3 171769039 rs762663308 0.69475
3 171769040 rs766569475 0.61534
3 171769383 rs6802935 0.73621
3 171769396 rs76610380 0.086764
3 171769478 rs7610377 0.09516000000000001
3 171770001 rs4894522 1.6370999999999999e-09
3 171770645 rs73037193 0.10024
3 171771137 rs57632612 0.15234
3 171771749 rs11923349 1.4014000000000001e-09
3 171771754 rs11718418 1.8052000000000001e-09
3 171772334 rs1438 1.9764e-10
3 171772893 rs3180664 1.6428999999999998e-10
3 171772969 rs3180663 1.8133e-10
3 171773371 rs58017420 0.75849
3 171774012 rs35461662 1.4066e-10
3 171774013 rs187128613 0.00034097
3 171774601 rs17460016 7.4848e-05
3 171775451 rs16856838 4.2718e-11
3 171775549 rs17460093 0.3661
3 171775997 rs79243926 0.094762
3 171777134 rs544467431 0.7955399999999999
3 171777601 rs144723722 0.41296000000000005
3 171777646 rs6763687 2.6935e-10
3 171777964 rs62283783 0.718
3 171778354 rs12633493 9.248499999999999e-11
3 171779268 rs6803876 0.70563
3 171779644 rs77819286 0.11539
3 171779873 rs6773362 2.4697999999999998e-11
3 171780138 rs78706192 0.71114
3 171780239 rs9871571 0.7167399999999999
3 171780258 rs111697002 0.65837
3 171780324 rs62283785 0.71109
3 171780763 rs4894796 1.8994e-11
3 171781535 rs8179884 2.1433000000000004e-11
3 171781839 rs34814303 3.223300000000001e-11
3 171782474 rs115200916 0.34721
3 171783069 rs141678478 0.21811999999999998
3 171783546 rs4894797 1.1556e-11
3 171784736 rs16856859 9.234299999999999e-11
3 171785168 rs9647379 4.559e-05
3 171786094 rs1563436 8.094600000000001e-11
3 171786974 rs2219263 1.111e-10
3 171787189 rs73037199 0.37039
3 171787234 rs62283787 0.6644100000000001
3 171790783 rs113020140 0.63998
3 171791275 rs6808166 5.7345000000000003e-11
3 171791525 rs62283789 0.86174
3 171791592 rs11929416 0.71149
3 171792713 rs16856868 0.76554
3 171793954 rs62283790 0.76735
3 171794393 rs77381412 0.041302
3 171794511 rs16856870 0.79073
3 171794530 rs62283791 0.78066
3 171795330 rs73037201 0.82852
3 171795540 rs4894799 8.6849e-11
3 171795588 rs73165332 0.64682
3 171796280 rs9290442 9.2861e-11
3 171796779 rs528167746 0.23556999999999997
3 171797413 rs9830641 6.5237e-10
3 171798127 rs4894800 5.264299999999999e-10
3 171798167 rs113363043 0.0026698
3 171798254 rs1909562 9.0212e-10
3 171798562 rs9836206 6.2826e-10
3 171798694 rs13089972 5.0013e-10
3 171798721 rs76759051 0.13473
3 171799045 rs7615743 8.7389e-10
3 171799660 rs6809191 8.225700000000001e-10
3 171799997 rs4894801 5.815399999999999e-10
3 171800051 rs4894802 7.8463e-10
3 171800256 rs4894803 0.00026426
3 171800498 rs16856911 0.75994
3 171800654 rs6766889 7.865800000000001e-10
3 171801489 rs7622380 1.3786e-10
3 171801500 rs7622383 1.3234e-10
3 171801546 rs6445037 1.5149e-10
3 171801666 rs7624760 1.384e-10
3 171801685 rs7617070 1.3691e-10
3 171801991 rs10936710 8.498700000000001e-10
3 171802122 rs10936711 1.3899000000000003e-10
3 171802349 rs12635885 1.2881e-10
3 171802357 rs12635886 1.2883e-10
3 171802394 rs548713211 0.64278
3 171802458 rs12632949 1.389e-10
3 171802793 rs9857953 1.5722e-10
3 171802906 rs143264283 0.58052
3 171802979 rs9841998 1.4543e-10
3 171803152 rs9842575 1.4752000000000002e-10
3 171803226 rs9862371 1.4976e-10
3 171803713 rs6762040 1.4771e-10
3 171803909 rs6445038 1.6638999999999998e-10
3 171804170 rs11717882 1.629e-10
3 171804493 rs9290443 1.6137000000000003e-10
3 171804687 rs4894804 2.0439999999999999e-10
3 171805703 rs7627220 2.8873000000000006e-09
3 171806327 rs9824019 2.3167e-09
3 171806414 rs9841707 1.7376e-09
3 171806523 rs9841859 2.2900999999999998e-09
3 171807514 rs1353894 2.873e-09
3 171807714 rs1875093 2.8153e-09
3 171808746 rs58812088 0.87505
3 171808897 rs7620170 3.0633e-09
3 171808933 rs7630263 1.7534e-09
3 171810310 rs144008121 0.044126
3 171811347 rs4894523 1.4374e-09
3 171812178 rs115309801 0.1086
3 171812293 rs7632281 1.4907e-09
3 171814021 rs7636026 8.630700000000001e-10
3 171814420 rs57527290 0.8455299999999999
3 171814645 rs12696328 1.1207999999999999e-09
3 171816001 rs937511 9.6964e-10
3 171816350 rs62283792 0.8524299999999999
3 171817325 rs62283793 0.8471200000000001
3 171817722 rs62283794 0.8501
3 171817906 rs4894805 6.169900000000001e-10
3 171818000 rs4894806 9.8014e-10
3 171818047 rs1456181 6.1176e-10
3 171818068 rs4624592 0.84919
3 171818247 rs4586845 0.85254
3 171820211 rs62283809 0.9254399999999999
3 171820382 rs62283810 0.8301700000000001
3 171820402 rs35653240 0.58667
3 171820676 rs79047772 0.34455
3 171820890 rs62283811 0.8299200000000001
3 171821169 rs62283812 0.8375100000000001
3 171821356 rs62283813 0.82449
3 171821513 rs7651931 6.9199e-10
3 171821556 rs62283814 0.9005
3 171822023 rs747612 9.3664e-10
3 171822287 rs148230256 0.9155399999999999
3 171822646 rs150310691 0.8608399999999999
3 171822953 rs182567270 0.021991999999999998
3 171824260 rs62283815 0.83095
3 171825047 rs34164770 0.033148000000000004
3 171825978 rs538190969 0.76515
3 171826038 rs6801727 1.8440999999999999e-09
3 171826083 rs6768163 2.0030000000000002e-09
3 171826840 rs62283816 0.8847700000000001
3 171827336 rs62283817 0.83296
3 171827361 rs62283818 0.82731
3 171827563 rs11924824 2.1111e-09
3 171828236 rs769287738 0.8679899999999999
3 171829456 rs9870328 2.504e-09
3 171831116 rs4308305 0.8347399999999999
3 171832535 rs57552558 0.8627799999999999
3 171833266 rs4894808 0.00068566
3 171835889 rs2124546 0.010947
3 171837500 rs13059524 0.40206
3 171838860 rs141435070 0.072285
3 171839868 rs556357410 0.79343
3 171840091 rs13076782 0.037254
3 171840808 rs116653068 0.72497
3 171842042 rs9855419 0.032964
3 171842567 rs6787115 0.030182
3 171842902 rs6774818 0.034783
3 171843182 rs6798930 0.03348
3 171843607 rs9841611 0.036695
3 171844036 rs147508821 0.64127
3 171844237 rs760720185 0.9641299999999999
3 171844787 rs4894810 0.032792
3 171847196 rs6763884 0.075504
3 171847265 rs6763970 0.073853
3 171847820 rs75676019 0.022239
3 171849419 rs9864938 0.0029636999999999997
3 171852737 rs73880107 0.34104
3 171852956 rs35447345 0.91822
3 171853417 rs73167212 0.15522
3 171853983 rs12495903 0.8366600000000001
3 171854323 rs73167213 0.8321200000000001
3 171854793 rs555204249 0.38308000000000003
3 171855599 rs11718188 0.17575
3 171856619 rs77171489 0.070328
3 171857014 rs76720373 0.8553700000000001
3 171857720 rs111377229 0.11012999999999999
3 171860594 rs4894811 0.92248
3 171861011 rs4894812 0.9158299999999999
3 171861100 rs4894813 0.94599
3 171862099 rs13321073 0.99976
3 171863080 rs3980306 0.91261
3 171863425 rs11714903 0.9581299999999999
3 171863825 rs9816937 0.9527700000000001
3 171863859 rs9840449 0.9380299999999999
3 171863992 rs9858290 0.9761299999999999
3 171864370 rs9821574 0.9767399999999999
3 171864595 rs9821928 0.9410200000000001
3 171864904 rs36088027 0.7348600000000001
3 171865549 rs61085539 0.6532100000000001
3 171866194 rs6792954 0.32291
3 171866599 rs73880109 0.80981
3 171866661 rs73167224 0.37632
3 171867021 rs12634176 0.66073
3 171867648 rs147565120 0.9742299999999999
3 171867987 rs111492450 0.8572299999999999
3 171868110 rs6781370 0.17677
3 171868207 rs79589422 0.34602
3 171868613 rs75780725 0.29001
3 171868615 rs116136729 0.52451
3 171868986 rs185261259 0.95249
3 171869225 rs9819700 0.057103999999999995
3 171869597 rs77304485 0.64488
3 171869632 rs58392620 0.70921
3 171869683 rs7426779 0.64379
3 171869972 rs73880111 0.8592799999999999
3 171870132 rs79171435 0.72114
3 171870146 rs4282087 0.68293
3 171870344 rs9825202 0.21334
3 171870427 rs114481444 0.50578
3 171870801 rs11709298 0.033005
3 171870863 rs775606598 0.71148
3 171871059 rs57395172 0.9976
3 171871564 rs9868235 0.039575
3 171872077 rs6786690 0.037861
3 171872078 rs6795329 0.19877999999999998
3 171872852 rs73880112 0.78158
3 171872996 rs6790174 0.011134999999999999
3 171873328 rs4611848 0.61851
3 171873423 rs35233403 0.50843
3 171873767 rs6790787 0.014232
3 171873867 rs73880113 0.007264399999999999
3 171874751 rs144767350 0.5907600000000001
3 171874761 rs6445041 0.0079717
3 171876079 rs10936713 0.71735
3 171877135 rs112598472 0.96499
3 171877353 rs115828927 0.024834000000000002
3 171877448 rs148409465 0.088322
3 171877676 rs11919684 0.0043195
3 171877824 rs35008516 0.27996
3 171878103 rs9839226 0.046737
3 171878744 rs115160624 0.5504
3 171879215 rs79918299 0.22111
3 171880571 rs4435670 0.0045702
3 171880594 rs62283836 0.43388999999999994
3 171881016 rs4593057 0.039501
3 171881699 rs9818206 0.037206
3 171882586 rs4894815 0.003357
3 171883236 rs548766706 0.8261
