CHR BP SNP P
1 114831544 rs113364484 0.092644
1 114831946 rs927215 0.39205999999999996
1 114831965 rs4292959 0.45603
1 114832044 rs4839370 0.41086000000000006
1 114832088 rs116271687 0.89845
1 114832094 rs75262389 0.15987
1 114832248 rs562558585 0.71315
1 114832252 rs77081209 0.69899
1 114832613 rs7546647 0.39402
1 114832660 rs111451024 0.11377999999999999
1 114832698 rs7513336 0.39341
1 114832708 rs556970521 0.39054
1 114832857 rs12090053 0.9463600000000001
1 114832918 rs7523832 0.3959
1 114833410 rs11588687 0.90623
1 114833476 rs79680540 0.41697
1 114833500 rs76651846 0.16119
1 114833845 rs11102772 0.64486
1 114833941 rs535288 0.3871
1 114834077 rs186078375 0.4906
1 114834236 rs78021919 0.39491
1 114834243 rs11102773 0.25611999999999996
1 114834689 rs6657385 0.66395
1 114834737 rs12031081 0.90766
1 114834763 rs114594188 0.7378
1 114834809 rs111327411 0.078097
1 114834916 rs12071332 0.2611
1 114835014 rs6695380 0.14752
1 114835027 rs12033606 0.58897
1 114835090 rs6695414 0.6502100000000001
1 114835213 rs115561622 0.22678
1 114835285 rs4322232 0.59521
1 114835387 rs77169938 0.24397
1 114835707 rs75043990 0.50115
1 114835928 rs146487408 0.087516
1 114835934 rs141008002 0.15037999999999999
1 114836302 rs148936909 0.56014
1 114836841 rs76124139 0.43551000000000006
1 114836936 rs10732636 0.39355
1 114837021 rs10489667 0.31734
1 114837038 rs17032660 0.43562
1 114837175 rs10735236 0.41691999999999996
1 114837206 rs112466620 0.071687
1 114837237 rs10489666 0.33144
1 114837387 rs74630012 0.15983
1 114837530 rs143200282 0.58454
1 114837559 rs6659144 0.38342
1 114837668 rs113667463 0.073059
1 114837751 rs150053023 0.76737
1 114837813 rs368545233 0.12825
1 114837925 rs79797146 0.74128
1 114837932 rs714568 0.38983
1 114837951 rs727501 0.42906000000000005
1 114837975 rs714569 0.99116
1 114837980 rs116785765 0.92294
1 114838048 rs116568631 0.87246
1 114838127 rs2145406 0.8735200000000001
1 114838137 rs76815822 0.70293
1 114838186 rs2145405 0.55561
1 114838240 rs79930121 0.43382
1 114838398 rs12565398 0.89092
1 114838463 rs2180760 0.59643
1 114838680 rs12034277 0.53033
1 114838845 rs11102774 0.15888
1 114839571 rs140400425 0.46771999999999997
1 114839582 rs4839371 0.5725600000000001
1 114840677 rs17032664 0.39943
1 114840966 rs115896771 0.8819
1 114840973 rs559611311 0.3791
1 114841020 rs111798512 0.14129
1 114841733 rs78038048 0.69508
1 114841811 rs10858042 0.42783999999999994
1 114842633 rs1028573 0.1207
1 114842867 rs142737905 0.1206
1 114843659 rs6537823 0.17142000000000002
1 114843941 rs115013036 0.52978
1 114844191 rs78716623 0.32087
1 114844347 rs76169425 0.32031
1 114844685 rs76000930 0.30249000000000004
1 114844705 rs114516326 0.2066
1 114844889 rs147050520 0.13856
1 114845379 rs183698640 0.15265
1 114845387 rs148371870 0.95847
1 114845410 rs6676831 0.16113
1 114845411 rs6701806 0.1611
1 114845678 rs2358611 0.11354000000000002
1 114845751 rs112835861 0.30045
1 114845814 rs79413951 0.30052
1 114846210 rs10858043 0.11270999999999999
1 114846629 rs112094612 0.89756
1 114846672 rs144475508 0.6985899999999999
1 114846673 rs147877840 0.13587
1 114846741 rs141541411 0.67818
1 114846780 rs12084464 0.31745
1 114846786 rs148774755 0.29441
1 114846787 rs10776783 0.21029
1 114846798 rs150251316 0.11045999999999999
1 114846855 rs185343122 0.8095600000000001
1 114846886 rs147000118 0.29372
1 114847040 rs12095083 0.07696599999999999
1 114847116 rs548568126 0.91886
1 114847171 rs12136906 0.75407
1 114847405 rs4839372 0.20131
1 114847447 rs4839373 0.11235
1 114847739 rs140459073 0.75681
1 114848245 rs58179093 0.98005
1 114852915 rs34155509 0.90975
1 114853507 rs12711445 0.40471
1 114853862 rs7548971 0.11603
1 114854124 rs11102778 0.089449
1 114854400 rs11102779 0.12607000000000002
1 114854478 rs77429377 0.29736999999999997
1 114854622 rs114592195 0.19428
1 114854774 rs146945568 0.087881
1 114855373 rs141728457 0.13016
1 114855428 rs12022786 0.17812
1 114855450 rs141820822 0.1289
1 114855734 rs12040602 0.10695999999999999
1 114855981 rs11102780 0.063592
1 114857147 rs76735024 0.73711
1 114857644 rs6689069 0.23276999999999998
1 114858144 rs78743748 0.2474
1 114858170 rs4839008 0.25849
1 114858212 rs17032703 0.99582
1 114858702 rs181131558 0.58599
1 114858927 rs11809413 0.066841
1 114859025 rs10745346 0.3807
1 114859131 rs75443127 0.24858000000000002
1 114859482 rs11590160 0.51717
1 114859560 rs12410628 0.8755799999999999
1 114859755 rs149368549 0.13066
1 114859825 rs6696077 0.43613
1 114860445 rs60730066 0.8917200000000001
1 114860673 rs113991115 0.27771
1 114861832 rs634405 0.20626999999999998
1 114861897 rs12748589 0.8319200000000001
1 114862152 rs61810967 0.028074
1 114862518 rs621231 0.20381
1 114862847 rs775384470 0.70832
1 114863184 rs591484 0.41213999999999995
1 114863440 rs115007676 0.1235
1 114863876 rs150851041 0.13315
1 114864128 rs112647413 0.8515799999999999
1 114864199 rs141042573 0.86149
1 114864510 rs75814772 0.12722
1 114864938 rs112530618 0.72248
1 114865315 rs668828 0.33693
1 114865343 rs668800 0.36687
1 114865734 rs146477176 0.1309
1 114865880 rs75166556 0.26859
1 114865928 rs116796778 0.13552
1 114866082 rs75552568 0.67873
1 114866303 rs74647243 0.21595
1 114866734 rs79931391 0.20770999999999998
1 114866852 rs520359 0.31661999999999996
1 114867192 rs640145 0.41033000000000003
1 114867266 rs6675262 0.90545
1 114867499 rs75246791 0.13063
1 114867647 rs57599182 0.9084
1 114867684 rs58553069 0.94396
1 114868131 rs146487653 0.44788
1 114868533 rs76370891 0.85169
1 114869149 rs79682567 0.56852
1 114869468 rs10858044 0.44396
1 114869727 rs142440929 0.48678999999999994
1 114869782 rs608035 0.95806
1 114869947 rs6695411 0.48562
1 114870138 rs738497 0.74967
1 114870307 rs11578062 0.72773
1 114870761 rs116221261 0.54842
1 114871093 rs75027511 0.47283000000000003
1 114871577 rs116082835 0.54682
1 114872167 rs144392253 0.48589
1 114873168 rs642746 0.84778
1 114873207 rs114802313 0.11855
1 114873230 rs522154 0.9788399999999999
1 114875401 rs61810969 0.75392
1 114876549 rs534451688 0.52041
1 114877435 rs4446967 0.012648000000000001
1 114877715 rs4609420 0.010998
1 114878078 rs76054625 0.99765
1 114878317 rs56057180 0.14445999999999998
1 114878522 rs11102781 0.0058239
1 114878708 rs12123280 0.87135
1 114878783 rs11102782 0.0043809
1 114879287 rs76796918 0.10409000000000002
1 114879681 rs12563797 0.0059826
1 114879980 rs12565791 0.0050529
1 114880092 rs4448517 0.0055834
1 114880164 rs571881663 0.51676
1 114880386 rs7520791 0.005381800000000001
1 114881067 rs12123670 0.0050852
1 114881393 rs7526364 0.0046345
1 114881693 rs7512608 0.0049907
1 114881724 rs475041 0.013466999999999998
1 114882087 rs11102783 0.0029768
1 114882127 rs76117806 0.46686000000000005
1 114883474 rs368683405 0.49435
1 114884018 rs488540 4.3258e-06
1 114884179 rs486755 0.99908
1 114884901 rs9429735 0.026749000000000002
1 114885121 rs11102784 0.86498
1 114885219 rs77299024 0.35647
1 114885239 rs9429736 0.032923
1 114885641 rs662353 0.24875
1 114886396 rs2179656 0.17197
1 114887238 rs61810981 0.21259
1 114887245 rs569683483 0.8232299999999999
1 114887458 rs9429528 0.024662
1 114887618 rs481370 0.12343
1 114887932 rs11102785 0.17985
1 114888412 rs1535035 0.032921
1 114888782 rs1006963 0.0435
1 114888832 rs559692 0.00087747
1 114889256 rs605154 0.3416
1 114890276 rs17032731 0.07267
1 114890547 rs752045222 0.76102
1 114890590 rs77965356 0.0060981
1 114891435 rs9429737 0.075003
1 114892159 rs16758 0.9833799999999999
1 114892468 rs9429529 0.062353
1 114892564 rs11102786 0.99336
1 114892699 rs12075835 0.0001075
1 114892725 rs553241659 0.48738000000000004
1 114892850 rs9308265 0.050355000000000004
1 114893146 rs574339 0.026632999999999997
1 114894083 rs6680637 0.00012906
1 114894805 rs516610 0.81486
1 114896075 rs9429530 0.033243
1 114897015 rs85139 0.071078
1 114897076 rs742682 0.0011119
1 114898102 rs9429738 0.06615499999999999
1 114898253 rs116398185 0.6323300000000001
1 114898403 rs61810982 0.43233
1 114898414 rs113576145 0.00081543
1 114898617 rs761460951 0.037767
1 114898786 rs76751574 0.1682
1 114899852 rs475454 0.7137600000000001
1 114900086 rs12743364 0.0028972
1 114900153 rs12135157 0.45808000000000004
1 114900320 rs581313 0.71363
1 114900678 rs556765 0.062347
1 114901205 rs72693889 0.5263800000000001
1 114901208 rs9659507 0.054635
1 114901231 rs552096 0.040451
1 114903151 rs683803 0.043481
1 114903299 rs9429531 0.026163
1 114903486 rs11587330 0.00061602
1 114904093 rs28530519 0.00059358
1 114904174 rs12069552 0.0011741
1 114904180 rs12084629 0.00061412
1 114904342 rs537015 0.047498
1 114904908 rs140204468 0.061153
1 114905066 rs11808287 0.13175
1 114906280 rs187473675 0.38311999999999996
1 114906713 rs11804067 0.093398
1 114906992 rs1989138 0.00033802
1 114907728 rs146715792 0.11765999999999999
1 114907811 rs140415268 0.063376
1 114907832 rs2358610 0.020586
1 114908056 rs76948671 6.701399999999999e-05
1 114908368 rs526236 0.049477999999999994
1 114908468 rs35436374 0.00037805
1 114908659 rs11102788 0.025330000000000002
1 114909210 rs497183 0.034923
1 114909703 rs57835359 0.00017897
1 114910559 rs182155100 0.15675
1 114911589 rs12747146 6.4763e-05
1 114912088 rs191866596 0.5141899999999999
1 114913262 rs766884252 0.5209699999999999
1 114913733 rs147060780 0.011289
1 114913869 rs536239 0.31303000000000003
1 114913923 rs114474233 0.01522
1 114913943 rs143978905 0.47962
1 114914554 rs191753708 0.0053034
1 114914968 rs566076719 0.74395
1 114915031 rs9429535 0.59177
1 114915192 rs7517208 2.3353e-05
1 114915566 rs73003361 1.0452e-07
1 114915859 rs139333764 0.004205899999999999
1 114916653 rs75630451 0.078833
1 114916782 rs116070260 0.0081085
1 114916857 rs116387417 0.0081089
1 114917230 rs1936933 0.00026902
1 114917547 rs142193083 0.008540100000000002
1 114918070 rs193211696 0.19513
1 114918132 rs140976340 0.68613
1 114918182 rs138870215 0.23865999999999998
1 114918658 rs73003363 8.727700000000001e-08
1 114918666 rs187269182 0.13748
1 114919024 rs115314884 0.14912999999999998
1 114919243 rs552441541 0.40985
1 114919403 rs116196962 0.0135
1 114919442 rs12057599 0.032901
1 114919675 rs11799483 0.013347999999999999
1 114919868 rs563216429 0.5512699999999999
1 114920025 rs149755481 0.00066926
1 114920097 rs12753188 8.480600000000001e-16
1 114920363 rs114926039 0.31101999999999996
1 114920558 rs74113163 0.052860000000000004
1 114920570 rs9429536 0.48441000000000006
1 114920965 rs617703 0.6167100000000001
1 114921058 rs111930247 0.085531
1 114921182 rs72693896 0.47444
1 114921323 rs116154950 0.81317
1 114921476 rs768372337 0.033697000000000005
1 114921896 rs78701985 0.029776
1 114922056 rs79021929 0.20506999999999997
1 114922790 rs9429742 9.3116e-27
1 114923228 rs9429537 0.55176
1 114923328 rs183102436 0.0061891
1 114923549 rs9429538 9.9819e-17
1 114923636 rs9429539 2.6696e-16
1 114923914 rs137855765 0.4363
1 114924203 rs11807672 0.014588999999999998
1 114924256 rs116479129 3.785e-05
1 114924804 rs11799372 0.012846999999999999
1 114924805 rs141248417 0.82139
1 114925005 rs9429540 0.48298
1 114925217 rs80312311 0.71759
1 114925493 rs74640931 0.38473
1 114925583 rs115096482 0.013498
1 114925657 rs139785264 0.12703
1 114925808 rs139690832 0.27043
1 114926351 rs6686961 6.547499999999999e-15
1 114926355 rs60928002 8.7783e-08
1 114926555 rs6687180 0.013612
1 114926574 rs7526485 0.00024866
1 114926672 rs185252867 0.093821
1 114926673 rs141428955 0.47981999999999997
1 114926959 rs77069792 0.003196
1 114926982 rs12044508 0.21728000000000003
1 114927201 rs9429541 6.548600000000001e-15
1 114927437 rs6675263 0.49573999999999996
1 114927709 rs11809120 0.013798
1 114928417 rs11102789 0.045501
1 114928501 rs79871622 0.0031979
1 114928743 rs9429542 6.594199999999999e-15
1 114928895 rs116337120 0.42621000000000003
1 114929088 rs74113167 0.0031276999999999998
1 114929295 rs147216773 4.0025e-05
1 114930331 rs6660499 0.014368
1 114930465 rs141425667 6.3362e-07
1 114930478 rs6700742 6.5258e-15
1 114930636 rs112770771 0.96075
1 114930835 rs9429743 0.5304399999999999
1 114930836 rs35847079 1.7484e-17
1 114930840 rs144241430 0.0040961999999999995
1 114931080 rs780944275 0.7605
1 114931209 rs76917398 0.014704
1 114931215 rs9429744 0.49825
1 114931308 rs184914842 0.018078999999999998
1 114931419 rs35267619 0.004005699999999999
1 114931664 rs187270208 0.38754
1 114931718 rs114218244 0.55097
1 114932147 rs6689787 0.51686
1 114932182 rs12094584 0.084319
1 114932347 rs75494557 0.72526
1 114932550 rs7522459 0.19129000000000002
1 114932553 rs115351053 0.015993
1 114932865 rs9429544 3.0560000000000004e-26
1 114933246 rs116090732 0.12662
1 114933431 rs9429745 0.51571
1 114934016 rs9429545 0.5252100000000001
1 114934421 rs114943427 0.9831200000000001
1 114936079 rs41313288 1.2723e-15
1 114936653 rs538281293 0.5166
1 114936834 rs148085403 1.268e-05
1 114937098 rs115198517 0.983
1 114937110 rs41301293 0.013475999999999998
1 114937358 rs41310112 0.01293
1 114937522 rs78581320 0.6281800000000001
1 114937636 rs9429746 0.49503
1 114937696 rs116058638 0.9044700000000001
1 114937872 rs34277810 0.00011531
1 114938160 rs116707829 0.012988
1 114938175 rs1125002 0.18408
1 114938289 rs41314009 5.1381000000000004e-15
1 114938699 rs73003377 0.061704999999999996
1 114938838 rs188028201 0.0021855
1 114938898 rs113104023 0.046755
1 114939079 rs41296188 0.0042538
1 114939633 rs41313993 0.31847
1 114939739 rs12057251 0.00014004
1 114939907 rs75224258 0.013146000000000001
1 114939944 rs35834438 0.00010907
1 114941013 rs75715605 0.69248
1 114941169 rs111600066 0.6664399999999999
1 114941326 rs3789615 7.8588e-07
1 114941553 rs3789617 7.1041e-07
1 114942250 rs116234499 2.046e-05
1 114942296 rs73003383 8.772500000000001e-08
1 114942504 rs73005343 0.4717
1 114942658 rs79542723 0.21749000000000002
1 114942730 rs12061718 0.11218
1 114942835 rs557892449 0.0028938
1 114942982 rs115611068 0.012863999999999999
1 114942986 rs60072459 8.162000000000001e-08
1 114943121 rs145168623 0.23603000000000002
1 114943348 rs72693901 8.8052e-05
1 114943659 rs532841900 0.80986
1 114943720 rs7540802 0.17651
1 114943721 rs111699898 3.7388e-05
1 114943783 rs112325511 7.7714e-08
1 114944121 rs116766647 0.6026100000000001
1 114944372 rs530696309 0.2249
1 114944448 rs764392324 0.83514
1 114944458 rs757208435 0.21438000000000001
1 114944681 rs35031220 2.7059e-17
1 114944685 rs79233405 1.0128e-07
1 114945110 rs61281964 0.9238200000000001
1 114945231 rs190206984 0.44514
1 114945394 rs2179657 0.45925
1 114945634 rs73005347 8.9949e-08
1 114946154 rs78091818 0.0044731
1 114946431 rs138880660 0.012672
1 114946464 rs144789348 0.012941999999999999
1 114947256 rs75221707 0.67923
1 114947905 rs769861750 0.24719000000000002
1 114947958 rs150689232 0.0015482999999999998
1 114948004 rs189444270 0.7941199999999999
1 114948281 rs6537825 0.9430700000000001
1 114948309 rs56056367 0.76623
1 114948394 rs112059163 0.00019791
1 114948638 rs6677898 9.9353e-08
1 114948769 rs10489419 0.0042539
1 114949141 rs116709266 0.012728
1 114949298 rs74638235 0.53766
1 114949397 rs77301923 0.76439
1 114949820 rs41274116 2.1662e-08
1 114950322 rs9429546 0.51068
1 114950373 rs79287774 0.764
1 114950611 rs112479986 0.7588699999999999
1 114950945 rs554781857 0.5704199999999999
1 114951141 rs74113170 0.0040693000000000005
1 114951220 rs6672519 8.2069e-15
1 114951390 rs71662879 2.4486e-17
1 114951409 rs141081151 0.0064213000000000004
1 114952065 rs11807174 0.013900999999999998
1 114952345 rs75575951 0.76558
1 114953390 rs114976132 0.00017646
1 114953420 rs6694768 6.9432000000000005e-15
1 114953514 rs72696003 0.55881
1 114953528 rs56262010 0.00011222
1 114953820 rs60939066 0.56316
1 114954716 rs73005355 8.3665e-08
1 114954725 rs79917407 0.61487
1 114955007 rs114144691 0.00014399
1 114955024 rs75908207 0.46913
1 114955623 rs78852087 0.012064
1 114955773 rs77513899 0.6779999999999999
1 114957001 rs60178328 1.0002e-07
1 114957021 rs143725626 0.5379999999999999
1 114957078 rs58720760 1.0784e-07
1 114957254 rs6537826 7.7384e-15
1 114957852 rs562995911 0.23940999999999998
1 114958202 rs67882944 2.8856e-26
1 114958253 rs116500007 0.011382999999999999
1 114958779 rs35167198 8.2099e-15
1 114958827 rs115564666 0.63229
1 114958946 rs3789619 1.5436e-26
1 114959540 rs11582563 1.2318e-15
1 114959888 rs7547836 1.5772000000000002e-26
1 114960257 rs7552750 0.0053641999999999995
1 114960270 rs78087696 0.19802999999999998
1 114960663 rs7515983 9.2125e-08
1 114960714 rs58747061 0.52613
1 114960806 rs6660911 1.5016e-05
1 114960866 rs7516184 0.004080599999999999
1 114961350 rs72696005 0.64552
1 114961553 rs59223546 0.51285
1 114961568 rs146501066 0.8084
1 114961952 rs78631936 0.0063353
1 114961979 rs76954814 0.13725
1 114962014 rs116210775 0.030205000000000003
1 114962555 rs7514446 0.069358
1 114962936 rs74113173 0.0041202
1 114962965 rs149177296 2.6133000000000002e-05
1 114963076 rs114343739 0.8642799999999999
1 114963113 rs7512590 0.011555
1 114963270 rs9662831 0.17145
1 114963574 rs78457892 0.6452100000000001
1 114964232 rs55763520 0.5655600000000001
1 114964520 rs548081645 0.66297
1 114964628 rs116275389 0.011547
1 114964782 rs78432194 0.011573
1 114965673 rs77614825 0.6594899999999999
1 114965812 rs6537827 8.371899999999999e-15
1 114965963 rs575602882 0.51517
1 114965966 rs7536927 0.074725
1 114966053 rs7544820 0.098164
1 114966100 rs7523112 6.767699999999999e-15
1 114966353 rs114945311 0.076136
1 114966469 rs115812120 0.62756
1 114966558 rs143401507 0.42199
1 114966776 rs142686786 0.23431
1 114967591 rs35212068 6.5553e-16
1 114967795 rs76897220 0.6773100000000001
1 114968402 rs142334021 0.0051866
1 114968461 rs74113175 0.004128
1 114968640 rs181183423 0.24216999999999997
1 114968764 rs116110271 0.58762
1 114968821 rs78892455 0.4362
1 114968973 rs74113176 0.0041251000000000005
1 114969155 rs115688932 0.009145299999999999
1 114969398 rs141611069 0.30615
1 114969430 rs113761148 0.12305
1 114969600 rs6656393 2.4871000000000002e-14
1 114969621 rs11805346 0.011511
1 114969641 rs34643195 1.3252000000000001e-15
1 114969665 rs58747000 1.1680999999999999e-07
1 114970017 rs147090166 0.81522
1 114970090 rs6682018 0.095677
1 114970660 rs115205951 0.047351
1 114970792 rs4839009 0.33346
1 114970890 rs57740732 8.547000000000001e-08
1 114971198 rs570372861 0.68795
1 114971247 rs6700446 8.547000000000001e-08
1 114971886 rs7541954 7.7119e-15
1 114972695 rs562135596 0.7954
1 114972723 rs6658339 0.01153
1 114972873 rs6667058 5.0265e-15
1 114972976 rs140578438 0.77362
1 114973087 rs77036565 0.012048999999999999
1 114973210 rs185007119 0.12214000000000001
1 114973276 rs12097570 0.092239
1 114973360 rs80326582 0.0056648
1 114973429 rs12083584 7.3085e-15
1 114973690 rs11585926 1.9515999999999997e-26
1 114974036 rs75481487 0.011094
1 114974241 rs151101361 0.14612
1 114974361 rs12076243 0.050444
1 114974731 rs7548452 0.011094
1 114975158 rs181768031 0.28053
1 114975301 rs186192529 0.5049899999999999
1 114975425 rs73005378 8.7409e-08
1 114975618 rs80033151 0.67766
1 114976224 rs12132214 0.68078
1 114976433 rs113801966 0.9422200000000001
1 114976676 rs79232375 8.3116e-08
1 114977403 rs6690560 7.8014e-15
1 114977859 rs35179735 7.837699999999999e-15
1 114978023 rs34732139 1.2372e-15
1 114978317 rs191936450 0.9025299999999999
1 114978393 rs11102790 7.776100000000001e-15
1 114978607 rs71664843 2.1459e-17
1 114979089 rs7516386 1.2770999999999999e-26
1 114979232 rs143489535 0.011087999999999999
1 114979435 rs114369972 0.70249
1 114979553 rs12084658 1.2591e-06
1 114979603 rs60416895 0.69775
1 114979604 rs141745001 2.8211999999999997e-05
1 114979763 rs77165627 0.67766
1 114980030 rs115363676 0.011087999999999999
1 114980091 rs114000705 0.011087999999999999
1 114980105 rs114697577 0.80172
1 114980114 rs74404051 0.0047627
1 114981116 rs11102791 0.011824
1 114981447 rs755420249 0.52723
1 114981630 rs33993445 6.5546000000000004e-15
1 114982191 rs115349929 0.011087999999999999
1 114982222 rs772127085 0.36901
1 114982264 rs73005385 1.8922e-07
1 114982271 rs74331919 0.011089
1 114982387 rs115431734 8.5993e-10
1 114983349 rs142843084 0.39849
1 114983709 rs12063561 0.016599000000000003
1 114983871 rs11102792 6.5521999999999995e-15
1 114984032 rs74692839 0.011087999999999999
1 114984169 rs7540369 0.062141999999999996
1 114984273 1:114984273_T_C 0.57802
1 114984360 rs75306349 0.39957
1 114984379 rs116389740 0.10243
1 114984651 rs74113182 0.004790699999999999
1 114984667 rs6671587 1.9798e-14
1 114984962 rs11807745 0.012034999999999999
1 114985661 rs9725116 0.67085
1 114985670 rs190072589 0.71234
1 114985732 rs140744312 0.62397
1 114985761 rs182680590 0.012034999999999999
1 114985819 rs145889537 0.088163
1 114985836 rs7519209 6.5527e-15
1 114985991 rs9728144 1.0277e-05
1 114986150 rs7552912 0.0051951
1 114986220 rs74679588 0.012034999999999999
1 114986244 rs7524365 0.016808
1 114986332 rs77838872 0.012034999999999999
1 114987034 rs780104989 0.13291
1 114987213 rs75291118 0.012034999999999999
1 114987452 rs114249129 0.012034999999999999
1 114987591 rs74113185 0.00010889999999999999
1 114987718 rs6537828 2.6181000000000002e-14
1 114987866 rs116715699 0.6202
1 114988096 rs574189193 0.6988300000000001
1 114988175 rs77397307 0.0047627
1 114988436 rs149786426 0.25455
1 114988630 rs11588220 6.3736999999999994e-15
1 114988797 rs116058604 0.39957
1 114988843 rs79701495 0.5421600000000001
1 114989096 rs115671446 0.81975
1 114989211 rs2143583 8.5196e-27
1 114989580 rs74113186 0.0047627
1 114989639 rs114046070 0.2429
1 114990155 rs115036480 0.6795800000000001
1 114990256 rs6668327 6.3371e-16
1 114990547 rs80082541 0.011075
1 114990828 rs80309660 0.08615199999999999
1 114991075 rs111337123 0.60693
1 114991429 rs73005390 8.7922e-08
1 114991444 rs190733935 0.0052082000000000005
1 114991581 rs80267897 0.6521
1 114992471 rs116764046 0.81539
1 114992760 rs6675600 7.0339e-15
1 114992895 rs6688348 0.00011791
1 114992962 rs72696009 2.3922e-06
1 114993106 rs80185464 0.70828
1 114993719 rs11811790 0.011068000000000001
1 114994499 rs79172490 0.6755800000000001
1 114994744 rs186201086 0.42296000000000006
1 114994911 rs6688160 0.011068999999999999
1 114995074 rs77457946 0.004063000000000001
1 114995216 rs146325825 0.72751
1 114995224 rs139589031 0.034791
1 114995578 rs115682446 0.010995
1 114995660 rs114271743 0.011068000000000001
1 114995825 rs144418344 0.6238199999999999
1 114995942 rs146109483 0.011068000000000001
1 114996112 rs11102794 8.1801e-15
1 114996321 rs114581028 0.011068000000000001
1 114996324 rs11589568 1.3525e-15
1 114996358 rs116365218 0.67945
1 114997162 rs115912510 0.011976
1 114997730 rs61660055 0.0041284
1 114997845 rs59576781 0.81539
1 114997861 rs78459848 0.67945
1 114998221 rs35817608 2.2284999999999998e-17
1 114998624 rs140908756 0.62897
1 114998644 rs11799935 0.011068000000000001
1 114998827 rs34500144 1.3529000000000002e-15
1 114999011 rs7532456 0.065202
1 114999195 rs11812026 0.011068000000000001
1 114999256 rs74113189 0.0041371
1 114999277 rs7511633 8.140200000000001e-15
1 114999465 rs73005396 8.9969e-08
1 114999576 rs77615432 0.6837300000000001
1 114999593 rs59214319 0.57329
1 114999749 rs138735495 0.47481999999999996
1 114999861 rs116084722 0.011093
1 114999978 rs1146149 0.81918
1 115000060 rs6656726 1.3824e-26
1 115000481 rs11577901 1.2802000000000001e-26
1 115000587 rs146291418 0.1327
1 115000622 rs537735389 0.5615399999999999
1 115000626 rs80086576 0.25668
1 115000642 rs76897832 0.62393
1 115000677 rs142819150 0.061792999999999994
1 115000699 rs186806144 0.066205
1 115001121 rs146136894 0.40016999999999997
1 115001538 rs17561158 7.5984e-08
1 115001992 rs78076575 0.6764
1 115002022 rs78495359 0.0093506
1 115002281 rs75377904 0.67718
1 115002538 rs74113190 0.72325
1 115002548 rs115748164 0.011096
1 115002730 rs139395939 0.8538100000000001
1 115002905 rs147761602 0.7925800000000001
1 115003006 rs114808715 0.5122399999999999
1 115003403 rs2336580 0.013794999999999998
1 115003679 rs567282151 0.24431
1 115003688 rs2878746 0.0041232
1 115003776 rs112938093 0.6684899999999999
1 115003935 rs11102795 0.046146
1 115004054 rs11582166 2.4186999999999996e-17
1 115004191 rs73005400 1.0350999999999999e-07
1 115004568 rs114234620 0.60292
1 115004581 rs57840440 0.67232
1 115004735 rs114258144 0.011096
1 115004781 rs61655733 0.74897
1 115004838 rs76386697 2.5593e-17
1 115005417 rs73007260 8.350199999999999e-08
1 115005627 rs74406851 0.0044173
1 115006273 rs143115738 0.46058999999999994
1 115006374 rs112336190 2.3569e-05
1 115006427 rs191504856 0.61439
1 115006660 rs78664007 0.0039518999999999995
1 115006708 rs113946217 0.74631
1 115006769 rs74317591 0.011940000000000001
1 115007224 rs184651008 0.68763
1 115007297 rs190377373 0.44966999999999996
1 115007379 rs145639758 0.70201
1 115007525 rs73007263 9.163999999999999e-08
1 115007965 rs57206604 0.60253
1 115008389 rs180820053 0.065842
1 115008601 rs11802949 0.011079
1 115008670 rs72696011 0.10779000000000001
1 115008801 rs17032751 0.0041383
1 115009041 rs115999820 2.0544000000000002e-05
1 115009068 rs6694561 0.6131300000000001
1 115009623 rs35731306 2.7325e-17
1 115009800 rs7527168 0.029744999999999997
1 115009995 rs144051640 2.5770999999999998e-05
1 115010155 rs6537829 0.38416
1 115010845 rs78638919 0.56842
1 115010869 rs115093396 0.01162
1 115011282 rs79913272 0.2083
1 115011484 rs6670743 8.609000000000001e-15
1 115011487 rs12083873 0.00019559999999999998
1 115011673 rs145549785 1.5850999999999998e-05
1 115011775 rs74901102 0.011052
1 115012182 rs17032759 0.67391
1 115012189 rs17593470 0.34205
1 115012343 rs146557372 0.00040088
1 115012861 rs114005212 0.10126
1 115013015 rs148329192 0.95631
1 115013251 rs141447340 1.4029e-05
1 115013479 rs150457709 2.1424e-05
1 115013552 rs114585510 0.076241
1 115013830 rs116728245 0.011935
1 115014029 rs112465350 0.013141
1 115014041 rs147322135 0.14837
1 115014197 rs77907069 0.011935
1 115014363 rs116005633 0.0054231999999999995
1 115014565 rs77945683 0.011935
1 115014676 rs75783406 0.011935
1 115014728 rs17032764 0.00021884
1 115015035 rs143849516 0.37015
1 115015519 rs116089420 0.026413
1 115015803 rs12082107 0.076316
1 115016016 rs34383590 0.00011856
1 115016166 rs141079153 0.0016102
1 115016404 rs6703214 8.959e-08
1 115016415 rs6537832 2.5068e-14
1 115016667 rs114575914 0.80447
1 115016752 rs143705554 0.87616
1 115017383 rs141549143 0.008504000000000001
1 115018078 rs11803560 0.011935
1 115018099 rs146206007 0.8045899999999999
1 115018135 rs144106203 0.75608
1 115018198 rs11805015 0.013640000000000001
1 115018255 rs12075649 0.10722999999999999
1 115018260 rs12086242 0.17019
1 115018473 rs560264763 0.8707
1 115018809 rs114965782 0.012620000000000001
1 115019108 rs116649594 9.742700000000002e-07
1 115019239 rs71664847 2.5598000000000005e-17
1 115019458 rs553753913 0.63064
1 115019467 rs56193552 0.0045701
1 115019710 rs7520209 0.00023351
1 115020207 rs79107566 0.60425
1 115020253 rs576199184 0.030148
1 115020283 rs78555254 0.81518
1 115020496 rs17032768 0.6835
1 115020548 rs60614633 0.5624600000000001
1 115020602 rs781642088 0.11315
1 115020679 rs74113195 0.0045528999999999995
1 115020900 rs182281120 0.3156
1 115021249 rs73007266 2.8536e-26
1 115021356 rs148200951 1.8897e-05
1 115021583 rs141162861 2.0745e-05
1 115021975 rs7538458 0.011072
1 115022215 rs74113196 0.0045344999999999995
1 115022260 rs181987706 0.63341
1 115022262 rs187282856 0.63341
1 115022518 rs113511534 2.8542e-17
1 115022582 rs577859434 0.054183
1 115022609 rs149333631 0.004546199999999999
1 115022698 rs144590751 0.68337
1 115022712 rs190056701 0.011918000000000002
1 115023005 rs148472259 0.004633600000000001
1 115023032 rs182703660 0.6835600000000001
1 115023185 rs12078204 2.4784e-14
1 115023469 rs78211076 0.0051985
1 115023575 rs75053409 0.6835600000000001
1 115023723 rs113261035 0.55534
1 115023751 rs144711522 0.84595
1 115023930 rs7533214 0.011892
1 115023932 rs567183200 0.32325
1 115023981 rs140538566 0.6835600000000001
1 115023982 rs7544790 5.177e-15
1 115023990 rs568870110 0.29774
1 115024265 rs12076673 0.00043732
1 115024368 rs112695611 0.40326
1 115024480 rs115965126 0.011892
1 115024669 rs114968693 0.68337
1 115024946 1:115024946_C_T 0.55291
1 115025070 rs115517930 0.81518
1 115025271 rs143724900 0.41981999999999997
1 115025402 rs114522046 0.21047
1 115025423 rs116608231 0.91817
1 115025700 rs11583976 1.8319000000000004e-15
1 115025707 rs113968895 1.0107999999999999e-07
1 115025725 rs112528834 0.006307699999999999
1 115025880 rs76431324 0.011967
1 115025940 rs11582652 0.006583100000000001
1 115026090 rs144748197 0.66013
1 115026158 rs113806169 1.0118e-07
1 115026223 rs71664848 1.833e-15
1 115026388 rs151077387 1.827e-05
1 115026576 rs79390624 1.8288e-15
1 115026594 rs192131637 0.95015
1 115026608 rs36032169 0.017889
1 115026659 rs141475759 0.62892
1 115027031 rs6671365 8.180500000000001e-15
1 115027033 rs183335446 0.47084
1 115027271 rs7550104 0.011892
1 115027367 rs113892544 1.0118e-07
1 115027388 rs529645849 0.67733
1 115027438 rs7528577 3.1861e-14
1 115027556 rs71664849 1.8299e-15
1 115028008 rs77229936 0.22066999999999998
1 115028048 rs7529160 0.031922000000000006
1 115028118 rs114047836 0.023987
1 115028212 rs112320824 0.21705
1 115028382 rs74756519 0.22009
1 115028476 rs75855033 0.60178
1 115028626 rs71664850 1.8667e-15
1 115028722 rs184991814 0.6503
1 115028735 rs6693073 0.10017999999999999
1 115029109 rs112626783 0.48086999999999996
1 115029288 rs185364683 0.19915
1 115029431 rs115728658 0.14304
1 115029578 rs112956928 0.022312000000000002
1 115029607 rs139309028 0.61875
1 115029770 rs114954058 0.011045999999999999
1 115029803 rs115838968 0.4597
1 115030241 rs57102586 0.80674
1 115030412 rs375096509 0.6714100000000001
