CHR BP SNP P
16 30412478 rs142924499 0.98925
16 30413841 rs114650907 0.9284600000000001
16 30413972 rs142565244 0.062462000000000004
16 30414485 rs114935884 0.12424
16 30414761 rs185944354 0.026438999999999997
16 30415599 rs12929884 0.016366
16 30415786 rs60749749 0.99895
16 30416028 rs113103798 0.4418
16 30416982 rs4074619 0.44725
16 30417173 rs8048807 0.4511
16 30417181 rs77787764 0.65737
16 30417771 rs555044246 0.39792
16 30418119 rs4787644 0.045083
16 30419384 rs199795270 0.15972999999999998
16 30420101 rs142468388 0.52913
16 30420244 rs112477473 0.46148
16 30420851 rs11150586 2.6704000000000002e-14
16 30421058 rs542463768 0.27951
16 30421916 rs78879732 0.91735
16 30421972 rs115696865 0.75276
16 30422535 rs8045552 0.9884
16 30422565 rs8045570 5.0039e-13
16 30423751 rs4232893 0.06503300000000001
16 30423878 rs7404540 0.014207
16 30424412 rs77689392 0.021425
16 30424522 rs576181055 0.86645
16 30425211 rs145289291 0.33728
16 30425511 rs4286118 0.5437
16 30426001 rs11640950 9.141e-13
16 30426923 rs6565184 0.31115
16 30428117 rs143758982 0.8718899999999999
16 30428869 rs576828842 0.04712
16 30430628 rs34261613 0.0091485
16 30430931 rs542083970 0.36665
16 30430939 rs562126483 0.80189
16 30431429 rs4076091 0.007064
16 30431523 rs564461857 0.049625999999999997
16 30432103 rs4465620 3.3818e-26
16 30432177 rs56087489 0.5686399999999999
16 30432274 rs12447165 2.0432999999999998e-20
16 30433730 rs4433823 2.1038e-08
16 30434012 rs62056262 0.92406
16 30434035 rs137959928 7.5861e-11
16 30434160 rs4788414 3.483900000000001e-24
16 30434509 rs12919022 0.010236
16 30435000 rs139154873 0.047986
16 30437086 rs76272666 0.5767899999999999
16 30437938 rs148595457 0.56963
16 30438138 rs12165013 5.6657999999999996e-24
16 30438930 rs35598865 1.2236e-12
16 30439309 rs4788415 1.0653999999999999e-08
16 30439481 rs567848181 0.9693200000000001
16 30439985 rs138373721 0.35025
16 30442466 rs561317223 0.3832
16 30443214 rs559393920 0.7008300000000001
16 30443547 rs61598883 1.2254e-07
16 30443595 rs149970655 0.41958999999999996
16 30443742 rs113070766 0.68235
16 30443785 rs7185357 0.094604
16 30443931 rs74763255 0.9696
16 30444706 rs150294763 0.75712
16 30447526 rs6565185 0.022047999999999998
16 30447591 rs111966023 0.66074
16 30447917 rs112311048 0.65522
16 30448459 rs117599464 0.9733299999999999
16 30448493 rs150025398 0.058058000000000005
16 30448494 rs181060016 0.062174
16 30448522 rs111688805 0.008354899999999998
16 30449389 rs12149321 1.0039999999999999e-07
16 30449408 rs12148933 0.0079304
16 30449650 rs115529659 0.32814
16 30449906 rs11150587 3.2551999999999996e-05
16 30450383 rs4788416 7.2291e-13
16 30450572 rs190360819 0.7255199999999999
16 30451914 rs4788417 8.558200000000001e-13
16 30452241 rs6565186 8.2807e-10
16 30452286 rs532433191 0.010328
16 30452928 rs374578048 0.24979
16 30453156 16:30453156_G_A 0.16560999999999998
16 30455381 rs116535126 0.99635
16 30455434 rs8063942 0.07735
16 30455458 rs1133238 0.31914000000000003
16 30457350 rs4787645 8.456100000000001e-13
16 30458271 rs148776955 0.9476399999999999
16 30458692 rs62056316 1.6202000000000002e-07
16 30458954 rs72791266 0.46302
16 30460055 rs12443981 1.0076e-12
16 30460283 rs117106225 5.1783e-09
16 30460934 rs534886129 0.025553
16 30462291 rs77679610 0.59388
16 30462346 rs11646954 0.0072396
16 30462635 rs8058719 2.9527999999999998e-08
16 30463779 rs73534219 0.9622700000000001
16 30464034 rs8044535 0.020017
16 30464432 rs8044131 1.1806e-12
16 30464835 rs112696195 0.31655
16 30464858 rs557086266 0.25088
16 30466741 rs12599614 0.2675
16 30466758 rs143234442 0.30719
16 30466798 rs11150588 2.132e-12
16 30467967 rs113199118 0.11093
16 30468380 rs8046842 2.4982e-09
16 30468403 rs557842447 0.49568
16 30468546 rs553210129 0.59885
16 30468890 rs67575585 0.006949600000000001
16 30469181 rs374861675 0.31354
16 30469919 rs12926510 3.7921e-14
16 30469957 rs7195241 0.0077315
16 30470706 rs76519155 0.9391299999999999
16 30470710 rs115638148 0.26566999999999996
16 30471046 rs7190552 0.02562
16 30471109 rs7196129 3.5475e-17
16 30471189 rs12447919 1.8158e-12
16 30471243 rs115191936 0.32434
16 30471628 rs9926319 0.00028158
16 30471809 rs62056317 0.3218
16 30472693 rs112929095 2.4935e-08
16 30472833 rs563740441 0.14247
16 30472889 rs529214679 0.70649
16 30473083 rs34686249 1.8176e-08
16 30473630 rs148015157 0.54707
16 30473649 rs7186331 2.3797e-08
16 30474099 rs7187832 0.00085286
16 30474287 rs150105506 0.31859
16 30474781 rs147434241 0.031306
16 30474856 rs9934579 0.033644
16 30475160 rs111555633 0.026448000000000003
16 30475257 rs754928202 0.02592
16 30476067 rs192712549 0.082218
16 30476316 rs4387618 0.00016977
16 30476517 rs113252371 9.112e-09
16 30477534 rs9935887 0.0033927
16 30478458 rs557506371 0.042488
16 30478759 rs142718941 0.33214
16 30478891 rs111230245 0.031484
16 30479065 rs118154869 0.12825999999999999
16 30479592 rs368013141 0.33521
16 30480229 rs371745053 0.36755
16 30480812 rs146335935 0.011424
16 30481318 rs139611216 0.25008
16 30481675 rs193044557 0.038079
16 30482393 rs113303075 0.11474000000000001
16 30482422 rs372149814 0.36951999999999996
16 30482494 rs11150589 1.1643999999999999e-14
16 30482540 rs12598978 1.1999e-14
16 30482803 rs12716977 1.3814e-14
16 30485393 rs11574938 1.7281e-14
16 30485608 rs555788412 0.75561
16 30486336 rs6565187 0.0020515
16 30486431 rs34450976 0.24045
16 30487387 rs35493324 0.036766
16 30487550 rs149760769 0.23885
16 30488024 rs7196067 0.9539
16 30488694 rs11648955 4.2413000000000003e-07
16 30488927 rs17839542 0.6643399999999999
16 30489262 rs145156520 0.36225
16 30489480 rs138674179 7.6654e-06
16 30489712 rs111983159 0.68218
16 30490637 rs34562394 0.45579
16 30490854 rs11862597 0.032099
16 30491164 rs113602737 0.18309
16 30491783 rs17839544 0.034311
16 30491870 rs538790321 0.22434
16 30492286 rs116154025 0.22471999999999998
16 30492523 rs144116022 0.39688
16 30492690 rs10871452 0.16993
16 30492823 rs1064524 0.0053479999999999995
16 30493000 rs11574941 0.029305
16 30493630 rs12448354 3.5174e-09
16 30493733 rs8060136 1.4227000000000002e-07
16 30493881 rs11150590 1.2813999999999999e-14
16 30494221 rs34522886 0.45478
16 30495056 rs140219952 0.5644899999999999
16 30495412 rs2285459 4.8534e-18
16 30495496 rs7191097 0.68876
16 30495652 rs9796793 0.001279
16 30495657 rs7197010 4.3983e-18
16 30495968 rs34674102 0.6573
16 30496411 rs33989100 0.0013094
16 30496472 rs34874849 0.66765
16 30496779 rs143789813 0.58717
16 30497559 rs143261718 0.004703199999999999
16 30497597 rs11643652 6.0231e-07
16 30497816 rs7187409 0.00024812
16 30497953 rs186257950 0.63113
16 30497954 rs113711475 0.054698000000000004
16 30498252 rs12933644 0.37604
16 30498645 rs539901469 0.10339000000000001
16 30498783 rs35822450 8.119600000000001e-10
16 30498824 rs34876239 7.871599999999999e-10
16 30498935 rs141089398 0.28191
16 30499763 rs73534250 0.48868
16 30499850 rs544729704 0.39233
16 30500000 rs36005832 0.00085912
16 30500155 rs35660137 0.10995
16 30500716 rs3087437 0.51622
16 30500761 rs3087438 1.0934e-09
16 30500985 rs4630562 2.9589e-17
16 30501216 rs4572412 2.0027e-07
16 30501609 rs34499019 1.9026e-06
16 30501756 rs35873145 0.5602
16 30502152 rs4889495 1.1623e-09
16 30502558 rs35069260 0.041581
16 30503414 rs9930280 1.3364999999999999e-09
16 30503728 rs113582260 0.50021
16 30503813 rs12598015 0.6945399999999999
16 30504046 rs11644433 1.7149e-06
16 30504344 rs4500746 8.712e-14
16 30504534 rs146435155 0.66162
16 30504631 rs139053518 0.12761
16 30504660 rs116154370 0.53845
16 30504877 16:30504877_G_A 0.4862
16 30504932 rs117391625 0.45038999999999996
16 30505085 rs368828192 0.056508
16 30505512 rs1978079 0.26938
16 30505513 rs4350585 8.4289e-14
16 30505821 rs3087439 3.3691e-06
16 30505900 rs35323954 0.25692
16 30505956 rs34583171 0.9715
16 30507196 rs35262362 0.11410999999999999
16 30507265 rs6565189 9.070700000000001e-14
16 30507972 rs28708641 1.7735000000000001e-09
16 30508048 rs139199468 0.6716
16 30508232 rs34903247 0.96691
16 30508568 rs8044405 0.3349
16 30508642 rs188129293 0.14862
16 30509042 16:30509042_C_T 0.85919
16 30509723 rs7193693 0.00010681
16 30509990 rs11574944 7.7662e-05
16 30510036 rs11574945 4.39e-05
16 30510571 rs1557672 6.2211e-10
16 30510970 rs116238097 0.95065
16 30511629 rs71383762 3.8136e-05
16 30511740 rs4889496 2.6563999999999996e-18
16 30511848 rs4889497 5.4368999999999995e-08
16 30511852 rs182290636 0.40154
16 30511862 rs115198478 0.9062399999999999
16 30512198 16:30512198_G_A 0.082528
16 30512427 rs148174182 0.38861
16 30512443 rs12929754 1.8003000000000004e-18
16 30513485 rs138447338 1.1119000000000001e-05
16 30513550 rs11863188 0.004881399999999999
16 30513744 rs8044911 0.87154
16 30514041 rs113907898 0.08383099999999999
16 30514103 rs4341759 3.2901e-13
16 30514296 rs12923573 7.200700000000001e-19
16 30514464 rs571977695 0.489
16 30514470 rs12922984 9.2665e-19
16 30514723 rs4243232 1.1641e-18
16 30515649 rs35427005 0.30676
16 30516039 rs73534263 0.0018972000000000001
16 30516042 rs528270572 0.8768600000000001
16 30516148 rs2073918 0.23979
16 30516492 rs2073917 0.36704000000000003
16 30516531 rs35968985 8.363899999999999e-05
16 30516565 rs34838942 0.22186
16 30517090 rs4889498 0.00018895
16 30517239 rs114067236 0.5376
16 30517444 rs4889499 1.0135e-06
16 30517773 rs189729076 0.33369
16 30518041 rs2230433 0.0021095
16 30518096 rs2230434 0.032786
16 30518272 rs3087442 0.9330299999999999
16 30518304 rs35977794 0.7064600000000001
16 30519348 rs12929243 0.11182
16 30519628 rs9746755 4.5393e-06
16 30519854 rs58610676 0.48518999999999995
16 30519894 rs144539454 0.032154
16 30520788 rs79514514 0.8608100000000001
16 30520856 rs17790434 0.013516
16 30521038 rs35833634 0.12862
16 30522152 rs3087443 0.0093071
16 30522787 rs35590751 0.8618399999999999
16 30523191 rs35387820 0.13269
16 30523246 rs114887781 0.39903
16 30524103 rs138034751 0.8882399999999999
16 30524676 rs11574947 0.005481499999999999
16 30526397 16:30526397_C_T 0.87308
16 30526797 rs34105328 0.8995299999999999
16 30527590 rs60393747 0.40346
16 30528079 rs35453059 0.08766499999999999
16 30528132 rs11647246 2.2273e-06
16 30528272 rs7196298 4.8358e-07
16 30528500 rs545998410 0.21126999999999999
16 30528611 rs3764322 0.071698
16 30529221 rs187291653 0.079946
16 30529315 rs35489670 0.47736000000000006
16 30531860 rs4243233 0.82124
16 30532154 rs34837898 0.9337
16 30532155 rs188731764 0.49407
16 30532337 rs141695488 0.017498
16 30533119 rs574484627 0.078442
16 30533220 rs35660597 0.45093999999999995
16 30533225 rs34326943 0.30992
16 30533902 rs8058823 0.9395600000000001
16 30534092 rs11866017 0.7659600000000001
16 30534230 rs527628966 0.68321
16 30534432 rs34653737 0.44772
16 30534572 rs144886989 0.00046374
16 30534721 rs79748286 0.4605
16 30536672 rs3751847 5.4734e-12
16 30536737 rs185407031 0.13979
16 30536918 rs10871453 3.5657e-08
16 30537543 rs115434209 0.8276
16 30538259 rs3794703 5.1645e-12
16 30538279 rs113859880 0.8769399999999999
16 30538419 rs56391383 4.1399999999999994e-08
16 30538435 rs116839102 0.50895
16 30538883 rs114889014 0.96129
16 30539097 rs11645241 3.2156e-08
16 30539603 rs115084031 0.55595
16 30540035 rs17839547 0.87923
16 30540140 rs114760079 0.8836299999999999
16 30540623 rs34453065 0.0044
16 30541595 rs76709611 0.55242
16 30541957 rs189461482 0.013324
16 30542609 rs6565190 0.43646
16 30542805 rs114274186 0.69499
16 30544699 rs8054807 0.9250299999999999
16 30544872 rs117841486 0.33228
16 30545011 rs11860431 0.8885799999999999
16 30545215 rs8051383 0.9222
16 30546213 rs75823168 0.51454
16 30546488 rs6565191 2.7576e-08
16 30546564 rs139514878 0.00035372
16 30547800 rs145046829 0.83506
16 30547822 rs111235386 0.0035973
16 30547929 rs142163571 0.5039399999999999
16 30548352 rs72793342 0.097742
16 30548384 rs188126241 0.67502
16 30548565 rs9673428 2.1961e-08
16 30548937 rs191275784 0.5918399999999999
16 30549023 rs9319585 0.99779
16 30549052 rs181344800 0.65084
16 30549073 rs571235227 0.7066600000000001
16 30551296 rs115194464 0.90489
16 30551417 rs74015010 0.72932
16 30551681 rs187650819 0.52386
16 30551685 rs112421755 7.288600000000001e-07
16 30551991 rs145456050 1.0058999999999999e-07
16 30552187 rs149689856 0.098814
16 30552337 rs151333599 0.022847
16 30553051 rs138415138 0.00072425
16 30553352 rs142914024 0.00019067
16 30553899 rs76359228 4.9012e-08
16 30554096 rs148603263 0.2647
16 30554159 rs8050463 0.09550800000000001
16 30555042 rs117127766 0.16172
16 30555658 rs11150592 0.0031753
16 30556298 rs74015011 0.9888600000000001
16 30556490 rs9806804 0.22796999999999998
16 30556903 rs72793343 0.2045
16 30557226 rs13332167 0.069223
16 30557392 rs56311083 0.69177
16 30557711 rs138384839 0.74007
16 30557873 rs568536088 0.7055600000000001
16 30558136 rs193204914 0.57706
16 30558160 rs138201685 0.48428999999999994
16 30558276 rs189418578 0.34611
16 30558338 rs112146516 0.56262
16 30558484 rs117671724 0.15538
16 30558579 rs117910240 0.15613
16 30558873 rs142346940 0.97003
16 30558890 rs188816537 0.52913
16 30559377 rs8044603 0.66228
16 30559667 rs75266710 0.75883
16 30560582 rs574091873 0.71009
16 30560864 rs146925402 0.54027
16 30561148 rs143747832 0.67235
16 30561561 rs9888820 0.56357
16 30562038 rs188497099 0.0045464
16 30562233 rs562113741 0.14359
16 30562359 rs138593080 0.0044849
16 30563343 rs76746995 0.35615
16 30563617 rs7197957 0.5078600000000001
16 30563973 rs556657861 0.71536
16 30564526 rs17839548 0.26784
16 30564792 rs11867032 0.8945299999999999
16 30566747 rs17850402 0.24184
16 30567149 rs567984501 0.8999299999999999
16 30567602 rs557561594 0.72669
16 30567948 rs117838740 0.68548
16 30568109 rs114054790 0.28247
16 30568881 rs12919681 0.015903999999999998
16 30568903 rs116464220 0.84988
16 30568904 rs142942394 0.8519200000000001
16 30569349 rs61744716 0.47598999999999997
16 30569659 rs17790906 0.17795999999999998
16 30569671 rs57172112 0.045119
16 30570011 rs8056929 0.49235
16 30570354 rs186445482 0.80119
16 30570611 rs115231215 0.66785
16 30571122 rs13335784 0.061603
16 30571689 rs190679257 0.5767399999999999
16 30571910 rs36063822 0.22879000000000002
16 30571916 rs114700082 0.37087
16 30572096 rs113711981 0.31519
16 30572114 rs150821300 0.65422
16 30572294 rs139236577 0.72101
16 30572686 rs56192482 0.55245
16 30573059 rs72793348 0.0030093000000000003
16 30573765 rs140960460 0.38251
16 30574091 rs115663451 0.7389100000000001
16 30576386 rs146514716 0.8861100000000001
16 30577529 rs111289699 0.73907
16 30577821 rs11859342 0.8864200000000001
16 30578723 rs536227011 0.60501
16 30578741 rs72793350 0.75621
16 30578753 rs74668170 0.35166
16 30579909 rs543039049 0.61617
16 30580301 rs113195951 0.45627
16 30580494 rs11865041 0.83341
16 30580945 rs114170573 0.82373
16 30581068 rs147514365 0.12214000000000001
16 30581129 rs73534288 0.11853
16 30581676 rs33997546 0.3205
16 30582213 rs74015012 0.72128
16 30584430 rs34114657 0.037721
16 30584439 rs140252184 0.93827
16 30585535 rs6565192 0.57715
16 30586140 rs73534292 0.072622
16 30586271 rs78723892 0.9421299999999999
16 30586754 rs138483356 0.50535
16 30586811 rs141941533 0.5825600000000001
16 30587593 rs143490061 0.38156
16 30587845 rs188288655 0.051389
16 30587877 rs191636755 0.67809
16 30588210 rs60584290 0.42671000000000003
16 30588761 rs111929474 0.40968999999999994
16 30589063 rs111312576 0.44509
16 30589243 rs146496602 0.9517
16 30589667 rs116967916 0.068609
16 30590072 rs112989860 0.41744
16 30590342 rs138326880 0.42244
16 30590460 rs17839549 0.013513999999999998
16 30590693 rs17839550 0.47363
16 30590882 rs139818684 0.79165
16 30591272 rs181168203 0.01324
16 30592110 rs74249949 0.0014234999999999999
16 30592940 rs74516047 0.55282
16 30593001 rs59474645 0.6099600000000001
16 30593059 rs9934806 0.41108999999999996
16 30593444 rs74015016 0.35633000000000004
16 30593652 rs79199963 0.55182
16 30594465 rs61745796 0.5987100000000001
16 30594521 rs35215913 0.00036277
16 30594744 rs35974081 0.00022603
16 30595444 rs71389473 0.010620000000000001
16 30595628 rs115835105 0.54327
16 30595691 rs141565149 0.2308
16 30595701 rs144449000 0.54343
16 30595710 rs111813229 0.21645
16 30596006 rs114279537 0.54177
16 30596592 rs145414236 0.99631
16 30597017 rs76521452 0.53771
16 30597153 rs77668043 0.29648
16 30598270 rs58223875 0.63422
16 30598576 rs752202015 0.18111
16 30598836 rs75026993 0.41653999999999997
16 30598966 rs80157007 0.89236
16 30599021 rs137914451 0.5147
16 30600260 rs6565193 0.18938
16 30601204 rs147409055 0.58229
16 30601261 rs139716665 0.50637
16 30601455 rs552609587 0.50439
16 30601456 rs564511773 0.50439
16 30601837 rs79255001 0.50245
16 30601973 rs118024251 0.38747
16 30602231 rs7205820 0.50057
16 30602319 rs59385041 0.048391
16 30602563 rs72793351 0.44843999999999995
16 30602640 rs113157582 0.42208999999999997
16 30603262 rs59151595 0.37658
16 30603521 rs34699226 0.034651999999999995
16 30604123 rs570386376 0.60216
16 30604913 rs755982278 0.9483600000000001
16 30605489 rs567715801 0.60172
16 30605536 rs56153335 0.36111
16 30606489 rs9924077 0.15599000000000002
16 30606506 rs80113574 0.4103
16 30606523 rs59391245 0.6521600000000001
16 30607151 rs8051182 0.5371600000000001
16 30607382 rs78022730 0.37053
16 30607436 rs115841774 0.44786000000000004
16 30608137 rs58223373 0.5634
16 30608832 rs77804682 0.5627300000000001
16 30608918 rs115597770 0.44177
16 30608931 rs114515726 0.44172
16 30610109 rs146633004 0.43617
16 30610876 rs35661204 0.047755
16 30610953 rs28610269 0.14972
16 30611164 rs147772466 0.67606
16 30611451 rs55875685 0.28218000000000004
16 30612022 rs559561894 0.70914
16 30612160 rs771332815 0.6986899999999999
