CHR BP SNP P
19 58895950 rs3794975 0.45405
19 58896384 rs10407616 9.734e-05
19 58896477 rs12608795 0.20592
19 58896712 rs3764536 0.20870999999999998
19 58897638 rs114667853 0.45502
19 58897652 rs3794974 0.26816999999999996
19 58898193 rs975947 0.0059203
19 58898436 rs731835 0.53688
19 58898840 rs79282983 0.76398
19 58898963 rs734380 0.005652600000000001
19 58899056 rs893179 0.82481
19 58899064 rs148167352 0.5948100000000001
19 58899126 rs76959221 0.04993
19 58899163 rs141976464 0.608
19 58899182 rs734379 0.7117600000000001
19 58899245 rs73060254 0.4541
19 58899303 rs4584938 0.41653
19 58899336 rs76738658 0.73734
19 58899342 rs1529959 0.7619199999999999
19 58899466 rs1529958 0.7843399999999999
19 58899955 rs8104424 0.21478000000000003
19 58900034 rs10410408 0.22941999999999999
19 58900243 rs190176956 0.21195999999999998
19 58900291 rs7250794 0.2045
19 58900337 rs7250889 0.78498
19 58900356 rs7250896 0.20567
19 58900440 rs7251034 0.21097
19 58900466 rs141049140 0.20187
19 58900668 rs6510144 0.20654
19 58900747 rs7252333 0.76763
19 58901017 rs8109416 0.11954000000000001
19 58901148 rs61449428 0.24244000000000002
19 58901227 rs62116432 0.8226600000000001
19 58901394 rs7255491 0.76064
19 58901424 rs139332873 0.65133
19 58901494 rs8109913 0.23109000000000002
19 58901549 rs6510145 0.22776
19 58901686 rs150640347 0.99435
19 58901871 rs10411385 0.2251
19 58902190 rs8105899 0.23124
19 58902412 rs8106933 0.22562
19 58902562 rs8106092 0.2335
19 58902564 rs148873590 0.23346999999999998
19 58902569 rs8106203 0.90554
19 58902905 rs10419106 0.20897
19 58902954 rs73060258 0.0016732
19 58903256 rs138509409 0.37001999999999996
19 58903304 rs12460553 0.8228700000000001
19 58903466 rs8109932 0.76177
19 58903574 rs12460623 0.81418
19 58903931 rs141427724 0.5855600000000001
19 58904155 rs139977712 0.6928300000000001
19 58904511 rs112637700 0.78258
19 58904665 rs7245665 0.19263
19 58904715 rs2289143 0.66471
19 58905486 rs550316384 0.62298
19 58905611 rs574021468 0.51865
19 58906163 rs2241787 0.58405
19 58906589 rs73939637 0.51181
19 58907095 rs1010036 0.9472200000000001
19 58907107 rs28494860 0.35264
19 58907363 rs28478181 0.45116999999999996
19 58907443 rs12611212 0.9955
19 58907700 rs112710702 0.14003
19 58908150 rs13343526 4.9761999999999996e-05
19 58908180 rs61741018 0.19394
19 58908185 rs13345602 0.79545
19 58908297 rs61743678 0.73421
19 58908540 rs11666216 0.011791
19 58908969 rs73574748 0.24031999999999998
19 58909112 rs78378462 0.56509
19 58909377 rs33998635 0.010447
19 58910452 rs10419295 0.2876
19 58910620 rs549412509 0.095631
19 58910708 rs7256642 0.15747
19 58910781 rs7256556 0.17093
19 58911101 rs78778798 0.23578000000000002
19 58911173 rs190060464 0.8375299999999999
19 58911348 rs8113464 0.00022051
19 58911606 rs144992829 0.16951
19 58912213 rs140661237 0.20836999999999997
19 58912384 rs36090113 0.0030510000000000003
19 58912387 rs57035777 0.35065999999999997
19 58912737 rs34541537 0.00047803
19 58912739 rs559950286 0.17008
19 58912788 rs35138622 0.0039942
19 58912795 rs11669093 0.00040446
19 58912906 rs35117909 0.0038171
19 58913111 rs114403025 0.90396
19 58913368 rs34023391 0.0048904
19 58913444 rs4801582 4.386e-06
19 58913507 rs10402325 0.0029890999999999997
19 58914719 rs12608956 0.013316999999999999
19 58914925 rs55857578 0.0030651999999999997
19 58915005 rs77755501 0.002884
19 58915193 rs10417092 0.097523
19 58915361 rs10417497 0.87561
19 58915786 rs527784570 0.28444
19 58916080 rs557862433 0.8074600000000001
19 58916547 rs572319789 0.91569
19 58917202 rs529425365 0.76566
19 58917486 rs560773810 0.9427399999999999
19 58918337 rs11671591 0.0011726
19 58918405 rs4801583 3.4906e-05
19 58918427 rs566857534 0.78988
19 58918466 rs182230642 0.77028
19 58918621 rs28414547 0.97829
19 58918705 rs3826684 0.0011772
19 58918733 rs3826683 0.0016461
19 58918748 rs3826682 0.0016454
19 58918764 rs3826681 0.0016475
19 58918800 rs3826680 0.090619
19 58918817 rs3826679 0.089545
19 58918917 rs3826678 0.090553
19 58919002 rs3826677 0.090561
19 58919066 rs56292587 0.0012999
19 58919320 rs56290606 0.0013027999999999998
19 58919557 rs34188294 0.00079868
19 58919690 rs28502695 0.60605
19 58919814 rs74831398 0.92222
19 58920050 rs11878203 0.0012265999999999998
19 58920302 rs11878198 0.0012052999999999999
19 58920678 rs10404029 0.60632
19 58920702 rs4801584 0.068582
19 58920789 rs6510147 0.9123
19 58920823 rs139571636 0.26958000000000004
19 58920952 rs11666716 0.0012196
19 58921288 rs142051982 0.50955
19 58921296 rs34511020 0.0012276
19 58921310 rs151329342 0.8237700000000001
19 58921324 rs146144368 0.7608699999999999
19 58921729 rs185658169 0.76726
19 58921763 rs8105490 0.95347
19 58922220 rs71333260 0.0012242000000000002
19 58922502 rs11666303 0.0012292
19 58922551 rs62116437 0.08841
19 58923050 rs73060293 0.0011777
19 58923192 rs149250069 0.56893
19 58923254 rs115934686 0.8961600000000001
19 58923263 rs34152946 0.001183
19 58923537 rs183189178 0.58026
19 58923565 rs79233522 0.5744199999999999
19 58923866 rs10417104 3.0804e-05
19 58924210 rs6510148 0.09176000000000001
19 58924397 rs115887479 0.60068
19 58924419 rs75999937 0.048579000000000004
19 58925286 rs7260571 3.9575e-05
19 58925310 rs138189063 0.50458
19 58925379 rs149513825 0.9563799999999999
19 58925866 rs10405898 0.88841
19 58925892 rs187754900 0.084867
19 58926008 rs8102457 0.09278600000000001
19 58926345 rs35782676 0.0018932000000000003
19 58926484 rs10408853 0.52384
19 58926666 rs148558242 0.9855
19 58927215 rs12986387 0.0010939
19 58927489 rs11667723 0.0012038
19 58927664 rs142361400 0.56524
19 58927685 rs144582629 0.68552
19 58927802 rs147646300 0.45858999999999994
19 58927832 rs140856816 0.20538
19 58927855 rs150142799 0.6753100000000001
19 58927916 rs4801269 0.090076
19 58928299 rs11668757 0.001018
19 58928302 rs10423138 3.1194e-05
19 58928309 rs11668789 0.0010482000000000002
19 58928751 rs35111737 0.17315999999999998
19 58928786 rs7257872 0.091052
19 58929052 rs3764535 2.9718000000000002e-05
19 58929136 rs3764534 3.7944e-05
19 58929194 rs3764533 3.1108e-05
19 58929200 rs35652377 0.001132
19 58929219 rs74787709 0.1057
19 58929222 rs3764532 0.0011627
19 58929230 rs77235242 0.029593
19 58929303 rs79136063 0.5684600000000001
19 58929305 rs3764531 0.0010021000000000001
19 58929427 rs3088284 0.0010865
19 58930043 rs12981649 0.0011148
19 58930129 rs141599112 0.09751900000000001
19 58930177 rs7250394 0.095375
19 58930322 rs150904391 0.40081
19 58930682 rs180897973 0.72168
19 58931557 rs9304813 3.4305e-05
19 58931725 rs564079729 0.7933
19 58931885 rs11669665 0.0011484000000000002
19 58932071 rs73060302 0.014383000000000002
19 58932099 rs11084542 0.0011462
19 58932106 rs8113810 4.1923000000000005e-05
19 58932111 rs151216202 0.39865
19 58932360 rs8100259 0.096037
19 58932701 rs11084543 0.0011633
19 58932762 rs4801270 5.0708e-05
19 58932788 rs11881000 0.0012392000000000002
19 58933378 rs138415561 0.14221
19 58933392 rs35269060 0.0012212
19 58933494 rs144859848 0.091018
19 58933802 rs551875461 0.70972
19 58934093 rs10415891 0.84798
19 58934282 rs578183832 0.70654
19 58934305 rs4801585 3.9215e-05
19 58934457 rs139268562 0.048983
19 58934500 rs62117591 0.9899700000000001
19 58934528 rs4801586 4.7446999999999995e-05
19 58934685 rs11672258 0.0011482999999999999
19 58934791 rs57626054 0.8626
19 58934918 rs11673069 0.0011420999999999998
19 58934978 rs146498890 0.31309000000000003
19 58935130 rs12981875 0.0011975999999999998
19 58935291 rs58727104 0.9189700000000001
19 58935768 rs55959018 0.10254
19 58936236 rs185214312 0.47308
19 58936679 rs4801587 4.7454e-05
19 58936792 rs10406251 0.72575
19 58936978 rs4531845 0.50151
19 58937403 rs144751412 0.31254
19 58937717 rs77588134 0.47325
19 58937748 rs10415197 0.8046300000000001
19 58937836 rs11668420 0.00071078
19 58938134 rs181181600 0.76679
19 58939165 rs7409473 3.5057e-05
19 58939256 rs28581792 0.9737600000000001
19 58939389 rs7408188 3.527e-05
19 58939973 rs143449876 0.45988
19 58940052 rs117981004 0.15159
19 58940127 rs11084544 0.00072438
19 58940356 rs190429589 0.7045399999999999
19 58940514 rs11670871 0.00073256
19 58940593 rs138224905 0.17912999999999998
19 58941112 rs186195691 0.76722
19 58941653 rs146035925 0.40269
19 58941797 rs139958403 0.14526
19 58941915 rs62117593 0.1038
19 58942074 rs117909216 0.43911000000000006
19 58942225 rs7250891 0.9977600000000001
19 58942592 rs116113228 0.70207
19 58942670 rs6510151 0.9565899999999999
19 58942709 rs62117594 0.10290999999999999
19 58942969 rs76702816 0.06754600000000001
19 58943077 rs8108766 0.54062
19 58943252 rs35466206 0.00069483
19 58943402 rs34873624 0.00071251
19 58943576 rs34230465 0.00072184
19 58944402 rs1051500 3.533e-05
19 58944590 rs146287693 0.8526600000000001
19 58944778 rs78565560 0.059355
19 58945089 rs3764529 0.00068049
19 58945948 rs61731799 0.062609
19 58945962 rs9941466 0.064091
19 58946056 rs1465789 3.2096e-05
19 58946203 rs1122955 0.0010508
19 58946654 rs188768401 0.7651100000000001
19 58946833 rs11668814 0.00077667
19 58947491 rs8111029 0.90369
19 58947815 rs8099999 0.14585
19 58947885 rs191789831 0.61893
19 58947989 rs536579221 0.40369
19 58948610 rs76156338 0.49748000000000003
19 58949046 rs4801588 0.10167000000000001
19 58949108 rs138068254 0.69257
19 58949579 rs1005050 0.098499
19 58949801 rs116661376 0.5345
19 58949968 rs147180328 0.96514
19 58950092 rs10417117 0.94604
19 58950225 rs148412336 0.51983
19 58950288 rs10417193 0.39193
19 58950338 rs151122885 0.16427
19 58950383 rs62117595 0.23451
19 58950721 rs4603677 0.097695
19 58950859 rs576115032 0.75902
19 58950965 rs76013639 0.54664
19 58951096 rs45617039 0.00062194
19 58951123 rs7259841 3.9235e-05
19 58951338 rs12104263 0.9522700000000001
19 58951402 rs563360906 0.43183999999999995
19 58951632 rs11669347 0.094158
19 58951686 rs11669378 0.09584
19 58951693 rs11084545 2.9225999999999998e-05
19 58951811 rs9304814 0.00016491
19 58952247 rs111497992 0.22821
19 58952297 rs75196460 0.7909
19 58952327 rs8109437 0.43566000000000005
19 58952608 rs12979415 1.6054000000000002e-05
19 58953099 rs62117596 0.098483
19 58953319 rs6510152 8.0395e-05
19 58953379 rs139079308 0.10707
19 58953398 rs4801589 5.4148000000000004e-05
19 58953431 rs149459178 0.63007
19 58953449 rs4801271 0.097799
19 58954089 rs116102653 0.63917
19 58954537 rs574682956 0.80248
19 58954770 rs117465682 0.74637
19 58954859 rs35394955 4.5181999999999995e-05
19 58954919 rs35713506 4.1486e-05
19 58955556 rs1107399 0.098677
19 58955813 rs11668821 0.0011694000000000001
19 58956145 rs150534666 0.52772
19 58956326 rs12980907 0.0011102
19 58956888 rs12972898 0.0019278
19 58957572 rs112807223 0.54564
19 58957776 rs78434051 0.15929000000000001
19 58957926 rs10410731 0.8252299999999999
19 58958087 rs11671113 7.4663e-05
19 58958105 rs144316490 0.50859
19 58958435 rs12983165 0.0014314
19 58958546 rs115768629 0.48502
19 58958585 rs12985394 0.0014064
19 58959041 rs115971703 0.42346000000000006
19 58959457 rs10420346 0.60712
19 58960001 rs150374571 0.50043
19 58960481 rs11669741 7.7378e-05
19 58962124 rs114425199 0.66898
19 58962139 rs79196050 0.43026000000000003
19 58962598 rs76462090 0.96883
19 58962958 rs893188 0.061336
19 58963018 rs893187 0.058683000000000006
19 58963349 rs114393548 0.061125
19 58963468 rs12981083 0.0042054
19 58963475 rs12981092 0.0037234
19 58963530 rs11671005 0.0082605
19 58963962 rs140839388 0.63736
19 58964306 rs10416149 1.4013e-05
19 58964424 rs12462497 0.19276
19 58964860 rs7257999 1.8071e-05
19 58965893 rs141522296 0.33154
19 58966245 rs116048789 0.31825
19 58966644 rs60037165 0.4901
19 58966706 rs114021504 0.22716999999999998
19 58967106 rs143385944 0.62664
19 58967625 rs117582968 0.74774
19 58968875 rs1077420 2.3976e-05
19 58968927 rs1108227 0.48938999999999994
19 58969179 rs893186 3.4058000000000005e-05
19 58970099 rs4801591 0.13502999999999998
19 58970119 rs147277281 0.28795
19 58970374 rs189981267 0.33401
19 58970380 rs4801592 7.9989e-06
19 58971099 rs114609179 0.013374
19 58972252 rs4801593 0.12274000000000002
19 58973141 rs11668071 0.34465
19 58973407 rs138815843 0.030864
19 58973493 rs191544599 0.63465
19 58973929 rs2889128 8.4118e-06
19 58973970 rs148094475 0.030238
19 58974353 rs113396972 0.029712
19 58974378 rs73064225 0.1175
19 58975513 rs142728588 0.020081
19 58975608 rs139359898 0.24865
19 58975609 rs6510153 0.18623
19 58976767 rs145503130 0.71635
19 58977176 rs145001154 0.17735
19 58977463 rs4801272 5.2333e-06
19 58977554 rs3764528 1.1163e-05
19 58978071 rs77435593 0.25199
19 58978517 rs4801595 2.9879e-05
19 58979174 rs11671164 0.071629
19 58979958 rs7254178 0.21641
19 58980106 rs111415123 0.014230000000000001
19 58980484 rs748166030 0.3537
19 58982044 rs28444973 0.20555
19 58982146 rs138827188 0.15135
19 58982241 rs147519125 0.1321
19 58982447 rs61742224 0.59918
19 58983287 rs10426430 0.28129
19 58983549 rs11673703 0.06464199999999999
19 58983558 rs55875034 0.00012306
19 58983943 rs10406686 0.64515
19 58984116 rs200862686 0.77613
19 58984713 rs76225236 0.2533
19 58984815 rs73941404 0.67379
19 58985438 rs117415600 0.9232899999999999
19 58985773 rs145071194 0.22771999999999998
19 58985866 rs3794971 5.3995e-05
19 58986045 rs80083278 0.016472
19 58986063 rs191836153 0.7804399999999999
19 58986260 rs3794970 0.00014222
19 58986561 rs3794969 0.23419
19 58986799 rs3794968 8.1841e-06
19 58987129 rs80270119 0.016416999999999998
19 58987301 rs1020054 0.21288
19 58987390 rs11670125 0.00010270000000000002
19 58987684 rs148401697 0.22505
19 58988179 rs2304521 0.25545999999999996
19 58988431 rs114598333 0.86308
19 58988733 rs35375661 0.0028485
19 58989424 rs731259 0.000122
19 58989495 rs893185 6.1334000000000004e-06
19 58990176 rs77289341 0.8694
19 58990316 19:58990316_G_A 0.018088999999999997
19 58990982 rs73941455 0.70615
19 58991479 rs882609 8.6577e-06
19 58991638 rs36095067 0.22482
19 58991723 rs34732619 0.50731
19 58991781 rs61731809 0.44921000000000005
19 58991831 rs61731808 0.7651399999999999
19 58991874 rs34229399 0.42251000000000005
19 58991900 rs882610 0.088764
19 58992220 rs3752112 4.757600000000001e-05
19 58992553 rs7245854 0.0029495000000000003
19 58992896 rs11670764 4.5381e-06
19 58993022 rs148872015 0.55289
19 58993205 rs143505568 0.61929
19 58993254 rs77498029 8.6775e-05
19 58993994 rs75814085 0.14431
19 58994588 rs73064302 0.00010618
19 58994650 rs62117599 4.2236000000000005e-06
19 58994727 rs140773029 0.2208
19 58995042 rs73066206 0.084977
19 58995053 rs11673101 9.852799999999999e-05
19 58995173 rs144711622 0.55029
19 58995509 rs114625744 0.2373
19 58995728 rs4801599 7.3008e-07
19 58996059 rs12459216 0.8467
19 58996146 rs144953497 0.97662
19 58996147 rs78337360 0.9632
19 58996297 rs187951701 0.076934
19 58996454 rs34488713 0.0032008
19 58997079 rs73066211 8.6537e-05
19 58998327 rs56390031 0.063189
19 58998464 rs8110135 0.068092
19 58998901 rs11669464 3.5721e-05
19 58998914 rs11669526 3.8709e-05
19 58999087 rs149975693 0.83241
19 58999350 rs2033711 1.7918000000000001e-06
19 58999821 rs55992602 1.1966e-06
19 58999840 rs35631681 4.0165e-05
19 59000144 rs143171286 0.10500999999999999
19 59000273 rs4801273 2.9905e-06
19 59000456 rs4801600 0.089949
19 59001120 rs112901723 0.72117
19 59001316 rs115176008 0.27844
19 59001641 rs35219954 0.15855
19 59002009 rs12980430 0.13144
19 59002245 rs112828783 0.20936999999999997
19 59002821 rs573851702 0.8115
19 59003632 rs11668201 3.0119e-05
19 59003830 rs11669127 2.9749e-05
19 59004718 rs115119798 0.46012
19 59006150 rs56243535 1.9953e-05
19 59006157 rs56026876 2.1598000000000002e-05
19 59006510 rs10415547 0.0020496
19 59006670 rs113113409 0.019934999999999998
19 59006791 rs113531246 0.018189
19 59006924 rs11672609 2.872e-07
19 59006984 rs11672614 3.0177e-07
19 59007113 rs565603531 0.08267999999999999
19 59007203 rs11672730 2.8779e-07
19 59007332 rs7257212 1.1999e-06
19 59007566 rs55652736 2.6578000000000004e-07
19 59007662 rs112648745 0.016572
19 59008213 rs73066226 5.6577e-07
19 59008259 rs78282402 0.61239
19 59008566 rs4801601 0.00011052
19 59008691 rs10402599 0.81135
19 59009109 rs11671092 2.7485e-07
19 59009166 rs36115826 0.0020375
19 59009315 rs771372437 0.41662
19 59009674 rs55928441 3.0396000000000003e-07
19 59009949 rs145618122 0.40609
19 59010399 rs111249515 0.018996000000000002
19 59010439 rs80330258 0.90354
19 59010524 rs77807864 0.014355000000000001
19 59010593 rs4801274 0.3083
19 59010819 rs2278497 8.7932e-07
19 59010910 rs147464959 0.05534
19 59011128 rs182490655 0.083784
19 59011204 rs76693695 0.03442
19 59011563 rs55812926 0.1226
19 59012027 rs149709084 0.028921
19 59012675 rs142672241 0.2619
19 59013134 rs880162 0.00010801
19 59013196 rs73066228 2.3644000000000002e-07
19 59013551 rs113673533 0.032469
19 59013831 rs114836656 0.73423
19 59014268 rs151117504 0.30724
19 59014356 rs140655709 0.044476
19 59014899 rs12986246 0.26629
19 59015281 rs112542043 0.007727600000000001
19 59015297 rs62117658 0.82106
19 59016790 rs35983901 1.0257999999999999e-05
19 59017228 rs150895140 0.34600000000000003
19 59017285 rs139717109 0.036227999999999996
19 59017417 rs11486499 7.9899e-07
19 59017640 rs11670192 5.23e-07
19 59018390 rs113267181 0.097576
19 59018503 rs28821001 0.093635
19 59018821 rs11672212 0.05786
19 59019452 rs9636162 0.09916799999999999
19 59019464 rs112718450 0.010572
19 59019531 rs9797792 0.51553
19 59019648 rs151265692 0.3425
19 59019664 rs2889129 0.10339000000000001
19 59019785 rs2375591 0.10032999999999999
19 59019899 rs149971911 0.010575
19 59019970 rs10424647 0.8217200000000001
19 59019974 rs112893517 0.032293
19 59020597 rs2003104 0.84435
19 59020613 rs2003103 0.21234
19 59021049 rs4801275 0.05725499999999999
19 59021700 rs112884284 0.0097116
19 59023166 rs34415062 1.6342e-06
19 59023174 rs35350976 2.3318000000000003e-06
19 59024646 rs56225452 1.0512e-06
19 59025339 19:59025339_G_A 0.9605100000000001
19 59025685 rs4801602 0.10259000000000001
19 59026750 rs113210407 0.029497000000000002
19 59027453 rs118098469 0.16328
19 59027481 rs73066236 0.3788
19 59027672 rs74733770 0.08552799999999999
19 59027815 rs201286708 0.69853
19 59028065 rs140831088 0.21458000000000002
19 59028162 rs35430780 0.16277
19 59028585 rs11545185 9.337e-06
19 59028685 rs142660308 0.38758000000000004
19 59029306 rs13345233 1.4134e-07
19 59030580 rs11670864 1.2701000000000001e-06
19 59032580 rs184987534 0.28735
19 59033090 rs114010819 0.95047
19 59033153 rs73066244 0.19834000000000002
19 59033261 rs7248520 0.83326
19 59033341 rs11666790 1.3594999999999999e-06
19 59033460 rs28402833 0.9929600000000001
19 59033543 rs564596730 0.08738
19 59033674 rs62114660 0.11689000000000001
19 59034260 rs74632421 0.37588
19 59034484 rs28711563 0.9134399999999999
19 59034623 rs113371576 0.0070579
19 59034776 rs148149626 0.23039
19 59035557 rs62114663 0.36930999999999997
19 59035589 rs113742427 0.19124000000000002
19 59035989 rs12972201 0.11763
19 59036273 rs10432292 0.11519000000000001
19 59036450 rs111502695 0.012351
19 59037147 rs78822215 0.23517
19 59037321 rs143266577 0.040806
19 59037869 rs186671183 0.42243
19 59037871 rs191176020 0.31995
19 59038047 rs561202551 0.012313
19 59038857 rs113473247 0.019635
19 59038884 rs73066245 0.0090126
19 59038895 rs11673465 9.402799999999999e-05
19 59039057 rs146847233 0.31118
19 59039699 rs6510156 0.55033
19 59040829 rs113944469 0.011241
19 59041340 rs111896729 0.010898
19 59041723 rs7253433 0.52208
19 59042259 rs150434806 0.95645
19 59042414 rs113288725 0.0093008
19 59043392 rs762640404 0.17885
19 59043748 rs77688534 0.088391
19 59044327 rs113234672 0.11427999999999999
19 59044386 rs149903458 0.010926
19 59044527 rs144940760 0.01223
19 59044566 rs3997357 0.40697
19 59044603 rs114283205 0.34668000000000004
19 59045904 rs56268519 0.48427
19 59046337 rs151087635 0.61524
19 59047245 rs7255680 0.69266
19 59047789 rs533598056 0.012922999999999999
19 59048311 rs12052202 0.41098999999999997
19 59048754 rs55716128 5.905e-07
19 59048992 rs112892833 0.012515
19 59049002 rs111418804 0.02696
19 59049021 rs112046306 0.026793
19 59049419 rs11878827 0.63092
19 59049843 rs149187465 0.010426999999999999
19 59050143 19:59050143_G_A 0.7643399999999999
19 59050356 rs73066251 0.31784
19 59052105 rs7255068 0.1391
19 59052524 rs531857645 0.012487999999999999
19 59053245 rs531893706 0.012515
19 59054288 rs73068312 0.16674
19 59054577 rs146371993 0.27809
19 59054938 rs113128193 0.11019000000000001
19 59055019 rs182410350 0.6581199999999999
19 59055112 rs75217180 0.42044
19 59055539 rs73580853 0.32205
19 59056752 rs2305122 8.655400000000001e-07
19 59056991 rs77659740 0.10686
19 59057002 rs73580857 0.89905
19 59058083 rs7249714 1.9376e-06
19 59058173 rs60691190 0.24784
19 59058199 rs7249841 0.4735
19 59058286 rs113313324 0.0112
19 59058693 rs3816329 7.155500000000001e-07
19 59059519 rs61738781 0.8102600000000001
19 59059717 rs145844294 0.20929
19 59059729 rs2305120 0.41308
19 59061357 rs3816328 0.10647000000000001
19 59061392 rs139895246 0.62256
19 59061422 rs73580861 0.63712
19 59062259 rs11669345 4.9573e-07
19 59063157 rs75672965 0.8839
19 59064327 rs10414125 0.11264
19 59064636 rs11882226 0.12707000000000002
19 59064939 rs7257669 0.00011095
19 59065154 rs77358356 0.089259
19 59065952 rs873104 0.24238
19 59066391 rs45454797 0.21719000000000002
19 59066730 rs3810125 0.39541
19 59066918 rs895374 5.3137e-06
19 59067585 rs8105097 0.76784
19 59067623 rs2305119 2.5831e-05
19 59068485 rs137890092 0.40129000000000004
19 59068996 rs3794966 5.8652e-07
19 59069214 rs28699075 0.72042
19 59069353 rs3794965 2.4522e-06
19 59070578 rs79639614 0.17787
19 59070916 rs3794964 0.0001112
19 59071321 rs10413586 2.443e-06
19 59071380 rs61022167 0.075012
19 59071798 rs58779522 0.76789
19 59072020 rs73068321 0.22751
19 59072286 rs111256550 0.018077
19 59072371 rs62114668 0.34665999999999997
19 59072396 rs28575910 0.065292
19 59072538 rs112731873 0.017534
19 59072562 rs143929718 0.20135
19 59072684 rs8103813 6.1052e-07
19 59072779 rs146473960 0.89394
19 59073613 rs73562704 0.06643500000000001
19 59073801 rs147818011 0.50254
19 59074429 rs2228162 0.12440999999999999
19 59074653 rs4756 0.00013905
19 59074672 rs12104253 0.9238200000000001
19 59074855 rs35126926 0.016878
19 59075115 rs1058144 0.078891
19 59075660 rs575306142 0.89635
19 59075668 rs76783065 0.11273
19 59075820 rs112971154 0.015576
19 59076749 rs34282528 0.0035126
19 59076912 rs77101457 0.10743
19 59078073 rs2396991 0.75803
19 59079096 rs73068325 1.0166e-06
19 59079257 rs7248800 0.6561100000000001
19 59079334 rs73068327 0.20634
19 59079933 rs10414293 0.8804200000000001
19 59080070 rs78397785 0.094187
19 59080166 rs111768258 0.015784
19 59080198 rs7253066 0.069244
19 59080325 rs73068329 8.629200000000001e-07
19 59080508 rs113966787 0.009735899999999999
19 59082368 rs3752111 0.23993
19 59082525 rs148179129 0.8914
19 59082605 rs3752109 0.24039000000000002
19 59082835 rs10422621 0.83686
19 59083268 rs77537775 0.38842
19 59083594 rs735278 0.00014958
19 59083642 rs73562719 0.80913
19 59084181 rs1867727 0.20690999999999998
19 59084306 rs1867726 0.2148
19 59084894 rs118127667 0.24915
19 59085045 rs55987239 1.01e-06
19 59085089 rs55800631 2.8173e-06
19 59085161 rs61012884 0.37001999999999996
19 59085461 rs76582686 0.39765
19 59085666 rs13344155 0.080649
19 59085982 rs148972143 0.16875
19 59087178 rs9677034 0.93411
19 59087479 rs8100253 0.07331900000000001
19 59087551 rs4801609 0.19560999999999998
19 59087631 rs142882288 0.8275
19 59088450 rs111785442 0.089986
19 59088905 rs138599167 0.25031
19 59089308 rs73068335 1.0448000000000001e-06
19 59089792 rs12462495 0.12372999999999999
19 59090123 rs113245497 0.35949000000000003
19 59090227 rs1550813 2.9339999999999998e-06
19 59090263 rs73068339 0.20206
19 59090423 rs1550812 0.36067
19 59091044 rs79606849 0.44903999999999994
19 59091380 rs8102541 3.0135e-06
19 59091693 rs143674899 0.56626
19 59091717 rs73068342 0.18625
19 59091808 rs79600852 0.33107
19 59091928 rs4801610 0.42801999999999996
19 59092122 rs4801611 3.0372000000000003e-06
19 59092309 rs10425338 0.9938799999999999
19 59092739 rs145833637 0.41527
19 59092800 rs111406486 0.008391599999999999
19 59093187 rs144845439 0.38632
19 59093239 rs10448 1.0392999999999999e-07
19 59093464 rs7910 1.0937999999999999e-07
19 59093484 rs3499 1.0154e-07
19 59093696 rs113586201 0.0048667
19 59093778 rs572260666 0.074975
19 59093973 rs184706594 0.28983000000000003
19 59094136 rs8106379 0.15153
19 59094374 rs76447935 0.31137
19 59094453 rs3211055 1.1785e-07
19 59094709 rs3752108 1.1339e-07
19 59095061 rs10420916 0.9617600000000001
19 59095126 rs8110595 2.8769999999999997e-06
19 59095365 rs57876899 0.9768600000000001
19 59095570 rs77999299 0.11047
