CHR BP SNP P
3 140983891 rs1026716 0.15491
3 140984237 rs114706478 0.43972
3 140984317 rs16851264 0.37761999999999996
3 140984326 rs2311733 0.49137
3 140984442 rs530121443 0.029501999999999997
3 140984547 rs548982984 0.12668
3 140984584 rs72982519 0.35211
3 140984705 rs1318221 0.2493
3 140984908 rs115787708 0.47966000000000003
3 140985143 rs79466053 0.24974000000000002
3 140985447 rs555925961 0.5926899999999999
3 140985674 rs72982520 0.37524
3 140985697 rs2292404 0.11619000000000002
3 140986109 rs2292403 0.4279
3 140986153 rs4683398 0.81288
3 140986296 rs113542946 0.84821
3 140986426 rs73869549 0.15031
3 140986738 rs2311734 0.81289
3 140986917 rs2086181 0.34769
3 140986951 rs149990325 0.48198
3 140987156 rs1110270 0.3267
3 140987256 rs77887823 0.44843999999999995
3 140987278 rs9878866 0.8061
3 140987325 rs59752258 0.29539
3 140987789 rs73232946 0.040576999999999995
3 140987820 rs72982581 0.5007699999999999
3 140988009 rs12639560 0.6723600000000001
3 140988528 rs6769909 0.13903
3 140988790 rs6794495 0.22863000000000003
3 140989016 rs115542464 0.011385
3 140989251 rs72982583 0.67945
3 140990283 rs141820682 0.32245999999999997
3 140990329 rs56165506 0.30139
3 140990390 rs56192713 0.30254000000000003
3 140990415 rs16851272 0.3161
3 140990456 rs9819731 0.13787
3 140990464 rs77947787 0.40814
3 140990629 rs16851274 0.31486
3 140990784 rs899346 0.31508
3 140990826 rs73869551 0.47821
3 140990867 rs899345 0.31518
3 140990998 rs76800937 0.6883
3 140991034 rs16851277 0.5056
3 140991047 rs73869553 0.2516
3 140991416 rs4596121 0.31477
3 140991462 rs4384928 0.31082
3 140991687 rs28480447 0.30985999999999997
3 140991798 rs4683590 0.34093
3 140991818 rs115351594 0.1734
3 140991909 rs28671450 0.33598
3 140992001 rs76215976 0.87308
3 140992260 rs4683591 0.33888
3 140992291 rs35730148 0.92979
3 140992373 rs72982585 0.47955
3 140992472 rs78999971 0.37805
3 140992753 rs4683592 0.65805
3 140992826 rs76390151 0.38345
3 140992942 rs73232948 0.038214
3 140993166 rs61618039 0.50636
3 140993404 rs186619058 0.84745
3 140993544 rs57231754 0.23217
3 140993665 rs57865508 0.27053
3 140993711 rs11715472 0.75333
3 140993720 rs146326631 0.12736
3 140993745 rs72982588 0.5002
3 140993802 rs73869554 0.19466
3 140994075 rs72982591 0.44806
3 140994172 rs4683593 0.33828
3 140994221 rs9840622 0.1038
3 140994286 rs4683399 0.04792
3 140994684 rs71314582 0.9115200000000001
3 140994727 rs73232953 0.35889
3 140994846 rs78782122 0.89202
3 140994902 rs73232954 0.36154000000000003
3 140995041 rs6772725 0.045888
3 140995065 rs6772975 0.32383
3 140995381 rs113123582 0.76098
3 140995486 rs114738963 0.75837
3 140995614 rs60025335 0.088742
3 140995801 rs6775902 0.047077
3 140995898 rs11921252 0.047033
3 140995904 rs73232956 0.052724
3 140995962 rs12631017 0.06464400000000001
3 140996081 rs60505234 0.088765
3 140996135 rs74864290 0.69553
3 140996182 rs73869558 0.48606000000000005
3 140996363 rs72982595 0.08959500000000001
3 140996410 rs10935425 0.099151
3 140996601 rs72982597 0.088274
3 140996665 rs116751026 0.4602
3 140996829 rs781120673 0.035675
3 140996969 rs6803826 0.67504
3 140996993 rs10935426 0.37698000000000004
3 140997024 rs12488569 0.10407999999999999
3 140997031 rs6792660 0.13433
3 140997050 rs79266606 0.5735100000000001
3 140997245 rs116806390 0.63289
3 140997320 rs11556022 0.081298
3 140997584 rs73232960 0.056052
3 140997625 rs1877223 0.077525
3 140997712 rs116393136 0.59337
3 140997744 rs146307294 0.27433
3 140997752 rs16851294 0.08919500000000001
3 140997785 rs191454789 0.40357
3 140997806 rs76979829 0.63922
3 140997836 rs369687602 0.23654
3 140998063 rs78228553 0.64175
3 140998113 rs75586664 0.6941
3 140998214 rs13087169 0.035253
3 140998487 rs7643005 0.62634
3 140998529 rs111683103 0.85091
3 140998685 rs13088065 0.066778
3 140998740 rs76672575 0.49536
3 140998899 rs73869560 0.13584000000000002
3 140998958 rs57758275 0.065741
3 140998984 rs75805757 0.46725
3 140999116 rs6786620 0.083244
3 140999195 rs80209660 0.7044
3 140999276 rs6786821 0.053203
3 140999500 rs80053626 0.06533
3 140999512 rs78019878 0.84247
3 140999551 rs6802357 0.5936
3 140999642 rs78254537 0.058311
3 140999765 rs77128543 0.05822000000000001
3 140999973 rs6790263 0.43256000000000006
3 141000153 rs13433995 0.55172
3 141000175 rs61710141 0.093818
3 141000231 rs56091384 0.40856
3 141000247 rs59417028 0.15997999999999998
3 141000325 rs55928634 0.06726900000000001
3 141000992 rs145614366 0.56181
3 141001001 rs115454458 0.041848
3 141001040 rs78415444 0.59521
3 141001083 rs72984505 0.069381
3 141001084 rs73869562 0.19785999999999998
3 141001448 rs73869564 0.32065
3 141001604 rs191810652 0.86387
3 141001610 rs112263481 0.8251299999999999
3 141001655 rs74490723 0.39916999999999997
3 141001684 rs938071 0.12982
3 141001957 rs78604337 0.63756
3 141002003 rs187746458 0.28181
3 141002130 rs182632295 0.8702700000000001
3 141002324 rs542425753 0.7109
3 141002564 rs10935427 0.09427200000000001
3 141002639 rs79600168 0.77595
3 141002641 rs10935428 0.12865
3 141003094 rs9880195 0.80077
3 141003158 rs60131538 0.031999
3 141003249 rs16851304 0.062498000000000005
3 141003354 rs1993904 0.9073399999999999
3 141003821 rs4461396 0.020137000000000002
3 141004033 rs2137015 0.056538
3 141004085 rs112519729 0.47243999999999997
3 141004313 rs549915782 0.8718
3 141004369 rs11709727 0.035411
3 141004612 rs11717615 0.062153999999999994
3 141004735 rs73869568 0.1221
3 141004922 rs77564161 0.89722
3 141005366 rs113062532 0.42502
3 141005405 rs139523702 0.45991000000000004
3 141005486 rs9816975 0.090763
3 141005574 rs7643346 0.20501
3 141005867 rs1567557 0.068814
3 141006162 rs34601454 0.52663
3 141006582 rs16851316 0.064446
3 141006658 rs11708566 0.013888999999999999
3 141007003 rs6779015 0.23114
3 141007122 rs6791988 0.014165
3 141007221 rs6803258 0.8639700000000001
3 141007227 rs575261734 0.19473
3 141007602 rs55964533 0.068466
3 141007644 rs56357034 0.22637
3 141007721 rs6439995 0.9919899999999999
3 141007758 rs147320784 0.88041
3 141007883 rs72984518 0.8985700000000001
3 141008111 rs149448662 0.21066999999999997
3 141008219 rs1567559 0.027312
3 141008637 rs61370146 0.035625
3 141008787 rs74487336 0.44405
3 141009247 rs72984519 0.97235
3 141009314 rs4683400 0.5121600000000001
3 141009418 rs9838061 0.046896
3 141010132 rs115547793 0.54199
3 141010348 rs9881024 0.017591
3 141010701 rs139306462 0.55921
3 141011775 rs147978864 0.32693
3 141012258 rs769692618 0.72009
3 141013268 rs8800 0.74563
3 141013617 rs6439996 0.82596
3 141016457 rs62281972 0.31968
3 141017750 rs62281973 0.40134000000000003
3 141017864 rs144711968 0.37811999999999996
3 141018106 rs150460011 0.47358
3 141019858 rs192388068 0.17428
3 141020258 rs60840760 0.8065399999999999
3 141020394 rs35146445 0.38132
3 141020423 rs74773338 0.1882
3 141020528 rs11918872 0.35362
3 141020782 rs11918978 0.97021
3 141021927 rs72986503 0.75079
3 141021977 rs2048458 0.10639000000000001
3 141022270 rs4683401 0.76103
3 141022487 rs11917422 0.63447
3 141022610 rs62281976 0.79302
3 141023856 rs74494598 0.014331
3 141024646 rs62281979 0.82775
3 141024948 rs565926582 0.84706
3 141025062 rs140723583 0.007267
3 141025447 rs28514740 0.0078339
3 141025457 rs78766101 0.008897
3 141025815 rs115542258 0.94957
3 141026060 rs114924861 0.010169
3 141026169 rs78887648 0.0083807
3 141026385 rs11927391 0.83967
3 141027219 rs142133121 0.11238
3 141027332 rs76915228 0.0068411999999999995
3 141027614 rs9968231 0.84219
3 141027798 rs115861208 0.75367
3 141028112 rs76614467 0.16113
3 141028316 rs78188647 0.0066397999999999995
3 141029041 rs140086573 0.67183
3 141029224 rs7638533 0.17482999999999999
3 141029729 rs77293294 0.004629100000000001
3 141029860 rs955216 0.1213
3 141030065 rs6439997 0.010423
3 141030330 rs6773133 0.1785
3 141030521 rs62281981 0.90095
3 141030543 rs12630390 0.12208
3 141030793 rs62281982 0.87561
3 141031414 rs72632315 0.76477
3 141031422 rs12491228 0.27985
3 141031925 rs78057979 0.23104
3 141032086 rs114203060 0.013045
3 141032854 rs573670481 0.19018
3 141033009 rs138816700 0.6035
3 141033016 rs77456696 0.48821000000000003
3 141033481 rs9871963 7.6858e-36
3 141033563 rs190771212 0.019049
3 141033770 rs546642681 0.22457
3 141033794 rs117765458 0.77444
3 141034491 rs187930735 0.0017042000000000001
3 141035122 rs6771916 6.7678000000000005e-25
3 141035162 rs150686069 0.38534
3 141035181 rs770520953 0.88034
3 141036666 rs80045695 0.34438
3 141036755 rs60036952 0.81274
3 141037030 rs13324219 1.9972e-32
3 141037263 rs143787646 0.83425
3 141037705 rs150999744 0.41473999999999994
3 141038088 rs59539710 6.0041e-27
3 141038635 rs144338730 0.7075199999999999
3 141039247 rs75378591 0.62836
3 141039349 rs1511380 1.9105e-32
3 141040055 rs16851341 0.22696999999999998
3 141040304 rs9843461 2.5679e-26
3 141040356 rs75472844 0.95739
3 141040654 rs6439999 1.7662e-29
3 141041252 rs56054141 0.28055
3 141041282 rs55923528 0.28302
3 141041698 rs4132036 0.27953
3 141041789 rs4325905 8.236e-33
3 141042222 rs6777886 1.3401e-26
3 141042363 rs6778010 1.7645999999999999e-28
3 141042825 rs74561820 0.72864
3 141043095 rs79981694 0.064317
3 141043333 rs4683598 0.68542
3 141043763 rs4683599 0.70007
3 141043827 rs554795919 0.16871
3 141044944 rs73232970 0.29301
3 141045564 rs78823519 0.69721
3 141045917 rs7636469 3.6533999999999996e-26
3 141046161 rs116325609 0.94995
3 141046507 rs7616781 8.337200000000001e-33
3 141046859 rs4683600 6.701000000000001e-28
3 141046870 rs73869581 0.25665
3 141047072 rs6795197 2.4446e-26
3 141047088 rs6795377 3.1282999999999997e-26
3 141047509 rs114521480 0.58228
3 141047735 rs79450253 0.22389
3 141048505 rs74956472 0.23256999999999997
3 141049036 rs79428698 0.47926
3 141049219 rs2102557 0.057088
3 141049321 rs1983233 2.5095999999999996e-29
3 141049375 rs189278226 0.5536399999999999
3 141049527 rs55805291 0.33029000000000003
3 141049791 rs1983234 0.20126
3 141049964 rs1983235 4.771e-28
3 141050199 rs74488401 0.76037
3 141050392 rs79028236 0.79992
3 141050766 rs117365757 0.28608
3 141050805 rs6765857 3.0995999999999993e-27
3 141050915 rs535887153 0.65265
3 141051120 rs79531015 0.092793
3 141051565 rs139874828 0.0004128
3 141051952 rs79600090 0.31118
3 141052532 rs562829795 0.27518000000000004
3 141052698 rs116072908 0.28449
3 141052830 rs17787621 0.23756
3 141053593 rs16851345 0.9489200000000001
3 141053690 rs9829470 2.0794999999999995e-34
3 141053757 rs13059582 0.11395
3 141054096 rs925418 0.63808
3 141054355 rs183595350 0.6340600000000001
3 141054441 rs62281996 0.27393
3 141054579 rs2871887 1.1286999999999999e-29
3 141055204 rs41379945 0.99013
3 141055632 rs116486807 0.32511999999999996
3 141055841 rs13434224 1.3100999999999998e-34
3 141055901 rs6807533 0.3648
3 141056113 rs72986540 0.33516
3 141056407 rs77630894 0.31040999999999996
3 141056646 rs13088239 1.2367e-29
3 141056659 rs77575849 0.16630999999999999
3 141056797 rs72986545 0.29958
3 141056808 rs551141253 0.14211
3 141057434 rs139915086 0.18557
3 141057572 rs13094525 6.0636e-30
3 141058002 rs73232977 0.31651999999999997
3 141058647 rs77961354 0.10919000000000001
3 141058687 rs4683602 0.30921
3 141059511 rs76438269 0.10928
3 141059515 rs13063736 3.9665e-38
3 141059596 rs111753814 0.49456000000000006
3 141059696 rs112587788 0.29186
3 141059948 rs74763798 0.093697
3 141060100 rs77317110 0.46058999999999994
3 141060397 rs111557926 0.2942
3 141060964 rs13074489 0.10552
3 141061415 rs9823774 5.355e-38
3 141061438 rs9823785 2.7798e-38
3 141061456 rs116488167 0.78906
3 141061807 rs111427060 0.057128
3 141061997 rs143099818 0.8425600000000001
3 141062070 rs13080720 9.1351e-07
3 141062115 rs76405252 0.30389
3 141062133 rs115615255 0.12376
3 141062962 rs116629994 8.373e-06
3 141063010 rs78803496 0.53823
3 141063164 rs6765238 2.1115e-36
3 141063306 rs6765363 0.6371
3 141063716 rs4536797 3.5176999999999996e-37
3 141063953 rs9838625 1.0014999999999999e-37
3 141064171 rs116581850 0.36366
3 141064172 rs114060190 0.3687
3 141064550 rs56172250 0.2611
3 141064857 3:141064857_A_G 0.9441799999999999
3 141065008 rs59199312 0.38994
3 141065714 rs78858345 0.8814799999999999
3 141065859 rs80216859 0.7206
3 141066686 rs138164824 0.49262
3 141066886 rs7624559 0.041371
3 141066903 rs754106306 0.28137
3 141067088 rs34655123 1.1087e-08
3 141067129 rs77133594 0.69134
3 141067584 rs6781636 4.4971e-40
3 141067695 rs56199815 0.6501399999999999
3 141068273 rs78143611 0.72834
3 141068476 rs117875517 0.45941000000000004
3 141069624 rs115550792 0.8451
3 141069698 rs114446696 0.9940200000000001
3 141069782 rs13092660 0.40725
3 141069946 rs72988318 0.61426
3 141070466 rs138653159 0.55008
3 141070501 rs149339060 0.56504
3 141070891 rs778409405 0.15239
3 141071293 rs34169305 1.6084e-42
3 141071716 rs187019419 0.87661
3 141071966 rs73869587 0.7811899999999999
3 141072278 rs2311847 0.40781
3 141072289 rs1346408 3.0073999999999994e-42
3 141072661 rs56342944 0.6162
3 141072666 rs726838 4.5285999999999996e-42
3 141073479 rs183645015 0.87197
3 141073675 rs6784404 9.329299999999998e-43
3 141073725 rs79693587 0.14128
3 141074209 rs115361010 0.40271999999999997
3 141074362 rs114864246 0.8215
3 141074527 rs77602818 0.65713
3 141074962 rs13095453 3.9066e-42
3 141075124 rs73869599 0.62068
3 141075172 rs371544268 0.81285
3 141075376 rs116347589 0.30863
3 141075669 rs78019542 0.65313
3 141075936 rs114299860 1.3358000000000002e-06
3 141076084 rs9866391 6.8072e-44
3 141076129 rs139421606 0.73575
3 141076458 rs147577611 0.38765
3 141076507 rs113962490 0.2249
3 141076825 rs16851367 0.50357
3 141076839 rs145559216 0.23076999999999998
3 141077015 rs71314585 0.081457
3 141077093 rs73238069 0.15639
3 141077221 rs6795398 0.58983
3 141077615 rs13065569 5.2724999999999996e-42
3 141077973 rs59876827 0.8758100000000001
3 141078059 rs77362317 0.047547000000000006
3 141078188 rs9857275 3.6067e-42
3 141078228 rs116004618 0.47034
3 141078540 rs112599109 0.34938
3 141078660 rs11924425 0.58726
3 141078984 rs11925260 0.58975
3 141079036 rs77010587 0.63955
3 141079057 rs116834214 0.40109
3 141079309 rs7613516 1.4525999999999998e-41
3 141080008 rs73869601 0.29386999999999996
3 141080692 rs146504643 0.8439399999999999
3 141080954 rs6790603 0.24594000000000002
3 141080960 rs78857379 0.70071
3 141081268 rs79958974 0.23673000000000002
3 141081402 rs112545773 0.56889
3 141081632 rs72988323 0.5143
3 141081822 rs9874459 0.51499
3 141082283 rs7638882 0.64151
3 141082921 rs115017239 0.6171
3 141082940 rs75678496 0.30753
3 141082990 rs13100711 3.0123e-43
3 141082991 rs114661755 0.6291399999999999
3 141083007 rs574385854 0.98219
3 141083379 rs141020700 0.61366
3 141083408 rs146767786 0.65377
3 141083433 rs139289095 0.28124
3 141083485 rs6800255 0.532
3 141084662 rs9834592 0.9787899999999999
3 141085248 rs573327488 0.6763899999999999
3 141085249 rs540605873 0.6944
3 141085727 rs116415647 0.35968
3 141085734 rs571911055 0.37749
3 141085972 rs6440001 6.402600000000001e-43
3 141086069 rs144478038 0.8402
3 141086083 rs78502471 0.096965
3 141086476 rs75633703 0.76783
3 141087388 rs182941099 0.34343
3 141087623 rs1863868 2.1219e-41
3 141087670 rs76473989 0.26932
3 141088851 rs540872778 0.012195000000000001
3 141089031 rs147925737 0.51203
3 141089418 rs115198977 0.68497
3 141091356 rs116086535 0.0014651
3 141091362 rs145980486 0.00087856
3 141091371 rs139907965 0.64307
3 141091595 rs13098180 9.7049e-44
3 141092050 rs4683603 1.0484e-41
3 141092497 rs55675250 0.75551
3 141092645 rs56259972 0.7143
3 141092890 rs185624711 0.79824
3 141093056 rs147909140 0.84809
3 141093197 rs145381754 0.0456
3 141093285 rs7624084 3.7081999999999995e-45
3 141093896 rs56694596 0.97077
3 141094007 rs9858591 0.61882
3 141094088 rs143415227 0.43433
3 141094103 rs116711186 0.085995
3 141094140 rs147977850 0.9567
3 141094209 rs6440003 4.2000000000000005e-46
3 141094238 rs142384473 0.8676
3 141094334 rs77022697 0.84824
3 141094338 rs75098673 0.65277
3 141094647 rs4683604 0.0073991
3 141094769 rs4683605 4.4473999999999995e-46
3 141095061 rs115370870 0.65482
3 141095242 rs77316854 0.03909
3 141095372 rs13067032 1.2052e-42
3 141095427 rs116669409 0.54633
3 141095724 rs13068065 8.503200000000001e-43
3 141095949 rs9858603 8.7787e-43
3 141096071 rs78606994 0.0087646
3 141096185 rs9821337 9.345499999999999e-43
3 141096216 rs74734425 0.65676
3 141096518 rs77753509 0.047795
3 141096639 rs144171282 0.82319
3 141096736 rs9822195 8.645299999999998e-43
3 141096755 rs9822327 8.2308e-43
3 141096786 rs72988337 0.040303
3 141097735 rs115044864 0.54484
3 141098069 rs72988340 0.07233300000000001
3 141098548 rs116832179 0.54951
3 141099674 rs114528434 0.9380700000000001
3 141100280 rs6764769 2.861e-46
3 141100361 rs114318102 0.39369
3 141100733 rs79705096 0.048737
3 141100882 rs60666814 0.059326
3 141101567 rs148004617 0.034697000000000006
3 141101781 rs80060248 0.90955
3 141101839 rs56243018 0.57114
3 141101961 rs9853018 1.2622e-46
3 141102130 rs118108151 0.86634
3 141102556 rs116588161 0.56985
3 141102560 rs75367758 0.55243
3 141102833 rs6763931 1.2587e-46
3 141103172 rs533943716 0.082452
3 141103299 rs75833696 0.0043709
3 141103966 rs115766953 0.092119
3 141104180 rs6767786 1.7221e-42
3 141104233 rs115197734 0.76937
3 141105570 rs724016 9.859799999999999e-47
3 141105842 rs116110549 0.09306299999999999
3 141106063 rs7632381 1.5832e-46
3 141106277 rs573115181 0.1269
3 141106954 rs13077048 2.3384e-41
3 141106955 rs73872710 0.011093
3 141107101 rs182927330 0.012025
3 141107461 rs186445238 0.93834
3 141107612 rs10513136 0.012824
3 141107661 rs557768491 0.46103999999999995
3 141108338 rs55715288 0.52608
3 141108747 rs188050065 0.63551
3 141108770 rs192255930 0.016828
3 141109321 rs6808936 4.0553e-47
3 141109348 rs6785012 3.7103999999999997e-47
3 141109375 rs540384409 0.5281899999999999
3 141109383 rs139722565 0.77717
3 141110025 rs79361824 0.90789
3 141110074 rs4683606 1.3096e-46
3 141110284 rs764530421 0.46143999999999996
3 141110287 rs73872711 0.001137
3 141111009 rs76983194 0.00083013
3 141111836 rs6776453 0.97495
3 141112487 rs7625729 0.8053
3 141112594 rs73238072 0.736
3 141113316 rs149552600 0.98951
3 141113593 rs114387424 0.30645
3 141113743 rs115495871 0.30183000000000004
3 141113748 rs74809925 0.63989
3 141114013 rs114097136 2.1319e-06
3 141114208 rs113170464 0.8504200000000001
3 141114293 rs6807935 2.9886e-42
3 141114334 rs773610734 0.48313
3 141114894 rs75828411 0.9123899999999999
3 141115219 rs1582874 1.6875e-46
3 141115541 rs115472501 0.54419
3 141115813 rs116778417 0.87161
3 141116870 rs12054156 0.0083136
3 141117003 rs370345707 0.9978899999999999
3 141118028 rs13068733 1.0798999999999999e-46
3 141118232 rs74888405 0.00099274
3 141120140 rs150912628 0.55373
3 141120179 rs547880358 0.22183000000000003
3 141120481 rs73872712 0.78797
3 141120550 rs191290933 0.9220700000000001
3 141120591 rs73872713 0.77885
3 141121124 3:141121124_G_C 0.79367
3 141121379 rs533740191 0.82047
3 141121493 rs147365702 0.68104
3 141121504 rs193165206 0.5421
3 141121814 rs2871960 1.1879e-46
3 141121855 rs115219969 0.31214000000000003
3 141122569 rs114976938 0.018524000000000002
3 141122654 rs115940815 0.015463999999999999
3 141122886 rs777627467 0.23956
3 141122931 rs144991067 0.41758999999999996
3 141123248 rs75350598 0.63059
3 141123353 rs75337224 0.29155
3 141123638 rs2114867 0.027866000000000002
3 141123883 rs117323650 0.9361299999999999
3 141124121 rs145643798 0.031707
3 141124130 rs79897227 0.58586
3 141124280 rs75233001 0.9113
3 141124534 rs78060265 0.54119
3 141124607 rs2011092 4.5446e-42
3 141125186 rs1344674 1.7261e-46
3 141125234 rs1344673 0.54032
3 141125439 rs6767899 3.2983e-42
3 141125705 rs1344672 4.9542e-47
3 141126352 rs180866991 0.9365600000000001
3 141126355 rs142673923 0.61463
3 141126360 rs77740929 0.6882699999999999
3 141126441 rs185226777 0.99613
3 141126465 rs147349254 0.55471
3 141126788 rs61332214 0.96273
3 141126825 rs57345461 0.025996
3 141127328 rs150540851 0.17967
3 141127652 rs75738213 0.5079600000000001
3 141127710 rs58473751 0.026789
3 141128005 rs149720422 0.070503
3 141128079 rs186469369 0.48075
3 141128250 rs113861493 0.71504
3 141128524 rs55750762 0.54128
3 141128677 rs34544234 4.7211e-08
3 141128804 rs13099193 1.2705999999999999e-42
3 141129999 rs13066993 9.5455e-43
3 141130835 rs35225290 2.0672999999999998e-42
3 141131123 rs369761166 0.81937
3 141131645 rs182606059 0.9042100000000001
3 141131707 rs75092195 0.92774
3 141131817 rs72990324 0.33947
3 141132028 rs545498618 0.47366
3 141132098 rs543025030 0.7983399999999999
3 141132308 rs73872714 0.26326
3 141132499 rs59655257 0.9049299999999999
3 141132537 rs116114186 0.011208
3 141132606 rs775415331 0.96042
3 141132785 rs141226243 0.11514
3 141132948 rs6763780 0.61975
3 141133260 rs74441190 0.9322299999999999
3 141133298 rs6764191 0.9091899999999999
3 141133321 rs114866126 0.65632
3 141133450 rs1991431 3.9939999999999994e-46
3 141133784 rs181520421 0.76552
3 141133960 rs13091182 2.1164999999999997e-42
3 141134344 rs73872715 0.0051966
3 141134474 rs12633093 0.0049758
3 141134568 rs73872716 0.64203
3 141134569 rs73872717 0.56996
3 141134727 rs114743822 0.013225
3 141134818 rs16851397 0.64798
3 141134967 rs73872718 0.64775
3 141134975 rs73872719 0.61017
3 141134981 rs141608486 0.9222
3 141135004 rs11919556 0.095763
3 141135126 rs11919595 0.065216
3 141135478 rs74817616 0.0044684
3 141135690 rs114626934 0.97909
3 141135822 rs78287466 0.05848
3 141135899 rs79778039 0.64484
3 141135968 rs75020035 0.77665
3 141136022 rs6440005 0.9605899999999999
3 141136233 rs139268936 0.21388000000000001
3 141136305 rs16851403 0.48854
3 141136356 rs74892122 0.25096
3 141136468 rs115628735 0.037609
3 141136640 rs75290540 0.0021869
3 141136727 rs9858405 0.34134000000000003
3 141136745 rs11715942 3.2067e-16
3 141136915 rs73872720 0.23775
3 141137035 rs9825379 0.23188000000000003
3 141137102 rs73872721 0.49893999999999994
3 141137262 rs77425777 0.0048052
3 141137349 rs116450649 0.7653399999999999
3 141137426 rs73872722 0.9062600000000001
3 141137492 rs9845854 0.9687899999999999
3 141137582 rs192916521 0.19130999999999998
3 141137710 rs16851408 0.9088200000000001
3 141138545 rs115126368 0.9870399999999999
3 141138692 rs144648746 0.9865799999999999
3 141138754 rs9869054 0.45661
3 141138833 rs9869102 0.33105999999999997
3 141138996 rs77216136 0.004806100000000001
3 141139125 rs76999624 0.0057201
3 141139330 rs6785073 2.4791000000000003e-42
3 141139331 rs146786730 0.010273000000000001
3 141139819 rs79217331 0.25573
3 141139910 rs116002270 0.011425
3 141140272 rs74557261 0.24586
3 141140361 rs77263552 0.63539
3 141140366 rs6763927 3.3814999999999996e-46
3 141140394 rs77825369 0.6309600000000001
3 141140518 rs187793315 0.031707
3 141140534 rs111518062 0.24525
3 141140659 rs16851412 0.083688
3 141140860 rs73872723 0.33719
3 141140861 rs79928910 0.23471
3 141140968 rs9846396 1.1715e-46
3 141141070 rs79050324 0.27881
3 141141251 rs186747282 0.8730899999999999
3 141141624 rs145317022 0.72012
3 141141841 rs80118516 0.8397700000000001
3 141141904 rs79474768 0.23875
3 141142375 rs6801329 0.8652200000000001
3 141142391 rs6776991 0.30535
3 141142485 rs6792546 0.86225
3 141142501 rs16851419 0.013515000000000001
3 141142691 rs6440006 1.7938999999999998e-47
3 141142732 rs75742901 0.58297
3 141142796 rs137937481 0.16421
3 141143205 rs79057647 0.9681
3 141143273 rs371737370 0.29267
3 141143399 rs73238073 0.019752000000000002
3 141143430 rs10513137 0.27941
3 141143489 rs77828701 0.9053
3 141143491 rs76300426 0.9413100000000001
3 141143537 rs75296475 0.0036616
3 141143620 rs79197573 0.96244
3 141143728 rs75351160 0.6198899999999999
3 141143847 rs77232821 0.0028276
3 141144093 rs116328764 0.94958
3 141144408 rs55788564 0.7149399999999999
3 141144431 rs73872725 0.0043131
3 141144471 rs560881593 0.59853
3 141145046 rs16851423 0.0013789000000000002
3 141145075 rs148501471 0.55725
3 141145216 rs6762722 0.082925
3 141145261 rs183335790 0.16267
3 141145315 rs6762826 0.32452
3 141145334 rs372615233 0.35211
3 141145389 rs114008632 0.050263999999999996
3 141145402 rs55715186 0.022419
3 141145403 rs56344536 0.63832
3 141145457 rs145353241 0.15170999999999998
3 141145473 rs6802753 0.24239000000000002
3 141145479 rs79311431 0.9948799999999999
3 141145601 rs79153193 0.9863700000000001
3 141145816 rs140807943 0.0049581
3 141146944 rs78960151 0.30208
3 141147170 rs542627369 0.082959
3 141147361 rs7638775 0.6643100000000001
3 141147414 rs7650602 9.680599999999999e-48
3 141147532 rs145418929 0.00044342
3 141147784 rs115605995 0.9585
3 141147819 rs75220288 0.056828
3 141147998 rs7653462 0.46276000000000006
3 141148143 rs6440007 0.29641
3 141148158 rs115037602 0.2386
3 141148231 rs6810158 0.29262
3 141148419 rs13069734 6.698e-42
3 141148650 rs143646269 0.045841
3 141148698 rs9856584 0.018941999999999997
3 141148930 rs9822817 0.27173
3 141149024 rs143775059 0.00043731
3 141149287 rs1978600 0.042558
3 141149386 rs79292404 0.044731
3 141149592 rs182036625 0.86003
3 141149654 rs191120361 0.013078999999999999
3 141149711 rs77798204 0.0012447
3 141150266 rs370376084 0.17698
3 141150954 rs721338 0.0010647
3 141150990 rs6789653 3.5255e-42
3 141151456 rs56339671 0.27287
3 141151751 rs562231358 0.9340299999999999
3 141151822 rs184771525 0.13464
3 141152017 rs9876694 0.19749
3 141152023 rs377150663 0.14365
3 141152220 rs59075313 0.25587
3 141152748 rs145515594 0.56389
3 141152900 rs78149277 0.48712
3 141153545 rs75206890 0.62298
3 141153547 rs9827544 0.40073000000000003
3 141154069 rs772275111 0.57571
3 141154261 rs77960269 0.62547
3 141154404 rs143022524 0.01075
3 141154542 rs6440008 2.7017999999999997e-43
3 141154861 rs9809094 0.63671
3 141155056 rs139310938 0.17962999999999998
3 141155344 rs79767329 0.5605600000000001
3 141155631 rs140143440 0.8944
3 141156007 rs114802788 0.7975399999999999
3 141156154 rs6806692 0.51905
3 141156194 rs6770937 0.062163
3 141156902 rs151154402 0.45978
3 141156939 rs115184404 0.15004
3 141157530 rs116692286 0.23126
3 141157531 rs147611193 0.45623
3 141157914 rs114379190 0.16676
3 141157934 rs6777525 0.39602
3 141158198 rs185330900 0.014980000000000002
3 141158212 rs7612543 5.4972999999999995e-39
3 141158244 rs138931465 0.8904799999999999
3 141158614 rs7636914 1.994e-42
3 141158748 rs79187214 0.093851
3 141159482 rs549592073 0.88569
3 141159489 rs73872729 0.66294
3 141159746 rs574039859 0.24622
3 141159784 rs561920415 0.6704600000000001
3 141160371 rs4683404 0.13162000000000001
3 141160431 rs116775817 0.25449
3 141160579 rs114763789 0.17615999999999998
3 141160663 rs116659570 0.069837
3 141160882 rs7626871 0.09435700000000001
3 141160935 rs6805333 0.27676
3 141161863 rs61732446 0.071002
3 141162003 rs142546419 0.27105999999999997
3 141162128 rs62282002 0.11076
3 141162185 rs16851435 0.9187799999999999
3 141163045 rs11714558 0.038526
3 141163074 rs17787670 0.20818000000000003
3 141163362 rs150383184 0.29012
3 141163655 rs3732867 0.2454
3 141163705 rs3732868 0.22515
3 141163975 rs61732448 0.31638
3 141164114 rs75545796 0.70365
3 141164123 rs181837053 0.46128
3 141164761 rs61732445 0.071517
3 141164788 rs373979478 0.84993
3 141165678 rs76828274 0.47402
3 141166449 rs73869611 0.16683
3 141166528 rs61744772 0.18698
3 141166770 rs79806414 0.048563999999999996
3 141167010 rs116075164 0.07542
3 141167261 rs62282003 0.031687
3 141167926 rs11918764 0.24122
3 141168524 rs142001142 0.61131
3 141168943 rs6784553 0.32558000000000004
3 141169112 rs16851438 0.93009
3 141169234 rs56113126 0.77191
3 141169304 rs184470962 0.38848
3 141169392 rs114555192 0.44842
3 141169666 rs118015223 0.68272
3 141169755 rs192605983 0.23095
3 141169767 rs73869612 0.62434
3 141169790 rs781654833 0.39486
3 141169982 rs9878347 2.3589999999999996e-41
3 141170005 rs113908777 0.048839
3 141170019 rs114261599 0.061413999999999996
3 141170169 rs184657426 0.14038
3 141170297 rs7645077 0.18805999999999998
3 141170604 rs55951689 0.6933
3 141170661 rs9879503 5.610199999999999e-41
3 141171090 3:141171090_G_A 0.064318
3 141171190 rs13059128 3.8631e-46
3 141171556 rs116580297 0.00071524
3 141171711 rs77755892 0.80269
3 141171714 rs73869613 0.00049821
3 141171860 rs77034494 0.08085099999999999
3 141171913 rs151015096 0.080916
3 141172210 rs117160441 0.80738
3 141172658 rs75589380 0.00044606
3 141173001 rs60759545 0.00056933
3 141173253 rs115466614 0.082621
3 141173391 rs551083762 0.45171000000000006
3 141173521 rs16851441 0.07375599999999999
3 141173696 rs145729896 0.72731
3 141174078 rs149620768 0.28833000000000003
3 141174956 rs1077181 3.2854e-47
3 141175091 rs73869615 0.16999
3 141175249 rs144287691 0.00066559
3 141175392 rs6800247 0.74369
3 141175452 rs79433966 7.5056e-18
3 141175620 rs1863867 4.516899999999999e-41
3 141175867 rs59828782 0.00053304
3 141176043 rs151064408 0.34671
3 141176052 rs7647014 0.20994000000000002
3 141176093 rs141022807 0.9840399999999999
3 141176315 rs78950039 0.9916799999999999
3 141176351 rs73869616 0.48652
3 141176845 rs73238075 0.22246
3 141176931 rs6769161 0.00051608
3 141176932 rs79052315 0.00094137
3 141176997 rs79153900 0.77278
3 141177021 rs114740564 0.11035
3 141177845 rs9851256 3.9455999999999994e-42
3 141177869 rs73869617 0.16335
3 141178060 rs144469539 0.10874
3 141178198 rs73869618 0.21996999999999997
3 141178347 rs9289629 1.1235e-50
3 141178358 rs9682507 0.5290699999999999
3 141178670 rs9289630 2.8182e-37
3 141178779 rs9682548 0.9252
3 141178786 rs9289631 1.7889000000000003e-41
3 141178858 rs114596754 0.11223
3 141178979 rs2042864 1.5872999999999997e-41
3 141179121 rs771565312 0.9612799999999999
3 141179175 rs78233767 0.0017785
3 141179516 rs13098300 3.8588999999999996e-45
3 141179873 rs73869619 0.0017094999999999999
3 141179876 rs73869620 0.0016196
3 141179904 rs73869621 0.057420000000000006
3 141180077 rs73869622 0.0018866
3 141180426 rs3732872 0.0018027999999999998
3 141180501 rs73869623 0.29962
3 141180511 rs11709875 6.1918e-45
3 141180589 rs16846258 0.0015733
3 141180694 rs11926237 0.66023
3 141180793 rs78704789 0.0014232000000000001
3 141180828 rs73869630 0.0016006
3 141180841 rs112917526 0.10352
3 141181166 rs80322834 0.20004
3 141181684 rs7637336 0.72491
3 141181790 rs13088429 3.4577999999999996e-44
3 141181849 rs74959390 0.40483
3 141181856 rs7637458 0.9557100000000001
3 141182013 rs141750987 0.56239
3 141182213 rs7637802 0.98798
3 141182238 rs75606953 0.058046
3 141182304 rs7615579 0.0016286999999999999
3 141182404 rs373983585 0.7401
