CHR BP SNP P
14 74318205 rs74521359 0.8881700000000001
14 74318229 rs138702619 0.41906000000000004
14 74318236 rs114812394 0.7181
14 74318547 rs8020091 6.0489e-09
14 74318601 rs777555196 0.24948
14 74318612 rs17092810 0.62383
14 74318645 rs2270074 2.975e-06
14 74318664 rs143512020 0.21106999999999998
14 74318673 rs8020630 1.6116e-06
14 74318701 rs368217171 0.88476
14 74318702 rs113856729 0.16445
14 74318714 rs8020267 0.016319999999999998
14 74318754 rs2270073 2.6789e-06
14 74318786 rs8020523 0.37249
14 74318857 rs117165271 0.034723000000000004
14 74318866 rs73299581 0.68718
14 74318984 rs76586239 0.70136
14 74319085 rs147977111 0.042233
14 74319203 rs2270072 2.7170999999999998e-06
14 74319242 rs2270071 2.6636000000000002e-06
14 74319319 rs115210343 0.40401
14 74319625 rs56223537 2.6588e-06
14 74319721 rs56204121 2.6706e-06
14 74319731 rs55728577 6.5393e-13
14 74319989 rs8020809 2.6835000000000002e-06
14 74320094 rs8020698 2.6818e-06
14 74320133 rs533646746 0.073647
14 74320322 rs146250003 0.6534399999999999
14 74320380 rs542154397 0.8655
14 74320392 rs79178745 0.0060753
14 74320611 rs79188481 6.4065e-09
14 74320648 rs17782216 2.386e-06
14 74320716 rs17182621 1.5584e-06
14 74320836 rs62005571 1.5584e-06
14 74320838 rs36020663 0.021641
14 74320841 rs61446528 2.4543e-06
14 74320932 rs192208094 0.016184
14 74321003 rs770148436 0.6734
14 74321238 rs144278516 0.98498
14 74321322 rs17092878 0.83636
14 74321996 rs555294620 0.56797
14 74322053 rs11626950 2.5168e-06
14 74322060 rs75114347 0.30751999999999996
14 74322205 rs62005573 2.5561e-06
14 74322219 rs189895945 0.727
14 74322387 rs535547962 0.96535
14 74322716 rs8013471 2.4547999999999998e-06
14 74322759 rs75304016 0.6804600000000001
14 74323092 rs116810987 0.9746100000000001
14 74323380 rs11628412 2.2102e-06
14 74323382 rs11628320 2.2163e-06
14 74323473 rs8019583 2.4695e-06
14 74323742 rs150320954 0.92476
14 74323862 rs536284092 0.56797
14 74323984 rs116605534 0.1475
14 74324014 rs575959228 0.56797
14 74324257 rs62005574 1.5984e-06
14 74324508 rs368755930 0.9347
14 74324532 rs141826988 0.0062625
14 74324565 rs183301841 0.45553
14 74324636 rs145595417 0.016731
14 74324783 rs77420077 0.9342799999999999
14 74324807 rs9646165 1.1427e-13
14 74324854 rs537737213 0.93211
14 74324864 rs773970954 0.6099899999999999
14 74324915 rs79291613 0.9387
14 74324963 rs2007139 0.34802
14 74325149 rs182665308 0.92476
14 74325251 rs1962795 1.599e-06
14 74325253 rs144691442 0.31866
14 74325792 rs113252487 0.095265
14 74325892 rs11845444 0.0065225
14 74325893 rs75579296 0.96519
14 74326508 rs527804172 0.38733
14 74326595 rs539742671 0.80824
14 74326676 rs150948408 0.31851
14 74326724 rs62005576 2.4849e-06
14 74326738 rs140787999 0.76479
14 74326903 rs17093141 3.1333e-05
14 74326966 rs62005577 2.4849e-06
14 74327100 rs62005578 2.4843e-06
14 74327198 rs77356914 0.96941
14 74327493 rs116357503 0.9759399999999999
14 74327563 rs149500334 0.14987999999999999
14 74327621 rs1008701 0.86316
14 74328127 rs80163881 0.25878
14 74328142 rs60110439 0.14799
14 74328156 rs17182628 2.4843e-06
14 74328353 rs73299586 0.6892
14 74328354 rs117599595 0.11142
14 74328409 rs114802555 0.8417899999999999
14 74328643 rs10873262 2.4634e-06
14 74328705 rs143884173 0.10263
14 74328799 rs11159040 0.8658600000000001
14 74329072 rs112017048 1.3043e-08
14 74329567 rs112754986 2.4691e-06
14 74329572 rs187067088 0.97816
14 74329577 rs537011850 0.086998
14 74329781 rs72627111 0.84221
14 74329838 rs74611568 0.14467
14 74329891 rs141038477 0.64353
14 74330058 rs144774172 0.12550999999999998
14 74330178 rs114115766 0.7485
14 74330463 rs1985773 2.4704e-06
14 74330482 rs191761740 0.099629
14 74330606 rs10131922 0.44538
14 74330645 rs770987186 0.73173
14 74331622 rs114462291 0.10682
14 74331832 rs116666140 0.93266
14 74331913 rs11846383 0.025642
14 74331915 rs116569739 0.9884799999999999
14 74332067 rs148887866 0.33796
14 74332116 rs185753600 0.8929799999999999
14 74332132 rs34483924 1.5886000000000001e-06
14 74332326 rs75036924 8.222e-13
14 74332456 rs11624168 2.4687e-06
14 74332478 rs12588108 1.261e-13
14 74332809 rs11624414 2.4611e-06
14 74332860 rs147251213 0.97055
14 74332995 rs117588137 0.28576999999999997
14 74333051 rs11625300 1.7214e-06
14 74333098 rs141566807 2.8951e-09
14 74333398 rs62003698 6.1904e-13
14 74333428 rs72627112 2.4696e-06
14 74333648 rs11848525 0.10089
14 74333649 rs144401117 0.8662299999999999
14 74333716 rs34774275 1.1085e-13
14 74333893 rs114747833 0.97231
14 74333894 rs62003700 2.4662e-06
14 74334027 rs62003701 2.4672e-06
14 74334718 rs4903152 0.02114
14 74334898 rs369308424 0.61368
14 74334949 rs139212799 0.006144
14 74335145 rs115783984 0.9769899999999999
14 74335215 rs1990252 2.4755000000000003e-06
14 74335322 rs116483596 0.9829399999999999
14 74335684 rs77055402 0.36879
14 74336130 rs11629044 2.5122e-06
14 74336257 rs142216398 0.12562
14 74336554 rs112802044 0.68367
14 74336737 rs12897095 0.020604
14 74336823 rs3926910 0.83042
14 74336870 rs553608072 0.69335
14 74336950 rs1968104 5.7283e-12
14 74337009 rs1968103 2.5022999999999997e-06
14 74337028 rs146621337 0.0019187999999999998
14 74337038 rs554662206 0.9679399999999999
14 74337080 rs1968102 2.4958000000000003e-06
14 74337138 rs542371088 0.98315
14 74337504 rs76619867 0.9259299999999999
14 74337652 rs547211926 0.69639
14 74338167 rs572737879 0.42962
14 74338221 rs12432815 2.4989e-06
14 74338359 rs117059808 0.07712999999999999
14 74338549 rs17782222 6.4253e-13
14 74338782 rs1029715 2.6685000000000004e-06
14 74338884 rs1029714 2.8008999999999997e-06
14 74338891 rs1029713 1.2483e-11
14 74339338 rs34088324 0.020903
14 74339738 rs140145606 0.29698
14 74339759 rs2878736 0.82289
14 74340141 rs72627113 0.8182699999999999
14 74340176 rs12890218 1.3894e-13
14 74340231 rs111752032 0.69326
14 74340258 rs558333055 0.28196
14 74340349 rs2336563 2.6652999999999997e-06
14 74340555 rs2336564 2.6919e-06
14 74340605 rs34345010 0.020623
14 74340797 rs11159042 2.6727999999999996e-06
14 74340927 rs75892130 0.00057562
14 74341124 rs45559033 3.0873e-05
14 74341128 rs34810851 0.020928
14 74341151 rs147610689 0.9337200000000001
14 74341438 rs12050434 0.80761
14 74341594 rs116652988 0.29625
14 74341595 rs551874639 0.73657
14 74341604 rs34859361 0.021383000000000003
14 74341685 rs142209667 1.2037e-12
14 74341687 rs146541814 0.14398
14 74341702 rs11159043 4.0803e-06
14 74341754 rs35243737 0.020709
14 74341793 rs7159133 0.070351
14 74341938 rs12895980 1.2342e-13
14 74341996 rs117496394 7.5553e-13
14 74342156 rs11621087 3.6776e-13
14 74342165 rs11844472 0.69385
14 74342241 rs188321911 0.8564200000000001
14 74342413 rs17093474 5.4706e-05
14 74342812 rs1963799 0.82644
14 74342840 rs148640650 0.73049
14 74342879 rs114937819 0.024804
14 74343420 rs150713110 0.086449
14 74343602 rs577673197 0.48575
14 74343612 rs4899484 0.020834000000000002
14 74343978 rs186409014 0.7600899999999999
14 74344053 rs112602294 0.14605
14 74344081 rs149721275 0.6703600000000001
14 74344112 rs145741690 0.14398
14 74344195 rs185274213 0.91774
14 74344248 rs45455594 0.57347
14 74344276 rs2336565 2.9109e-06
14 74344290 rs17563302 0.67182
14 74344674 rs7155548 6.1135e-13
14 74344857 rs151033173 0.017315999999999998
14 74345421 rs139018472 0.070351
14 74345884 rs147362775 0.15573
14 74346191 rs72723749 0.90509
14 74346295 rs17093520 0.7663800000000001
14 74347100 rs144516364 0.8294
14 74347381 rs78434294 0.90823
14 74347413 rs78870464 5.929699999999999e-13
14 74347439 rs17782239 3.0218e-06
14 74347554 rs10146883 2.9498e-06
14 74347722 rs763811709 0.44538999999999995
14 74348563 rs6574148 3.0491e-07
14 74348590 rs6574149 1.4566e-06
14 74348594 rs6574150 1.4169e-06
14 74348682 rs8020228 0.13902
14 74348819 rs6574151 7.7493e-12
14 74349093 rs76125008 0.86682
14 74349227 rs8005140 7.004000000000001e-07
14 74349313 rs8005014 2.7764999999999996e-06
14 74349339 rs11844489 0.024405
14 74349616 rs188225827 0.87882
14 74349668 rs116339037 0.14151
14 74349775 rs112195746 0.14562
14 74350149 rs72627114 0.74542
14 74350227 rs59421227 0.7439399999999999
14 74350305 rs115621198 0.8483299999999999
14 74350313 rs141069113 0.74678
14 74350638 rs72627115 0.74405
14 74351109 rs15799 3.6093e-06
14 74351313 rs17182656 0.021081
14 74351488 rs8007148 5.6818e-13
14 74351564 rs79238901 9.437200000000001e-09
14 74351569 rs754127732 0.77205
14 74351643 rs114078920 0.43928999999999996
14 74351765 rs113634161 2.0651999999999998e-05
14 74351791 rs113327319 3.5527999999999997e-06
14 74351973 rs72627116 1.9722000000000002e-05
14 74352101 rs17182670 5.6228e-13
14 74352237 rs149320564 2.3872e-11
14 74352314 rs62003709 3.4248000000000002e-06
14 74352411 rs62003710 6.5264e-11
14 74352536 rs112342305 9.8049e-09
14 74352645 rs113486799 9.857600000000001e-09
14 74352656 rs8012900 2.7399000000000002e-06
14 74353000 rs544104885 0.00019141
14 74353020 rs17093546 0.72151
14 74353204 rs2286426 1.1337000000000001e-11
14 74353326 rs2159177 5.586e-13
14 74353478 rs143558715 0.75739
14 74353492 rs11847404 0.69548
14 74353589 rs11851329 0.43416000000000005
14 74353731 rs372797280 0.9769399999999999
14 74353766 rs115127490 0.14349
14 74354053 rs150060864 0.44477
14 74354207 rs76530476 0.8721899999999999
14 74354306 rs115274369 0.28617
14 74354551 rs116825524 0.055317
14 74355184 rs114859538 0.8679600000000001
14 74355205 rs75014785 0.007524600000000001
14 74355220 rs8008877 5.4487e-13
14 74355233 rs72627117 1.9761e-05
14 74355285 rs72627118 0.72632
14 74355638 rs77762785 0.99898
14 74355678 rs11626813 5.5581e-13
14 74355731 rs77238174 7.464600000000001e-09
14 74355949 rs11626889 3.0532e-06
14 74356053 rs74337992 0.72632
14 74356090 rs112145470 0.56304
14 74356112 rs11623234 5.4198e-13
14 74356274 rs72627119 1.9753e-05
14 74356303 rs114112398 0.97693
14 74356395 rs17093581 0.42323999999999995
14 74356733 rs11628039 3.5301e-06
14 74356778 rs59613763 2.0722e-05
14 74356829 rs11623463 4.6749e-13
14 74356839 rs11628074 2.8095e-06
14 74356930 rs57067992 1.9753e-05
14 74357140 rs187615685 0.44488
14 74357196 rs138093037 0.0015362
14 74357490 rs537768887 0.93481
14 74357664 rs112341182 1.9767e-05
14 74357738 rs146005970 0.8658100000000001
14 74357765 rs11624671 6.8265e-13
14 74358095 rs142805230 0.023312
14 74358137 rs151106646 0.93125
14 74358214 rs140007453 0.6067
14 74358598 rs62003711 7.3835e-13
14 74358785 rs189104598 0.020416999999999998
14 74358805 rs77953765 0.68874
14 74358982 rs536842890 0.16723
14 74359417 rs58204112 2.9418000000000002e-05
14 74359474 rs60197281 2.8041000000000004e-06
14 74359494 rs8013446 0.34548
14 74359522 rs112548209 0.68907
14 74359798 rs56303770 6.776600000000001e-13
14 74359879 rs767314739 0.40126
14 74360293 rs112323434 0.090283
14 74360294 rs8007775 0.070036
14 74360920 rs1468516 0.021985
14 74361201 rs144918786 0.80977
14 74361210 rs138664822 7.3751e-09
14 74361602 rs4903153 0.42573999999999995
14 74361881 rs76955919 7.4623e-09
14 74361980 rs62003714 2.8005e-06
14 74362448 rs144221242 0.86695
14 74362524 rs182935886 0.8279700000000001
14 74362767 rs62003715 6.8093e-13
14 74362935 rs2302139 2.1433000000000003e-05
14 74363305 rs2302138 1.7502999999999998e-05
14 74363392 rs1476755 5.8896e-13
14 74363480 rs72627120 1.7758e-05
14 74363721 rs187450504 0.96803
14 74363991 rs35450019 0.021471
14 74364380 rs2041188 5.5921e-13
14 74364459 rs140219540 7.449899999999999e-09
14 74364523 rs1142787 0.99215
14 74364531 rs112191803 0.021315
14 74364666 rs140848098 0.46799999999999997
14 74364742 rs111878235 0.09254
14 74365295 rs10483856 0.020881999999999998
14 74365494 rs184522464 0.8296100000000001
14 74365518 rs115298838 0.91371
14 74365811 rs188322100 0.48575
14 74365967 rs4398042 4.749799999999999e-10
14 74366123 rs2041187 3.5137e-06
14 74366211 rs10483857 2.3216999999999996e-13
14 74366247 rs4622451 1.1302e-11
14 74366294 rs74345002 0.14349
14 74366306 rs77589079 9.781600000000001e-09
14 74366378 rs72627121 0.75368
14 74366479 rs10151507 0.32773
14 74366827 rs11625171 3.5807999999999997e-06
14 74366966 rs115405888 0.86695
14 74367277 rs111774515 0.7732600000000001
14 74367287 rs116237797 7.67e-09
14 74367304 rs1974582 2.4114e-13
14 74367447 rs115583884 7.5835e-09
14 74367549 rs62003717 5.5023e-13
14 74367564 rs1013644 0.75357
14 74367776 rs62003718 2.9857e-06
14 74367799 rs140210325 0.73187
14 74367861 rs11159044 1.4533e-13
14 74367912 rs145526089 0.10715999999999999
14 74368016 rs11622629 3.6697e-06
14 74368017 rs183701795 0.72119
14 74368236 rs72627122 1.9557999999999998e-05
14 74368253 rs73299592 0.69425
14 74368265 rs142558496 0.56021
14 74368294 rs12587320 1.4655e-13
14 74368331 rs72627123 1.9548e-05
14 74368586 rs75033565 0.50903
14 74368647 rs1476754 4.338e-13
14 74368674 rs7152423 5.7993e-13
14 74368741 rs17093882 0.7487699999999999
14 74369128 rs72627124 1.9508e-05
14 74369133 rs140381608 0.42386
14 74369194 rs62003720 5.8133e-13
14 74369239 rs150384581 0.6067
14 74369280 rs28532502 0.75649
14 74369623 rs72627125 1.9478e-05
14 74369801 rs72723758 2.2805e-09
14 74369851 rs115206742 0.43705
14 74369891 rs770035721 0.10772000000000001
14 74369901 rs7157998 5.7714e-13
14 74369955 rs7157715 5.894899999999999e-13
14 74370024 rs72627126 1.9462e-05
14 74370098 rs72627127 1.8373e-05
14 74370393 rs553573911 0.9280799999999999
14 74370600 rs57218552 0.020152
14 74370855 rs181334427 0.5089
14 74371142 rs116494244 0.90835
14 74371166 rs2240632 2.8902e-05
14 74371167 rs112840507 0.81158
14 74371245 rs147463615 0.89359
14 74371349 rs116266918 0.042885
14 74371857 rs76601017 0.99598
14 74371888 rs116041177 0.8659399999999999
14 74371944 rs79189144 0.86672
14 74372110 rs115759544 0.85431
14 74372153 rs111362605 0.09254
14 74372164 rs34579846 0.80418
14 74372862 rs1963798 0.35179
14 74373007 rs116579049 7.1517e-09
14 74373133 rs117558858 0.07498099999999999
14 74373246 rs6574152 5.889e-13
14 74373388 rs113745114 0.14517
14 74373609 rs72627128 0.8041699999999999
14 74373638 rs117308943 8.033699999999999e-13
14 74373787 rs8012067 0.02288
14 74373999 rs80206171 7.1455e-09
14 74374130 rs151011496 0.46134
14 74374255 rs150145486 0.8659399999999999
14 74374361 rs35483996 0.021906000000000002
14 74374389 rs141627481 0.93909
14 74374485 rs111480651 2.8814000000000002e-05
14 74374584 rs34279974 0.022261000000000003
14 74374600 rs199567548 0.6643399999999999
14 74374660 rs114620894 0.33582
14 74374802 rs72723761 0.021848
14 74374805 rs72627129 2.881e-05
14 74374887 rs149575063 0.071167
14 74374897 rs72627130 2.8805999999999998e-05
14 74375038 rs189595528 0.21500999999999998
14 74375118 rs77220465 0.8004600000000001
14 74375289 rs548884390 0.9651299999999999
14 74375290 rs917419 2.9714e-06
14 74375452 rs76876115 0.47197
14 74375511 rs78294309 0.14517
14 74375654 rs116091943 0.8595
14 74375673 rs116354717 0.8463799999999999
14 74375701 rs72723762 1.2770000000000001e-08
14 74375861 rs2302137 2.8086e-06
14 74375956 rs2302136 2.8364e-06
14 74376174 rs193243867 0.48575
14 74376675 rs185734876 0.073142
14 74376838 rs115184091 0.9456399999999999
14 74376928 rs114117668 0.53062
14 74377131 rs7152383 7.1882e-13
14 74377236 rs7151284 5.9395e-13
14 74377301 rs184054499 0.7709999999999999
14 74377522 rs541174801 0.8827299999999999
14 74377608 rs72627131 0.8224
14 74377662 rs17782263 2.8449e-06
14 74377692 rs550462364 0.16484000000000001
14 74377703 rs78002643 9.533799999999999e-09
14 74377761 rs17782269 0.018627
14 74377912 rs188692954 0.020471
14 74378132 rs34910004 0.025225
14 74378135 rs727523 0.42249
14 74378202 rs7157730 7.2211e-09
14 74378225 rs149881476 0.42221000000000003
14 74378805 rs17182675 0.021171000000000002
14 74378933 rs148697227 0.2488
14 74378984 rs11159045 0.36346999999999996
14 74378998 rs191688479 0.8659399999999999
14 74379073 rs190138735 0.9446200000000001
14 74379868 rs72627132 0.8325299999999999
14 74379897 rs140916900 0.42315
14 74380043 rs114438464 0.69981
14 74380389 rs7150972 3.2478e-05
14 74380557 rs34640876 0.021815
14 74380981 rs11628268 8.0852e-13
14 74380990 rs7156351 3.5062999999999998e-06
14 74381049 rs71429026 0.021822
14 74381083 rs7156534 3.0997e-05
14 74381100 rs150504476 0.75476
14 74381477 rs116568714 0.81728
14 74381626 rs147443812 0.8436299999999999
14 74381829 rs117704116 3.7247e-11
14 74381913 rs191780530 0.81809
14 74381921 rs538101571 0.91917
14 74382085 rs8003848 0.021412999999999998
14 74382434 rs76629431 0.85541
14 74382521 rs181383362 0.21500999999999998
14 74382532 rs75041581 0.5556
14 74382540 rs75686554 0.94209
14 74382685 rs181106487 0.75636
14 74382952 rs80271739 0.6565
14 74382979 rs79072441 0.9781200000000001
14 74383209 rs12101044 0.0056736
14 74383474 rs116792499 0.044522000000000006
14 74383480 rs11626866 3.0563999999999997e-06
14 74383506 rs368297871 0.10330999999999999
14 74383679 rs76553384 2.7523e-05
14 74384026 rs17182680 2.8824e-06
14 74384320 rs574010359 0.5546300000000001
14 74384345 rs113126374 0.46112
14 74384393 rs140469351 0.27469
14 74384474 rs35664804 0.02198
14 74384504 rs8017051 2.7161e-06
14 74384755 rs530628257 0.1799
14 74384939 rs145121907 0.8209799999999999
14 74385283 rs11624713 1.0815e-11
14 74385495 rs138908280 0.55874
14 74385503 rs28690059 0.7703
14 74385511 rs55940654 2.6061000000000003e-06
14 74385584 rs189614991 0.10138
14 74385603 rs555824896 0.21985
14 74385622 rs56334127 2.1569e-06
14 74385664 rs55772384 5.445e-13
14 74385768 rs547553903 0.24763000000000002
14 74385850 rs147421809 0.021322999999999998
14 74385891 rs139789224 0.73814
14 74385954 rs145311376 0.021322999999999998
14 74386054 rs115006246 0.021427
14 74386065 rs139589496 0.091636
14 74386523 rs12050300 0.8353700000000001
14 74386675 rs62003757 5.988100000000001e-13
14 74386686 rs75079380 0.94321
14 74386760 rs115231656 0.9754799999999999
14 74386819 rs111711788 0.76959
14 74386824 rs34127884 0.01935
14 74386991 rs74062567 0.7277
14 74387130 rs77909223 0.14304
14 74387375 rs2302121 5.4736e-06
14 74387450 rs2302120 0.679
14 74387669 rs116605099 0.63879
14 74387982 rs67413943 0.02221
14 74388167 rs758244 2.8133e-06
14 74388172 rs114996952 0.27469
14 74388236 rs71429027 0.025601
14 74388372 rs12050413 0.82104
14 74388647 rs76612352 0.076011
14 74388660 rs74487165 0.20673000000000002
14 74388791 rs142729287 0.46475
14 74388908 rs1127392 5.3293e-13
14 74389082 rs72627133 0.73745
14 74389134 rs11620637 5.4132e-13
14 74389218 rs11620776 2.7288e-06
14 74389867 rs1548667 8.3828e-12
14 74390305 rs77194084 0.14544
14 74390312 rs113883872 0.8033600000000001
14 74390881 rs114225473 0.91412
14 74391363 rs17782281 5.383e-13
14 74391482 rs57578129 0.0038524
14 74391546 rs377511574 0.86465
14 74391890 rs17782286 2.9211000000000003e-06
14 74391996 rs141262483 0.093823
14 74392128 rs17094011 2.7681999999999997e-05
14 74392320 rs150841607 7.505e-09
14 74392342 rs7148538 2.7665e-05
14 74392536 rs144327034 0.77709
14 74392537 rs146543239 0.7941699999999999
14 74392630 rs115336195 0.84735
14 74392950 rs8013123 1.5164999999999997e-11
14 74393056 rs8015935 7.9798e-12
14 74393166 rs11850816 0.6284
14 74393197 rs145867755 0.8441
14 74393206 rs191924523 0.5656399999999999
14 74393251 rs11159046 5.7826e-13
14 74393264 rs116737115 0.14098
14 74393434 rs141213243 7.3324e-09
14 74393510 rs572657392 0.058038
14 74393731 rs748595370 0.37854
14 74394295 rs17094021 2.7036e-05
14 74394551 rs11159047 0.8295299999999999
14 74394674 rs55748911 5.6778e-13
14 74395027 rs756553163 0.47205
14 74395128 rs12432077 5.4852e-13
14 74395277 rs188159646 0.0037357
14 74395582 rs72627134 0.8209700000000001
14 74396221 rs17094043 0.0065545
14 74396251 rs17094045 0.82183
14 74396283 rs72627135 0.79406
14 74396431 rs8013946 6.9119e-13
14 74396434 rs113954406 0.8219
14 74396488 rs6574153 1.4814e-11
14 74396512 rs112562736 0.1388
14 74396599 rs142277615 0.44076000000000004
14 74396731 rs114360705 0.35402
14 74396820 rs6574154 1.5611e-11
14 74396920 rs151317495 0.8279
14 74396948 rs747832639 0.081639
14 74397333 rs11624247 8.1471e-12
14 74397351 rs11624140 6.6854e-13
14 74397374 rs113649047 0.8494700000000001
14 74397382 rs112271110 0.7289100000000001
14 74397439 rs370647987 0.57493
14 74397545 rs59363432 2.5049e-05
14 74397674 rs57309686 0.1388
14 74398030 rs17094056 0.7846
14 74398065 rs8004396 6.1354e-09
14 74399212 rs6574155 9.1318e-12
14 74399291 rs2336547 0.41788000000000003
14 74399422 rs2336548 3.2397e-06
14 74400175 rs67602711 0.021393000000000002
14 74400177 rs72627137 0.81258
14 74400318 rs146079742 0.8436299999999999
14 74400492 rs17094076 2.8105999999999998e-05
14 74400551 rs77154984 0.8436299999999999
14 74400634 rs568119621 0.41906000000000004
14 74400788 rs149343413 4.2156e-09
14 74400974 rs144669313 0.5703199999999999
14 74401030 rs45609933 0.00088363
14 74401621 rs113372095 1.8067e-12
14 74401665 rs148518466 0.40376999999999996
14 74401840 rs17094078 0.6116199999999999
14 74401900 rs72627138 2.7499000000000002e-05
14 74401942 rs113142076 0.1394
14 74401963 rs11159048 2.9493e-06
14 74401968 rs142973612 0.55808
14 74402006 rs34121364 0.021472
14 74402043 rs4903155 0.022024000000000002
14 74402090 rs144836111 0.83839
14 74402111 rs7154897 3.0150999999999997e-06
14 74402116 rs567576364 0.82658
14 74402147 rs140766443 6.2234e-09
14 74402218 rs4903156 1.7732e-11
14 74402457 rs79180967 0.1388
14 74402477 rs4903157 0.68357
14 74402642 rs145457364 0.5979800000000001
14 74402693 rs17182699 0.00014902
14 74402757 rs151325166 0.8528100000000001
14 74402850 rs8019443 0.7084699999999999
14 74403007 rs76878076 0.9347799999999999
14 74403289 rs553025057 0.30033000000000004
14 74403672 rs75889067 0.88208
14 74403736 rs191171968 0.74017
14 74404454 rs113885060 0.8477299999999999
14 74404756 rs28927675 1.8026e-12
14 74404979 rs140973739 0.69162
14 74405018 rs189153186 2.5433e-08
14 74405225 rs11850372 0.023573
14 74405453 rs11159049 1.7049e-12
14 74405480 rs188219939 0.69221
14 74405487 rs11159050 2.0395e-19
14 74405828 rs62005762 1.6969e-12
14 74405963 rs140895249 1.585e-12
14 74405980 rs111697236 0.6878
14 74406031 rs7157725 6.0153e-12
14 74406163 rs72627140 0.18708
14 74406282 rs62005763 1.6943e-12
14 74406310 rs11628813 1.6964e-12
14 74406382 rs17094107 0.81571
14 74406611 rs11624780 1.8924e-12
14 74406774 rs116086082 0.15224000000000001
14 74406800 rs12895829 0.022841
14 74406911 rs7159394 4.045e-09
14 74407008 rs111788010 0.13835
14 74407050 rs12881125 0.022044
14 74407062 rs7142206 9.0456e-12
14 74407253 rs56127215 1.5601e-12
14 74407299 rs115754759 0.86818
14 74407340 rs576467192 0.5038699999999999
14 74407604 rs79402303 0.16905
14 74407881 rs4903158 0.021997
14 74408006 rs68159267 0.40334000000000003
14 74408088 rs185861480 0.46885
14 74408117 rs189052118 0.46885
14 74408203 rs740508 0.0047449
14 74408223 rs740507 6.3439e-13
14 74408460 rs758243 1.686e-12
14 74408618 rs2005782 0.42491
14 74408628 rs141093490 0.80657
14 74408688 rs144921772 0.13108
14 74408874 rs758242 0.43185
14 74409032 rs740506 1.4738e-12
14 74409338 rs73301408 0.6249
14 74409710 rs74945172 0.13843
14 74409811 rs74062573 0.66591
14 74409958 rs77226845 0.13807
14 74410124 rs1005565 1.3743e-12
14 74410391 rs75531118 0.13819
14 74410405 rs1005564 8.4673e-12
14 74410417 rs11627195 1.3909e-12
14 74410422 rs117001163 0.025905
14 74410640 rs72723771 5.4049e-07
14 74410663 rs758241 1.9669999999999998e-11
14 74410808 rs116084072 0.017769
14 74411490 rs114761543 0.44205
14 74411502 rs34140859 0.075696
14 74411669 rs114112275 0.49165
14 74412022 rs77123772 0.18349000000000001
14 74412034 rs12434704 1.7072e-12
14 74412200 rs149617891 0.11803
14 74412322 rs12878756 1.9707e-13
14 74412505 rs12879092 6.9456e-13
14 74412510 rs144060183 0.33696
14 74412518 rs146419394 0.13685999999999998
14 74412585 rs562763122 0.89638
14 74412828 rs151223726 0.59377
14 74413129 rs7146634 3.3421e-13
14 74413243 rs34834232 0.75793
14 74413420 rs7148485 1.6358e-12
14 74413424 rs114773903 0.6967899999999999
14 74413551 rs192144469 0.14328
14 74413931 rs139033317 0.026195999999999997
14 74414283 rs35664136 0.019957
14 74414374 rs141932353 0.093262
14 74414542 rs57252900 0.13363
14 74414614 rs3759752 7.7557e-12
14 74414793 rs3759750 1.6042e-12
14 74414824 rs145970077 0.59377
14 74414870 rs139790012 0.24486
14 74415032 rs35897291 0.017627
14 74415057 rs143182898 0.39983
14 74415073 rs11624578 3.7584e-13
14 74415417 rs116035882 0.06638
14 74415513 rs114652163 0.88156
14 74415553 rs118139038 0.73459
14 74415762 rs12896694 0.020395
14 74415999 rs62006128 4.3301000000000004e-13
14 74416232 rs545165079 0.8744700000000001
14 74416307 rs571528302 0.1907
14 74416384 rs11848815 0.17564000000000002
14 74416600 rs11621743 3.7921e-13
14 74416603 rs77558787 0.13674
14 74416625 rs146467805 0.60602
14 74416646 rs116578534 0.053478
14 74416665 rs17094157 0.72131
14 74416698 rs11848954 0.72034
14 74416782 rs190881382 0.24588000000000002
14 74416832 rs111833521 0.13302999999999998
14 74416836 rs17094161 0.052974
14 74416937 rs17094164 0.053389
14 74416945 rs17552038 0.021828
14 74416996 rs78801603 0.35186999999999996
14 74417180 rs61743884 0.41628999999999994
14 74417209 rs60369619 0.13343
14 74417488 rs76260393 0.13293
14 74417555 rs112218167 0.03224
14 74417598 rs11850082 0.017303
14 74417609 rs59892091 0.68015
14 74417650 rs11850094 0.017259
14 74417712 rs11850097 0.019631
14 74417798 rs8013496 1.5426e-12
14 74417913 rs112260439 0.13273
14 74418066 rs114383382 0.049957
14 74418141 rs11628276 2.4025e-13
14 74418234 rs546000733 0.18975
14 74418588 rs66712197 0.020686000000000003
14 74418635 rs187808379 0.90215
14 74418681 rs112563499 0.9537700000000001
14 74418750 rs72723772 0.72585
14 74418970 rs77680522 4.2741e-09
14 74419209 rs10459545 8.8528e-12
14 74419229 rs138605426 0.90855
14 74419244 rs116790320 0.12733
14 74419246 rs191928320 0.026994
14 74419247 rs10459546 0.019594
14 74419355 rs111553135 0.0031550000000000003
14 74419527 rs141219050 0.31503000000000003
14 74419553 rs570220097 0.69279
14 74419642 rs10459547 0.020968999999999998
14 74419825 rs4903159 7.7376e-12
14 74420030 rs112742205 0.23813
14 74420109 rs60157646 0.6349600000000001
14 74420127 rs3213692 0.34709
14 74420252 rs61743864 0.023351
14 74420440 rs17094182 3.7806999999999996e-09
14 74420922 rs11629101 1.3355e-12
14 74420976 rs116162902 0.70653
14 74421100 rs142889800 0.22662
14 74421212 rs2079632 0.30627
14 74421321 rs2098030 0.01885
14 74421339 rs578001530 0.95389
14 74421376 rs140936556 0.023857
14 74421626 rs115919509 0.3047
14 74421681 rs189541577 0.3035
14 74421999 rs553133494 0.16927999999999999
14 74422069 rs145772659 0.5284300000000001
14 74422267 rs75483769 0.61846
14 74422329 rs2302118 1.5682e-12
14 74422386 rs75531541 0.022407
14 74422545 rs45496292 0.9768899999999999
14 74422599 rs144880038 0.46652
14 74422802 rs188395141 0.9515399999999999
14 74422803 rs112488013 0.20410999999999999
14 74422843 rs1972538 9.272799999999999e-10
14 74422904 rs112175736 0.18450999999999998
14 74422923 rs1985969 1.5039e-19
14 74423112 rs2336738 0.13387000000000002
14 74423218 rs10148057 0.74337
14 74423284 rs145251746 0.9187200000000001
14 74423659 rs11623965 4.697199999999999e-13
14 74423719 rs114427096 0.36121
14 74423782 rs11850995 0.026149000000000002
14 74423837 rs60611458 0.15865
14 74423956 rs62006130 2.4324e-12
14 74424202 rs77803340 0.31293000000000004
14 74424243 rs146795339 0.15773
14 74424259 rs114800916 0.059053999999999995
14 74424491 rs17782310 5.093399999999999e-13
14 74424544 rs79537722 0.059135
14 74424741 rs10151933 0.39076
14 74424938 rs3180946 5.2069e-13
14 74425056 rs3764859 2.1212e-12
14 74426314 rs57268226 0.087795
14 74426317 rs137990739 0.33828
14 74426375 rs145747095 0.7287899999999999
14 74426672 rs2072291 1.2369000000000003e-11
14 74426854 rs740505 0.015096
14 74426930 rs740504 0.015284
14 74426942 rs10873263 4.866e-13
14 74426971 rs34468446 0.030557
14 74427405 rs2098029 0.017447
14 74427406 rs115579294 0.7610399999999999
14 74427623 rs547084479 0.45861
14 74427625 rs75088275 0.38854
14 74427674 rs79246780 0.0023109000000000003
14 74427786 rs74381978 0.64562
14 74428000 rs2074930 8.8229e-09
14 74428247 rs34746680 0.73616
14 74428286 rs7141392 0.3158
14 74428338 rs116737018 0.058630999999999996
14 74428445 rs8500 2.2097e-12
14 74428851 rs12880050 0.016066999999999998
14 74429091 rs72627141 3.1735000000000003e-09
14 74429125 rs113145643 0.18582
14 74429133 rs7147088 2.1374e-12
14 74429137 rs7147229 4.5819e-13
14 74429334 rs148091787 0.76237
14 74429597 rs139750956 0.92012
14 74429604 rs79648077 0.28093
14 74429730 rs73301427 0.19189
14 74429848 rs72627142 3.2574000000000004e-09
14 74429983 rs116563548 0.023250999999999997
14 74430447 rs1029704 2.144e-12
14 74430464 rs777186994 0.11656
14 74431000 rs117853353 0.0023261999999999996
14 74431191 rs3742815 8.7249e-20
14 74431428 rs72627143 0.21469000000000002
14 74431929 rs188796735 0.39843
14 74432158 rs118113209 0.69497
14 74432162 rs7156320 2.5158e-12
14 74432265 rs7155210 2.1619e-12
14 74432430 rs4140924 6.5558e-13
14 74433015 rs181821437 0.41508999999999996
14 74433129 rs7161037 1.4602e-12
14 74433138 rs11624946 1.1187999999999998e-11
14 74433141 rs72723776 0.017028
14 74433226 rs544722277 0.20658
14 74433552 rs13743 1.6839e-12
14 74433564 rs114220367 0.6708
14 74433606 rs146333729 0.18796
14 74433611 rs78933588 0.7031
14 74433859 rs3742813 1.6797e-12
14 74433886 rs3742812 0.9157299999999999
14 74433986 rs527371465 0.55372
14 74434535 rs113969048 0.13233
14 74434623 rs12432463 1.6536e-12
14 74435028 rs34793473 0.016883000000000002
14 74435370 rs3784042 0.020675
14 74435483 rs3784041 0.020752
14 74435615 rs3784040 2.6473e-09
14 74435859 rs56741194 1.3991e-08
14 74435914 rs8015274 0.0115
14 74435958 rs114531848 0.67068
14 74435964 rs75648220 0.6704899999999999
14 74436035 rs17094410 0.08516699999999999
14 74436143 rs145809914 0.6663100000000001
14 74436161 rs114647260 0.9090600000000001
14 74436231 rs141803559 0.058689
14 74436235 rs111354676 0.91391
14 74436395 rs191913317 0.78623
14 74436502 rs2336742 3.7301e-06
14 74436699 rs116066050 0.3153
14 74437069 rs3742811 4.1851e-09
14 74437132 rs113074000 0.19222
14 74437213 rs73301440 0.18544000000000002
14 74437545 rs114037878 0.034051
14 74437631 rs112494341 0.19238
14 74437693 rs147989709 0.42773999999999995
14 74437789 rs182820646 0.14357
14 74437834 rs11621319 1.6982e-12
14 74437956 rs140877460 6.280600000000001e-09
14 74437964 rs150179269 6.293499999999999e-09
14 74437973 rs138558914 0.6776800000000001
14 74438150 rs141757335 0.73824
14 74438267 rs78136305 0.022525999999999997
14 74439494 rs144226499 0.57902
14 74439495 rs11623794 3.8302e-06
14 74439673 rs17094434 0.35128000000000004
14 74439693 rs17094438 0.6096
14 74439880 rs115857944 0.26426
14 74439895 rs74492048 0.7146399999999999
14 74439951 rs142456652 0.67156
14 74440002 rs17094445 0.31706999999999996
14 74440119 rs17094448 0.71665
14 74440161 rs2072292 1.6635e-12
14 74440441 rs11623041 0.0023064
14 74440465 rs116718458 0.66855
14 74440720 rs7152184 0.035497
14 74440853 rs76409783 0.31684
14 74440959 rs73301449 0.18714
14 74441167 rs62006133 0.034789999999999995
14 74441176 rs7157377 2.0683000000000001e-13
14 74441244 rs73301450 0.1957
14 74441345 rs758240 1.0540999999999999e-19
14 74441450 rs543624587 0.9975299999999999
14 74441537 rs2074933 1.2595999999999998e-11
14 74441684 rs2074932 1.0552999999999999e-19
14 74441753 rs12895057 0.88395
14 74442151 rs2074931 2.2971e-12
14 74442210 rs140327042 0.10145
14 74442252 rs11625480 4.8258e-13
14 74442257 rs117000955 0.70943
14 74442366 rs145429634 0.1012
14 74442418 rs114450672 0.8464700000000001
14 74442500 rs11844270 0.012083
14 74442631 rs142846419 0.6298699999999999
14 74442857 rs17782328 0.018345
14 74443147 rs56856120 0.56625
14 74443150 rs114036459 0.67786
14 74443354 rs8009548 2.3e-12
14 74443498 rs35225829 0.015047
14 74443629 rs78795860 0.92412
14 74443840 rs75524800 0.67552
14 74444083 rs7152860 0.19655999999999998
14 74444238 rs7152760 0.17151
14 74444439 rs17782334 0.018563
14 74444625 rs2215134 1.1493e-11
14 74444729 rs112849662 0.76967
14 74444778 rs17782344 5.3618e-13
14 74444988 rs79758835 0.5492600000000001
14 74445039 rs115579701 0.33429000000000003
14 74445261 rs150959685 0.82989
14 74445390 rs11159051 5.377e-13
14 74445469 rs139445351 0.36009
14 74445619 rs4903162 1.5285e-11
14 74445730 rs114483914 0.047624
14 74445852 rs73301457 0.98582
14 74445876 rs116488188 0.68629
14 74445882 rs62006134 5.3198e-13
14 74446202 rs185558826 0.9297700000000001
14 74446275 rs9888592 0.33421
14 74446324 rs9323593 1.5905e-11
14 74446476 rs62006135 3.6291e-19
14 74446808 rs186109031 0.22533000000000003
14 74447112 rs62006136 5.4704e-13
14 74447198 rs141482896 0.33429000000000003
14 74447257 rs8011908 2.522e-12
14 74447383 rs80298117 0.7145
14 74447393 rs8012388 2.523e-12
14 74447407 rs114727577 0.012087
14 74447785 rs147326645 0.71741
14 74447988 rs117382186 0.054139
14 74448572 rs74956016 0.33421
14 74448625 rs11624284 2.4855e-12
14 74448916 rs185691039 0.66438
14 74449088 rs9744017 0.19604000000000002
14 74449119 rs9744018 0.19569
14 74449207 rs146663020 0.10224
14 74449225 rs181561809 0.11
14 74449241 rs183832190 0.33605999999999997
14 74449484 rs114055930 0.54838
14 74449529 rs146520613 0.002943
14 74449664 rs12431489 8.3555e-13
14 74450023 rs145581528 1.0118e-08
14 74450140 rs148952157 0.36577
14 74450400 rs200822964 0.10793
14 74450613 rs143842394 0.071855
14 74450733 rs116405739 0.33429000000000003
14 74450752 rs12894825 0.017882
14 74451171 rs4903163 0.30651999999999996
14 74451190 rs116263576 0.8464700000000001
14 74451315 rs4903164 0.014287000000000001
14 74451599 rs4903165 1.0394e-19
14 74451615 rs113834799 0.17127
14 74451938 rs143998887 0.7098800000000001
14 74451958 rs187660333 0.96501
14 74451961 rs145947184 0.38613000000000003
14 74452429 rs17782351 0.59551
14 74452465 rs7148202 4.9791e-13
14 74452495 rs58199545 0.71738
14 74452784 rs148685804 0.33429000000000003
14 74453208 rs73301464 0.14138
14 74453213 rs77198992 0.92412
14 74453347 rs142240988 0.22637
14 74453717 rs28758488 0.36988000000000004
14 74453817 rs28628660 0.36979
14 74453987 rs140299200 0.69196
14 74454107 rs78208447 0.38613000000000003
14 74454195 rs35864336 2.3535999999999997e-13
14 74454456 rs145406102 0.5284300000000001
14 74454489 rs577856426 0.29909
14 74454813 rs2302117 1.2442e-12
14 74454819 rs12434581 5.0355e-13
14 74455034 rs556236913 0.25974
14 74455196 rs61423350 0.90265
14 74455219 rs77321049 0.7094199999999999
14 74455389 rs11159052 2.8235e-12
14 74455979 rs62005063 1.45e-12
14 74456126 rs72627144 2.5376e-09
14 74456128 rs62005064 1.5244e-12
14 74456266 rs142489916 0.71394
14 74456480 rs186358932 0.044443
14 74456879 rs112272300 0.17206
14 74456996 rs80083802 0.71395
14 74457093 rs111786594 0.014458000000000002
14 74457121 rs35899271 0.01733
14 74457162 rs12893501 3.2836e-05
14 74457214 rs78742875 0.69024
14 74457228 rs72627145 2.5655e-09
14 74457332 rs116705648 0.82706
14 74457478 rs112190984 0.017388
14 74457729 rs147622288 0.35759
14 74457938 rs114080306 0.84162
14 74457944 rs8019765 4.1188e-12
14 74457991 rs77809263 0.072226
14 74458077 rs140448903 0.20471
14 74458079 rs150472465 0.44116000000000005
14 74458561 rs7143207 2.7958e-12
14 74458582 rs2012788 0.15285
14 74458618 rs539021260 0.67215
14 74458663 rs62005067 1.5234e-12
14 74459254 rs116203626 0.013944
14 74459440 rs73301469 0.09740399999999999
14 74459536 rs138982808 0.16746
14 74459601 rs192940210 1.1674000000000001e-07
14 74459617 rs142451081 0.38623
14 74459620 rs12885276 0.017279
14 74459679 rs62005068 2.9084e-12
14 74459877 rs115525609 0.8477
14 74459954 rs562796921 0.25974
14 74460095 rs11621114 3.0673e-12
14 74460126 rs11621118 1.4857999999999999e-19
14 74460144 rs79860918 0.29545
14 74460293 rs73301471 0.9864700000000001
14 74460488 rs1468505 2.9457e-12
14 74460691 rs10143201 0.10970999999999999
14 74461117 rs112965033 0.7941199999999999
14 74461121 rs113257091 0.79479
14 74461295 rs183773048 0.88246
14 74461471 rs76772820 0.57506
14 74461598 rs181882972 0.8433
14 74461630 rs56287558 0.31238
14 74462204 rs12323875 0.37565
14 74462213 rs8016802 0.33343
14 74462216 rs58232453 0.11877
14 74462454 rs76833914 0.0038111999999999994
14 74462690 rs9323594 0.028348
14 74462759 rs147190309 0.93127
14 74462868 rs73301475 0.6659
14 74463560 rs73301477 0.65904
14 74463682 rs55924081 0.5516399999999999
14 74464104 rs75081619 0.82115
14 74464900 rs143728364 0.13568
14 74464991 rs147219966 0.68658
14 74465290 rs77361581 0.6751699999999999
14 74465405 rs141267721 0.48827
14 74465445 rs75374056 0.29525999999999997
14 74465662 rs62005070 4.3376e-13
14 74465741 rs10147158 0.75234
14 74465756 rs8015927 0.66665
14 74465959 rs7157168 0.029488999999999998
14 74466063 rs60730881 0.52242
14 74466191 rs140025253 0.82232
14 74466253 rs183407814 0.5606399999999999
14 74466294 rs7159179 0.026554
14 74466356 rs4903166 0.32896
14 74466363 rs143752275 0.00011315
14 74466622 rs538253463 0.8444299999999999
14 74466920 rs59645412 0.8739
14 74466938 rs75822686 0.051299000000000004
14 74466958 rs150336161 0.46308999999999995
14 74467172 rs114448832 0.78862
14 74467177 rs115003749 0.8689899999999999
14 74467222 rs146086623 0.65368
14 74467250 rs59429148 0.6743399999999999
14 74467334 rs149332160 0.71809
14 74467354 rs144541423 0.017284
14 74467401 rs148045611 0.16646
14 74467449 rs58639209 0.67509
14 74467472 rs4903167 0.026060000000000003
14 74467531 rs58102735 0.67464
14 74467757 rs73301479 0.67602
14 74467839 rs113768127 0.67545
14 74467879 rs4899486 0.02632
14 74467987 rs28473715 4.3187e-28
14 74468065 rs149192567 0.62545
14 74468074 rs112263713 0.92568
14 74468153 rs367874442 0.30129
14 74468205 rs141934933 0.36414
14 74468229 rs371657181 0.30129
14 74468245 rs145747149 0.36236
14 74468335 rs28414179 5.306199999999999e-28
14 74468532 rs4899487 0.026347000000000002
14 74468613 rs4903168 0.02128
14 74468643 rs73301485 0.67015
14 74468898 rs62005071 3.3251e-13
14 74469188 rs12892608 0.020496
14 74469216 rs114977669 0.11940999999999999
14 74469480 rs59675549 0.65276
14 74469559 rs34039294 3.7602e-13
14 74469627 rs61091897 1.4538e-08
14 74469679 rs116245549 0.8555299999999999
14 74469876 rs146083043 0.8369700000000001
14 74469915 rs2159147 0.028093
14 74469941 rs77899224 0.31053000000000003
14 74470008 rs114586863 0.08130599999999999
14 74470063 rs59814250 0.062015
14 74470064 rs2108712 0.32139
14 74470191 rs543473754 0.60287
14 74470208 rs114420906 0.74697
14 74470492 rs117393120 8.285700000000001e-13
14 74470632 rs116650363 0.70865
14 74470639 rs182574325 1.0672e-12
14 74470666 rs114218466 0.40717
14 74470781 rs12887915 0.029697
14 74470822 rs62005072 4.4587e-13
14 74470907 rs12888125 0.029460000000000004
14 74471016 rs8017421 0.6239100000000001
14 74471059 rs142951362 0.32948
14 74471074 rs187187538 0.0073384
14 74471220 rs144846353 0.8897200000000001
14 74471262 rs80239428 0.33328
14 74471267 rs8019192 0.61965
14 74471377 rs8018226 0.617
14 74471392 rs10400727 0.015080000000000001
14 74471492 rs191911835 0.063636
14 74471672 rs8019882 0.017348
14 74471862 rs144352351 0.6986899999999999
14 74471864 rs112897606 0.8023899999999999
14 74471895 rs8019320 0.018328
14 74472053 rs115021583 0.125
14 74472163 rs143584398 0.92063
14 74472197 rs73301493 0.59705
14 74472226 rs9671223 3.7905e-13
14 74472848 rs4903169 0.033463
14 74472881 rs4903170 0.0746
14 74472928 rs142037271 0.34204
14 74473055 rs71429030 0.022236000000000002
14 74473072 rs144376326 0.83793
14 74473112 rs183824843 0.82616
14 74473130 rs10132605 5.2822e-28
14 74473237 rs188518652 0.25055
14 74473292 rs181601553 0.57217
14 74473303 rs11159055 0.01778
14 74473353 rs10132807 0.031721
14 74473395 rs10132736 4.0602e-28
14 74473413 rs73301500 0.55352
14 74473434 rs11626725 4.4734e-12
14 74473547 rs139005330 0.5667399999999999
14 74473578 rs75754154 0.54775
14 74473607 rs11159056 0.007539199999999999
14 74473825 rs8010533 0.017218999999999998
14 74473887 rs72723799 1.0255e-31
14 74473941 rs62005074 0.0054629
14 74473951 rs112538274 0.5716600000000001
14 74473952 rs112140683 0.91961
14 74474052 rs143691917 0.014622999999999999
14 74474396 rs117818304 0.53791
14 74474436 rs111803648 0.7069300000000001
14 74474696 rs58821363 0.49378
14 74474850 rs4899488 0.19791
14 74475043 rs76204336 0.28757
14 74475178 rs56758156 0.81594
14 74475569 rs80114314 0.37074
14 74475691 rs577231734 0.28765999999999997
14 74475796 rs10151810 2.1074000000000001e-10
14 74475946 rs140046695 0.79779
14 74476024 rs62005075 1.8802e-32
14 74476167 rs144012912 0.55562
14 74476259 rs115737952 0.33771999999999996
14 74476399 rs72627146 0.49473
14 74476400 rs11848840 0.80728
14 74476534 rs113890313 0.99792
14 74476552 rs77987737 0.49335
14 74476563 rs139814489 0.056711000000000004
14 74476623 rs143441356 0.49918
14 74476627 rs368516036 0.91117
14 74476744 rs146761108 0.90265
14 74476866 rs11848920 0.50471
14 74476885 rs534184486 0.82752
14 74476919 rs115857921 0.090577
14 74476934 rs76889338 0.4926
14 74477156 rs140326958 2.8396e-06
14 74477200 rs62005077 1.6899e-32
14 74477206 rs12886808 0.004659399999999999
14 74477284 rs73303107 0.49482
14 74477314 rs11159057 2.0999e-10
14 74477336 rs11849883 0.18785
14 74477408 rs76889147 0.021882
14 74477488 rs3742810 0.32616999999999996
14 74477507 rs8012398 0.66165
14 74477647 rs78393809 0.43086
14 74477682 rs76763408 0.87659
14 74477870 rs149163018 0.81512
14 74478438 rs78092845 0.49446999999999997
14 74478482 rs77320708 0.5034
14 74478584 rs74395411 0.50493
14 74478661 rs115567354 0.42639
14 74478969 rs8023037 0.6299600000000001
14 74479217 rs41435451 0.49046999999999996
14 74479363 rs76816121 0.042295
14 74479746 rs11848515 0.047763
14 74480070 rs78496651 0.49954
14 74480084 rs138526416 0.13401
14 74480121 rs144131209 0.7911100000000001
14 74480134 rs150664330 0.89892
14 74480136 rs73303112 0.32697
14 74480280 rs118068196 0.0071742
14 74480304 rs35579176 0.18262
14 74480613 rs143975744 0.8694799999999999
14 74480659 rs79451177 0.047438
14 74480794 rs66896899 0.0065979
14 74480802 rs60584681 0.49816000000000005
14 74480824 rs61366903 0.49818
14 74480874 rs62005078 2.3528999999999998e-32
14 74480937 rs74684041 0.95894
14 74481068 rs73303113 0.49477
14 74481071 rs186499427 0.13995
14 74481269 rs10137581 0.31845999999999997
14 74481484 rs79409452 0.66177
14 74481917 rs114582139 0.12485999999999998
14 74481953 rs61522544 0.5047
14 74481963 rs182641553 0.66177
14 74481979 rs56995298 0.49093000000000003
14 74482039 rs17093884 0.50442
14 74482299 rs140853573 0.8474299999999999
14 74482311 rs116320052 0.8698
14 74482420 rs149795139 0.82914
14 74482450 rs141671679 0.80178
14 74482598 rs17095091 0.41666000000000003
14 74482674 rs192822905 0.41802
14 74482925 rs148348500 0.8991399999999999
14 74482948 rs3815331 0.49493000000000004
14 74482984 rs17095096 0.95894
14 74483171 rs145962254 0.021353999999999998
14 74483192 rs138568477 0.3208
14 74483344 rs55714624 2.1598999999999997e-32
14 74483448 rs7145427 0.18388
14 74483542 rs184228912 0.82416
14 74483568 rs7147063 0.48817
14 74483615 rs73303116 0.4907
14 74483748 rs78010061 0.31738
14 74483819 rs191433274 9.7447e-08
14 74483888 rs148659382 0.95894
14 74483945 rs113307751 0.5022300000000001
14 74483961 rs113187224 0.48833000000000004
14 74483975 rs112464051 0.49077
14 74484111 rs57733852 0.0076343
14 74484153 rs140958854 0.8699
14 74484310 rs10135303 1.6878999999999998e-32
14 74484401 rs4899489 0.063471
14 74484509 rs149012525 0.82873
14 74484670 rs56889246 0.49096000000000006
14 74484849 rs114137215 0.021005000000000003
14 74484943 rs116402292 0.9369799999999999
14 74485001 rs113306633 0.79251
14 74485048 rs749482222 0.32421
14 74485133 rs34440436 0.0067656999999999995
14 74485364 rs72723802 0.9085200000000001
14 74485382 rs58894370 0.49717
14 74485523 rs57482759 0.5035
14 74485592 rs45538635 5.740699999999999e-33
14 74485781 rs61475846 0.50346
14 74485874 rs150516062 0.8736700000000001
14 74485926 rs113908274 0.50327
14 74486079 rs79458742 0.33805999999999997
14 74486102 rs535112272 0.64652
14 74486469 rs75247454 0.87456
14 74486470 rs77815188 0.87456
14 74486624 rs114478237 0.64223
14 74486797 rs73303122 0.50385
14 74486969 rs139712735 0.29483000000000004
14 74487263 rs145439923 0.33729000000000003
14 74487270 rs57201385 0.49378
14 74487287 rs181083003 0.006573399999999999
14 74487363 rs6574156 0.48694
14 74487426 rs113692326 0.79251
14 74487521 rs57731447 0.49415
14 74487592 rs57685514 0.49335
14 74487688 rs80177305 0.32021
14 74488106 rs35198825 0.006744
14 74488168 rs116176810 0.050731
14 74488992 rs35052753 0.008063800000000001
14 74489009 rs139647442 0.9085200000000001
14 74489013 rs143657897 0.80724
14 74489162 rs112053845 0.9673200000000001
14 74489165 rs184038296 0.14498
14 74489170 rs10151481 0.31849
14 74489225 rs74635757 0.50393
14 74489244 rs73303129 0.50393
14 74489348 rs115885824 0.66177
14 74489695 rs79860442 0.047481
14 74489735 rs3784039 0.48762
14 74489782 rs61751904 0.98979
14 74489815 rs182496407 0.42136999999999997
14 74490002 rs116263603 0.7987
14 74490045 rs56073585 6.226199999999999e-33
14 74490256 rs144494872 0.8071699999999999
14 74490276 rs146644610 0.14498
14 74490357 rs141453104 1.0823000000000001e-07
14 74490448 rs151303304 0.39332
14 74490560 rs150126903 0.8071699999999999
14 74490664 rs10137984 0.65704
14 74491036 rs185628829 0.89889
14 74491052 rs147004396 0.7570100000000001
14 74491065 rs57953007 0.45006999999999997
14 74491117 rs114967648 0.9568399999999999
14 74491121 rs79250763 0.49885
14 74491260 rs114641365 0.39179
14 74491285 rs112162624 0.23081999999999997
14 74491451 rs148247091 0.16791
14 74491635 rs117362083 0.55608
14 74491726 rs35573905 0.0070168999999999995
14 74491830 rs141465962 0.9369799999999999
14 74491862 rs74644366 0.047554
14 74491866 rs59449585 0.39179
14 74491879 rs539414282 0.25056
14 74492609 rs111620017 0.92055
14 74492635 rs551948826 0.059522000000000005
14 74492856 rs186018256 0.80697
14 74492966 rs144215817 0.80697
14 74492974 rs146065434 0.49913
14 74493013 rs111814267 0.005240399999999999
14 74493241 rs66941731 0.19047
14 74493405 rs10147202 0.6754
14 74493624 rs113006129 0.7985399999999999
14 74493648 rs115742876 0.1078
14 74493692 rs62005083 3.4829999999999996e-26
14 74494152 rs113890148 0.86915
14 74494437 rs8020310 0.50478
14 74495050 rs141250727 0.54245
14 74495090 rs73303135 0.51363
14 74495284 rs111682553 0.79456
14 74495447 rs146921932 0.92038
14 74495466 rs142223200 0.05556900000000001
14 74495480 rs9743497 0.78108
14 74495534 rs138582449 0.03035
14 74495952 rs144719917 0.00148
14 74496161 rs59724208 0.044823
14 74496320 rs59334504 1.2478e-10
14 74496684 rs77205788 0.070918
14 74496782 rs12887106 0.0060003999999999995
14 74497230 rs10137292 0.63984
14 74497463 rs117276277 0.5369
14 74497558 rs184863790 0.91302
14 74497682 rs547191264 0.9783700000000001
14 74497843 rs112284197 0.79265
14 74498053 rs75773875 0.5352600000000001
14 74498333 rs7161721 0.16448
14 74498358 rs7161293 0.16452999999999998
14 74498648 rs76280118 0.81758
14 74499430 rs62005084 4.5125e-33
14 74499557 rs73303140 0.019717
14 74499714 rs111505859 0.8327700000000001
14 74499959 rs114732364 0.11360999999999999
14 74499971 rs116561623 0.81545
14 74499983 rs143176734 0.53554
14 74500194 rs182538868 0.9154200000000001
14 74500530 rs62005085 9.0892e-25
14 74500591 rs192413372 0.083175
14 74500621 rs72725911 3.9900999999999995e-33
14 74501034 rs2286415 1.2905000000000001e-24
14 74501184 rs115588173 0.53869
14 74501316 rs184717626 0.975
14 74501347 rs35265820 0.5021800000000001
14 74501450 rs7147523 0.049393
14 74501536 rs118177460 0.074928
14 74501712 rs72627148 0.4599
14 74501780 rs7148058 4.5004000000000003e-10
14 74501841 rs138805259 0.11101
14 74501884 rs189523068 0.77503
14 74501993 rs11846445 4.9287e-10
14 74502001 rs56171007 3.6218e-33
14 74502080 rs28635676 0.12947
14 74502156 rs11846498 1.3736e-24
14 74502183 rs28450316 0.34141
14 74502222 rs370598429 0.057277999999999996
14 74502230 rs148576870 0.72117
14 74502245 rs77639642 0.5201399999999999
14 74502495 rs11159059 0.0022401
14 74502513 rs11846676 0.61315
14 74502606 rs188411849 0.62876
14 74502821 rs113453029 3.7374e-25
14 74502877 rs72627149 0.44232
14 74502887 rs114418856 0.66122
14 74503201 rs111966008 0.8837799999999999
14 74503319 rs370237211 0.088203
14 74503333 rs10873264 0.1211
14 74503485 rs116936090 3.1881e-07
14 74503608 rs116473879 0.3345
14 74503720 rs560219649 0.057277999999999996
14 74503822 rs146483913 0.34028
14 74503859 rs11159060 0.0022197
14 74503929 rs145043648 1.7832e-07
14 74504029 rs11848763 0.5100399999999999
14 74504142 rs141477209 0.81483
14 74504232 rs532291682 0.9142399999999999
14 74504332 rs150391864 0.31467
14 74504503 rs8007029 1.2654e-24
14 74504771 rs57998333 0.8498700000000001
14 74504803 rs115883558 0.66122
14 74504823 rs116027231 0.02182
14 74504928 rs10459548 0.46006
14 74505069 rs6574157 3.2163e-25
14 74505434 rs116094311 0.83004
14 74505487 rs7150815 4.953e-10
14 74505692 rs68031725 0.0021311
14 74505748 rs7150923 4.314e-10
14 74505944 rs76031372 0.93991
14 74505985 rs139062318 0.8403200000000001
14 74506012 rs10148926 0.32218
14 74506095 rs72627150 0.46155
14 74506382 rs4899490 1.1179999999999998e-24
14 74506416 rs113275519 0.97993
14 74506445 rs12893367 5.5679e-10
14 74506533 rs116330091 0.8245399999999999
14 74506715 rs112717083 0.9381700000000001
14 74506982 rs62005105 0.00014691
14 74507117 rs115095452 0.54094
14 74507320 rs17182762 0.31554
14 74507674 rs17095467 0.25067
14 74507707 rs17095471 0.30948000000000003
14 74507759 rs2240625 0.5091600000000001
14 74507772 rs143734422 0.8273299999999999
14 74507775 rs148084194 0.045632
14 74507916 rs146897714 0.2677
14 74507985 rs12883970 0.0022099
14 74508122 rs111950983 0.8199799999999999
14 74508347 rs75245210 0.31487
14 74508459 rs111349322 0.25436
14 74508527 rs138299426 0.81211
14 74508604 rs575433019 0.23901999999999998
14 74508635 rs149269348 0.046786
14 74508793 rs72627151 0.50926
14 74508858 rs72725916 2.5495e-33
14 74509023 rs55878372 2.5245e-33
14 74509238 rs143975245 0.0047745
14 74509377 rs7153160 1.3257e-19
14 74509401 rs35113917 0.8244
14 74509419 rs7153017 1.0249999999999999e-24
14 74509660 rs7153587 2.2054e-19
14 74509911 rs62005107 1.0111e-24
14 74509952 rs115299237 0.43533999999999995
14 74509956 rs116769961 0.46301000000000003
14 74509972 rs189555346 0.080664
14 74510290 rs180806205 0.66327
14 74510584 rs151194722 0.93435
14 74510608 rs114980196 0.64851
14 74510612 rs66781959 0.0021878
14 74510656 rs545020471 0.057372
14 74510724 rs140339467 0.60725
14 74510840 rs191881199 0.9190799999999999
14 74510873 rs114934494 0.33515
14 74510874 rs111844188 0.95176
14 74510896 rs12147709 9.869100000000002e-25
14 74511124 rs35113650 0.0022001
14 74511226 rs115162952 0.81566
14 74511354 rs145269106 0.35755
14 74511572 rs111233106 0.72513
14 74511790 rs28648521 0.3223
14 74511878 rs2336751 0.51051
14 74511935 rs28721893 0.68648
14 74512074 rs4903173 0.0029151
14 74512199 rs7160498 2.1104000000000002e-19
14 74512389 rs34926712 0.0021920000000000004
14 74512698 rs6574158 4.670400000000001e-10
14 74512816 rs141857440 0.088412
14 74513233 rs143842083 0.022408
14 74513236 rs2190894 9.5114e-25
14 74513552 rs141961933 0.8604700000000001
14 74513640 rs68078235 0.0020798
14 74514143 rs760771246 0.84265
14 74514166 rs572516868 0.10232999999999999
14 74514298 rs114922369 0.40254
14 74514388 rs12888554 0.0021881
14 74514674 rs3784038 4.0034e-10
14 74514717 rs114681409 0.53699
14 74514883 rs75913650 0.096215
14 74515078 rs79625325 0.7161
14 74515083 rs79348621 0.096215
14 74515084 rs567709743 0.22941
14 74515660 rs10150894 9.377e-25
14 74515721 rs11624332 0.10039
14 74515823 rs112131972 0.8911399999999999
14 74515911 rs10151133 0.6455
14 74516067 rs73303156 0.73015
14 74516497 rs34076068 0.0022011999999999995
14 74516557 rs76295174 0.83399
14 74516621 rs34995157 0.79266
14 74517012 rs17095580 0.37429
14 74517106 rs75138131 0.36211
14 74517122 rs112694149 0.83399
14 74517154 rs77444557 0.36211
14 74517232 rs77546905 0.024100999999999997
14 74517287 rs62005108 9.1841e-25
14 74517377 rs35733055 0.0022007
14 74517745 rs147874690 0.73369
14 74517904 rs150477809 0.9561799999999999
14 74517918 rs62005109 8.627e-25
14 74518030 rs149222628 0.843
14 74518068 rs183669841 0.93284
14 74518073 rs8015654 9.059200000000002e-25
