CHR BP SNP P
6 127487806 rs2154167 0.41853
6 127487902 rs2154168 0.8371200000000001
6 127488239 rs141645449 0.10970999999999999
6 127488385 rs61386099 0.63258
6 127488466 rs4559104 0.82004
6 127488840 rs59190421 0.63727
6 127489392 rs575761775 0.64279
6 127489484 rs140911351 0.56612
6 127490124 rs145167618 0.49736
6 127490310 rs2326565 0.83816
6 127490427 rs76895084 0.64881
6 127490524 rs4620145 0.87545
6 127490599 rs2489631 0.43749
6 127490688 rs79594909 0.020768000000000002
6 127492375 rs7775715 0.80204
6 127492637 rs6925791 0.048593
6 127492840 rs2326566 0.80195
6 127493141 rs7742668 0.8024399999999999
6 127493468 rs9491703 0.80733
6 127493611 rs6569474 0.42146000000000006
6 127494711 rs2503114 0.9547
6 127495003 rs73771605 0.37164
6 127495108 rs118068855 0.6317699999999999
6 127495245 rs76128182 0.04533
6 127495259 rs115927304 0.62558
6 127495292 rs9491704 0.82029
6 127495594 rs144937024 0.022136000000000003
6 127496142 rs9491705 0.81533
6 127496226 rs9491706 0.81729
6 127496495 rs78353740 0.5322899999999999
6 127496512 rs2503323 0.45863999999999994
6 127496594 rs73771608 0.62942
6 127496738 rs75574290 0.048878
6 127497014 rs79918312 0.83705
6 127497275 rs116978629 0.60377
6 127497764 rs7771990 0.80579
6 127498282 rs73771609 0.53813
6 127498350 rs73771610 0.75948
6 127498633 rs62438501 0.63972
6 127499221 rs779699777 0.45938
6 127499599 rs73771611 0.862
6 127499678 rs2503324 0.6645800000000001
6 127499886 rs6926911 0.86679
6 127500060 rs2503325 0.65677
6 127500069 rs148731754 0.15192999999999998
6 127500074 rs6927490 0.88508
6 127500745 rs7749963 0.76913
6 127500895 rs118038424 0.089778
6 127501120 rs73771613 0.9171600000000001
6 127501926 rs2503326 0.44035
6 127502410 rs75285525 0.9957600000000001
6 127502743 rs62438502 0.20357999999999998
6 127502833 rs73771614 0.81481
6 127502839 rs73771615 0.81917
6 127502991 rs17812916 0.18655
6 127504661 rs192014420 0.31609
6 127504904 rs72959099 0.61687
6 127505135 rs114298970 0.052650999999999996
6 127505292 rs550122388 0.40231
6 127505701 rs12529344 0.63595
6 127506762 rs79715058 0.63395
6 127506977 rs73771617 0.8502
6 127507403 rs11759578 0.9928
6 127508166 rs73771618 0.76156
6 127508429 rs73771620 0.7868
6 127508446 rs73771621 0.78562
6 127508679 rs73771623 0.30329
6 127508853 rs73771624 0.80556
6 127509139 rs7744964 0.81097
6 127509157 rs7745274 0.44108
6 127509429 rs76985088 0.5231
6 127509485 rs183194925 0.5252899999999999
6 127509888 rs56213480 0.86687
6 127510035 rs75026178 0.046814999999999996
6 127510289 rs113826093 0.6502600000000001
6 127511354 rs80345557 0.8571700000000001
6 127511523 rs6569475 0.46219
6 127511728 rs6924189 0.81189
6 127512256 rs59946083 0.84414
6 127512291 rs60017272 0.83419
6 127512389 rs59183105 0.8354299999999999
6 127512526 rs79936679 0.046724
6 127513089 rs73771627 0.6288100000000001
6 127513358 rs73771628 0.63051
6 127514575 rs148713163 0.67376
6 127515087 rs75318673 0.046287
6 127515113 rs73771629 0.55908
6 127515275 rs78445419 0.6458699999999999
6 127515390 rs528927717 0.45411999999999997
6 127515586 rs77387555 0.53338
6 127515619 rs76761437 0.048424
6 127515911 rs6939812 0.5785899999999999
6 127516298 rs76362923 0.58085
6 127516423 rs566070811 0.7591399999999999
6 127516625 rs56749699 0.62412
6 127516778 rs59094281 0.55862
6 127516932 rs140698670 0.72485
6 127517705 rs138399570 0.048115
6 127518380 rs6909771 0.55624
6 127518814 rs6935292 0.5834
6 127519015 rs74643666 0.057611
6 127519063 rs73771631 0.5806899999999999
6 127519234 rs10457487 0.64798
6 127520073 rs75607329 0.93847
6 127520278 rs73771632 0.57443
6 127520529 rs1134070 0.43806000000000006
6 127521045 rs4585580 0.50337
6 127521127 rs4318902 0.31279
6 127521305 rs60182123 0.58522
6 127521354 rs56271246 0.56338
6 127522008 rs60473138 0.65582
6 127522287 rs114404261 0.056215999999999995
6 127522436 rs73577838 0.9151100000000001
6 127522573 rs6938763 0.69886
6 127522882 rs78073657 0.58877
6 127522928 rs6916252 0.64944
6 127523225 rs143874149 0.21114000000000002
6 127523489 rs188339235 0.57501
6 127523514 rs113378459 0.42837
6 127523700 rs112114144 0.6519
6 127524215 rs6923000 0.6765800000000001
6 127524398 rs72961007 0.075473
6 127524763 rs4446581 0.032876999999999997
6 127525593 rs58025265 0.5792
6 127525698 rs557710375 0.17310999999999999
6 127525792 rs117529640 0.17649
6 127526256 rs6903134 0.66681
6 127526524 rs77501937 0.1175
6 127527217 rs117064547 0.1796
6 127527798 rs73771651 0.8549100000000001
6 127528104 rs6914968 0.51283
6 127528311 rs6915652 0.71531
6 127528421 rs6915525 0.52512
6 127529013 rs9968918 0.93484
6 127529060 rs148618278 0.027627
6 127529209 rs9968920 0.59372
6 127529221 rs75609222 0.9617100000000001
6 127529562 rs73771653 0.8401700000000001
6 127529685 rs73771654 0.8034399999999999
6 127529780 rs72961013 0.070686
6 127529988 rs73771656 0.82495
6 127530203 rs78863192 0.95565
6 127530760 rs115248179 0.052042
6 127530850 rs75339641 0.7164699999999999
6 127531048 rs73771657 0.5775600000000001
6 127531204 rs73771658 0.57392
6 127531424 rs185962429 0.69519
6 127532167 rs76192537 0.90184
6 127532191 rs117394907 0.9847100000000001
6 127532381 rs6919601 0.48153
6 127532807 rs9482775 0.41457
6 127532892 rs145978951 0.42672
6 127535649 rs145586894 0.69525
6 127536324 rs73771664 0.32306999999999997
6 127537119 rs117450592 0.5391600000000001
6 127537995 rs144873523 0.67705
6 127540715 rs117526144 0.70126
6 127540890 rs117877168 0.3867
6 127541762 rs188373739 0.30071
6 127542365 rs140021096 0.99616
6 127542868 rs76575376 0.91128
6 127542927 rs113529298 0.62864
6 127542953 rs9791192 4.3618e-06
6 127543374 rs570200355 0.26686
6 127543425 rs116742444 0.32011
6 127543495 rs192534649 0.61273
6 127543618 rs11752269 0.57549
6 127543812 rs575463872 0.47376
6 127543915 rs9401939 0.00046315
6 127543917 rs9482777 0.61829
6 127544638 rs12195189 0.38316999999999996
6 127545092 rs117096201 0.92424
6 127545211 rs557575821 0.40102
6 127545219 rs76255324 0.10739000000000001
6 127545428 rs7739679 1.0707000000000001e-11
6 127545492 rs9375492 1.0555e-11
6 127545913 rs7753542 0.19998
6 127545950 rs11154387 0.45745
6 127546114 rs7774321 0.20019
6 127546605 rs9372860 6.3871e-12
6 127547027 rs7759507 0.46968999999999994
6 127547176 rs7759540 0.47111000000000003
6 127547361 rs145666194 0.35616
6 127547533 rs117325110 0.040865
6 127548324 rs145894166 0.1621
6 127548889 rs56153034 3.6325e-06
6 127549232 rs577305022 0.050351
6 127549362 rs111404847 0.20659
6 127550318 rs148084229 0.040014
6 127550349 rs4410741 0.2485
6 127550466 rs150615896 0.21584
6 127550563 rs10457488 0.60092
6 127550566 rs145305262 0.62208
6 127550801 rs7742575 8.4331e-12
6 127551199 rs142487197 0.20656
6 127551376 rs4640902 4.4322e-12
6 127551697 rs145176383 0.043288
6 127552025 rs145689144 0.028078
6 127552225 rs9388549 0.00040921
6 127552416 rs149590999 0.29018
6 127552628 rs144214876 0.098802
6 127552923 rs557043995 0.5807
6 127553173 rs192707268 0.9535600000000001
6 127553305 rs143709822 0.11412
6 127553461 rs147228478 0.64669
6 127553539 rs6569476 4.4124e-12
6 127553550 rs528659628 0.95929
6 127553551 rs62438524 0.62053
6 127553883 rs139073160 0.24758000000000002
6 127554070 rs149909879 0.24648
6 127554208 rs113986477 0.24665
6 127554488 rs9401942 0.00042395
6 127555194 rs6928924 7.927e-11
6 127555963 rs6902233 4.5245e-12
6 127555972 rs71565641 0.68802
6 127556246 rs113117377 0.31638
6 127558162 rs144531528 0.51394
6 127558203 rs11154388 0.564
6 127560233 rs143114633 0.063289
6 127560409 rs112371230 0.32097
6 127560508 rs4320390 1.0688e-11
6 127560553 rs112651503 0.16312000000000001
6 127560654 rs139740605 0.85882
6 127560743 rs73577881 0.9798
6 127560775 rs11154389 0.56914
6 127561108 rs114622089 0.71601
6 127561417 rs76376173 0.8246600000000001
6 127561539 rs12660656 0.24865
6 127561931 rs118183176 0.9315700000000001
6 127561970 rs117207112 0.41273999999999994
6 127561994 rs542547975 0.01793
6 127562468 rs117118530 0.43057
6 127563960 rs9491717 0.4265
6 127564047 rs9398835 0.00037992
6 127564124 rs115777477 0.50361
6 127564377 rs558433708 0.90828
6 127564731 rs186711067 0.51048
6 127565314 rs4598100 8.945899999999999e-13
6 127565668 rs57547403 0.30655
6 127565822 rs72961026 0.14135999999999999
6 127566282 rs62438526 7.3306e-05
6 127566622 rs78196592 0.26322
6 127567507 rs140878324 0.28565999999999997
6 127567715 rs12208830 0.81016
6 127567964 rs74639835 0.44887
6 127568447 rs4371861 6.1241e-09
6 127568677 rs138651877 0.47024
6 127569448 rs142447515 0.52628
6 127569516 rs147516795 0.26471
6 127569635 rs73577886 0.72747
6 127569739 rs72961030 0.098749
6 127569891 rs113495812 0.49091999999999997
6 127570440 rs73577887 0.8398399999999999
6 127570560 rs6913350 9.2374e-13
6 127571042 rs12201141 0.85069
6 127571114 rs547753683 0.31113
6 127571315 rs12333300 0.68334
6 127571526 rs79154257 0.14631
6 127571676 rs7742161 9.6851e-13
6 127571825 rs563570718 0.43718999999999997
6 127572096 rs7760652 9.4961e-13
6 127572440 rs540772524 0.44773
6 127572671 rs4895820 0.99905
6 127572761 rs4895821 4.0387e-12
6 127573298 rs73577891 0.96906
6 127573899 rs9482780 0.9720200000000001
6 127574044 rs9388553 1.0796e-12
6 127574341 rs7772035 1.8769e-05
6 127574371 rs148753160 0.67725
6 127574378 rs113268533 0.10085
6 127574510 rs151253963 0.67704
6 127574834 rs143494086 0.77483
6 127575061 rs9375493 0.00035347
6 127575172 rs7738747 1.9313e-05
6 127576230 rs11154390 0.99951
6 127576234 rs9388554 9.394899999999999e-13
6 127576363 rs9388555 1.0745e-12
6 127576497 rs9398836 4.3556e-12
6 127576590 rs148196783 0.7269
6 127576703 rs9491719 0.45733999999999997
6 127577928 rs4467798 0.25149
6 127578482 rs144235447 0.23939000000000002
6 127579029 rs150115728 0.7076
6 127579127 rs145538910 0.23826
6 127579989 rs137885652 0.26399
6 127579990 rs144119231 0.25016
6 127580362 rs143376206 0.72167
6 127580371 rs148353279 0.25016
6 127580405 rs4280986 1.1078e-12
6 127580549 rs6942082 0.48838000000000004
6 127581111 rs117318208 0.24429
6 127581210 rs6904834 9.574e-13
6 127581224 rs56155196 0.09954
6 127581763 rs6909703 9.793e-13
6 127581886 rs544212557 0.46073000000000003
6 127581893 rs9491720 0.65567
6 127582054 rs55951060 0.0040837
6 127582068 rs6932990 1.9152e-05
6 127582240 rs190618526 0.011622
6 127583408 rs4321843 1.9475999999999998e-05
6 127583794 rs116409683 0.67504
6 127583981 rs72961037 0.61563
6 127584224 rs189211351 0.95621
6 127584790 rs115058893 0.32615
6 127585522 rs2875972 9.8515e-13
6 127586199 rs112954519 0.033436
6 127586374 rs77974390 0.23945999999999998
6 127586742 rs9784840 0.9953299999999999
6 127586791 rs775268035 0.19584000000000001
6 127586820 rs9491721 0.5413399999999999
6 127587086 rs877102 7.876899999999999e-13
6 127587915 rs877661 1.949e-12
6 127587968 rs145142014 0.9692799999999999
6 127588024 rs534154150 0.4898
6 127588379 rs560822937 0.097915
6 127589302 rs6569477 1.4299e-12
6 127589497 rs79059495 0.010003
6 127589688 rs76406607 0.20956
6 127590358 rs754890637 0.9359799999999999
6 127590400 rs2038378 1.3191e-12
6 127590829 rs12192111 0.9438799999999999
6 127590947 rs9388557 0.00027571
6 127591824 rs9482781 0.77825
6 127591941 rs117998494 0.23185
6 127592051 rs138907712 0.031323000000000004
6 127592265 rs571771150 0.03044
6 127592284 rs79425241 0.2063
6 127592501 rs7774468 1.3679e-12
6 127592863 rs189698666 0.9701700000000001
6 127593042 rs115426494 0.9591
6 127593113 rs4502958 2.1553e-08
6 127593286 rs76426484 0.021556
6 127593564 rs1013640 0.10503
6 127594057 rs60988696 0.37779
6 127594292 rs117745552 0.20207
6 127594407 rs12175928 0.00027719
6 127595150 rs79493976 0.0016021000000000002
6 127595320 rs143676196 0.84367
6 127595441 rs9375498 0.00031249
6 127595786 rs2144742 1.2969e-12
6 127596586 rs9388558 0.00027261
6 127596781 rs9491722 0.81515
6 127596782 rs6906717 1.3072e-12
6 127596985 rs12210968 2.1658e-08
6 127597006 rs367783559 0.33105
6 127597397 rs117704463 0.52787
6 127597591 rs9385419 1.3049e-12
6 127597676 rs9401945 0.00027719
6 127597780 rs12199451 2.0995e-08
6 127598406 rs9491724 0.2138
6 127598562 rs9482782 0.8532
6 127598592 rs9482783 0.43112
6 127598619 rs6569478 1.2930000000000002e-12
6 127598744 rs7775667 2.0603e-08
6 127599770 rs551856353 0.1721
6 127599824 rs9491725 0.85744
6 127600630 rs2180341 1.0349e-12
6 127600903 rs79256190 0.21649000000000002
6 127601043 rs9482784 0.81638
6 127601195 rs9372861 0.00029164
6 127601246 rs9372862 0.00025864
6 127601411 rs139093084 0.76551
6 127601717 rs9388559 0.00025789
6 127602061 rs9401947 0.00029422
6 127602075 rs553239967 0.79146
6 127602258 rs72961049 0.11159000000000001
6 127604386 rs79150701 0.21541999999999997
6 127604723 rs60312390 0.51931
6 127605667 rs7764180 0.00025474
6 127605898 rs4897207 1.325e-12
6 127606160 rs2326567 1.3135e-12
6 127606349 rs9321072 0.00025446
6 127606588 rs6569479 1.3254e-12
6 127607878 rs142435817 0.45353999999999994
6 127608967 rs45456292 0.8720399999999999
6 127609558 rs41285264 0.10305999999999998
6 127609691 rs9321073 1.3022e-12
6 127610021 rs6683 2.3308e-08
6 127610820 rs78442522 0.81092
6 127611753 rs116074547 0.81834
6 127612154 rs78023389 0.46299999999999997
6 127612609 rs117530554 0.18934
6 127612829 rs75864079 0.12824000000000002
6 127613082 rs575705077 0.86595
6 127613966 rs3798850 1.289e-12
6 127614059 rs6914921 1.5479000000000002e-05
6 127614301 rs6936084 0.00030710000000000004
6 127614315 rs80267087 0.71536
6 127614446 rs113562373 0.35673
6 127614541 rs544170870 0.42049
6 127615000 rs7775493 1.3654e-12
6 127615738 rs9885935 0.9922799999999999
6 127615816 rs78846857 0.68863
6 127616397 rs80063041 0.20097
6 127617243 rs11154391 0.9142600000000001
6 127617316 rs74661403 0.94632
6 127617335 rs73579988 0.93704
6 127617343 rs75833408 0.60505
6 127617425 rs141581358 0.9736799999999999
6 127617474 rs61498440 0.11585999999999999
6 127617539 rs34239340 1.5269000000000002e-05
6 127617816 rs12203812 4.1312e-05
6 127618019 rs9321074 1.3130000000000002e-12
6 127618072 rs9375499 1.2764e-12
6 127618095 rs59930939 0.10833
6 127618198 rs9372863 0.00027988
6 127618780 rs75617633 0.20196
6 127618794 rs116999623 0.9244100000000001
6 127619070 rs910720 1.3611e-12
6 127620005 rs11962618 1.5628e-05
6 127620870 rs761842 0.00023559
6 127620879 rs77752188 0.20256
6 127620950 rs11154393 0.9398299999999999
6 127621263 rs113962060 0.5155
6 127621748 rs6569480 1.2185e-12
6 127622308 rs75527034 0.21343
6 127622724 rs9491726 0.45287
6 127623520 rs754084624 0.046013
6 127623760 rs185638766 0.99629
6 127624490 rs768347175 0.90525
6 127624944 rs9401948 0.00025304
6 127625709 rs76254465 0.68933
6 127625992 rs9491728 0.48261000000000004
6 127626482 rs112766530 0.6803
6 127626987 rs72961060 0.11675
6 127627412 rs76618670 2.2063000000000002e-05
6 127627772 rs542642659 0.30057
6 127627816 rs554964456 0.5182100000000001
6 127628131 rs77952725 0.91074
6 127628150 rs111830239 0.51865
6 127628165 rs115780668 0.70049
6 127628396 rs9491729 0.48261000000000004
6 127628572 rs111491826 0.10654000000000001
6 127628609 rs9388560 0.00025001
6 127628693 rs185819726 0.79755
6 127629138 rs11154395 2.5307e-08
6 127629802 rs6904520 1.3578e-12
6 127629953 rs36000432 1.5631e-05
6 127630046 rs10457490 0.9589
6 127630869 rs116252187 0.0081792
6 127630925 rs6910763 1.3138e-12
6 127630960 rs111381888 0.51865
6 127630963 rs6930849 1.2937e-12
6 127631111 rs10223649 0.48261000000000004
6 127631113 rs9285459 1.294e-12
6 127631371 rs6569482 1.3286e-12
6 127631754 rs6936621 0.00024870000000000003
6 127631827 rs6936813 0.00024884
6 127632238 rs749888379 0.058570000000000004
6 127632289 rs62437269 0.00030753
6 127632466 rs113105275 0.51865
6 127632545 rs142295340 0.19735999999999998
6 127632579 rs139986050 0.021644999999999998
6 127632693 rs7449576 1.3457e-12
6 127632756 rs146730347 0.18845
6 127633755 rs114222991 0.92575
6 127633810 rs2144743 1.3412e-12
6 127633959 rs7453272 1.0333e-12
6 127634072 rs72961071 0.12219000000000001
6 127634244 rs12529077 2.3275e-08
6 127634447 rs13208719 0.93553
6 127634478 rs148141138 0.094261
6 127634921 rs9388561 1.3116e-12
6 127635137 rs12199287 0.8406600000000001
6 127635217 rs9398837 1.3869e-12
6 127635285 rs9398838 1.3898e-12
6 127635432 rs79887585 0.7805300000000001
6 127636733 rs3798852 1.3389e-12
6 127636823 rs3798853 1.3104e-12
6 127637254 rs77607850 0.55292
6 127637374 rs2057223 1.3842e-12
6 127637382 rs111481567 0.48261000000000004
6 127637692 rs150979163 0.80477
6 127637713 rs113275394 0.50464
6 127638003 rs779562734 0.83026
6 127638348 rs7776136 1.3869e-12
6 127638582 rs184758497 0.8569399999999999
6 127638591 rs9491730 0.76212
6 127638600 rs6903878 1.3104e-12
6 127638706 rs6904065 0.5140399999999999
6 127638911 rs11154396 2.0933000000000003e-08
6 127639080 rs754211676 0.8386299999999999
6 127639296 rs148343388 0.010605
6 127640190 rs9285460 1.5283e-12
6 127640515 rs142810236 0.6127100000000001
6 127640793 rs139217389 0.59634
6 127641202 rs2749241 0.081788
6 127641768 rs3798856 0.10815999999999999
6 127641960 rs3823042 0.93065
6 127642158 rs533669581 0.19722
6 127642575 rs141219813 2.0248e-05
6 127642703 rs4895822 1.3523e-12
6 127642742 rs77024033 0.019615
6 127642827 rs115751126 0.95794
6 127643398 rs4895823 1.3238e-12
6 127644450 rs73582030 0.48261000000000004
6 127644632 rs140639482 0.8589
6 127644639 rs145789128 0.88002
6 127644890 rs9491731 0.48261000000000004
6 127645681 rs764917187 0.0030838000000000003
6 127645719 rs6937287 1.3772e-12
6 127646069 rs142833091 0.58401
6 127646114 rs112311192 0.51865
6 127646341 rs115608815 0.45358999999999994
6 127646649 rs11154397 2.464e-08
6 127647206 rs9375500 0.00024747
6 127647903 rs190165244 0.51174
6 127648646 rs4141423 0.00024747
6 127649258 rs140710479 0.94305
6 127649319 rs3823043 0.11604
6 127649350 rs11961994 2.2855e-08
6 127649384 rs9372865 0.00025165
6 127649461 rs75258130 0.20033
6 127650011 rs544718507 0.25969000000000003
6 127650089 rs146599572 0.20542
6 127650257 rs6939662 1.6122e-05
6 127650299 rs7756336 1.3742e-12
6 127650366 rs17054536 0.1185
6 127650632 rs141308610 0.71907
6 127650637 rs75973322 0.20033
6 127650890 rs180721591 0.66759
6 127651116 rs9401949 0.00024747
6 127651206 rs9491732 0.8949299999999999
6 127651213 rs7761452 1.5445999999999997e-05
6 127651534 rs138965120 0.74365
6 127651551 rs3756993 2.589e-08
6 127652447 rs12198208 0.92289
6 127652539 rs9375501 1.3683e-12
6 127652648 rs111282699 0.51865
6 127653029 rs75357017 0.51865
6 127653232 rs9491734 0.48077
6 127653443 rs17648408 0.060177
6 127653602 rs75880289 0.20033
6 127653632 rs117406958 0.9178700000000001
6 127653758 rs13218061 1.3745e-12
6 127654102 rs117098607 0.88533
6 127654281 rs11154398 2.3027e-08
6 127654592 rs113338856 0.5312899999999999
6 127654968 rs80021449 0.5170899999999999
6 127655248 rs10457491 0.9245399999999999
6 127655427 rs9372866 0.00028183
6 127655444 rs10485028 0.085735
6 127655485 rs9401950 1.3238e-12
6 127655614 rs9321076 1.2882e-12
6 127655749 rs112500790 0.5688
6 127656266 rs9482787 0.48077
6 127656792 rs9375502 0.00024747
6 127656964 rs9388562 0.00024747
6 127657040 rs10457492 0.90966
6 127657099 rs13194280 0.20929
6 127657326 rs9491735 0.7295699999999999
6 127657582 rs80214753 0.52649
6 127657583 rs75060070 0.52649
6 127657892 rs72961085 0.12290999999999999
6 127658639 rs58222029 0.0011039
6 127658855 rs6569483 1.3683e-12
6 127658864 rs76880977 0.20033
6 127659051 rs9491736 0.75977
6 127659473 rs3798857 1.315e-12
6 127659821 rs75292872 0.15921
6 127659831 rs117819130 0.52083
6 127660492 rs141190518 0.77072
6 127660876 rs6569484 0.0013094
6 127660948 rs143236289 0.71819
6 127661217 rs146188456 0.041496
6 127661451 rs139056451 0.6785399999999999
6 127662111 rs149835008 0.8932399999999999
6 127662331 rs79938587 0.52575
6 127662372 rs73582056 0.87871
6 127662710 rs7758718 0.9148799999999999
6 127663116 rs3798859 2.3618999999999998e-08
6 127663180 rs79200921 0.7922600000000001
6 127663404 rs998312 0.85183
6 127663703 rs13207650 2.7143e-05
6 127663923 rs11968639 0.048089
6 127664112 rs3756994 0.21846
6 127664173 rs114993604 0.8562299999999999
6 127664254 rs3756995 0.21852
6 127664258 rs3756996 1.6202e-12
6 127664661 rs11556354 6.6271000000000005e-06
6 127664752 rs6911725 0.5159699999999999
6 127664805 rs186179947 0.95735
6 127665011 rs60801470 0.84549
6 127665743 rs114299878 0.50002
6 127665863 rs9398839 2.3458e-12
6 127666068 rs13194028 1.9189000000000002e-05
6 127666073 rs59124966 0.85841
6 127666231 rs60721473 0.85841
6 127666407 rs9491737 0.20835
6 127667069 rs7752238 2.2494e-12
6 127667345 rs555349471 0.9111799999999999
6 127667382 rs151197672 0.85951
6 127668291 rs9491738 0.85951
6 127668354 rs183856736 0.35817
6 127668593 rs9491739 0.80582
6 127668780 rs111565370 0.50385
6 127668905 rs540656516 0.7432300000000001
6 127669520 rs144813870 0.36999
6 127669583 rs144033201 0.65637
6 127669714 rs551150309 0.53768
6 127669744 rs9398840 2.2776e-12
6 127669823 rs73771682 0.10941
6 127670033 rs55633254 0.13032
6 127670134 rs9398841 5.7309e-12
6 127670779 rs7773484 2.2708e-12
6 127671296 rs7753913 2.3050000000000004e-12
6 127671632 rs9401951 2.2554e-12
6 127672178 rs144068046 0.65141
6 127672498 rs143119367 0.82437
6 127674662 rs9398842 1.9717e-12
6 127674867 rs9398843 0.00016283
6 127674899 rs113734209 0.40213000000000004
6 127674989 rs9398844 0.000166
6 127675204 rs72961095 0.037625
6 127675323 rs118126506 0.40936
6 127675661 rs145533069 0.21584
6 127675774 rs7771923 2.2313e-12
6 127675845 rs9388565 0.0001661
6 127675914 rs73582086 0.82344
6 127676128 rs539302263 0.12596
6 127676191 rs6569485 0.0001661
6 127676245 rs115085673 0.52122
6 127676543 rs9491742 0.82344
6 127676828 rs112064485 0.50264
6 127676833 rs12215298 2.1500999999999996e-07
6 127677027 rs9401952 2.0242e-12
6 127677071 rs9375503 2.2622e-12
6 127677275 rs9482789 0.97196
6 127677391 rs1964130 2.0199e-12
6 127677547 rs56412751 0.11492000000000001
6 127677659 rs2281491 1.9508e-12
6 127677762 rs13192350 4.0321e-08
6 127677848 rs142183732 0.8112199999999999
6 127678404 rs2073298 0.00016463
6 127678454 rs112107249 0.82344
6 127679233 rs80186807 0.20647
6 127679240 rs117827521 0.65838
6 127680352 rs77007912 0.20981
6 127680374 rs368177024 0.50264
6 127680571 rs10872312 2.3359e-12
6 127680656 rs189290244 0.83952
6 127681029 rs34277648 0.80887
6 127681812 rs138866035 0.81465
6 127682009 rs1073932 2.0294e-12
6 127682140 rs9491744 0.39999
6 127682559 rs9491745 0.82344
6 127682728 rs60886957 0.11427999999999999
6 127682850 rs9491746 0.5246
6 127682957 rs56393120 0.0060178
6 127683040 rs7751865 1.5672e-12
6 127683107 rs116577945 0.38438
6 127683238 rs558606934 0.23576
6 127683243 rs9482790 0.82344
6 127683265 rs6937599 0.11707000000000001
6 127683462 rs559087431 0.32286
6 127683690 rs112245216 0.40471999999999997
6 127683832 rs150472770 0.8833700000000001
6 127683999 rs7756880 1.7330000000000002e-12
6 127684018 rs7756884 1.7094e-12
6 127684439 rs34362686 1.9193e-05
6 127684718 rs6926153 0.94986
6 127684917 rs117683982 0.20763
6 127685252 rs190857157 0.78554
6 127685892 rs116561808 0.47878999999999994
6 127685893 rs6900074 1.8732e-12
6 127686364 rs116672200 0.019071
6 127686736 rs9491748 0.4033
