CHR BP SNP P
16 30371312 rs111637098 0.11191
16 30371598 rs114487934 0.11294000000000001
16 30371655 rs11642676 4.8036e-31
16 30372073 rs116380054 0.63007
16 30372074 rs115706551 0.59359
16 30372957 rs573345750 0.35449
16 30373233 rs111265045 0.0091101
16 30373371 rs147641834 0.52055
16 30373495 rs140567881 0.50378
16 30373681 rs151194753 0.10601
16 30374381 rs6565182 4.815299999999999e-31
16 30374680 rs116125734 0.11855
16 30375114 rs9926426 0.00094937
16 30376486 rs8049108 4.7988e-27
16 30376691 rs4500754 0.00010737
16 30376959 rs11646130 5.824499999999999e-31
16 30377721 rs546113344 0.79099
16 30378009 rs190542671 0.48049
16 30378134 rs150751503 0.97111
16 30378521 rs9926923 0.00043827
16 30378589 rs74826977 0.00013987
16 30379326 rs115334762 0.11237
16 30379673 rs117785599 0.0005621000000000001
16 30379690 rs79511529 0.12500999999999998
16 30379743 rs116380965 0.08480399999999999
16 30380183 rs116141213 0.001426
16 30380270 rs151066061 0.00038817
16 30380486 rs4238961 6.196399999999999e-40
16 30380872 rs71389465 0.46152
16 30381303 rs12930787 1.5884999999999998e-30
16 30382291 rs73532587 0.00099386
16 30382755 rs6565183 5.3226000000000004e-27
16 30383420 rs143319475 0.057763999999999996
16 30384400 rs9928218 0.0011842
16 30384726 rs568383092 0.77908
16 30384736 rs7201180 0.26454
16 30385254 rs188241511 0.31625
16 30385503 rs11863150 2.6584e-27
16 30385837 rs8050812 2.4855999999999998e-29
16 30386262 rs8046445 1.0342e-26
16 30387278 rs149942098 0.6903
16 30388709 rs12446288 1.0209999999999999e-26
16 30388890 rs76106647 0.72506
16 30389743 rs141091881 0.092053
16 30389925 rs116643497 0.64628
16 30390148 rs560713592 0.35853
16 30390314 rs12447833 2.1184e-30
16 30390417 rs142100728 0.29409
16 30390677 rs41292378 0.011867
16 30390818 rs137903946 0.30025999999999997
16 30392011 rs75460591 0.00093539
16 30392099 rs4247355 4.0155e-30
16 30392246 rs77684658 0.00045207
16 30393147 rs34518080 4.1723e-07
16 30393563 rs78818037 0.1385
16 30393660 rs4787643 5.0491999999999996e-30
16 30393771 rs4788409 4.5006e-30
16 30394279 rs4341758 0.0014925999999999997
16 30394541 rs9921711 4.5436e-30
16 30394897 rs149993581 0.58408
16 30394926 rs117267704 0.00071081
16 30394940 rs4072354 0.0016180999999999997
16 30395926 rs148804106 0.64276
16 30396743 rs183824845 0.29156
16 30396805 rs4788410 2.3141999999999998e-30
16 30396815 rs4788411 3.7313999999999995e-30
16 30396910 rs542017945 0.5268
16 30396998 rs147075881 0.28071999999999997
16 30397170 rs75607196 0.7804
16 30398064 rs150304673 0.37263
16 30398226 rs137889102 0.58311
16 30398677 rs73532600 8.544999999999999e-30
16 30399088 rs138729861 0.14298
16 30399206 rs75906824 0.00030207
16 30399423 rs191959008 0.7762100000000001
16 30399479 rs150623199 0.17547000000000001
16 30399737 rs116552351 0.12294000000000001
16 30399752 rs149764306 0.27365
16 30400128 rs9989385 2.0042e-24
16 30400307 rs7203359 7.6245e-30
16 30400622 rs189883927 0.0025732
16 30401008 rs77238410 0.9775200000000001
16 30401178 rs553438741 0.58672
16 30401388 rs116367984 0.32765
16 30401791 rs138024827 0.15079
16 30402755 rs11865177 0.59253
16 30402789 rs182156862 0.19868
16 30403858 rs8060853 1.2474e-29
16 30404436 rs60628262 0.8114399999999999
16 30404484 rs4340343 3.8655e-18
16 30404522 rs5013201 0.21086
16 30404810 rs59594717 0.8441200000000001
16 30404853 rs59324423 0.75615
16 30404873 rs548197355 0.54065
16 30405211 rs114572953 0.03957
16 30405469 rs118002252 0.0005384
16 30405713 rs545770261 0.96747
16 30405726 rs4788412 0.0018545999999999999
16 30405795 rs150129456 0.1119
16 30405895 rs77871165 0.0001902
16 30405925 rs77927272 0.75239
16 30406168 rs28588108 0.0011159
16 30406410 rs80225586 0.0028088
16 30407177 rs7200143 0.14118
16 30407269 rs13333093 5.7462e-18
16 30407979 rs9888967 3.6673000000000005e-18
16 30408765 rs12921440 6.0869e-18
16 30408961 rs61978578 0.21194000000000002
16 30409241 rs34843513 5.3596e-12
16 30409456 rs7200187 0.12337999999999999
16 30409466 rs137913110 0.8367399999999999
16 30409699 rs9936065 4.6671e-12
16 30410161 rs141299703 0.28471
16 30410445 rs4788413 1.5577999999999998e-29
16 30411258 rs138983376 0.2686
16 30411382 rs3574 4.2867000000000005e-18
16 30411725 rs544680563 0.26945
16 30412478 rs142924499 0.84021
16 30413841 rs114650907 0.49433
16 30413972 rs142565244 0.19675
16 30414485 rs114935884 0.021188
16 30414761 rs185944354 0.00053776
16 30415599 rs12929884 0.026306
16 30415786 rs60749749 0.78681
16 30416028 rs113103798 0.099261
16 30416982 rs4074619 0.10034
16 30417173 rs8048807 0.10153
16 30417181 rs77787764 0.84664
16 30417771 rs555044246 0.1813
16 30418119 rs4787644 0.0182
16 30419384 rs199795270 0.8208799999999999
16 30420101 rs142468388 0.31322
16 30420244 rs112477473 0.10397999999999999
16 30420851 rs11150586 2.7338e-18
16 30421058 rs542463768 0.18584
16 30421916 rs78879732 0.40007
16 30421972 rs115696865 0.8484700000000001
16 30422535 rs8045552 0.81862
16 30422565 rs8045570 3.6021999999999996e-16
16 30423751 rs4232893 0.024843
16 30423878 rs7404540 0.023839
16 30424412 rs77689392 0.011045999999999999
16 30424522 rs576181055 0.67355
16 30425211 rs145289291 0.5685100000000001
16 30425511 rs4286118 0.056674
16 30426001 rs11640950 4.2034000000000004e-16
16 30426923 rs6565184 0.12285
16 30428117 rs143758982 0.9859600000000001
16 30428869 rs576828842 0.0010824
16 30430628 rs34261613 0.001438
16 30430931 rs542083970 0.33768000000000004
16 30430939 rs562126483 0.56005
16 30431429 rs4076091 0.0033149
16 30431523 rs564461857 0.26716999999999996
16 30432103 rs4465620 1.1032e-29
16 30432177 rs56087489 0.24821999999999997
16 30432274 rs12447165 2.3932e-23
16 30433730 rs4433823 1.7027e-08
16 30434012 rs62056262 0.71744
16 30434035 rs137959928 4.023e-10
16 30434160 rs4788414 2.2066999999999997e-28
16 30434509 rs12919022 0.0011224
16 30435000 rs139154873 0.012154
16 30437086 rs76272666 0.22179000000000001
16 30437938 rs148595457 0.19172999999999998
16 30438138 rs12165013 3.1637999999999998e-28
16 30438930 rs35598865 1.1114e-15
16 30439309 rs4788415 3.1547e-09
16 30439481 rs567848181 0.82515
16 30439985 rs138373721 0.71603
16 30442466 rs561317223 0.9173600000000001
16 30443214 rs559393920 0.82776
16 30443547 rs61598883 4.3509e-06
16 30443595 rs149970655 0.021837
16 30443742 rs113070766 0.9569200000000001
16 30443785 rs7185357 0.091001
16 30443931 rs74763255 0.59131
16 30444706 rs150294763 0.12808
16 30447526 rs6565185 0.023849000000000002
16 30447591 rs111966023 0.9216799999999999
16 30447917 rs112311048 0.9551799999999999
16 30448459 rs117599464 0.9394100000000001
16 30448493 rs150025398 0.017613999999999998
16 30448494 rs181060016 0.019918
16 30448522 rs111688805 0.006640699999999999
16 30449389 rs12149321 4.2171e-06
16 30449408 rs12148933 0.009203200000000002
16 30449650 rs115529659 0.68674
16 30449906 rs11150587 3.1574e-06
16 30450383 rs4788416 5.167499999999999e-11
16 30450572 rs190360819 0.45161
16 30451914 rs4788417 6.4218e-11
16 30452241 rs6565186 3.3939999999999997e-09
16 30452286 rs532433191 0.09992100000000001
16 30452928 rs374578048 0.56098
16 30453156 16:30453156_G_A 0.13854
16 30455381 rs116535126 0.55529
16 30455434 rs8063942 0.082647
16 30455458 rs1133238 0.2126
16 30457350 rs4787645 8.068500000000002e-11
16 30458271 rs148776955 0.57262
16 30458692 rs62056316 8.4145e-06
16 30458954 rs72791266 0.19864
16 30460055 rs12443981 1.0024e-10
16 30460283 rs117106225 5.7286000000000005e-06
16 30460934 rs534886129 0.19701
16 30462291 rs77679610 0.32135
16 30462346 rs11646954 0.0090867
16 30462635 rs8058719 1.4871000000000001e-06
16 30463779 rs73534219 0.6854100000000001
16 30464034 rs8044535 0.022674
16 30464432 rs8044131 1.3306e-10
16 30464835 rs112696195 0.68493
16 30464858 rs557086266 0.21863000000000002
16 30466741 rs12599614 0.093783
16 30466758 rs143234442 0.55648
16 30466798 rs11150588 2.9076e-10
16 30467967 rs113199118 0.050156
16 30468380 rs8046842 1.7578e-08
16 30468403 rs557842447 0.47658
16 30468546 rs553210129 0.36284
16 30468890 rs67575585 0.0061629
16 30469181 rs374861675 0.5445399999999999
16 30469919 rs12926510 3.6215e-13
16 30469957 rs7195241 0.0068545
16 30470706 rs76519155 0.44435
16 30470710 rs115638148 0.60875
16 30471046 rs7190552 0.0059905
16 30471109 rs7196129 3.9049e-16
16 30471189 rs12447919 2.1558000000000002e-10
16 30471243 rs115191936 0.69504
16 30471628 rs9926319 4.0639e-05
16 30471809 rs62056317 0.28004
16 30472693 rs112929095 1.2729000000000001e-06
16 30472833 rs563740441 0.065962
16 30472889 rs529214679 0.8479899999999999
16 30473083 rs34686249 1.3096000000000001e-06
16 30473630 rs148015157 0.8839
16 30473649 rs7186331 1.2266e-06
16 30474099 rs7187832 9.846e-05
16 30474287 rs150105506 0.5657399999999999
16 30474781 rs147434241 0.029046
16 30474856 rs9934579 0.032892000000000005
16 30475160 rs111555633 0.025429
16 30475257 rs754928202 0.10013
16 30476067 rs192712549 0.026001
16 30476316 rs4387618 7.870599999999999e-06
16 30476517 rs113252371 5.815299999999999e-07
16 30477534 rs9935887 0.00054837
16 30478458 rs557506371 0.16609000000000002
16 30478759 rs142718941 0.34465
16 30478891 rs111230245 0.033211000000000004
16 30479065 rs118154869 0.26948
16 30479592 rs368013141 0.65115
16 30480229 rs371745053 0.67638
16 30480812 rs146335935 0.077931
16 30481318 rs139611216 0.58123
16 30481675 rs193044557 0.0086763
16 30482393 rs113303075 0.9762700000000001
16 30482422 rs372149814 0.6037600000000001
16 30482494 rs11150589 2.9039e-13
16 30482540 rs12598978 2.9680999999999997e-13
16 30482803 rs12716977 3.4959000000000003e-13
16 30485393 rs11574938 3.7458e-13
16 30485608 rs555788412 0.34545
16 30486336 rs6565187 0.00032772
16 30486431 rs34450976 0.5708
16 30487387 rs35493324 0.012498
16 30487550 rs149760769 0.57598
16 30488024 rs7196067 0.6041
16 30488694 rs11648955 2.8771e-05
16 30488927 rs17839542 0.7508199999999999
16 30489262 rs145156520 0.27397
16 30489480 rs138674179 1.2887e-06
16 30489712 rs111983159 0.34187
16 30490637 rs34562394 0.56791
16 30490854 rs11862597 0.036183
16 30491164 rs113602737 0.18792
16 30491783 rs17839544 0.0334
16 30491870 rs538790321 0.40808
16 30492286 rs116154025 0.43304
16 30492523 rs144116022 0.88702
16 30492690 rs10871452 0.18677
16 30492823 rs1064524 0.021756
16 30493000 rs11574941 0.011011
16 30493630 rs12448354 1.6382000000000002e-07
16 30493733 rs8060136 2.9448000000000003e-07
16 30493881 rs11150590 1.7199999999999997e-13
16 30494221 rs34522886 0.43504
16 30495056 rs140219952 0.87746
16 30495412 rs2285459 4.6957999999999995e-15
16 30495496 rs7191097 0.56066
16 30495652 rs9796793 0.0023401999999999997
16 30495657 rs7197010 4.5638000000000005e-15
16 30495968 rs34674102 0.67872
16 30496411 rs33989100 0.0018530999999999999
16 30496472 rs34874849 0.49173
16 30496779 rs143789813 0.8516
16 30497559 rs143261718 0.0091581
16 30497597 rs11643652 3.7073e-05
16 30497816 rs7187409 0.025863999999999998
16 30497953 rs186257950 0.8912899999999999
16 30497954 rs113711475 0.78633
16 30498252 rs12933644 0.114
16 30498645 rs539901469 0.22873000000000002
16 30498783 rs35822450 6.1409e-08
16 30498824 rs34876239 6.8842e-08
16 30498935 rs141089398 0.28142
16 30499763 rs73534250 0.9121299999999999
16 30499850 rs544729704 0.60778
16 30500000 rs36005832 0.0015771
16 30500155 rs35660137 0.041743999999999996
16 30500716 rs3087437 0.75873
16 30500761 rs3087438 6.3667e-08
16 30500985 rs4630562 1.9621000000000002e-14
16 30501216 rs4572412 2.1350999999999998e-07
16 30501609 rs34499019 0.00012602
16 30501756 rs35873145 0.54343
16 30502152 rs4889495 6.5654e-08
16 30502558 rs35069260 0.045725999999999996
16 30503414 rs9930280 8.198000000000001e-08
16 30503728 rs113582260 0.45383999999999997
16 30503813 rs12598015 0.61375
16 30504046 rs11644433 0.00010743
16 30504344 rs4500746 3.0576000000000004e-11
16 30504534 rs146435155 0.89605
16 30504631 rs139053518 0.14488
16 30504660 rs116154370 0.5220899999999999
16 30504877 16:30504877_G_A 0.62741
16 30504932 rs117391625 0.47372
16 30505085 rs368828192 0.059437000000000004
16 30505512 rs1978079 0.30019
16 30505513 rs4350585 3.0861e-11
16 30505821 rs3087439 1.9727e-06
16 30505900 rs35323954 0.15104
16 30505956 rs34583171 0.53866
16 30507196 rs35262362 0.19867
16 30507265 rs6565189 2.9004999999999998e-11
16 30507972 rs28708641 6.4371e-08
16 30508048 rs139199468 0.49518
16 30508232 rs34903247 0.4182
16 30508568 rs8044405 0.40218000000000004
16 30508642 rs188129293 0.055965
16 30509042 16:30509042_C_T 0.47531
16 30509723 rs7193693 0.00025055
16 30509990 rs11574944 0.00013039
16 30510036 rs11574945 0.0029809999999999997
16 30510571 rs1557672 2.5346e-07
16 30510970 rs116238097 0.60272
16 30511629 rs71383762 6.6802e-05
16 30511740 rs4889496 2.3544e-14
16 30511848 rs4889497 6.201300000000001e-07
16 30511852 rs182290636 0.39319
16 30511862 rs115198478 0.57153
16 30512198 16:30512198_G_A 0.16512000000000002
16 30512427 rs148174182 0.37867
16 30512443 rs12929754 1.2978e-14
16 30513485 rs138447338 4.1539e-06
16 30513550 rs11863188 0.012166
16 30513744 rs8044911 0.7467199999999999
16 30514041 rs113907898 0.67681
16 30514103 rs4341759 1.7467e-10
16 30514296 rs12923573 3.3649e-15
16 30514464 rs571977695 0.78641
16 30514470 rs12922984 3.5618000000000004e-15
16 30514723 rs4243232 2.8568e-15
16 30515649 rs35427005 0.19949
16 30516039 rs73534263 0.0051785
16 30516042 rs528270572 0.33294
16 30516148 rs2073918 0.16545
16 30516492 rs2073917 0.21088
16 30516531 rs35968985 0.0059416
16 30516565 rs34838942 0.7499600000000001
16 30517090 rs4889498 0.00035761
16 30517239 rs114067236 0.5394
16 30517444 rs4889499 1.9608e-05
16 30517773 rs189729076 0.10169
16 30518041 rs2230433 0.014593
16 30518096 rs2230434 0.13418
16 30518272 rs3087442 0.8817
16 30518304 rs35977794 0.9389299999999999
16 30519348 rs12929243 0.19172999999999998
16 30519628 rs9746755 0.00024238
16 30519854 rs58610676 0.59546
16 30519894 rs144539454 0.050581
16 30520788 rs79514514 0.72869
16 30520856 rs17790434 0.030983
16 30521038 rs35833634 0.061925
16 30522152 rs3087443 0.032235
16 30522787 rs35590751 0.5906600000000001
16 30523191 rs35387820 0.05926699999999999
16 30523246 rs114887781 0.2517
16 30524103 rs138034751 0.54001
16 30524676 rs11574947 0.4197
16 30526397 16:30526397_C_T 0.58865
16 30526797 rs34105328 0.86546
16 30527590 rs60393747 0.68388
16 30528079 rs35453059 0.22102
16 30528132 rs11647246 6.0814e-05
16 30528272 rs7196298 1.8696e-05
16 30528500 rs545998410 0.033999
16 30528611 rs3764322 0.031349
16 30529221 rs187291653 0.07518899999999999
16 30529315 rs35489670 0.73143
16 30531860 rs4243233 0.54213
16 30532154 rs34837898 0.69319
16 30532155 rs188731764 0.78517
16 30532337 rs141695488 0.0088688
16 30533119 rs574484627 0.077221
16 30533220 rs35660597 0.37461
16 30533225 rs34326943 0.6119399999999999
16 30533902 rs8058823 0.73072
16 30534092 rs11866017 0.5148
16 30534230 rs527628966 0.9954799999999999
16 30534432 rs34653737 0.82873
16 30534572 rs144886989 0.0024024999999999997
16 30534721 rs79748286 0.44218
16 30536672 rs3751847 1.226e-07
16 30536737 rs185407031 0.25027
16 30536918 rs10871453 4.9555e-05
16 30537543 rs115434209 0.78397
16 30538259 rs3794703 1.1377e-07
16 30538279 rs113859880 0.24666999999999997
16 30538419 rs56391383 4.6305e-05
16 30538435 rs116839102 0.77661
16 30538883 rs114889014 0.7349399999999999
16 30539097 rs11645241 1.6531e-07
16 30539603 rs115084031 0.23233
16 30540035 rs17839547 0.24118
16 30540140 rs114760079 0.68133
16 30540623 rs34453065 0.0054298
16 30541595 rs76709611 0.41586000000000006
16 30541957 rs189461482 0.016338
16 30542609 rs6565190 0.44948
16 30542805 rs114274186 0.42903
16 30544699 rs8054807 0.86855
16 30544872 rs117841486 0.37115
16 30545011 rs11860431 0.25519000000000003
16 30545215 rs8051383 0.87541
16 30546213 rs75823168 0.44301999999999997
16 30546488 rs6565191 5.3266e-05
16 30546564 rs139514878 0.0017378
16 30547800 rs145046829 0.48377
16 30547822 rs111235386 0.0051386
16 30547929 rs142163571 0.43673999999999996
16 30548352 rs72793342 0.13398
16 30548384 rs188126241 0.94132
16 30548565 rs9673428 4.2248e-05
16 30548937 rs191275784 0.87059
16 30549023 rs9319585 0.77074
16 30549052 rs181344800 0.9310700000000001
16 30549073 rs571235227 0.8423299999999999
16 30551296 rs115194464 0.80377
16 30551417 rs74015010 0.8402799999999999
16 30551681 rs187650819 0.99034
16 30551685 rs112421755 0.00024931
16 30551991 rs145456050 5.2546e-05
16 30552187 rs149689856 0.21905
16 30552337 rs151333599 0.0037483000000000004
16 30553051 rs138415138 0.0023774
16 30553352 rs142914024 0.0018820999999999998
16 30553899 rs76359228 2.6858e-07
16 30554096 rs148603263 0.2464
16 30554159 rs8050463 0.14488
16 30555042 rs117127766 0.051766
16 30555658 rs11150592 0.040561
16 30556298 rs74015011 0.9758100000000001
16 30556490 rs9806804 0.36843000000000004
16 30556903 rs72793343 0.3352
16 30557226 rs13332167 0.040737999999999996
16 30557392 rs56311083 0.8046399999999999
16 30557711 rs138384839 0.40121
16 30557873 rs568536088 0.9020100000000001
16 30558136 rs193204914 0.60156
16 30558160 rs138201685 0.82547
16 30558276 rs189418578 0.41918
16 30558338 rs112146516 0.54388
16 30558484 rs117671724 0.25331
16 30558579 rs117910240 0.26841
16 30558873 rs142346940 0.82855
16 30558890 rs188816537 0.42708
16 30559377 rs8044603 0.519
16 30559667 rs75266710 0.79676
16 30560582 rs574091873 0.8382799999999999
16 30560864 rs146925402 0.22678
16 30561148 rs143747832 0.6086
16 30561561 rs9888820 0.86156
16 30562038 rs188497099 0.0013652
16 30562233 rs562113741 0.51202
16 30562359 rs138593080 0.0013643
16 30563343 rs76746995 0.39721
16 30563617 rs7197957 0.35736
16 30563973 rs556657861 0.84246
16 30564526 rs17839548 0.37021
16 30564792 rs11867032 0.8658799999999999
16 30566747 rs17850402 0.19144
16 30567149 rs567984501 0.27391
16 30567602 rs557561594 0.86903
16 30567948 rs117838740 0.59124
16 30568109 rs114054790 0.31717
16 30568881 rs12919681 0.014804
16 30568903 rs116464220 0.8240700000000001
16 30568904 rs142942394 0.82896
16 30569349 rs61744716 0.16353
16 30569659 rs17790906 0.297
16 30569671 rs57172112 0.063204
16 30570011 rs8056929 0.60643
16 30570354 rs186445482 0.88144
16 30570611 rs115231215 0.35678000000000004
