CHR BP SNP P
11 66095234 rs116196071 0.9264399999999999
11 66095623 rs112408127 0.5271100000000001
11 66095824 rs114595470 0.94042
11 66096065 rs144711684 0.17531
11 66096152 rs1190626 0.94421
11 66096414 rs66733929 0.19916
11 66096456 rs1190627 0.48443
11 66096496 rs1190628 0.72801
11 66096546 rs112159374 0.36846999999999996
11 66096758 rs561238199 0.54177
11 66097182 rs184966086 0.05798300000000001
11 66097735 rs1190630 0.71797
11 66097827 rs116508559 0.21251
11 66098173 rs7943794 0.90507
11 66098322 rs11823140 0.00013026
11 66098632 rs115284368 0.64564
11 66098904 rs150379440 0.9294600000000001
11 66099079 rs35947684 0.0061997
11 66099135 rs57004348 0.83493
11 66099222 rs11823756 0.12305999999999999
11 66099314 rs528116914 0.057978999999999996
11 66099323 rs71457711 0.8854
11 66099494 rs2282531 5.2581000000000004e-05
11 66099888 rs61547186 0.62079
11 66099987 rs1784029 1.6652999999999998e-05
11 66100043 rs2282532 0.77018
11 66100119 rs143749510 0.60104
11 66100152 rs1784030 0.5784100000000001
11 66100430 rs1785639 5.9508e-05
11 66100569 rs76359943 0.18425999999999998
11 66100693 rs75904234 0.9587
11 66100695 rs58221849 0.84477
11 66100732 rs138760461 0.35745
11 66100818 rs115029365 0.79183
11 66101085 rs116695211 0.1276
11 66101257 rs139287017 0.23010999999999998
11 66101258 rs533786197 0.74268
11 66101974 rs3016317 0.9530299999999999
11 66101978 rs10896110 2.9536e-05
11 66102088 rs3814740 0.8602799999999999
11 66102465 rs141270180 0.28428000000000003
11 66102557 rs117873455 0.031516
11 66102739 rs146525390 0.95865
11 66102769 rs7950463 0.8667
11 66102807 rs10444359 2.6691999999999998e-05
11 66102991 rs192812581 0.097988
11 66103046 rs3016763 0.40346
11 66103206 rs146672437 0.79594
11 66103481 rs140145986 0.010126999999999999
11 66103490 rs116785901 0.91943
11 66103494 rs187847928 0.50012
11 66103565 rs192954875 0.041797
11 66103664 rs200216126 0.39265
11 66104010 rs188283064 0.10144
11 66104057 rs3016316 0.92511
11 66104564 rs77296640 0.97326
11 66104993 rs3116068 0.00072573
11 66105170 rs375487769 0.6514800000000001
11 66105194 rs1052566 0.46225
11 66105661 rs11827816 0.10550999999999999
11 66105817 rs2276106 0.22799
11 66106090 rs139958271 0.96299
11 66106261 rs143489952 0.96829
11 66106701 rs1320675 0.8960899999999999
11 66106725 rs948360 0.87875
11 66107191 rs75928472 0.044532999999999996
11 66107320 rs2016960 0.8753
11 66107527 rs1785633 4.6e-05
11 66107543 rs115148520 0.9918100000000001
11 66107555 rs188771254 0.26542
11 66107674 rs1784035 0.5605
11 66107709 rs58024886 0.047109
11 66107922 rs947977 0.78451
11 66107950 rs948359 0.7508600000000001
11 66108255 rs17850564 0.046645
11 66108296 rs116853990 0.013925
11 66108660 rs947978 4.6519e-05
11 66108670 rs143659154 0.06952
11 66108971 rs199548009 0.84165
11 66109033 rs11537993 0.0010114
11 66109309 rs34306460 0.51884
11 66109504 rs79923111 0.22704000000000002
11 66109779 rs1784037 0.8748100000000001
11 66109780 rs1785632 0.75083
11 66110011 rs74317146 0.9054399999999999
11 66110666 rs10750784 4.4843000000000004e-05
11 66111251 rs1892940 4.4816000000000006e-05
11 66111720 rs114164723 0.1101
11 66111901 rs35309950 0.1514
11 66112574 rs1190624 0.8217200000000001
11 66113198 rs182104341 0.12343
11 66113327 rs141108052 0.20081
11 66114030 rs1190625 0.21104
11 66114189 rs142956522 0.26032
11 66114900 rs11537930 0.8733
11 66115287 rs190406850 0.62205
11 66115690 rs10896111 3.764e-05
11 66115782 rs35166611 0.0011963
11 66115879 rs11227465 2.9935e-05
11 66115962 rs34194821 0.6200100000000001
11 66116153 rs115485588 0.25937
11 66116191 rs184595716 0.54088
11 66116836 rs10896112 4.4327e-05
11 66116911 rs4930355 0.25115
11 66116966 rs144303584 0.9844200000000001
11 66117111 rs10896113 8.9003e-06
11 66117113 rs10791869 4.0005e-05
11 66117349 rs147805457 0.33371999999999996
11 66117883 rs1785624 0.9363100000000001
11 66117975 rs150027594 0.85541
11 66118016 rs145365813 0.42138000000000003
11 66118217 rs7110944 3.9645e-05
11 66118531 rs77595199 0.42141999999999996
11 66118676 rs1785623 0.74062
11 66118794 rs118009540 0.40519
11 66119216 rs150342517 0.065366
11 66119297 rs570058770 0.16884000000000002
11 66119432 rs72938583 0.22746
11 66119563 rs7395670 0.0050319
11 66119574 rs7395667 0.004358399999999999
11 66119954 rs147356600 0.38946
11 66120095 rs3016767 4.354e-05
11 66120275 rs544107638 0.5180899999999999
11 66120683 rs188924893 0.056397
11 66120784 rs4930177 4.6257e-05
11 66120803 rs11601396 3.8605e-05
11 66121055 rs149850502 0.25709
11 66121232 rs117385910 0.9635600000000001
11 66121233 rs116619834 0.76527
11 66122772 rs572052232 0.10005
11 66122813 rs191969379 0.8513299999999999
11 66122947 rs148033667 0.17285999999999999
11 66123043 rs10791871 0.55865
11 66123250 rs10750785 0.55865
11 66123599 rs140845507 0.29475999999999997
11 66124252 rs181739449 0.010708
11 66124783 rs187692793 0.034298
11 66124833 rs565736416 0.10005
11 66125276 rs78699415 0.6198
11 66125277 rs78051324 0.61956
11 66125457 rs142919075 0.056661
11 66125461 rs68162171 0.25669000000000003
11 66125588 rs75394335 0.39633
11 66125672 rs137919574 0.32021
11 66125735 rs574176004 0.37132
11 66126169 rs12794121 5.0895e-05
11 66126768 rs188322285 0.7418399999999999
11 66126881 rs12099209 0.042037
11 66126889 rs181873707 0.22458000000000003
11 66127235 rs191342415 0.95489
11 66127344 rs74463737 0.62785
11 66127620 rs181418774 0.26896
11 66127639 rs73489638 4.4813999999999995e-05
11 66127752 rs56123976 4.4674e-05
11 66127926 rs7130857 0.71633
11 66127963 rs79104134 0.041977999999999994
11 66128014 rs78460781 0.040175
11 66128482 rs573403409 0.098799
11 66128791 rs7104297 0.7166100000000001
11 66129442 rs4930178 4.922e-05
11 66129488 rs4244813 5.0088e-05
11 66129586 rs575963063 0.33547
11 66130077 rs183547244 0.39495
11 66130477 rs116864252 0.0046575
11 66130548 rs1047029 5.0716999999999996e-05
11 66130628 rs148959185 0.35216
11 66130717 rs112593209 0.73822
11 66130736 rs1039593 0.92525
11 66130772 rs540571414 0.5031
11 66130847 rs117647993 0.42163
11 66131149 rs1039594 5.1606999999999996e-05
11 66131253 rs115301255 0.54186
11 66131299 rs75624222 0.19195
11 66131365 rs141399347 0.38946
11 66131906 rs7125100 0.54882
11 66132124 rs7111197 0.7147
11 66132151 rs12577196 4.8975e-05
11 66132217 rs12576293 4.895e-05
11 66132286 rs12576299 5.1266999999999996e-05
11 66132414 rs7126064 0.89592
11 66132566 rs7126018 3.8174000000000004e-05
11 66133082 rs3867130 0.08215399999999999
11 66133291 rs146348329 0.50288
11 66133311 rs4930358 0.71009
11 66133336 rs2279861 4.8522e-05
11 66133380 rs8187660 0.28529
11 66133643 rs8187661 0.60685
11 66133772 rs144495338 0.7561
11 66134085 rs8187658 9.3425e-05
11 66134144 rs1344410 0.9532700000000001
11 66134252 rs1566871 0.54573
11 66135179 rs2279862 5.0153e-05
11 66135614 rs12416747 4.9862e-05
11 66135677 rs72940520 8.293299999999999e-05
11 66135898 rs2292123 0.19843
11 66136731 rs77620085 0.72628
11 66136961 rs146937376 0.33885
11 66137654 rs115267613 0.11344000000000001
11 66138095 rs189326274 0.9665
11 66138434 rs10791872 3.6079e-05
11 66139187 rs141548007 0.7329600000000001
11 66139310 rs144997123 0.046908
11 66139640 rs72557994 0.063569
11 66139854 rs12281049 0.71123
11 66140397 rs7107191 3.6845e-05
11 66140771 rs185977718 0.19826
11 66141093 rs80277919 0.048606
11 66141277 rs4930359 0.7047800000000001
11 66141309 rs75278558 0.00024119999999999998
11 66142031 rs550560869 0.19826
11 66143012 rs183990567 0.9994700000000001
11 66143256 rs11821532 0.10855
11 66143285 rs150988800 0.11423
11 66143286 rs181991170 0.35466
11 66143543 rs6421643 0.51302
11 66143650 rs140856844 0.15365
11 66143764 rs112603374 0.73703
11 66143797 rs10896114 8.2623e-05
11 66144100 rs12364904 0.23251999999999998
11 66144623 rs532953864 0.70977
11 66145917 rs10896115 2.616e-05
11 66146017 rs187501723 0.15145
11 66146019 rs148353919 0.9151299999999999
11 66146487 rs57925533 0.18844
11 66146589 rs11823581 0.049199
11 66147068 rs35599411 0.57903
11 66148111 rs7948058 5.0183000000000004e-05
11 66148374 rs34272485 0.015278
11 66148417 rs75597224 0.1919
11 66148446 rs76788116 0.47458
11 66148494 rs142218353 0.39482
11 66148995 rs60227309 0.49137
11 66149124 rs181418265 0.28492
11 66149559 rs35936931 0.204
11 66149654 rs10896116 2.778e-05
11 66150320 rs28655015 0.050005
11 66150357 rs75326264 0.19504000000000002
11 66150736 rs138517554 0.11095999999999999
11 66150767 rs61891449 3.0024000000000003e-05
11 66150869 11:66150869_G_A 0.58017
11 66151649 rs10750786 0.19093
11 66152119 rs150863712 0.92671
11 66152302 rs11227472 0.071758
11 66152401 rs367955197 0.59292
11 66152568 rs117548540 0.38263
11 66152586 rs55998145 3.0904e-05
11 66152832 rs7931458 3.1695999999999996e-05
11 66153634 rs190389752 0.10812000000000001
11 66153918 rs3850949 0.57472
11 66154258 rs188745547 0.39305
11 66154306 rs4930361 0.066508
11 66154360 rs4930362 3.0749e-05
11 66154762 rs73503311 0.2343
11 66154777 rs7117630 2.8063000000000002e-05
11 66154928 rs79958444 0.27719
11 66154947 rs142103958 0.70767
11 66155385 rs186747521 0.0958
11 66155389 rs6591213 2.2468000000000002e-05
11 66155430 rs140211344 0.9385
11 66155490 rs150447996 0.6211
11 66155537 rs567827495 0.43246999999999997
11 66155621 rs7104253 3.1354e-05
11 66155842 rs115482366 0.6605800000000001
11 66156051 rs7122108 0.9031600000000001
11 66156080 rs75003446 0.0017927
11 66156532 rs193078128 0.9896
11 66156765 rs905770 3.288e-05
11 66156784 rs114693271 0.60145
11 66156918 rs2062886 0.069859
11 66156963 rs144724152 0.81216
11 66157432 rs4930179 3.0350999999999998e-05
11 66157957 rs68047341 0.23865999999999998
11 66157987 rs56039471 0.051037
11 66158235 rs189646668 0.33546
11 66158253 rs573455794 0.43933999999999995
11 66158255 rs533302699 0.34002
11 66158272 rs540046276 0.6684399999999999
11 66158276 rs139456416 0.049107
11 66158290 rs528977157 0.58341
11 66158302 rs149658199 0.62517
11 66158407 rs34043951 3.1138e-05
11 66158466 rs34361331 2.2428000000000003e-05
11 66158471 rs148416077 0.30055
11 66158571 rs3862388 0.0048632
11 66159098 rs7104570 2.8396e-05
11 66159154 rs7104965 0.38168
11 66159157 rs77006233 0.87284
11 66159390 rs7105015 2.9135e-05
11 66159479 rs7105162 0.066511
11 66159595 rs7105401 2.4973000000000003e-05
11 66159754 rs182662429 0.87539
11 66159763 rs571486652 0.006462699999999999
11 66159830 rs66810040 2.7986e-05
11 66160072 rs560583144 0.34002
11 66160073 rs7938591 7.2772e-05
11 66160099 rs182604214 0.21579
11 66160247 rs7938930 0.23748000000000002
11 66160430 rs76566956 0.85675
11 66160806 rs565110732 0.021692
11 66161018 rs150390454 0.23056
11 66161065 rs114770060 0.46248999999999996
11 66161072 rs56321771 3.1380999999999997e-05
11 66161152 rs71457714 0.23942
11 66161214 rs61891451 0.004738
11 66161370 rs4930181 3.1828e-05
11 66161463 rs10896117 6.5162e-05
11 66161558 rs191771920 0.07148099999999999
11 66161617 rs71457715 0.24251999999999999
11 66161772 rs79862543 0.85741
11 66162053 rs142601332 0.76039
11 66162133 rs61891452 0.067887
11 66162171 rs189612404 0.33958
11 66162195 rs79041386 0.8376899999999999
11 66162419 rs7125752 2.752e-05
11 66162560 rs114823889 0.60363
11 66162587 rs4630308 3.2131999999999997e-05
11 66162707 rs79311001 0.27662
11 66163056 rs112631128 0.35267
11 66163181 rs574355837 0.8892
11 66163546 rs145127639 0.45587
11 66163547 rs10896118 2.9925e-05
11 66163601 rs12418706 3.3351999999999995e-05
11 66163794 rs12420203 3.244e-05
11 66163923 rs145815173 0.33860999999999997
11 66164002 rs11823692 0.8469899999999999
11 66165092 rs11227474 2.5107e-05
11 66165359 rs117454858 0.042523000000000005
11 66165579 rs114245499 0.80494
11 66166262 rs75029371 0.18497
11 66166506 rs10791875 0.066347
11 66166529 rs181410756 0.096065
11 66167038 rs76202553 0.40546
11 66167406 rs7938676 2.3699e-05
11 66167585 rs7939111 2.387e-05
11 66167587 rs138591598 0.52777
11 66167807 rs11822430 0.68726
11 66167891 rs10750787 0.059811
11 66167982 rs11822896 0.19767
11 66168215 rs117199075 0.76447
11 66168246 rs4290235 0.066331
11 66168601 rs72940562 8.502600000000001e-07
11 66169177 rs72940563 0.23283
11 66169578 rs374072369 0.7945399999999999
11 66169646 rs10791876 2.5762e-05
11 66169676 rs4930363 3.2014e-05
11 66170024 rs191115208 0.43899
11 66170045 rs75554204 0.20695
11 66170092 rs78607917 0.0010657
11 66170535 rs183663323 0.28661
11 66170611 rs6591215 3.0691e-05
11 66171105 rs55978400 0.78879
11 66171166 rs192649072 0.38965
11 66171200 rs79303878 0.46395
11 66171440 rs10896119 0.1309
11 66171492 rs181966497 0.23976
11 66171616 rs143560904 0.3362
11 66171621 rs6591216 0.0056251
11 66171969 rs140569311 0.9370200000000001
11 66172258 rs7115577 2.0328e-05
11 66172882 rs112156689 0.10737999999999999
11 66172910 rs7940980 2.3928000000000002e-05
11 66172940 rs115638859 0.46913999999999995
11 66173250 rs11826288 0.24231999999999998
11 66173400 rs11227478 1.7369000000000003e-05
11 66173773 rs1532823 0.057562
11 66173990 rs147129618 0.68877
11 66174653 rs6591217 1.7635e-05
11 66174779 rs192481824 0.71245
11 66175261 rs1546358 1.8852000000000002e-05
11 66175372 rs75469038 0.10480999999999999
11 66175375 rs561931844 0.63179
11 66175926 rs78133233 0.49333
11 66176138 rs4930364 0.049908
11 66176155 rs4930365 5.1018999999999994e-05
11 66176156 rs4930366 4.7456e-05
11 66176161 rs61734160 0.090393
11 66176237 rs556916249 0.3645
11 66176395 rs140559229 0.056988
11 66176920 rs11227480 0.050599
11 66177067 rs145277210 0.25313
11 66177220 rs79672952 0.043435
11 66177952 rs2282530 4.1553999999999996e-05
11 66178679 rs74321871 0.11085
11 66178946 rs77754842 0.10399000000000001
11 66179063 rs12785651 4.6973e-05
11 66179211 rs4930367 0.40526999999999996
11 66179344 rs187011134 0.35279
11 66179358 rs4930368 4.8143e-05
11 66179516 rs116711652 0.8821100000000001
11 66179556 rs12786563 4.9072e-05
11 66179732 rs114805569 0.6542399999999999
11 66179736 rs12785321 4.8623e-05
11 66179800 rs114330647 0.10178999999999999
11 66179868 rs78846062 0.29774
11 66180128 11:66180128_T_G 0.6349899999999999
11 66180467 rs76007990 0.50115
11 66180729 rs146401034 0.14518
11 66180998 rs182702896 0.41235
11 66181035 rs187028596 0.65895
11 66181559 rs7131396 0.14803
11 66182012 rs139727087 0.8112
11 66182235 rs61890360 6.6518e-08
11 66182249 rs79100447 0.079195
11 66182417 rs12577917 0.0029388
11 66182450 rs72940579 0.0016912
11 66182559 rs193283135 0.78314
11 66182595 rs77330481 0.76512
11 66182804 rs185100391 0.29907
11 66182941 rs11821934 0.098631
11 66183020 rs4466842 5.8273e-06
11 66183040 rs75955704 0.13092
11 66183248 rs61468422 0.25842
11 66183801 rs77498041 0.24994
11 66183923 rs7935572 0.73147
11 66184112 rs79129064 0.53642
11 66184118 rs147841718 0.059985000000000004
11 66184140 rs2282529 0.058575999999999996
11 66184517 rs76422502 0.16117
11 66184937 rs147984617 0.26668000000000003
11 66185043 rs112904708 0.9117799999999999
11 66185095 rs573134017 0.39573
11 66185302 rs147531523 0.0098546
11 66186368 rs117080540 0.21625
11 66186744 rs11227481 0.0706
11 66186882 rs7947391 0.0079748
11 66186997 rs58752760 0.7913100000000001
11 66187005 rs189646779 0.8214899999999999
11 66187477 rs533153078 0.061110000000000005
11 66187598 rs529178088 0.073686
11 66187896 rs148729715 0.0016166
11 66188245 rs564410999 0.21016999999999997
11 66188304 rs117297304 0.93006
11 66188725 rs141939779 0.66273
11 66188761 rs77600363 0.84157
11 66188904 rs111442339 0.66483
11 66189026 rs142322358 0.80415
11 66189093 rs578114483 0.29305
11 66189147 rs116712994 0.016966
11 66189414 rs79994868 0.81526
11 66189827 rs140363432 0.10751
11 66190495 rs189514639 0.34102
11 66191224 rs376121975 0.91191
11 66191840 rs138708121 0.9823799999999999
11 66191859 rs71457718 0.003164
11 66192121 rs142965018 0.27560999999999997
11 66192465 rs147463475 0.7352
11 66192680 rs77039322 0.4127
11 66192819 rs145460765 0.90649
11 66193270 rs117404271 0.035642
11 66193393 rs188791011 0.024516999999999997
11 66194448 rs115575745 0.076277
11 66194571 rs77233136 0.15675
11 66195178 rs2511220 2.6318e-11
11 66195343 rs138260254 0.013312000000000001
11 66195755 rs76140377 0.092217
11 66196009 rs116591430 0.12228
11 66196215 rs77780417 0.292
11 66196265 rs17495838 0.31895
11 66196368 rs192649376 0.07809400000000001
11 66196384 rs117777720 0.31517
11 66196410 rs117965801 0.18392999999999998
11 66196528 rs562523533 0.80388
11 66196552 rs143350584 0.0044546
11 66196997 rs186330997 0.86621
11 66197141 rs189633243 0.078024
11 66198281 rs149921581 0.19835
11 66198298 rs144058956 0.034769
11 66198408 rs113961049 0.1052
11 66198955 rs146662663 0.0023144000000000003
11 66198981 rs139123102 0.39024000000000003
11 66199362 rs79798028 0.38942
11 66199370 rs150948743 0.098579
11 66199656 rs117645490 0.33979000000000004
11 66199665 rs150233594 0.0025903000000000002
11 66200094 rs145819238 0.8973399999999999
11 66200159 rs58527779 0.6472600000000001
11 66200260 rs751170603 0.11735999999999999
11 66200736 rs183745830 0.063195
11 66200805 rs147127049 0.8468399999999999
11 66200817 rs188105435 0.063445
11 66201284 rs112847725 0.63513
11 66201304 rs113870120 0.3467
11 66201493 rs150551292 0.6220100000000001
11 66201497 rs139940193 0.62317
11 66201710 rs77465793 0.48131999999999997
11 66201751 rs190075454 0.84698
11 66202215 rs3107024 9.2284e-13
11 66202257 rs189549194 0.10069
11 66202352 rs71457719 0.60936
11 66202503 rs116276292 0.34558
11 66202631 rs115288658 0.063327
11 66202889 rs146283509 0.75568
11 66203025 rs2279865 0.39076
11 66203198 rs139426698 0.10005
11 66203341 rs115344092 0.25534
11 66203436 rs114592766 0.8332
11 66203894 rs148627841 0.5158699999999999
11 66204110 rs57971185 0.18303
11 66204252 rs76550332 0.66798
11 66204624 rs145756140 0.6090399999999999
11 66205216 rs190308239 0.16317
11 66205292 rs185320917 0.06356200000000001
11 66205438 rs116029543 0.24486999999999998
11 66206169 rs11110 4.4646e-11
11 66206202 rs61731813 0.6772
11 66206232 rs115560381 0.6772
11 66206953 rs78221043 0.35076
11 66206995 rs115064746 0.67745
11 66207052 rs112617997 0.64322
11 66207248 rs114114686 0.24821999999999997
11 66207272 rs115275506 0.85959
11 66207301 rs143735343 0.042089
11 66207356 rs138657556 0.063568
11 66207460 rs141707739 0.9905200000000001
11 66207461 rs146249496 0.10101
11 66207490 rs576237718 0.37759000000000004
11 66207507 rs192025573 0.063445
11 66207515 rs141791267 0.15595
11 66207520 rs2511221 0.094029
11 66207697 rs183111039 0.10101
11 66207827 rs566459484 0.87261
11 66207837 rs140151051 5.7764e-17
11 66208394 rs189367618 3.198e-05
11 66208416 rs372115729 0.0041174
11 66208461 rs570999640 0.8584700000000001
11 66208554 rs569927435 0.63045
11 66208566 rs4930182 0.36865
11 66208577 rs184543937 0.16417
11 66208624 rs377235931 0.65345
11 66208722 rs2509565 6.159e-11
11 66208935 rs116592711 0.85987
11 66209024 rs116867234 0.3711
11 66209043 rs114196223 0.25545
11 66209087 rs534404797 0.67799
11 66209233 rs145526461 0.18685
11 66209260 rs112071262 0.77447
11 66209479 rs147720735 0.6259
11 66209491 rs57814854 0.33916
11 66209707 rs151247419 0.25285
11 66209803 rs140460612 0.67719
11 66209876 rs11826843 0.22519
11 66210496 rs118011533 0.26615
11 66210506 rs138067875 0.063487
11 66210619 rs75990029 0.21973
11 66210876 rs149535152 0.063627
11 66210910 rs11227484 0.5071899999999999
11 66210943 rs148190283 0.013072
11 66211018 rs80148595 0.16158
11 66211247 rs115840890 0.8638299999999999
11 66212150 rs56244360 0.6472600000000001
11 66212574 rs139932242 0.86216
11 66212932 rs116819595 0.063173
11 66212936 rs117689478 0.71399
11 66213457 rs559279310 0.3927
11 66213462 rs556703028 0.10605
11 66213711 rs145848151 0.26245
11 66214125 rs77230572 0.64636
11 66214343 rs144176993 0.062739
11 66214386 rs146549397 0.38326
11 66214408 rs71457722 0.60749
11 66214578 rs114563446 0.44653999999999994
11 66214859 rs17580784 0.3686
11 66215080 rs115029587 0.86308
11 66215290 rs148027648 0.28713
11 66215423 rs11227485 3.905699999999999e-11
11 66216037 rs140846612 0.26283
11 66216403 rs111925452 0.6482600000000001
11 66216597 rs116373083 0.9700700000000001
11 66216675 rs7104378 0.39813000000000004
11 66216696 rs575636281 0.06352100000000001
11 66216697 rs537748627 0.06352100000000001
11 66216763 rs149325470 0.16345
11 66216815 rs1700184 1.0016e-12
11 66216930 rs137950169 0.25192
11 66217164 rs774391557 0.26065
11 66217490 rs147174071 0.71113
11 66217538 rs540236063 0.27699
11 66217585 rs141506672 0.9796299999999999
11 66218014 rs75579701 0.21875
11 66218057 rs4930373 0.17234000000000002
11 66218267 rs72923011 0.86559
11 66218752 rs114714174 0.86395
11 66219117 rs76867474 0.25149
11 66219354 rs74865317 0.83331
11 66219681 rs75100492 0.39469
11 66219725 rs772056174 0.9313100000000001
11 66219991 rs79051927 0.84855
11 66220139 rs78981227 0.8845799999999999
11 66220210 rs145742211 0.49704
11 66220277 rs75816733 0.67299
11 66221102 rs181640700 0.1605
11 66221451 rs61890362 0.0049066000000000005
11 66221549 rs546163832 0.10056
11 66221581 rs74725525 0.86488
11 66221591 rs80171008 0.24124
11 66221995 rs79927924 0.26161
11 66222090 rs559652042 0.47707
11 66222137 rs1791682 0.5072800000000001
11 66222353 rs60358007 0.36862
11 66222640 rs75203270 0.8460700000000001
11 66223158 rs1785640 4.0027e-11
11 66223295 rs79648160 0.16072
11 66224047 rs116820947 0.26145
11 66224195 rs35313216 3.3309e-17
11 66224239 rs188689460 0.063045
11 66224263 rs148571732 0.13130999999999998
11 66224287 rs143035855 0.54598
11 66224291 rs146162602 0.8745799999999999
11 66224400 rs193288739 0.063045
11 66224559 rs141838351 0.7994600000000001
11 66224804 rs74418241 0.11992
11 66225644 rs553314605 0.9041799999999999
11 66225756 rs111755661 0.64386
11 66225841 rs116514491 0.25122
11 66225876 rs151249601 0.30372
11 66226524 rs71457724 1.3618e-16
11 66227184 rs1791687 1.3363e-12
11 66228009 rs534487086 0.3846
11 66228346 rs576118483 0.24674000000000001
11 66228618 rs114883569 0.84946
11 66228713 rs35733139 0.40074
11 66228786 rs191962385 0.063276
11 66228913 rs551172790 0.23970999999999998
11 66228917 rs78539617 0.1833
11 66228951 rs4930376 4.8826e-11
11 66229111 rs764873319 0.9907299999999999
11 66229388 rs150330610 0.28934
11 66229920 rs142918085 0.35076
11 66230200 rs144675029 0.063525
11 66230657 rs552345241 0.16699999999999998
11 66230676 rs74683051 0.73695
11 66230730 rs534787679 0.41229
11 66231286 rs57412357 0.74505
11 66231685 rs112906141 0.7316699999999999
11 66231831 rs561527654 0.35912
11 66231980 rs147617434 0.6462600000000001
11 66232272 rs1791677 0.36815
11 66232334 rs79848504 0.24946
11 66232688 rs114773904 0.24176
11 66232773 rs12099041 0.40365
11 66232822 rs537740984 0.21625
11 66232922 rs554514651 0.012491
11 66233398 rs148832730 0.80485
11 66233501 rs79331444 0.8940600000000001
11 66233637 rs181596883 0.63155
11 66233944 rs7925093 1.0251e-12
11 66234002 rs55955243 0.64636
11 66234023 rs7925108 1.1740000000000002e-12
11 66234102 rs182642387 0.1359
11 66234765 rs7928882 0.40447
11 66235242 rs75685325 0.38643
11 66235341 rs137920172 0.22250999999999999
11 66235409 rs140910248 0.00064848
11 66235714 rs148294193 0.54937
11 66236431 rs57724777 0.37868
11 66236604 rs57691879 0.41329
11 66236736 rs114615288 0.21333000000000002
11 66236837 rs778623779 0.44576000000000005
11 66236839 rs74614290 0.44228999999999996
11 66237135 rs147251406 0.6458699999999999
11 66237178 rs11227491 0.73843
11 66237828 rs116060676 0.2245
11 66237833 rs117807401 0.0033626999999999997
11 66237909 rs140534006 0.20833000000000002
11 66237994 rs114079265 0.33177
11 66238094 rs151212489 0.20555
11 66238298 rs115637985 0.15086
11 66238990 rs149865295 0.10006
11 66239147 rs7123875 6.9286e-11
11 66240191 rs3892818 0.44404
11 66240270 rs113395351 0.6451399999999999
11 66240507 rs3892817 0.26127
11 66240517 rs908693 0.55829
11 66240882 rs2277302 0.43273999999999996
11 66241132 rs11227492 0.1435
11 66241962 rs61733826 0.13562000000000002
11 66242033 rs79668852 0.42051000000000005
11 66242063 rs142013351 0.030095999999999998
11 66242107 rs61582507 0.33852
11 66242210 rs59421767 0.43478
11 66242402 rs4930377 0.44748999999999994
11 66242603 rs7936765 0.06062000000000001
11 66242858 rs58883837 0.35076
11 66243087 rs34989499 0.48522
11 66243148 rs145732233 0.3073
11 66243374 rs116062588 0.063696
11 66244251 rs73503363 0.5828899999999999
11 66244312 rs114914888 0.38195999999999997
11 66244454 rs3179961 0.45128
11 66244471 rs79764770 0.35076
11 66244702 rs78746416 0.35295
11 66244905 rs188093272 0.42446999999999996
11 66244919 rs79509117 0.64578
11 66245408 rs77896031 0.81839
11 66245486 rs78847243 0.3529
11 66245851 rs2282640 1.3708e-10
11 66245936 rs80100524 0.43776000000000004
11 66246337 rs11821155 0.44723999999999997
11 66246863 rs56223609 2.6381e-09
11 66246965 rs117107530 0.23951999999999998
11 66247300 rs143254414 0.33251
11 66247366 rs77944288 0.14992
11 66247489 rs146685665 0.06353400000000001
11 66247546 rs80044464 0.63786
11 66247694 rs78738431 0.9639200000000001
11 66247696 rs2279863 5.605999999999999e-12
11 66247844 rs2279864 0.44109
11 66247986 rs116082153 0.95747
11 66248339 rs116222549 0.24294000000000002
11 66248431 rs2511225 1.4786e-10
11 66248876 rs188735240 0.23855
11 66249628 rs75447316 0.24333000000000002
11 66249852 rs114567543 0.2325
11 66249898 rs11826683 0.63969
11 66250038 rs113075304 0.65158
11 66250838 rs57634456 0.45252
11 66250880 rs77618368 3.0395e-05
11 66250954 rs80060068 0.38355
11 66251228 rs78999944 0.44338
11 66251909 rs79770104 0.96111
11 66252180 rs576285906 0.07799
11 66252646 rs146040863 0.32561999999999997
11 66252767 rs184459084 0.075835
11 66253058 rs539039612 0.65027
11 66253084 rs555915230 0.10414000000000001
11 66253475 rs11600009 0.0023190000000000003
11 66253493 rs77253792 0.36152
11 66253745 rs111339967 0.36154000000000003
11 66254085 rs11550299 0.43281000000000003
11 66254137 rs112484606 0.96715
11 66254157 rs113216220 0.6532399999999999
11 66254415 rs34011505 0.65335
11 66254462 rs116498111 0.23824
11 66254658 rs115287060 0.2557
11 66254936 rs1700188 0.8693700000000001
11 66254986 rs76541579 0.31744
11 66255138 rs146791971 0.34123000000000003
11 66255183 rs28441671 0.36145
11 66255515 rs4930378 0.44898999999999994
11 66255574 rs115406203 0.21591999999999997
11 66255602 rs79185209 0.81493
11 66255674 rs4930379 0.44073999999999997
11 66255732 rs4930183 0.43855
11 66255764 rs4930380 0.43983999999999995
11 66256099 rs75003264 0.41925
11 66256327 rs61303821 0.36967
11 66256421 rs147024937 0.22983
11 66256581 rs7943327 0.43301999999999996
11 66256660 rs17147644 0.42212
11 66257091 rs149164814 0.99198
11 66257246 rs76471132 0.26959
11 66257502 rs116189187 0.35427
11 66257508 rs117741368 0.0018814
11 66257935 rs11828370 0.38802
11 66257949 rs11828372 0.2596
11 66257967 rs187673125 0.31546
11 66257978 rs190651960 0.84203
11 66258006 rs7950407 0.30638000000000004
11 66258019 rs7937168 0.21677
11 66258053 rs7950790 0.30774
11 66258067 rs182809431 0.075474
11 66258111 rs76869768 0.9856299999999999
11 66258266 rs138727843 0.096662
11 66258536 rs141862297 0.37273
11 66258916 rs1700189 2.1753e-12
11 66259366 rs139054866 0.46353999999999995
11 66259760 rs185445693 0.00040237
11 66260038 rs116281874 0.21547
11 66260112 rs140422352 0.07570299999999999
11 66260134 rs112578033 0.73934
11 66260191 rs17849480 0.47148
11 66260338 rs144416823 0.07805
11 66260539 rs148013104 0.22432
11 66260557 rs147519149 0.07749099999999999
11 66260611 rs201801229 0.16797
11 66260874 rs141845269 0.85959
11 66261044 rs76777675 0.17344
11 66261165 rs143000945 0.6409
11 66261265 rs552045961 0.6179
11 66261584 rs117649561 0.0018073
11 66261591 rs79737143 0.66067
11 66262074 rs113733200 0.6849
11 66262101 rs111462457 0.19557
11 66262262 rs144735009 0.27957
11 66262550 rs11824771 0.30225
11 66262606 rs2511224 6.610300000000001e-11
11 66262664 rs75604996 0.39083
11 66262944 rs34504069 0.69676
11 66263243 rs11227495 0.29263
11 66263435 rs56317637 0.0078387
11 66263714 rs80310834 0.39161999999999997
11 66264087 rs577861353 0.072533
11 66264234 rs113195666 0.6822
11 66264264 rs79706865 0.39161999999999997
11 66264617 rs61890364 4.6473999999999995e-09
11 66264661 rs563977690 0.49031
11 66264735 rs78013205 0.39161999999999997
11 66264889 rs137888856 0.023321
11 66264970 rs57113976 0.66154
11 66265232 rs61890365 0.08720900000000001
11 66265551 rs7123176 0.30256
11 66265804 rs150058443 0.39377
11 66265886 rs186350795 0.47456000000000004
11 66266284 rs142248259 0.07543899999999999
11 66266367 rs73503368 0.63154
11 66266448 rs73503369 0.58973
11 66266604 rs111511881 0.30035
11 66266706 rs2444846 2.8245e-13
11 66267457 rs76902231 0.39563000000000004
11 66267990 rs116065112 0.73293
11 66268260 rs149538195 0.07534600000000001
11 66268516 rs143021759 0.687
11 66268828 rs189571814 0.0061707
11 66269050 rs57458798 0.39411
11 66269407 rs147387990 0.0018157
11 66269464 rs11227497 0.2898
11 66269714 rs11227498 0.32541
11 66269740 rs139577856 0.0812
11 66269965 rs56144989 0.29047
11 66270360 rs57207756 0.2905
11 66270774 rs17496250 0.29218
11 66270803 rs112277687 0.687
11 66271215 rs747284885 0.5119
11 66272117 rs34253106 0.66774
11 66272128 rs114407249 0.76831
11 66272142 rs1671063 3.5848e-13
11 66272207 rs146568792 0.014282
11 66272237 rs2305535 0.29577
11 66272824 rs11227499 0.29666
11 66272949 rs116594266 0.47363999999999995
11 66272976 rs10501397 0.3038
11 66273042 rs79850983 0.21433000000000002
11 66273055 rs574477535 0.52271
11 66273233 rs11227500 0.29331999999999997
11 66273460 rs138644905 0.39391
11 66273577 rs142680417 0.075473
11 66273878 rs191957579 0.86592
11 66274072 rs11227501 0.30337
11 66274148 rs11227502 0.29359
11 66274291 rs149486394 0.40697
11 66274305 rs192041393 0.37866
11 66274385 rs115848034 0.5269
11 66274853 rs11822099 0.30456
11 66274895 rs148783282 0.43931000000000003
11 66274958 rs74933537 0.19560999999999998
11 66275026 rs75683511 0.29667
11 66275116 rs118008497 0.43683999999999995
11 66275144 rs116730668 0.21375999999999998
11 66275242 rs11227503 0.29481
11 66275367 rs190481425 0.3987
11 66275552 rs112967097 0.39429000000000003
11 66275600 rs77332308 0.39429000000000003
11 66275670 rs77330894 0.68762
11 66275923 rs61561111 0.30591
11 66276225 rs149810496 0.23790999999999998
11 66276537 rs56291132 0.6622600000000001
11 66276576 rs12421620 0.00039875
11 66276849 rs2290462 0.94606
11 66277035 rs17065 0.29631
11 66277088 rs116201101 0.34426999999999996
11 66277610 rs4542420 0.29448
11 66277969 rs55853079 1.2715e-10
11 66278017 rs146920504 0.68762
11 66278154 rs55848325 0.09502999999999999
11 66278236 rs550945105 0.96775
11 66278303 rs187667848 0.28674
11 66278426 rs113981353 0.41923999999999995
11 66278923 rs61610137 0.39683
11 66279026 rs183088220 0.023465
11 66279227 rs142113956 0.81417
11 66279261 rs11227504 0.43522
11 66279299 rs1791689 0.52544
11 66279546 rs11227506 0.24335
11 66280392 rs532437261 0.67514
11 66280441 rs142330631 0.3141
11 66281188 rs11827783 0.39438
11 66281194 rs11227509 0.29579
11 66281220 rs11227510 0.28788
11 66281244 rs11227511 0.28586
11 66281270 rs7951189 3.6984e-11
11 66281291 rs11227512 0.29505
11 66281306 rs139319348 0.71008
11 66281538 rs1671062 2.7603000000000004e-13
11 66281777 rs147826739 0.40131
11 66281952 rs138744839 0.70823
11 66282095 rs2298806 0.29496
11 66283104 rs191296122 0.83957
11 66283257 rs2276406 0.29393
11 66284057 rs140293798 0.42023999999999995
11 66284058 rs57206562 0.5985
11 66285088 rs10896124 0.30059
11 66285268 rs10736656 2.6248e-13
11 66285473 rs189583415 0.9300299999999999
11 66285489 rs11821143 0.38154
11 66285589 rs11821162 0.39601
11 66285647 rs181777901 0.069355
11 66285708 rs149343579 0.17620999999999998
11 66285751 rs112079997 0.68912
11 66285850 rs148524218 0.25316
11 66285888 rs548477699 0.35416
11 66286051 rs145491528 0.081055
11 66286365 rs112920962 0.39499
11 66286377 rs1671065 2.9302e-13
11 66286627 rs11227514 0.30116
11 66286644 rs111375321 0.68912
11 66287064 rs58447882 0.66313
11 66287112 rs146052054 0.99393
11 66287196 rs35520756 0.37194
11 66287383 rs11227515 0.30101999999999995
11 66287500 rs567744853 0.023906999999999998
11 66287516 rs117234086 0.29125
11 66287586 rs139622960 0.71421
11 66287789 rs112213410 0.018307
11 66288123 rs11822028 0.29420999999999997
11 66288126 rs767591599 0.84793
11 66288436 rs113096860 0.64184
11 66288674 rs534219818 0.35473000000000005
11 66288733 rs10896125 0.30308
11 66289114 rs143354579 0.46405
11 66289245 rs576606865 0.5818
11 66289269 rs148365327 0.48168
11 66289411 rs190239876 0.40978000000000003
11 66289498 rs141582785 0.39651
11 66289615 rs28414721 0.29468
11 66289636 rs191033386 0.31543000000000004
11 66289666 rs138342297 0.3967
11 66289731 rs143902863 0.41413
11 66289733 rs74710733 0.29373
11 66289768 rs113630410 0.7165199999999999
11 66290064 rs12223478 0.2432
11 66290065 rs12223479 0.24339
11 66290243 rs78176556 0.041007
11 66290435 rs76959757 0.39886
11 66290791 rs77400778 0.90302
11 66290832 rs58149913 0.39888
11 66290922 rs56177555 0.35594000000000003
11 66291263 rs35209408 0.19564
11 66291560 rs1791683 7.516399999999999e-10
11 66291758 rs114607144 0.26456999999999997
11 66291768 rs574111512 0.3015
11 66291854 rs78466549 0.35725999999999997
11 66292371 rs139126639 0.41707
11 66292528 rs143996093 0.41617
11 66292801 rs147827224 0.059762
11 66292907 rs184472609 0.69504
11 66292908 rs10896126 3.9031e-11
11 66292920 rs140908582 0.44298999999999994
11 66293273 rs117112180 0.28145
11 66293652 rs113624356 0.004693600000000001
11 66293779 rs3819247 0.28276999999999997
11 66294342 rs776904794 0.43728999999999996
11 66294669 rs74491182 2.0152e-05
11 66294718 rs11828256 0.41185
11 66295001 rs146362603 0.84916
