CHR BP SNP P
16 11753377 rs72781086 7.3446e-06
16 11753519 rs7195776 0.7521100000000001
16 11754212 rs116184239 0.34645
16 11754409 rs2903973 0.83411
16 11754454 rs2868980 0.00032487
16 11754556 rs74008124 0.28507
16 11754635 rs9930359 1.3905e-05
16 11754671 rs9921215 0.80338
16 11754838 rs56021873 8.246e-06
16 11754966 rs113232526 0.72136
16 11755221 rs73515520 0.26507
16 11756053 rs12708735 0.00059027
16 11756107 rs751872691 0.24795
16 11756273 rs12925960 0.00080793
16 11757091 rs933572 9.337e-06
16 11757631 rs55920972 3.2263e-05
16 11758678 rs78502596 0.4419
16 11758731 rs35245120 0.17629
16 11758756 rs116268675 0.53727
16 11758962 rs142108683 0.53872
16 11759015 rs145870108 0.54135
16 11759306 rs140077974 0.5568
16 11759483 rs11866792 0.07164
16 11760125 rs117397656 0.8002600000000001
16 11760186 rs933570 0.010264
16 11760209 rs933569 0.0089161
16 11760255 rs114952114 0.14967
16 11760459 rs61530528 0.8689600000000001
16 11760639 rs559683094 0.21061999999999997
16 11760695 rs8191259 0.67284
16 11761113 rs8191260 0.67261
16 11761182 rs8191261 0.71619
16 11761688 rs8191263 0.68948
16 11762031 rs8191265 0.60175
16 11762965 rs7203637 0.8146399999999999
16 11763519 rs148086373 0.65969
16 11763607 rs142024296 0.03442
16 11763885 rs8191275 0.5213399999999999
16 11764082 rs8191277 0.007490100000000001
16 11764100 rs28448556 0.2265
16 11764228 rs144906840 0.5155
16 11764329 rs8191279 0.0042731
16 11764608 rs7189287 0.0063166
16 11764615 rs7194145 0.0063614
16 11764677 rs8191283 0.75531
16 11764821 rs7193441 0.0018545999999999999
16 11764920 rs7193637 0.0064602
16 11765290 rs8191284 0.22291999999999998
16 11765408 rs8191285 0.0064899
16 11765518 rs2868981 0.006456100000000001
16 11765526 rs8191287 0.18192
16 11765614 rs8191288 0.0058677
16 11765954 rs8191290 0.005974800000000001
16 11766905 rs8191295 0.0058861
16 11766986 rs8191297 0.0056963000000000005
16 11767055 rs8191298 0.0052851999999999994
16 11767305 rs8191299 0.8331799999999999
16 11767543 rs8191301 0.1628
16 11767545 rs8191302 0.15864
16 11767609 rs8191303 0.79929
16 11767978 rs4781136 0.005407899999999999
16 11768113 rs8191307 0.75983
16 11768157 rs368766523 0.8655200000000001
16 11768235 rs8191309 0.5156
16 11768333 rs8191310 0.15069000000000002
16 11768513 rs8191312 0.40521
16 11768559 rs8191313 0.12939
16 11768763 rs8191316 0.51832
16 11768810 rs8049633 0.0046223
16 11768974 rs8191319 0.1623
16 11769035 rs8191321 0.50743
16 11769176 rs12921129 0.0048738
16 11769266 rs8045300 0.0053331
16 11769355 rs8191322 0.89307
16 11769596 rs8191323 0.8947299999999999
16 11769642 rs8191326 0.14
16 11769769 rs140450737 0.51737
16 11769948 rs1050068 0.006232
16 11769963 rs1050069 0.005959399999999999
16 11770304 rs2270370 0.68078
16 11770777 rs7194034 0.0050179
16 11770978 rs8191332 5.194e-05
16 11771012 rs111596197 0.13201
16 11771094 rs7198518 0.0050799
16 11771165 rs8191334 0.68132
16 11771353 rs8191335 0.0045625
16 11771471 rs1050048 0.88277
16 11771706 rs1050049 0.88661
16 11771800 rs144312346 0.45979
16 11772213 rs1802408 0.89318
16 11772230 rs1802409 0.8282799999999999
16 11772455 rs8191345 0.56195
16 11773132 rs143847447 0.14363
16 11773304 rs146197324 0.7227100000000001
16 11773662 rs3190321 0.0061227
16 11773733 rs8191352 0.78066
16 11773743 rs7188511 0.0061735
16 11773806 rs8191353 0.44
16 11773885 rs8191354 0.47403
16 11773981 rs3784920 0.84941
16 11774201 rs3784921 0.77815
16 11774383 rs13337456 0.21389
16 11774391 rs72781094 0.78665
16 11774625 rs12929396 0.0038799999999999998
16 11774630 rs116240650 0.28851
16 11774776 rs181449893 0.61732
16 11774778 rs35326595 0.18349000000000001
16 11774875 rs56878897 0.63994
16 11774950 rs4781137 0.0039977
16 11775500 rs9940508 0.42439
16 11775872 rs9935049 0.018668999999999998
16 11776470 rs552567388 0.26238
16 11776508 rs141557918 0.50135
16 11776963 rs148167258 0.92691
16 11777224 rs16958548 0.25714000000000004
16 11777452 rs141672602 0.46003999999999995
16 11777506 rs139163229 0.7047100000000001
16 11777807 rs186067138 0.27019
16 11777925 rs74008162 0.8271
16 11778525 rs16958550 0.61055
16 11778838 rs147831441 0.46053
16 11779160 rs28469520 0.46803999999999996
16 11779180 rs147908457 0.56698
16 11779241 rs2868982 0.9264899999999999
16 11779248 rs187883269 0.46984
16 11779281 rs150404659 0.48855
16 11779318 rs34340800 0.0057391000000000005
16 11779325 rs2868983 0.8904700000000001
16 11779331 rs112888922 0.91759
16 11779509 rs12928324 0.0034231
16 11779571 rs116325691 0.57017
16 11780629 rs8057398 0.0045579999999999996
16 11780655 rs9932046 0.5835600000000001
16 11780674 rs9929898 0.5927600000000001
16 11780774 rs6498239 0.0035946999999999997
16 11780983 rs150521766 0.49656999999999996
16 11781251 rs138369536 0.56358
16 11781260 rs11639651 0.0036203000000000003
16 11781300 rs78585281 0.49001999999999996
16 11781361 rs77314133 0.64808
16 11781454 rs149333013 0.56023
16 11781582 rs12920377 0.0047198
16 11781615 rs75979233 0.63861
16 11781691 rs113576272 0.63271
16 11781695 rs6498240 0.71816
16 11781741 rs79362431 0.049636
16 11781802 rs61739865 0.8938
16 11781937 rs188551414 0.2679
16 11782018 rs180820422 0.13360999999999998
16 11782049 rs9924009 0.73926
16 11782222 rs61741271 0.39814
16 11782527 rs13336780 0.64979
16 11782585 rs9937773 0.9529799999999999
16 11782937 rs775384264 0.85372
16 11783062 rs2287203 0.70777
16 11783098 rs2287202 0.7177899999999999
16 11783323 rs2287201 0.7147399999999999
16 11783472 rs146884723 0.9728600000000001
16 11783650 rs571104740 0.91869
16 11783946 rs145808271 0.8920399999999999
16 11784069 rs143070965 0.92422
16 11784129 rs8059262 0.0055838
16 11784137 rs570133438 0.25335
16 11784329 rs58885853 0.46598999999999996
16 11784466 rs57495287 0.76972
16 11784492 rs192758042 0.35243
16 11784867 rs147339371 0.98346
16 11784880 rs732799 0.0040323
16 11784965 rs3743584 0.64831
16 11785220 rs17674449 0.78927
16 11785455 rs146201777 0.36357
16 11785583 rs142985387 0.09213500000000001
16 11785747 rs113940175 0.093363
16 11786404 rs7194022 0.76565
16 11786553 rs9926666 0.0043784
16 11786767 rs145513299 0.64522
16 11787056 rs146941215 0.41226
16 11787550 rs143763165 0.33925
16 11787689 rs35722622 0.0042951000000000005
16 11787714 rs11648550 0.00458
16 11788092 rs11645098 0.0050722
16 11788287 rs11645154 0.9431
16 11788290 rs7185656 0.43942
16 11788431 rs11645244 0.0032388000000000004
16 11788449 rs7184536 0.45569
16 11788688 rs17606079 0.4819
16 11788894 rs7196851 0.6855600000000001
16 11788912 rs1344532 0.6235
16 11789090 rs148783880 0.42349
16 11789190 rs17606098 0.0053094
16 11789375 rs77266068 0.97354
16 11789472 rs7192361 0.39516999999999997
16 11789571 rs7198072 0.37518
16 11790066 rs151297353 0.27171
16 11790080 rs73517664 0.6050300000000001
16 11790347 rs7204241 0.6009800000000001
16 11790470 rs147572050 0.8476299999999999
16 11790549 rs374059986 0.5112
16 11791057 rs7205167 0.0030061999999999997
16 11791085 rs184673789 0.42141999999999996
16 11791118 rs73517669 0.39366999999999996
16 11791172 rs190353297 0.15342999999999998
16 11791287 rs78587787 0.49493000000000004
16 11791536 rs73517671 0.51281
16 11791830 rs74008168 0.60407
16 11792451 rs17674509 0.8688
16 11792514 rs11641208 0.85572
16 11792573 rs145520329 0.9574600000000001
16 11792654 rs117171758 0.062738
16 11792700 rs933574 0.0011116
16 11793230 rs10451097 0.44547
16 11793346 rs59631662 0.46678000000000003
16 11793395 rs933573 0.0012985999999999998
16 11793550 rs532019672 0.20247
16 11793699 rs7196521 0.42954
16 11793925 rs75077413 0.5966600000000001
16 11794008 rs78483780 0.43651
16 11794067 rs17696760 0.12462000000000001
16 11794074 rs187971213 0.19379000000000002
16 11794235 rs76876224 0.63436
16 11794540 rs191487035 0.5837100000000001
16 11794895 rs17606153 0.0008136000000000002
16 11795023 rs372416473 0.7114199999999999
16 11795348 rs528781908 0.027054
16 11795579 rs11645506 0.0035205999999999996
16 11795885 rs564347715 0.18997
16 11796043 rs74008197 0.97309
16 11796151 rs17674540 0.30191
16 11796379 rs140443436 0.9409700000000001
16 11796380 rs574169239 0.1871
16 11796790 rs9930460 0.47768999999999995
16 11796868 rs75706438 0.34469
16 11797665 rs564723502 0.1871
16 11797719 rs8055787 1.5243e-08
16 11798034 rs757062591 0.41647
16 11798718 rs150215571 0.8371299999999999
16 11798721 rs9925990 0.47126
16 11798758 rs4584833 0.00053193
16 11798788 rs147445833 0.47326999999999997
16 11798876 rs4255800 0.003764
16 11798907 rs147311861 0.14607
16 11799367 rs55962409 1.9116e-09
16 11799584 rs78921437 0.41178000000000003
16 11799673 rs191664741 0.046345
16 11800016 rs76815491 0.96319
16 11800021 rs9931727 0.52105
16 11800219 rs61528792 0.73345
16 11800685 rs77730974 0.16338
16 11800768 rs4497712 0.24831999999999999
16 11800848 rs35902600 0.0041076
16 11801673 rs111529721 0.28683000000000003
16 11802479 rs77098575 0.57492
16 11802827 rs60146260 0.64017
16 11802979 rs148439891 0.93119
16 11803233 rs78202248 0.9363
16 11803587 rs539098027 0.07437200000000001
16 11803641 rs62040604 0.0032429000000000004
16 11803898 rs8044903 0.0026354
16 11804385 rs8045673 0.0031807
16 11804729 rs58009905 0.46515
16 11804891 rs74530260 0.15528
16 11804996 rs190863353 0.17894000000000002
16 11805032 rs113308270 0.33268000000000003
16 11805866 rs17674570 0.28946
16 11806012 rs12149831 0.002522
16 11806070 rs74008201 0.61906
16 11806332 rs534194693 0.31913
16 11806714 rs8063099 0.0039583
16 11806951 rs8061296 0.0038597
16 11807017 rs141536674 0.61895
16 11807097 rs8047190 0.0035868000000000002
16 11807517 rs9931332 0.0028462
16 11807742 rs142690912 0.38924000000000003
16 11808214 rs76410758 0.8527600000000001
16 11808359 rs144656630 0.93119
16 11808444 rs113855970 0.26458000000000004
16 11808769 rs4781141 0.0036491999999999996
16 11808806 rs4781142 0.0037286000000000003
16 11808829 rs547097402 0.7287899999999999
16 11808983 rs11639977 0.74005
16 11809040 rs11639719 0.7470100000000001
16 11809692 rs148157402 0.68186
16 11809721 rs4781143 0.0036238
16 11809940 rs4780395 0.00043637
16 11810382 rs1592572 0.00039705
16 11810661 rs192772814 0.17904
16 11810858 rs144160593 0.84178
16 11811139 rs112595681 0.15924000000000002
16 11811167 rs11861532 0.0033717
16 11811426 rs537939181 0.92001
16 11811728 rs17606249 0.24111
16 11811789 rs11644248 0.0027653
16 11812075 rs16958583 0.30854000000000004
16 11812291 rs7203803 0.0003969
16 11813899 rs35649585 0.0043418
16 11814520 rs191232036 0.8251
16 11814562 rs12927966 0.0035063000000000004
16 11814825 rs117626712 0.75767
16 11815021 rs112851020 0.33359
16 11815178 rs8058003 0.00065544
16 11815294 rs61211072 0.6551
16 11815332 rs59025803 0.32829
16 11815964 rs7205994 0.00365
16 11816671 rs4780396 0.00059326
16 11816852 rs9924522 0.0033345999999999996
16 11816855 rs9923954 0.0033325000000000004
16 11816869 rs142929232 0.15482
16 11817049 rs112600751 0.31317
16 11817107 rs34774904 0.00060197
16 11817207 rs113682282 0.83381
16 11817212 rs4781144 0.0036436
16 11817466 rs78784853 5.0283e-05
16 11818498 rs9925438 0.36035
16 11818707 rs113310489 0.5113
16 11818838 rs58597795 0.87766
16 11819248 rs58729584 0.28473000000000004
16 11819330 rs16958588 0.0040008000000000005
16 11819569 rs12926451 0.00055047
16 11820003 rs55934118 0.0038966
16 11820167 rs111813320 0.46428
16 11820256 rs12929940 0.004088800000000001
16 11820865 rs143157166 0.096488
16 11820888 rs148241045 0.66788
16 11821454 rs10492850 0.006598899999999999
16 11821508 rs12919035 0.0039088000000000005
16 11821644 rs10492851 0.8852399999999999
16 11821708 rs10492852 0.002577
16 11821999 rs78083064 4.9711000000000006e-05
16 11822066 rs12599288 1.7421e-09
16 11822148 rs16958604 0.92858
16 11822394 rs71383284 0.35695
16 11822462 rs72782708 0.36252
16 11823932 rs117020020 0.055438999999999995
16 11824052 rs57794283 0.26881
16 11824056 rs11639945 0.004129
16 11824199 rs192159024 0.57652
16 11824903 rs1579258 0.00048022
16 11825112 rs1583001 0.9911200000000001
16 11825293 rs7501380 0.8235399999999999
16 11825976 rs75708745 0.98169
16 11826013 rs11075010 0.0006646
16 11826148 rs11642880 0.0030039000000000003
16 11826585 rs16958607 0.39344
16 11826674 rs9935281 0.40265
16 11826841 rs4439779 0.00025749
16 11826890 rs112069438 0.45153999999999994
16 11827060 rs8055637 0.0035305999999999996
16 11827305 rs8061264 0.00026964
16 11827543 rs8055247 0.0031271999999999997
16 11827546 rs4780397 0.059835
16 11828018 rs4780398 0.0036983000000000003
16 11828406 rs56669063 0.26334
16 11828567 rs56392104 0.97667
16 11828701 rs4780399 0.0030003
16 11829173 rs76012862 0.22968000000000002
16 11829241 rs13333297 0.5812
16 11829886 rs140374310 0.99915
16 11830562 rs186403509 0.9612700000000001
16 11831030 rs11075012 0.00010242
16 11831190 rs4781145 0.00030195
16 11831446 rs28754659 0.61474
16 11832209 rs11642852 0.0024278000000000004
16 11832689 rs143956715 0.49391
16 11833371 rs117704842 0.7053699999999999
16 11833517 rs77411065 0.23961
16 11833652 rs11644466 0.0015482999999999998
16 11833720 rs75074673 0.24404
16 11833886 rs7206670 0.00014785
16 11834456 rs73519626 0.64361
16 11834672 rs57386514 0.42817
16 11834787 rs61703242 0.42207
16 11834821 rs8055462 0.0013015999999999998
16 11834898 rs75863114 0.22913000000000003
16 11834931 rs76626198 0.22707
16 11835147 rs117326464 0.5979899999999999
16 11835259 rs7192404 0.9839200000000001
16 11835679 rs3743585 0.0012827
16 11835946 rs3743586 0.0023377
16 11836398 rs3743587 1.3415e-07
16 11836508 rs3743588 7.3709e-10
16 11836744 rs3743589 1.4493000000000001e-07
16 11837462 rs9931786 0.30831
16 11837479 rs56339714 0.8921100000000001
16 11837682 rs4780400 0.0026105
16 11837871 rs4238612 0.0021146999999999997
16 11837993 rs145563003 0.9342799999999999
16 11838465 rs78865591 0.31567
16 11838937 rs193118574 0.64055
16 11839326 rs4780401 0.00039525
16 11839443 rs8043897 0.24991
16 11839809 rs4780402 0.0047712
16 11839900 rs112150823 0.072526
16 11839910 rs9924720 0.28644000000000003
16 11839982 rs28570353 0.29415
16 11840001 16:11840001_G_A 0.091692
16 11840384 rs13331763 0.27791
16 11840913 rs142208432 0.9380700000000001
16 11841494 rs77096489 0.90954
16 11841539 rs7198151 0.00024074
16 11842113 rs76542886 0.24921999999999997
16 11842383 rs148369081 0.41323000000000004
16 11842917 rs8045743 4.6178000000000004e-05
16 11842960 rs77669357 0.84834
16 11843246 rs144633702 0.98295
16 11843580 rs61299869 0.81486
16 11843824 rs62040618 9.4459e-08
16 11843992 rs8050550 4.5563000000000004e-05
16 11843998 rs139702182 0.66671
16 11844195 rs35141186 4.2255e-05
16 11844290 rs116987899 0.56658
16 11844655 rs7090 0.71062
16 11845525 rs9939699 0.8468100000000001
16 11845822 rs115237737 0.5956199999999999
16 11845919 rs145842761 0.93225
16 11845959 rs9932154 0.67213
16 11846063 rs9921244 0.11270999999999999
16 11846231 rs8043748 0.032375
16 11846508 rs2303822 3.8665e-05
16 11846744 rs530349840 0.6565
16 11847108 rs35720575 4.7616000000000006e-05
16 11847109 rs8053801 0.025196
16 11847189 rs12599036 5.1698000000000004e-08
16 11847283 rs9937516 0.79751
16 11847331 rs8047967 0.5624899999999999
16 11847438 rs113186183 0.721
16 11847716 rs9935730 0.69233
16 11847758 rs9924617 0.44033
16 11847890 rs144287100 0.10540999999999999
16 11847950 rs111824723 0.51839
16 11848055 rs11644981 0.61202
16 11848080 rs142294163 0.60132
16 11848495 rs565169450 0.21435
16 11848641 rs8044000 0.0063224
16 11848733 rs145084502 0.61148
16 11848818 rs8048497 0.038374
16 11849051 rs9934885 0.89775
16 11849242 rs12598989 0.39757
16 11849286 rs9927951 0.56235
16 11849353 rs147976549 0.00089243
16 11849797 rs28735231 0.6331600000000001
16 11849922 rs28716116 0.63425
16 11850003 rs7198247 0.036420999999999995
16 11850067 rs114862054 0.60968
16 11850150 rs139825983 0.09725
16 11850289 rs28564226 0.63161
16 11850404 rs28464354 0.69618
16 11850565 rs560825444 0.62326
16 11850566 rs28703136 0.78718
16 11851062 rs117607361 0.8683299999999999
16 11851068 rs7204184 0.76436
16 11851265 rs58713670 0.39261
16 11851271 rs151299913 0.5975
16 11851618 rs145722563 0.9454100000000001
16 11851697 rs117316625 0.75645
16 11851725 rs13336144 7.9852e-05
16 11851799 rs75988095 0.45183999999999996
16 11851953 rs191060912 0.64604
16 11851954 rs538054281 0.8743200000000001
16 11852027 rs118038891 2.0586e-05
16 11852354 rs8743 0.010865999999999999
16 11852555 rs1014279 0.029107
16 11852806 rs55744401 9.2442e-10
16 11852911 rs116297302 0.6803600000000001
16 11853238 rs2072498 8.6326e-10
16 11853690 rs1062210 0.012825999999999999
16 11853696 rs7195482 3.694e-05
16 11853735 rs2270290 0.0097763
16 11853767 rs12927907 0.20951
16 11853944 rs2010888 0.009759799999999999
16 11853995 rs7201302 0.8729899999999999
16 11854212 rs148564745 0.24670999999999998
16 11854650 rs35309671 0.62517
16 11854762 rs7202705 0.8699600000000001
16 11855972 rs144248837 0.66361
16 11856138 rs11861698 0.76125
16 11856680 rs7190530 0.65204
16 11857532 rs13338039 9.999299999999999e-05
16 11857979 rs115010461 0.39141
16 11858067 rs191387507 0.8706799999999999
16 11858490 rs4238613 1.4032e-06
16 11858549 rs141397990 0.86919
16 11858562 rs9936740 0.9288799999999999
16 11859128 rs79950768 0.46126000000000006
16 11859182 rs58682217 0.66386
16 11859341 rs7199993 0.029879000000000003
16 11859480 rs116691142 0.61288
16 11859568 rs114145841 0.8342200000000001
16 11860187 rs28707002 0.99461
16 11860294 rs80133870 0.64422
16 11860709 rs191809980 0.25538
16 11860797 rs16958633 0.13906
16 11861071 rs74713815 0.33459
16 11861754 rs73508186 0.44545
16 11861988 rs9937347 0.69715
16 11862433 rs17234473 0.59067
16 11862724 rs138852866 0.7192
16 11863086 rs2287198 0.1032
16 11863173 rs16958639 0.9215899999999999
16 11863194 rs78862127 0.9940399999999999
16 11863244 rs117320717 0.45102
16 11863356 rs62040622 0.92558
16 11863460 rs147379354 0.9217799999999999
16 11863993 rs62040624 0.27924
16 11864032 rs16958642 2.9057e-05
16 11864034 rs565360166 0.58995
16 11864139 rs62040625 0.94442
16 11864237 rs183842163 0.48355
16 11864458 rs76360216 0.7659999999999999
16 11864626 rs9933742 0.6270399999999999
16 11864756 rs150823676 0.0059051
16 11864975 rs9925527 0.9664200000000001
16 11865010 rs9936089 0.78927
16 11865442 rs78016594 0.3885
16 11865486 rs140354368 0.631
16 11865925 rs112663922 0.79206
16 11866216 rs76691828 0.5141600000000001
16 11866238 rs140495248 0.26553000000000004
16 11866475 rs116862643 0.4315
16 11866606 rs112398722 0.63407
16 11866703 rs12445820 0.0014111
16 11866766 rs114543596 0.7006
16 11866824 rs779186521 0.18905
16 11866854 rs76070840 0.87113
16 11866971 rs77778332 0.061457000000000005
16 11867040 rs77867524 0.28591
16 11867124 rs148020308 0.8699899999999999
16 11867187 rs141671502 0.6974899999999999
16 11867323 rs7359489 0.84975
16 11867478 rs4781150 2.4706999999999998e-09
16 11867663 rs13335058 0.12104000000000001
16 11867938 rs184863423 0.16777
16 11868029 rs13334961 0.7298
16 11868137 rs144120543 0.84024
16 11868666 rs113099397 0.49153
16 11869062 rs574161221 0.005870899999999999
16 11869154 rs142878421 0.59969
16 11869214 rs113139817 0.81216
16 11869467 rs115311293 0.86585
16 11869497 rs142343483 0.6994
16 11869589 rs550608628 0.0079777
16 11869682 rs114837341 0.70018
16 11869731 rs8044901 0.84424
16 11869736 rs76817987 0.06039
16 11869761 rs753232754 0.41263
16 11870145 rs28570126 0.84288
16 11870494 rs8054729 0.044176
16 11870863 rs78968205 0.56519
16 11870867 rs111228717 0.28258
16 11871085 rs10492853 1.9243e-09
16 11871189 rs149606211 0.56189
16 11871227 rs10521093 0.55682
16 11871262 rs10492854 0.0024795999999999998
16 11871319 rs192710344 0.51336
16 11871420 rs11648251 0.5393
16 11871566 rs11643019 0.5139
16 11871768 rs12445414 2.1936e-09
16 11871852 rs11643845 0.51245
16 11871914 rs116150417 0.84757
16 11871961 rs72782721 0.058841
16 11872194 rs575335486 0.8981299999999999
16 11872246 rs192925615 0.8467600000000001
16 11872283 rs563884489 0.42248
16 11872400 rs12102382 0.98061
16 11872504 rs12102282 2.1103e-09
16 11872592 rs112358831 0.42286999999999997
16 11872758 rs531060537 0.0047578
16 11872913 rs748540728 0.226
16 11873158 rs16958654 0.62667
16 11873400 rs28398847 0.059677
16 11873403 rs147875627 0.82576
16 11873833 rs17234857 0.63373
16 11873968 rs191635082 0.56701
16 11873978 rs148153782 0.7185600000000001
16 11874047 rs150235634 0.073613
16 11874318 rs111871842 0.52377
16 11874557 rs191327669 0.82968
16 11874725 rs530874428 0.10952
16 11874728 rs28554084 0.0017814
16 11874744 rs11865144 0.36680999999999997
16 11874805 rs369863904 0.7844399999999999
16 11874902 rs6498242 0.80498
16 11875101 rs776718907 0.68023
16 11875456 rs111477495 0.39982
16 11875676 rs140865347 0.76271
16 11875723 rs116116704 0.47258
16 11875757 rs16958657 0.61154
16 11875987 rs115412461 0.41628999999999994
16 11876203 rs1429077 0.56698
16 11876283 rs77225676 0.42583000000000004
16 11876378 rs115595587 0.78668
16 11876532 rs9922181 0.88536
16 11876695 rs114842192 0.37829
16 11876762 rs193153733 0.87518
16 11876972 rs116637583 0.4255
16 11877040 rs149213378 0.64499
16 11877177 rs62040626 0.0017287
16 11877180 rs143367855 0.55961
16 11877354 rs8049022 0.048148
16 11877355 rs1429076 0.036648
16 11877424 rs1429075 0.78652
16 11877885 rs145352329 0.24044000000000001
16 11877944 rs13331576 0.74465
16 11878027 rs72782725 0.087837
16 11878033 rs72782727 1.6987000000000002e-07
16 11878076 rs13330550 0.23083
16 11878086 rs141638432 0.86098
16 11878393 rs3972316 0.62463
16 11878558 rs149323086 0.6206
16 11878757 rs147415380 0.61001
16 11878928 rs112924408 0.35495
16 11879378 rs76864065 0.637
16 11879561 rs148524515 0.8265299999999999
16 11879562 rs111649745 4.1243e-07
16 11879889 rs9937628 0.11756
16 11880149 rs4781151 4.321100000000001e-07
16 11880153 rs115824069 0.93634
16 11880387 rs533508845 0.45174
16 11880407 rs16958664 0.59721
16 11880654 rs80035253 0.35326
16 11881066 rs111367313 0.47593
16 11881085 rs148190981 0.80343
16 11881131 rs11649676 0.6105
16 11881540 rs56718153 0.6107199999999999
16 11881717 rs144265899 0.80203
16 11881798 rs573254625 0.72113
16 11881853 rs116323268 0.5096
16 11881919 rs9934113 0.0029801
16 11881934 rs56911695 0.36717
16 11881948 rs185752227 0.1592
16 11882197 rs117803522 0.25333
16 11882369 rs16958665 0.6206
16 11882492 rs113987584 0.68679
16 11882600 rs148829239 0.52485
16 11882606 rs6498243 0.0036266999999999996
16 11882623 rs6498244 0.0035361999999999993
16 11882704 rs142247673 0.6594300000000001
16 11882769 rs72782728 1.1482000000000002e-08
16 11882821 rs114480043 0.35259
16 11883053 rs79160862 0.56623
16 11883373 rs72782730 3.7575e-09
16 11883518 rs8053435 0.0043825
16 11883901 rs116404272 0.28586999999999996
16 11884238 rs9929645 0.0011845999999999998
16 11884499 rs112874986 2.5201e-07
16 11884544 rs8059377 0.0014295999999999998
16 11884604 rs115164969 0.51669
16 11884685 rs151173067 0.95949
16 11884834 rs115954311 0.79295
16 11885326 rs76600043 0.78869
16 11885443 rs72782733 8.6244e-09
16 11885508 rs116719545 0.27638
16 11885610 rs76390893 0.58696
16 11885720 rs148881211 0.8820899999999999
16 11885901 rs57465686 0.22580999999999998
16 11886475 rs116004078 0.64194
16 11886476 rs7189959 0.17457999999999999
16 11886591 rs6498245 0.014303
16 11886737 rs112093963 0.88534
16 11887169 rs6498246 0.00068096
16 11887322 rs139948885 0.80629
16 11887400 rs78483734 0.25447
16 11887530 rs8056774 0.0026425
16 11887629 rs62038760 0.0027925999999999997
16 11887648 rs8061475 0.61744
16 11887940 rs74400139 0.4798
16 11887954 rs549224414 0.6744600000000001
16 11888154 rs115715268 0.48356000000000005
16 11888637 rs151231265 0.7629
16 11888819 rs544199800 0.4121
16 11888919 rs8048397 0.008345100000000001
16 11889059 rs8053548 0.0005928
16 11889092 rs11864383 2.8976e-08
16 11889121 rs140380193 0.8564200000000001
16 11889357 rs140965518 0.48293
16 11889784 rs115230661 0.8799899999999999
16 11889978 rs73508202 0.5897100000000001
16 11890507 rs78209686 0.06479299999999999
16 11890623 rs370062117 0.99111
16 11890634 rs79061411 0.50832
16 11890661 rs78567776 0.6076
16 11891361 rs28495625 0.0011167999999999998
16 11891385 rs76699876 0.50935
16 11891608 rs76991175 0.504
16 11891647 rs575147761 0.11132
16 11891696 rs143964837 0.63241
16 11891755 rs71383285 0.31248000000000004
16 11891880 rs564265953 0.6772600000000001
16 11891973 rs28459697 0.24491999999999997
16 11892050 rs3960407 0.010666
16 11892206 rs8044464 0.96952
16 11892388 16:11892388_G_T 0.2062
16 11892813 rs150204602 0.38347
16 11892845 rs112959115 0.21378000000000003
16 11893126 rs138520481 0.86879
16 11893224 rs180805008 0.8486799999999999
16 11893277 rs144031178 0.49206000000000005
16 11893371 rs147293484 0.64904
16 11893383 rs8050600 0.6584300000000001
16 11893426 rs571586191 0.18581
16 11893519 rs891210 4.2178e-08
16 11893545 rs150734605 0.5714899999999999
16 11893730 rs149870822 0.6986899999999999
16 11893920 rs8055639 0.013701
16 11893975 rs59268693 0.51553
16 11894054 rs2160184 0.013787
16 11894214 rs2110620 0.0067323999999999995
16 11894216 rs2110619 0.006621600000000001
16 11894282 rs116575432 0.63049
16 11894352 rs79321543 0.65378
16 11894671 rs142352926 0.81611
16 11894715 rs56293020 0.0078309
16 11894716 rs76419258 0.014013999999999999
16 11894897 rs116432532 0.59987
16 11894948 rs117584172 0.5111100000000001
16 11895227 rs138897750 0.1841
16 11895379 rs6498249 0.053374
16 11895446 rs8063656 0.57987
16 11895549 rs3905565 0.014584999999999999
16 11895563 rs7206424 0.0011836
16 11895594 rs540551997 0.26474000000000003
16 11895641 rs12446699 3.9735e-08
16 11895836 rs116837284 0.45248999999999995
16 11895844 rs145932448 0.5968600000000001
16 11896015 rs4538034 0.014488
16 11896481 rs7195390 0.01425
16 11896929 rs748162050 0.67806
16 11897140 rs7194295 0.007239
16 11897852 rs74010139 0.77804
16 11898020 rs72782741 3.9321e-08
16 11898213 rs111859874 0.48083000000000004
16 11898387 rs72782743 4.8098e-08
16 11898429 rs151318653 0.69303
16 11898464 rs56178621 0.013194999999999998
16 11898478 rs78760681 0.49271000000000004
16 11898918 rs138531240 0.62574
16 11899014 rs141479720 0.28155
16 11899234 rs8056344 0.013446000000000001
16 11899544 rs13338467 0.0090382
16 11899800 rs139328230 0.67461
16 11899832 rs145458992 0.61866
16 11899919 rs4781152 5.371400000000001e-08
16 11900277 rs13334334 5.8421000000000004e-08
16 11900464 rs13334705 0.43696
16 11900488 rs13334455 0.0013937
16 11900656 rs9972646 0.0078934
16 11900820 rs12598659 0.0015435
16 11900822 rs9972676 0.007514799999999999
16 11901295 rs547714963 0.77853
16 11901296 16:11901296_C_T 0.062681
16 11901338 rs115329662 0.5022
16 11901557 rs11075016 0.0059058999999999995
16 11901667 rs7186992 6.4341e-08
16 11901706 rs11075017 0.014525999999999999
16 11901804 rs183752986 0.8270000000000001
16 11901822 rs144675471 0.29516
16 11901944 rs138565195 0.6738
16 11901961 rs7194099 0.010051000000000001
16 11901965 rs150292180 0.37485
16 11902055 rs7192219 7.5995e-08
16 11902186 rs7193934 7.4067e-08
16 11902387 rs114440916 0.40756
16 11902404 rs9929238 0.46331999999999995
16 11902647 rs185200057 0.32269000000000003
16 11902704 rs142791209 0.11416
16 11902752 rs112947995 0.2198
16 11902873 rs58059542 0.06930399999999999
16 11902993 rs72782745 8.629099999999999e-08
16 11903002 rs117681034 0.72264
16 11903627 rs747667921 0.17917
16 11903644 rs542963643 0.8388700000000001
16 11903855 rs12443750 9.6319e-08
16 11903888 rs75149172 0.96521
16 11904093 rs12443631 1.0012e-07
16 11904171 rs12443639 1.078e-07
16 11904393 rs13330068 0.012879
16 11904401 rs141360397 0.9022100000000001
16 11904416 rs80244698 0.5506800000000001
16 11904429 rs12102922 0.013465999999999999
16 11904934 rs115033572 0.72532
16 11905118 rs72782746 2.1474e-07
16 11905183 rs140289329 0.84535
16 11905257 rs114213851 0.13465
16 11905275 rs28431070 0.087296
16 11905290 rs112462798 1.793e-07
16 11905849 rs13332638 0.3996
16 11905963 rs113251974 0.45058000000000004
16 11906138 rs118126997 0.45535
16 11906421 rs77597286 0.5967899999999999
16 11906448 rs79329949 0.45596000000000003
16 11906558 rs12102645 0.08605399999999999
16 11906573 rs115371104 0.83378
16 11906715 rs9708503 0.20779
16 11906752 rs149905784 0.015330000000000002
16 11906848 rs2024394 0.08301
16 11906974 rs10083756 0.25379
16 11907078 rs2024393 0.084892
16 11907088 rs2024392 0.08366900000000001
16 11907102 rs2024391 0.081285
16 11907172 rs2024390 0.08658500000000001
16 11907191 rs10083761 0.35636999999999996
16 11907210 rs10083762 0.041035
16 11907212 rs528531095 0.99387
16 11907859 rs28655063 0.061712
16 11907995 rs76368336 0.29472
16 11908007 rs28658114 0.076525
16 11908013 rs141709040 0.9748700000000001
16 11908016 rs112804814 0.60421
16 11908022 rs28550837 0.089624
16 11908465 rs111472096 0.42994
16 11908776 rs7205121 0.029124
16 11909215 rs188154576 0.93801
16 11909384 rs72782748 4.952e-05
16 11909552 rs8063706 0.027360000000000002
16 11909760 rs9932235 0.18528
16 11909851 rs111439074 0.23909
16 11910113 rs11864515 0.00026716
16 11910173 rs59358069 0.58557
16 11910196 rs7194181 0.0085301
16 11910247 rs11860246 6.771e-05
16 11910288 rs7194344 0.013926
16 11910971 rs72782750 0.7580899999999999
16 11910999 rs145034338 0.98109
16 11911036 rs138815089 0.7663300000000001
16 11911256 rs3971912 3.2286e-08
16 11911257 rs112894066 0.7822100000000001
16 11911441 rs116687481 0.33733
16 11911719 rs144335631 0.016567
16 11911914 rs11075018 0.007144499999999999
16 11911968 rs2110618 0.66652
16 11911978 rs4781154 1.1616999999999999e-08
16 11912275 rs11075019 1.6580999999999998e-08
16 11912553 rs11075020 1.5364e-08
16 11913175 rs74545765 0.41767
16 11913383 rs11075021 5.406e-05
16 11913476 rs7185565 0.0058444
16 11913553 rs183218291 0.65683
16 11913580 rs111465446 0.75685
16 11913596 rs12446973 2.6068e-08
16 11914273 rs116637249 0.73324
16 11914630 rs148601795 0.42413999999999996
16 11915061 rs117075504 0.043094
16 11915414 rs13338411 0.76295
16 11916216 rs115646416 0.12184
16 11916362 rs13334967 0.21370999999999998
16 11916382 rs554900661 0.27797
16 11916631 rs60006140 0.20554
16 11916632 rs11649623 0.00087697
16 11916694 rs116146419 0.022050999999999998
16 11916764 rs75831995 0.0012582000000000001
16 11916813 rs113785863 0.55834
16 11916850 rs73509738 0.71304
16 11916945 rs114362425 0.022932
16 11916967 rs553156300 0.90565
16 11917346 rs10852340 0.036356
16 11917449 rs10852341 0.039028
16 11918020 rs8061972 0.036869
16 11918125 rs114603059 0.53908
16 11918387 rs7205078 0.59775
16 11918428 rs116712806 0.9997
16 11918507 rs116233445 0.33361
16 11918595 rs116281122 0.64574
16 11918889 rs145275250 0.90614
16 11919011 rs147879596 0.00035104
16 11919093 rs7189510 0.00033016
16 11919153 rs57934416 0.7509600000000001
16 11919274 rs62038775 0.0013145
16 11919444 rs113644045 0.0013179
16 11919497 rs4780403 0.8309799999999999
16 11919516 rs115558198 0.9660700000000001
16 11919575 rs74991577 0.23754
16 11919858 rs141062619 0.43343000000000004
16 11919946 rs4429311 0.03032
16 11919959 rs4493057 0.031323000000000004
16 11920037 rs4561483 0.031403
16 11920147 rs17235441 0.0010612
16 11920326 rs114189316 0.94444
16 11920412 rs186917561 0.73738
16 11920599 rs115686608 0.91595
16 11920669 rs6498250 0.032854
16 11921263 rs11075022 0.016687
16 11921352 rs11649405 0.016737000000000002
16 11921721 rs7204330 0.40851
16 11922057 rs187120040 0.70236
16 11922063 rs718081 0.017859
16 11922474 rs73509745 0.012628
16 11922491 rs577346852 0.81686
16 11922514 rs718080 0.00029998
16 11922992 rs4781155 0.29896999999999996
16 11923001 rs4781156 0.3003
16 11923010 rs151302361 0.36403
16 11923036 rs10744977 0.017391999999999998
16 11923093 rs112876161 0.00089964
16 11923287 rs13331958 0.28528000000000003
16 11923398 rs71383288 0.76968
16 11923661 rs7193470 0.014616999999999998
16 11923678 rs35472410 0.85635
16 11923702 rs115466329 0.11696
16 11923877 rs112757794 0.68445
16 11923901 rs7197111 0.013212999999999999
16 11924040 rs145396067 0.75283
16 11924051 rs76512865 0.2483
16 11924241 rs117788836 0.18707000000000001
16 11924437 rs145850180 0.5401699999999999
16 11924538 rs148984350 0.00096603
16 11924733 rs112230435 0.38811
16 11924944 rs140900553 0.34193
16 11925094 rs116276791 0.7289399999999999
16 11926491 rs112880302 0.3176
16 11926519 rs139398888 0.00090411
16 11926943 rs117923562 0.66278
16 11927366 rs11647818 0.013024
16 11927381 rs188041555 0.30885
16 11927408 rs60668103 0.040761
16 11927427 rs9927765 0.02546
16 11927639 rs566499617 0.7762899999999999
16 11927918 rs2215928 0.00017778
16 11928019 rs2192645 0.00017078
16 11928126 rs558869652 0.44359
16 11928258 rs61660506 0.06729199999999999
16 11928299 rs14817 0.38864
16 11928805 rs114169718 0.39239
16 11928927 rs76177298 0.38743
16 11928982 rs9927739 0.39933
16 11929049 rs116172888 0.36765
16 11929056 rs117212343 0.9413600000000001
16 11929505 rs12930714 0.60353
16 11929562 rs12930736 0.63912
16 11929619 rs35692399 0.63231
16 11929818 rs2098722 0.023972
16 11929888 rs115879190 0.39555
16 11929914 rs3971913 0.020643
16 11930010 rs8045421 0.001721
16 11930219 rs151176798 0.30508
16 11930268 rs114636847 0.64986
16 11930337 rs3743590 0.00041682
16 11930447 rs116261011 0.37011
16 11930954 rs80166741 0.39047
16 11930993 rs115070969 0.61012
16 11931632 rs79641596 0.72924
16 11932421 rs17235629 0.00023057
16 11932840 rs114849562 0.9005799999999999
16 11932979 rs11863305 0.00078053
16 11933152 rs149416647 0.67404
16 11933678 rs2075160 0.46697
16 11933743 rs34999527 0.023209
16 11934160 rs59568983 0.067385
16 11934176 rs62038777 0.00020174
16 11934293 rs115707112 0.078715
16 11934324 rs35639837 0.8227200000000001
16 11934450 rs76495819 0.031643
16 11934594 rs11646545 0.01374
16 11934623 rs11639888 0.00022479
16 11935114 rs762831263 0.41613999999999995
16 11935436 rs2288547 0.00018825
16 11936317 rs35153773 0.014351
16 11936550 rs72782755 0.000465
16 11937038 rs7185589 0.012417000000000001
16 11937107 rs147174968 0.0006859
16 11937210 rs77078289 0.41053999999999996
16 11937541 rs9923315 0.25833
16 11937902 rs551507523 0.7921600000000001
16 11938350 rs2241104 0.39669
16 11938646 rs35404320 0.8546100000000001
16 11939982 rs148922147 0.18224
16 11940168 rs539844121 0.099038
16 11940390 rs8052900 0.015992
16 11940764 rs1019814 0.00022061
16 11940829 rs1019813 0.00017525
16 11940968 rs2018199 0.017846
16 11941478 rs60133341 0.12474
16 11941494 rs111901125 0.7973
16 11941518 rs71383294 0.90527
16 11941737 rs7195813 0.9606399999999999
16 11941906 rs7200701 0.55111
16 11942137 rs754909037 0.97598
16 11942322 rs7202234 0.010108
16 11942508 rs74353747 0.4579
16 11942626 rs75880802 0.18709
16 11942646 rs75374273 0.27123
16 11942924 rs11645213 0.00018706
16 11942976 rs117712903 0.73117
16 11943079 rs570865256 0.95178
16 11943312 rs73509774 0.78115
16 11943748 rs139258892 0.52723
16 11943766 rs58472329 0.76464
16 11944339 rs112395291 0.8132699999999999
16 11944422 rs7191810 0.43954
16 11944692 rs150396509 0.18453
16 11944709 rs2075159 0.015392
16 11944951 rs71383295 0.83686
16 11945161 rs78278399 0.36461
16 11945162 rs79215987 0.35853
16 11945231 rs2075158 0.019854
16 11945350 rs150419519 0.39511999999999997
16 11945648 rs60093549 0.2108
16 11945778 rs7198817 0.013999999999999999
16 11946118 rs36103657 0.8136
16 11946200 rs139441524 0.36472
16 11946209 rs77830834 0.13012
16 11946352 rs73509783 0.38628
16 11946414 rs76657004 0.27731
16 11946458 rs536748085 0.28339000000000003
16 11946544 rs76994851 0.09593
16 11946755 rs114194111 0.86495
16 11946813 rs148532906 0.8325899999999999
16 11946818 rs142832304 0.4624
16 11946968 rs12921338 0.80948
16 11947178 rs146909897 0.46376999999999996
16 11947434 rs537725329 0.11370999999999999
16 11947561 rs8047726 0.015199
16 11947636 rs8046617 0.017168
16 11947693 rs138003277 0.71533
16 11948068 rs143055743 0.25124
16 11948243 rs183465128 0.66881
16 11948331 rs141495274 0.54077
16 11948721 rs11644840 0.9854799999999999
16 11948763 rs251725 0.51746
16 11948895 rs11075027 0.00045024
16 11949028 rs183735033 0.6724899999999999
16 11949458 rs4511557 0.015683000000000002
16 11949596 rs115872689 0.84321
16 11949692 rs77019449 0.0020105
16 11949742 rs73509792 0.52379
16 11949950 rs147969792 0.83441
16 11950078 rs142954385 0.59612
16 11950172 rs117895346 0.518
16 11950183 rs12929152 0.76344
16 11950194 rs12929268 0.76323
16 11950203 rs75403046 0.037478
16 11950213 rs73509796 0.53379
16 11950925 rs770072947 0.62871
16 11951045 rs7202065 0.00052347
16 11951046 rs16958698 0.45958000000000004
16 11951090 rs115311517 0.99319
16 11951092 rs60578760 0.45938999999999997
16 11951340 rs73509801 0.31227
16 11951737 rs74010441 0.80681
16 11951749 rs8061189 0.018351
16 11951817 rs16958700 0.8066
16 11952115 rs153027 0.1106
16 11952191 rs469657 0.79611
16 11952210 rs7184689 0.098851
16 11952246 rs71383296 0.84398
16 11952290 rs6498251 0.00040826
16 11952802 rs751513898 0.31785
16 11952824 rs111354927 0.10332999999999999
16 11953080 rs251723 0.018108000000000003
16 11953167 rs171656 0.020556
