CHR BP SNP P
8 81941934 rs77772543 0.24645999999999998
8 81942000 rs10957994 0.88699
8 81942263 rs16908377 0.39992
8 81942581 rs10957995 0.88971
8 81942966 rs4739610 0.97645
8 81943860 rs1021076 0.7292
8 81944220 rs72674038 0.77257
8 81944983 rs7007766 0.8940600000000001
8 81945103 rs7007923 0.90855
8 81945679 rs117283749 0.025174000000000002
8 81945888 rs16908388 0.38206
8 81946231 rs2705494 0.17346
8 81946437 rs6473260 0.7379399999999999
8 81946484 rs6999545 0.8754200000000001
8 81946554 rs10111659 0.2132
8 81947371 rs151221074 0.37751999999999997
8 81948444 rs4739611 0.74338
8 81948528 rs10111907 0.39588
8 81949875 rs77152952 0.43318
8 81950100 rs536781637 0.8486100000000001
8 81950218 rs76485256 0.50426
8 81950265 rs375176507 0.82286
8 81950302 rs780869064 0.28151
8 81950770 rs7839781 0.60806
8 81950869 rs7839929 0.59528
8 81951406 rs16919627 0.28904
8 81951523 rs2705496 0.54707
8 81951674 rs764203152 0.08442000000000001
8 81951812 rs147222531 0.030170999999999996
8 81951825 rs73279913 0.25892
8 81951926 rs13273171 0.60117
8 81952383 rs73279914 0.049102
8 81952649 rs73279916 0.21675999999999998
8 81952757 rs73279918 0.2529
8 81952823 rs6983533 0.67619
8 81953165 rs16908413 0.24921999999999997
8 81953253 rs16908416 0.24829
8 81953447 rs73279924 0.66206
8 81953548 rs73279925 0.66064
8 81953564 rs2252723 0.20232999999999998
8 81953693 rs73694023 0.62805
8 81953925 rs187599600 0.47963
8 81953943 rs16908423 0.67628
8 81953961 rs73694024 0.66746
8 81954106 rs73694025 0.65418
8 81954199 rs77329642 0.63385
8 81954241 rs187293975 0.61253
8 81954342 rs2623026 0.21996999999999997
8 81954377 rs6989890 0.63946
8 81954390 rs73694026 0.63846
8 81954395 rs17569592 0.29519
8 81954559 rs13267564 0.24719000000000002
8 81954589 rs73694027 0.62937
8 81954751 rs77882540 0.4534
8 81954786 rs11997169 0.7801600000000001
8 81954887 rs67470260 0.24345999999999998
8 81955201 rs16908438 0.26765
8 81956086 rs2623025 0.61438
8 81956152 rs2705499 0.64795
8 81956197 rs2623024 0.63598
8 81956395 rs7000832 0.71742
8 81956465 rs139668919 0.036945
8 81957205 rs72674042 0.6695300000000001
8 81957967 rs75483693 0.18458
8 81958135 rs1026831 0.96754
8 81958305 rs1026830 0.9894200000000001
8 81958306 rs1026829 0.9940000000000001
8 81958696 rs78503806 0.2994
8 81959489 rs11784600 0.8244299999999999
8 81959518 rs189176368 0.51959
8 81959579 rs2127938 0.71062
8 81959688 rs2705498 0.9249700000000001
8 81959855 rs143278963 0.3175
8 81960117 rs16908466 0.9206799999999999
8 81960224 rs16908468 0.8582700000000001
8 81960242 rs2623023 0.92335
8 81960515 rs2705497 0.9202299999999999
8 81961455 rs11986666 0.6806300000000001
8 81961883 rs6997323 0.9187200000000001
8 81962215 rs77841227 0.18374000000000001
8 81962547 rs114927828 0.29270999999999997
8 81962644 rs4585701 0.69692
8 81962932 rs4489281 0.93325
8 81962952 rs16908481 0.49391
8 81963164 rs76842950 0.8823
8 81963212 rs75653394 0.48843000000000003
8 81963421 rs16908485 0.55553
8 81963536 rs6987322 0.86718
8 81963577 rs6987319 0.8988700000000001
8 81963610 rs7007670 0.89254
8 81963818 rs77297124 0.54962
8 81964007 rs144839331 0.52967
8 81964281 rs147656143 0.8165899999999999
8 81964455 rs528019013 0.49004
8 81964806 rs189806297 0.44752
8 81965039 rs180981910 0.9527
8 81965390 rs116911883 0.32103000000000004
8 81965536 rs6998340 0.91456
8 81965653 rs55932030 0.43506999999999996
8 81965923 rs144903252 0.47908999999999996
8 81966248 rs6981349 0.88607
8 81966904 rs28450368 0.94595
8 81967152 rs28690158 0.92406
8 81967483 rs7018320 0.93842
8 81970067 rs78808634 0.8769899999999999
8 81970588 rs75974745 0.73034
8 81970912 rs58950099 0.73669
8 81971088 rs57675247 0.75088
8 81971323 rs141069926 0.1997
8 81971660 rs12676549 0.30380999999999997
8 81971745 rs7815826 0.30263
8 81972013 rs7832469 0.7498100000000001
8 81972610 rs190315938 0.25283
8 81972618 rs181922423 0.2584
8 81973259 rs4574807 0.37388000000000005
8 81973288 rs4265143 0.3765
8 81973830 rs7841770 0.36325
8 81973931 rs55954933 0.76467
8 81974075 rs11986552 0.31906
8 81974092 rs73279955 0.71851
8 81974291 rs12547360 0.19687000000000002
8 81974938 rs35850197 0.18729
8 81974990 rs73279956 0.67299
8 81975074 rs34050117 0.18464
8 81975195 rs192005896 0.34410999999999997
8 81975896 rs116112227 0.97049
8 81976019 rs35710008 0.20685
8 81976972 rs11778741 0.18269000000000002
8 81978515 rs62517873 0.96762
8 81978867 rs10957998 0.18473
8 81979422 rs757551495 0.8514
8 81979452 rs9632838 0.34767
8 81980225 rs111691967 0.072883
8 81980272 rs117720485 0.12378
8 81980351 rs141784720 0.22291999999999998
8 81980458 rs73279962 0.065815
8 81980811 rs73279964 0.072095
8 81981261 rs12676670 0.15206
8 81981447 rs117529526 0.98735
8 81981615 rs76471228 0.36746
8 81982433 rs76467497 0.7925800000000001
8 81982892 rs10108428 0.1766
8 81983983 rs4388412 0.14802
8 81984232 rs72507541 0.80581
8 81985533 rs78586835 0.091146
8 81986953 rs5003154 0.31144
8 81987666 rs4739782 0.17456
8 81988389 rs4075596 0.081215
8 81989021 rs4076056 0.43301000000000006
8 81989283 rs6999474 0.48253
8 81989340 rs4537256 0.07359500000000001
8 81989482 rs4537257 0.14597000000000002
8 81989800 rs16908521 0.11334000000000001
8 81989825 rs371604449 0.16871
8 81989989 rs74641813 0.43118999999999996
8 81990188 rs182498060 0.6428
8 81990434 rs16908524 0.12872999999999998
8 81990488 rs112595185 0.09649400000000001
8 81990594 rs73694070 0.16799
8 81990600 rs12681475 0.072477
8 81990662 rs4398859 0.08082400000000001
8 81990696 rs16908526 0.13034
8 81990771 rs544813510 0.71935
8 81990903 rs16908527 0.43393999999999994
8 81991026 rs192531896 0.34019
8 81991079 rs4534094 0.15752
8 81991125 rs73279974 0.13018
8 81991301 rs16908529 0.13280999999999998
8 81991349 rs4515498 0.15982000000000002
8 81991767 rs184338163 0.85472
8 81992035 rs57172221 0.14039000000000001
8 81992082 rs60433241 0.13158
8 81992164 rs111723921 0.09525800000000001
8 81992247 rs61705116 0.13138
8 81992381 rs73279987 0.09559
8 81992457 rs16908531 0.1289
8 81992495 rs16908533 0.14535
8 81992862 rs11994954 0.34092
8 81992882 rs73279991 0.13205
8 81992919 rs76262991 0.85834
8 81992920 rs73279994 0.097274
8 81993109 rs11984475 0.13581
8 81993172 rs11994993 0.6953199999999999
8 81993196 rs9650271 0.6519
8 81993311 rs151178490 0.99539
8 81993353 rs11995047 0.3529
8 81993779 rs4739612 0.16551
8 81993964 rs73694075 0.56129
8 81993965 rs73692329 0.54465
8 81995047 rs73692330 0.49605
8 81995152 rs11986536 0.54292
8 81995475 rs181617408 0.27232
8 81995592 rs7828228 0.2659
8 81996589 rs16908547 0.17975
8 81997301 rs7834107 0.16062
8 81997404 rs73279998 0.10239
8 81997721 rs60688627 0.35054
8 81997731 rs16908551 0.15529
8 81997825 rs34480849 0.77305
8 81998114 rs73692331 0.49626000000000003
8 81998174 rs17570887 0.16442
8 81998647 rs11995545 0.19099000000000002
8 81998918 rs7835955 0.20415999999999998
8 81999066 rs7818085 0.3566
8 81999503 rs13261116 0.16612000000000002
8 81999644 rs531705537 0.35176999999999997
8 82000197 rs4739613 0.15233
8 82000291 rs4739783 0.14748
8 82000840 rs13274324 0.16641
8 82001018 rs13274901 0.13419
8 82001360 rs13273982 0.14731
8 82001729 rs13282216 0.16614
8 82002381 rs6985240 0.16396
8 82002495 rs7006991 0.15855
8 82002872 rs7007992 0.16043
8 82003509 rs183080221 0.88408
8 82003679 rs7841812 0.099427
8 82003843 rs7841630 0.087806
8 82003911 rs115033243 0.43001000000000006
8 82004857 rs7018273 0.14098
8 82005298 rs150151939 0.12369000000000001
8 82005582 rs192907845 0.76484
8 82005639 rs4570109 0.17544
8 82005824 rs73282024 0.14812
8 82005844 rs73692343 0.15859
8 82006131 rs10504728 0.75129
8 82007013 rs28524507 0.64975
8 82007119 rs13264518 0.99215
8 82007348 rs73282030 0.35522
8 82007370 rs16908579 0.3101
8 82007639 rs139904094 0.5212399999999999
8 82008316 rs7006679 0.30958
8 82009043 rs4739784 0.19052
8 82009084 rs34665538 0.39186
8 82010131 rs4739785 0.50225
8 82010423 rs4739786 0.45688
8 82010447 rs151188675 0.97956
8 82010533 rs4739787 0.47739
8 82010774 rs56845414 0.32213
8 82011187 rs4237093 0.47948999999999997
8 82011717 rs79781041 0.020018
8 82012072 rs9987151 0.25344
8 82012094 rs12546914 0.5416300000000001
8 82013180 rs539897416 0.9509200000000001
8 82013270 rs13269745 0.54796
8 82013498 rs9987382 0.32504
8 82013720 rs6999928 0.51949
8 82015265 rs7835961 0.32677
8 82015630 rs35225995 0.28091
8 82015675 rs10091879 0.1702
8 82016119 rs4404873 0.8174399999999999
8 82016435 rs775451151 0.99315
8 82016730 rs149401704 0.045054000000000004
8 82016872 rs28704859 0.28168000000000004
8 82017186 rs11994289 0.0064793
8 82017372 rs10504730 0.16205999999999998
8 82017453 rs183373317 0.7697
8 82017653 rs114398013 0.72541
8 82017932 rs4500045 0.80532
8 82018406 rs55873741 0.38749
8 82018839 rs78448143 1.0268e-06
8 82018861 rs28683599 8.285199999999999e-08
8 82019060 rs139926666 0.67843
8 82019143 rs16908611 0.30435
8 82019541 rs17571404 0.009463899999999999
8 82020095 rs4237094 0.0013945000000000001
8 82020107 rs138452446 0.61531
8 82020528 rs4445178 6.1791e-08
8 82020658 rs4556047 0.28853
8 82020661 rs182184058 0.25554
8 82020700 rs4377918 6.1697e-08
8 82020794 rs4269491 1.7769000000000002e-07
8 82020820 rs4739614 5.8964e-08
8 82021144 rs149432944 0.15174
8 82021417 rs182484925 0.70047
8 82022059 rs4739788 6.0751e-08
8 82022185 rs374513496 0.37258
8 82024869 rs12708112 0.0015761
8 82024954 rs4739615 0.0016797000000000001
8 82025382 rs35504543 4.918199999999999e-07
8 82025399 rs72674068 4.919399999999999e-07
8 82025418 rs144293721 0.5646399999999999
8 82025584 rs28550260 0.13178
8 82026179 rs78470410 0.91569
8 82026704 rs571352083 0.34986
8 82026852 rs4452755 4.6281000000000005e-07
8 82027183 rs4739616 0.0021166
8 82027632 rs77896931 0.72105
8 82027672 rs10097731 0.10217999999999999
8 82027707 rs4739789 0.39945
8 82027818 rs77950115 0.72168
8 82028177 rs111671340 0.0046277
8 82028605 rs79748670 1.2398e-06
8 82029271 rs149909988 0.71322
8 82030058 rs73282063 0.0035496000000000004
8 82030059 rs138815321 0.58035
8 82030415 rs4330642 3.9594000000000004e-07
8 82030555 rs4481546 4.787e-07
8 82030915 rs144142617 0.021425
8 82030930 rs10109524 0.29955
8 82031087 rs79444611 0.77522
8 82031300 rs183741633 0.36172
8 82031952 rs62517877 0.001963
8 82032183 rs4480065 0.0018544
8 82032468 rs77317991 0.14235
8 82032752 rs6473263 1.5676e-08
8 82032987 rs185287046 0.16425
8 82033008 rs10089501 0.0006476
8 82033086 rs181092728 0.33826999999999996
8 82033466 rs147439844 0.02528
8 82033527 rs10504731 0.00065284
8 82033862 rs10504732 1.3687e-07
8 82034311 rs10957999 0.00034974
8 82034451 rs12542990 0.0016190999999999998
8 82034453 rs80141261 0.08012999999999999
8 82034698 rs34154358 1.4364e-07
8 82034756 rs16908637 0.13454000000000002
8 82034792 rs28655196 1.4877000000000001e-09
8 82035015 rs72674077 1.334e-07
8 82035066 rs76893453 0.1415
8 82035097 rs10504733 2.0677e-07
8 82035124 rs72674078 1.4309000000000002e-07
8 82035136 rs4633019 0.0027716999999999998
8 82035265 rs78048325 1.4366e-07
8 82035430 rs16908643 9.7826e-08
8 82035658 rs6985148 1.5484000000000003e-07
8 82035760 rs114249155 0.28249
8 82035773 rs75850217 0.005044300000000001
8 82035957 rs76375549 0.65876
8 82036108 rs73282076 0.004340600000000001
8 82036273 rs34247901 1.0380999999999999e-07
8 82036308 rs16908650 1.5254000000000001e-07
8 82036331 rs72674083 3.8186999999999996e-07
8 82036332 rs72674086 3.8152e-07
8 82036542 rs12677218 0.08305599999999999
8 82036622 rs7821337 2.5732e-07
8 82036631 rs7821467 2.5800999999999997e-07
8 82037051 rs17578381 0.0015583
8 82037251 rs11778780 2.7949e-07
8 82037381 rs11778761 2.739e-07
8 82037418 rs11778766 2.8304e-07
8 82037552 rs775289535 0.35781999999999997
8 82037576 rs113535141 0.034480000000000004
8 82037813 rs118075932 0.2077
8 82038006 rs4436084 0.0016699999999999998
8 82038025 rs11988891 3.1476e-07
8 82038228 rs17578570 0.20075
8 82038578 rs13262757 2.7468e-07
8 82038794 rs146224450 0.7232
8 82038946 rs17493738 0.0016413
8 82039618 rs16908663 1.8603e-09
8 82039659 rs16908667 2.8613000000000003e-07
8 82040175 rs532939176 0.84593
8 82040247 rs4317528 0.00035496
8 82040288 rs28496622 3.368e-09
8 82040436 rs115010084 0.67515
8 82040735 rs13250210 2.0526999999999997e-09
8 82040786 rs13248358 2.0563e-09
8 82040956 rs4739791 0.00034941
8 82040966 rs35094845 2.104e-09
8 82041178 rs10464929 1.878e-09
8 82041217 rs10464930 2.0651e-09
8 82041360 rs4324883 0.32726
8 82041590 rs60620450 0.71117
8 82041753 rs4398860 0.004182899999999999
8 82041791 rs4366042 3.0229e-11
8 82042066 rs73263704 0.47326999999999997
8 82042292 rs7839273 2.1508000000000002e-07
8 82042400 rs7821065 3.3686e-11
8 82042542 rs73263705 0.68923
8 82042630 rs7824819 3.3596e-11
8 82042664 rs10464931 0.0043971
8 82042705 rs531836634 0.14520999999999998
8 82042727 rs10464890 0.004392
8 82042900 rs10464891 0.004449600000000001
8 82042901 rs10464932 0.004449600000000001
8 82042991 rs10464892 0.0044917
8 82043063 rs9298344 0.0044659999999999995
8 82043260 rs72674099 0.35527
8 82043566 rs61000052 0.4843
8 82043612 rs7813567 3.8387e-11
8 82043899 rs11780331 2.1114e-07
8 82043922 rs111666393 3.1049e-06
8 82043998 rs17578845 0.0020028
8 82044147 rs13279056 1.9338e-07
8 82044302 rs17493997 0.32603000000000004
8 82044397 rs13279611 4.319199999999999e-11
8 82044410 rs28505206 0.004682199999999999
8 82044441 rs111973946 0.025945999999999997
8 82044450 rs112634392 0.024454
8 82044456 rs79232062 0.15585
8 82044633 rs16908686 3.7075e-07
8 82044654 rs16908688 0.025754000000000003
8 82044774 rs115395344 0.69033
8 82046694 rs114089820 0.94076
8 82046766 rs67726736 0.0023832
8 82047215 rs13274562 2.9721999999999996e-07
8 82047394 rs76999894 0.020217
8 82047458 rs7461427 1.4601e-05
8 82047603 rs4642592 1.0475e-07
8 82047775 rs4483105 2.1821e-05
8 82047797 rs4593487 1.3015e-07
8 82047828 rs7823749 0.0096905
8 82047842 rs75725442 0.3795
8 82047876 rs76377264 4.5065e-07
8 82047877 rs78907377 1.5984e-07
8 82048027 rs148133929 0.5836899999999999
8 82048061 rs4598215 0.00015101
8 82048194 rs115047223 0.53082
8 82048497 rs114096796 0.56091
8 82048774 rs147450009 0.8269700000000001
8 82048943 rs4739793 0.0020971
8 82049049 rs6998831 0.25314000000000003
8 82049433 rs6999760 0.70485
8 82049554 rs12164189 0.0023288000000000002
8 82049561 rs145574803 0.29915
8 82049857 rs7833919 0.36049000000000003
8 82049976 rs548079525 0.04765
8 82050010 rs116910105 0.42061000000000004
8 82050192 rs150113035 0.54625
8 82050600 rs60820122 0.44611000000000006
8 82051053 rs191940917 0.18958
8 82051089 rs77660832 4.1719e-06
8 82051180 rs147545314 0.61273
8 82051184 rs182240933 0.5892
8 82052230 rs4739794 7.714499999999999e-07
8 82052747 rs113468835 0.44246
8 82053112 rs79227226 0.6759999999999999
8 82054128 rs4237095 1.2765e-05
8 82054576 rs188261694 0.31353000000000003
8 82055049 rs6992871 8.635e-06
8 82055209 rs73263732 0.41271
8 82055665 rs10958000 1.3201e-05
8 82055688 rs13274226 0.10353
8 82055896 rs145113655 0.71815
8 82056340 rs2895702 8.5169e-06
8 82056931 rs7833608 0.57927
8 82057325 rs749270308 0.2531
8 82057580 rs7011655 1.1451e-05
8 82057656 rs552273017 0.98406
8 82057739 rs6991497 1.2834000000000001e-05
8 82059178 rs1544906 6.0855e-06
8 82059416 rs62517894 0.09399099999999999
8 82060091 rs890552 0.76788
8 82060148 rs890551 4.7768e-06
8 82060363 8:82060363_T_G 0.24151
8 82060786 rs568850074 0.9281799999999999
8 82061692 rs17494473 3.0006e-05
8 82061710 rs7825859 0.21318
8 82063205 rs4739795 9.2101e-11
8 82063951 rs6986201 8.573799999999999e-11
8 82063993 rs6986622 1.319e-10
8 82064062 rs79149138 4.4738000000000004e-05
8 82064067 rs72676519 0.027018
8 82064553 rs191728449 0.50941
8 82064739 rs35725408 0.073265
8 82065221 rs76626827 4.5598e-05
8 82065335 rs113200411 0.05475599999999999
8 82065338 rs80039223 3.4402e-05
8 82065344 rs1365680 1.3227e-10
8 82066848 rs12216752 9.1211e-11
8 82066857 rs111648359 4.959399999999999e-05
8 82066938 rs12216877 5.0233000000000004e-11
8 82066953 rs1863650 2.2946e-06
8 82066998 rs1863651 5.8231e-11
8 82067013 rs2081677 3.5859000000000004e-11
8 82069207 rs11988289 4.9906999999999995e-05
8 82069293 rs78787185 4.9511999999999996e-05
8 82069602 rs767408085 0.44953000000000004
8 82070885 rs10108516 1.1877e-10
8 82071310 rs139683160 0.39287
8 82072530 rs113807559 7.0114e-05
8 82072791 rs10103218 3.2518e-10
8 82073408 rs76871907 7.772600000000001e-05
8 82073833 rs13266020 2.3731e-10
8 82075401 rs1582813 3.6933e-10
8 82075403 rs537987050 0.36762
8 82075474 rs7815195 5.8902e-05
8 82076137 rs183927248 0.6771699999999999
8 82076206 rs531838562 0.22393000000000002
8 82076330 rs144744111 0.49093000000000003
8 82077343 rs536449798 0.9741200000000001
8 82077402 rs763157551 0.9486100000000001
8 82078363 rs111744060 8.4723e-05
8 82079796 rs144114152 0.20701999999999998
8 82080309 rs7016003 6.627300000000001e-05
8 82080517 rs28822968 0.20465
8 82082439 rs185875470 0.56838
8 82083083 rs112278392 8.8341e-05
8 82083350 rs566209770 0.043365
8 82087475 rs13261586 6.8093e-05
8 82087908 rs28496393 0.9238700000000001
8 82088743 rs6997166 0.069408
8 82088787 rs79527143 0.12875
8 82088789 rs142109467 0.8695200000000001
8 82088791 rs191521189 0.6804
8 82089528 rs11784269 0.11024
8 82092204 rs62517897 0.16341
8 82092405 rs13268882 0.24573000000000003
8 82093147 rs62517898 0.00014271
8 82093290 rs117993017 0.32756
8 82093402 rs139523898 0.21736
8 82094082 rs111836680 0.057088
8 82094243 rs184414911 0.025501
8 82095651 rs7845032 0.00016437
8 82095961 rs539914819 0.20077
8 82096911 rs1896216 0.00016525
8 82097299 rs147344675 0.19621
8 82097545 rs117701560 0.58853
8 82097680 rs12547765 0.00016251
8 82098214 rs4739797 4.5996000000000005e-05
8 82099632 rs62517900 0.33329000000000003
8 82100750 rs6995003 0.00022245
8 82101734 rs71519015 0.53365
8 82103157 rs766296547 0.76689
8 82103665 rs74722267 0.18372
8 82103776 rs1896215 0.00023097
8 82104604 rs17580056 7.4747e-05
8 82104974 rs13274717 0.00034084
8 82105058 rs1834712 6.5416e-05
8 82105253 rs1834711 0.00036673
8 82105415 rs4523210 5.4505e-05
8 82106361 rs77275188 0.41145
8 82106632 rs10504735 0.18389
8 82106644 rs2195052 0.00036264
8 82107026 rs10504736 9.4984e-05
8 82108165 rs35796853 0.18520999999999999
8 82108523 rs144532880 0.80935
8 82108970 rs183002727 0.53145
8 82109022 rs112090551 0.1849
8 82110618 rs74418059 0.18536
8 82111624 rs62517912 0.1839
8 82111821 rs531984919 0.43985
8 82112388 rs4357250 4.4821e-05
8 82112553 rs191100295 0.87282
8 82113224 rs572253545 0.51081
8 82113233 rs77727795 0.00032954
8 82114292 rs35550967 0.41512
8 82114348 rs147611258 0.53291
8 82114543 rs7003436 0.00032759
8 82114714 rs185766846 0.069543
8 82114915 rs190752554 0.8638600000000001
8 82115284 rs7818093 4.4891e-05
8 82116333 rs192255200 0.21428000000000003
8 82116636 rs184538842 0.44853000000000004
8 82116637 rs145440187 0.8980600000000001
8 82116766 rs112106652 0.071891
8 82117428 rs62517914 0.18522
8 82117623 rs9298346 4.4898e-05
8 82118091 rs1427075 4.4671999999999995e-05
8 82118267 rs62517915 0.18522
8 82118857 rs17495371 0.18534
8 82118959 rs1365681 0.00034568
8 82119503 rs6473264 4.3253e-05
8 82121412 rs62517916 0.19253
8 82121672 rs116933177 0.077904
8 82124528 rs12542001 6.5238e-05
8 82125210 rs557069649 0.79667
8 82126407 rs188023596 0.7043
8 82127566 rs6473265 0.0002969
8 82128119 rs142866385 0.6490100000000001
8 82129141 rs529519647 0.37351
8 82130656 rs1427073 7.4391e-05
8 82130975 rs142456640 0.78696
8 82131070 rs1863648 3.6947e-05
8 82131169 rs62517917 0.15502
8 82133315 rs183488625 0.42253
8 82134049 rs148999089 0.7952899999999999
8 82134152 rs2081675 2.8021999999999997e-05
8 82134266 rs2081676 0.00023184
8 82134699 rs79309022 0.13757
8 82135077 rs538909580 0.8434299999999999
8 82136072 rs575914481 0.087511
8 82136921 rs76056320 0.1645
8 82138246 rs72676552 0.33764
8 82139200 rs4739800 0.0003015
8 82139342 rs56054268 0.97026
8 82139757 rs7015085 4.729e-05
8 82140069 rs12679884 0.00024783
8 82140091 rs62517918 0.13643
8 82140388 rs184120936 0.5522600000000001
8 82140551 rs117399580 0.12428
8 82140825 rs10958004 2.9100000000000003e-05
8 82141317 rs12548276 4.7256e-05
8 82141329 rs16908810 0.13227
8 82141410 rs142906903 0.8166399999999999
8 82141609 rs146922932 0.43942
