CHR BP SNP P
11 65459386 rs146240429 0.040011
11 65459404 rs11227259 0.0036319000000000004
11 65459419 rs10896032 1.3597000000000002e-07
11 65459450 rs111927700 0.5079899999999999
11 65459556 rs10896033 1.3655e-07
11 65460086 rs6591187 1.446e-07
11 65460087 rs72941018 0.17304
11 65460204 rs115572282 0.7459100000000001
11 65460477 rs7952133 1.3377e-07
11 65460957 rs17491607 0.16598
11 65461112 rs749242626 0.5954
11 65461158 rs11227260 1.1332000000000001e-07
11 65461160 rs10896035 8.0613e-08
11 65461544 rs12421691 0.0025284
11 65461889 rs146968840 0.26709
11 65462843 rs11227261 0.77357
11 65462981 rs7932285 0.0010582
11 65462983 rs78388141 0.48699
11 65463023 rs76212957 0.981
11 65463153 rs11600206 0.69829
11 65463539 rs12575137 0.72959
11 65464000 rs4930305 0.0038793
11 65464487 rs7926512 0.0033015
11 65464717 rs183781601 0.50122
11 65464791 rs149343124 0.8824
11 65465119 rs182722781 0.66508
11 65465597 rs36091060 0.0023512
11 65465957 rs192788623 0.5334899999999999
11 65465978 rs77956964 0.10812999999999999
11 65466002 rs12417989 0.0026111999999999997
11 65466158 rs192519030 0.5348
11 65466281 rs528020239 0.45338999999999996
11 65466553 rs112076515 0.52703
11 65466796 rs11227264 0.70838
11 65466911 rs555903 0.0015245999999999999
11 65467004 rs11227265 0.7076899999999999
11 65467025 rs75625400 0.52737
11 65467334 rs115023673 0.52852
11 65467953 rs6591188 1.8870999999999997e-07
11 65468264 rs559462664 0.47735
11 65468566 rs78320728 0.71472
11 65468593 rs117040646 0.33845
11 65468808 rs555465 0.28699
11 65468819 rs374813024 0.45525
11 65468877 rs11227267 0.88226
11 65468879 rs150495480 0.49151000000000006
11 65468921 rs191264400 0.028141000000000003
11 65469018 rs11820482 0.97545
11 65469399 rs78577270 0.9109
11 65469451 rs114128939 0.7489600000000001
11 65469504 rs78076262 0.55642
11 65469763 rs75752195 0.50966
11 65469794 rs553107769 0.91086
11 65469868 rs145035265 0.089917
11 65470516 rs74539421 0.048996
11 65471160 rs145734283 0.56853
11 65471258 rs7107503 0.0024249000000000002
11 65471391 rs7122081 0.0026721999999999996
11 65471422 rs7122098 0.002459
11 65471520 rs188346034 0.6591100000000001
11 65471742 rs1963977 0.0024579999999999997
11 65471787 rs145045895 0.23264
11 65471975 rs7125965 0.41739
11 65471982 rs507859 0.31395
11 65472022 rs117818412 0.69829
11 65472394 rs680948 0.00077079
11 65472727 rs2127510 0.0026798
11 65472758 rs11606668 0.00060711
11 65473076 rs4930306 0.32181
11 65473175 rs118088990 0.0003423
11 65473597 rs565267 0.0012542
11 65473798 rs10750766 3.9615e-07
11 65474023 rs193101003 0.53784
11 65474090 rs11605773 0.22241
11 65474243 rs146639834 0.16147999999999998
11 65474556 rs7930301 3.3426000000000003e-07
11 65474594 rs573906 0.19602
11 65474813 rs604615 0.20949
11 65475111 rs605952 0.18588
11 65475129 rs559064 0.20561
11 65475189 rs111272663 0.53693
11 65475259 rs117213689 0.67314
11 65475503 rs617980 0.20646
11 65475515 rs534414 0.00085155
11 65475519 rs80034874 0.76685
11 65475620 rs618456 0.00085038
11 65475816 rs9666878 3.9841000000000003e-07
11 65476487 rs523029 0.031622000000000004
11 65476501 rs504235 0.19482
11 65476555 rs183685337 0.54006
11 65477264 rs11227269 0.69796
11 65477349 rs552312 0.0008601
11 65477361 rs113509847 0.49077
11 65477645 rs11227270 0.2016
11 65477716 rs11227271 0.20733000000000001
11 65477954 rs34007146 0.73144
11 65477963 rs12418567 0.0026998
11 65478167 rs114279609 0.8433299999999999
11 65478373 rs184088953 0.47878000000000004
11 65478487 rs61893835 3.4781999999999995e-07
11 65478494 rs375763110 0.16458
11 65478551 rs115010755 0.75978
11 65478893 rs72941051 0.20617
11 65478956 rs766807240 0.060067999999999996
11 65479628 rs112313136 0.48226
11 65480071 rs4645912 0.5632199999999999
11 65480090 rs2236682 3.6909e-07
11 65480132 rs750077392 0.046787999999999996
11 65480256 rs4645914 0.24736
11 65480631 rs75800300 0.6032
11 65480633 rs181492606 0.53574
11 65480768 rs4244812 0.0051111
11 65480791 rs551115 0.53296
11 65481166 rs1151500 0.00082086
11 65481229 rs41302415 0.3374
11 65481338 rs140269437 0.10459
11 65481465 rs487264 0.00089731
11 65481522 rs4645915 0.2028
11 65481529 rs4645916 0.002705
11 65481544 rs488170 0.00087719
11 65481640 rs4645917 0.00092614
11 65482281 rs138358637 0.17203
11 65482401 rs4645922 0.57334
11 65482406 rs4645923 0.71875
11 65482584 rs4645925 0.10428
11 65482695 rs4645926 0.69789
11 65482732 rs144480426 0.54564
11 65482827 rs4645927 5.0404e-07
11 65483002 rs148422728 0.5020899999999999
11 65483237 rs187775926 0.86254
11 65483370 rs75601653 3.0249e-07
11 65483374 rs7120713 3.6954e-07
11 65483680 rs75367742 0.5325300000000001
11 65483688 rs760810245 0.5737300000000001
11 65483981 rs573589 0.34745
11 65484327 rs200834852 0.75043
11 65484342 rs4645928 0.70195
11 65484569 rs563427 0.00087467
11 65484719 rs2236683 0.0028474
11 65484744 rs4645930 0.53058
11 65484755 rs765330200 0.40438
11 65484883 rs1151501 0.0008949
11 65484985 rs4645932 0.15783
11 65485120 rs4645933 7.4763e-07
11 65485157 rs4645934 0.031645
11 65485218 rs3372 0.75388
11 65485337 rs535111 0.34299
11 65485478 rs4645936 0.0003841
11 65485727 rs521678 0.00086692
11 65485959 rs4645937 0.60712
11 65486247 rs112903919 0.13878
11 65487412 rs529439894 0.27410999999999996
11 65487516 rs61736590 0.081711
11 65488012 rs201951802 0.067326
11 65488673 rs55758897 0.0029358
11 65488691 rs12576802 0.004601699999999999
11 65488718 rs183203422 0.9103
11 65489118 rs116902736 0.5393
11 65489505 rs191508707 0.48808999999999997
11 65489626 rs61893836 0.00081895
11 65490756 rs645621 0.00072548
11 65491813 rs142162873 0.13895
11 65492079 rs2509946 0.00072078
11 65492082 rs2510030 0.00083534
11 65492483 rs75162774 1.3814e-07
11 65492891 rs56236098 0.0097287
11 65492905 rs11227275 0.25563
11 65493098 rs185030002 0.042467000000000005
11 65493112 rs481482 0.21055
11 65493116 rs11227277 0.0037292000000000002
11 65493191 rs4930159 0.006607899999999999
11 65493206 rs72941069 0.00014639
11 65493245 rs504437 0.57945
11 65493249 rs61895665 5.262999999999999e-06
11 65493278 rs508778 0.74661
11 65493603 rs76192470 0.48561000000000004
11 65493658 rs665191 0.00011224
11 65493807 rs509206 0.0069305999999999994
11 65493930 rs77801811 0.92189
11 65493992 rs480989 0.00056043
11 65494069 rs112482108 0.16035
11 65494184 rs747576129 0.50308
11 65494260 rs478304 0.0052634
11 65494623 rs11227278 0.77655
11 65494987 rs537786 0.0056573
11 65495211 rs11227279 1.1822000000000001e-07
11 65495571 rs74638829 0.00017754
11 65495696 rs78412025 1.6529e-07
11 65495769 rs530405 0.99844
11 65495784 rs75859274 0.31594
11 65496004 rs11227280 0.77699
11 65496207 rs144393440 0.55962
11 65496558 rs11227281 1.5425999999999998e-07
11 65497036 rs56686587 1.5665999999999997e-07
11 65497558 rs1308020 0.13968
11 65497991 rs532323783 0.007787899999999999
11 65498234 rs116947356 0.0136
11 65498261 rs570954 0.0061963
11 65498728 rs140297298 0.21479
11 65498746 rs146522518 0.15537
11 65498915 rs4014192 1.5903e-07
11 65498942 rs576663 0.00025524
11 65499022 rs11227283 0.10117999999999999
11 65499396 rs143523280 0.15306
11 65499568 rs57096718 0.35434
11 65499692 rs12361032 0.041264999999999996
11 65499719 rs4930312 1.6226e-07
11 65499722 rs112637514 0.14525
11 65499810 rs11600721 0.61033
11 65500003 rs11537193 1.6021e-07
11 65500062 rs10160310 0.08543200000000001
11 65500198 rs11532071 1.9007e-07
11 65500428 rs4930313 1.6026e-07
11 65500530 rs470360 0.00025486
11 65500999 rs147454206 0.16014
11 65501149 rs149996925 0.61083
11 65501270 rs483387 0.22928
11 65501291 rs669742 0.0064111
11 65501647 rs190352233 0.64694
11 65501695 rs573742269 0.20293
11 65502413 rs1941746 0.00025489
11 65503018 rs141101520 0.51527
11 65503224 rs11227284 0.093551
11 65503347 rs75413091 0.26306999999999997
11 65503528 rs78499173 0.50269
11 65503643 rs11823278 0.42706000000000005
11 65503749 rs111909041 0.15029
11 65504244 rs12223803 0.8235600000000001
11 65504328 rs73492420 0.90901
11 65504707 rs577007136 0.41038
11 65504900 rs537385 0.00025369
11 65504985 rs149066466 0.10209
11 65505153 rs3953806 0.00017233
11 65505154 rs189644587 0.007519
11 65505185 rs367767327 0.37804
11 65505289 rs585272 0.00025439
11 65505448 rs12225620 1.7677e-07
11 65505528 rs10896038 1.7796e-07
11 65505570 rs181517988 0.011964
11 65505641 rs56257941 0.00017221
11 65506483 rs650619 0.00020077
11 65506822 rs4014195 1.4218e-07
11 65507134 rs11227286 0.8094899999999999
11 65507520 rs568608360 0.79118
11 65507605 rs603509 0.0002537
11 65507615 rs150940216 0.79233
11 65507648 rs191643336 0.80409
11 65507741 rs11227287 0.036556
11 65508140 rs115915076 0.7334
11 65508237 rs11606947 1.7234000000000002e-07
11 65508774 rs115361372 0.3159
11 65508784 rs75970252 0.40010999999999997
11 65508919 rs74359457 0.47458999999999996
11 65508986 rs620088 0.14114000000000002
11 65509364 rs542479581 0.51417
11 65509449 rs142037349 0.049818
11 65509450 rs189637243 0.59604
11 65510024 rs546202 0.0066874
11 65510025 rs139897650 0.06299199999999999
11 65510205 rs182008821 0.64426
11 65510378 rs74554680 0.73241
11 65510452 rs571517560 0.095294
11 65510652 rs114893268 0.3795
11 65510669 rs80117055 0.15292999999999998
11 65510903 rs571897331 0.9786299999999999
11 65510969 rs141765221 0.47473000000000004
11 65511336 rs11604568 1.5002000000000002e-07
11 65511412 rs541620884 0.85305
11 65511470 rs115085870 0.9172299999999999
11 65511906 rs374580071 0.96465
11 65511965 rs11600918 1.7351e-07
11 65512057 rs7110576 1.4142e-07
11 65512081 rs76068162 0.8203299999999999
11 65512092 rs7124858 0.91
11 65512116 rs687086 0.26122
11 65512472 rs73492424 0.895
11 65512511 rs12798237 0.15644
11 65512650 rs79320366 0.39713000000000004
11 65512795 rs74833052 0.50647
11 65512973 rs149967797 0.80737
11 65513057 rs117952737 0.00042695
11 65513080 rs144891476 0.46381999999999995
11 65513107 rs593982 0.0002271
11 65513772 rs539408169 0.8618299999999999
11 65513782 rs72922722 0.48821000000000003
11 65513802 rs77327087 0.46963
11 65513928 rs144261274 0.88641
11 65514093 rs559840068 0.8692700000000001
11 65514153 rs141724220 0.8859600000000001
11 65514477 rs10459016 0.79647
11 65514785 rs76711763 0.39661
11 65514874 rs578056 0.09651799999999999
11 65515059 rs151099737 0.96596
11 65515277 rs574483 0.0066818
11 65515367 rs141094749 0.8736700000000001
11 65515606 rs11537211 0.80374
11 65516099 rs183227221 0.787
11 65516110 rs56990327 0.91209
11 65516487 rs77035165 0.14881
11 65516588 rs11227288 0.10157000000000001
11 65516801 rs145674019 0.051124
11 65517221 rs76635966 0.14891
11 65517408 rs77500748 0.14124
11 65517833 rs570879014 0.8626
11 65517841 rs77007770 0.14402
11 65518192 rs7120284 0.9023899999999999
11 65518380 rs139545000 0.57538
11 65519103 rs757216560 0.023105
11 65519222 rs11600035 0.9282100000000001
11 65519744 rs58023725 0.36516
11 65519864 rs544509675 0.961
11 65520060 rs474483 0.0067299
11 65520331 rs190088270 0.73552
11 65520746 rs72922733 0.09422699999999999
11 65521126 rs11227289 0.006234300000000001
11 65521202 rs190340589 0.9008700000000001
11 65521247 rs506853 0.0066987999999999995
11 65521939 rs192834450 0.41038
11 65522753 rs79024463 0.011964
11 65523050 rs138011485 0.90071
11 65523343 rs11227292 0.8055100000000001
11 65524048 rs181621273 0.9938
11 65524164 rs77495801 0.73355
11 65524252 rs7123489 1.8605999999999999e-07
11 65524286 11:65524286_G_A 0.7336199999999999
11 65524535 rs142538640 0.5927399999999999
11 65525000 rs181411806 0.0059158
11 65525119 rs502468 0.0066292
11 65525253 rs372297807 0.9642
11 65525262 rs139847315 0.00031316
11 65525290 rs149831300 0.97678
11 65526182 rs117829045 0.5654600000000001
11 65526311 rs144557404 0.15009
11 65526446 rs371875707 0.8988299999999999
11 65526474 rs146533388 0.15025
11 65526511 rs10896040 0.0070848
11 65526577 rs141224724 0.16418
11 65526618 rs114329512 0.14537
11 65526988 rs517115 0.0066178
11 65527143 rs140512211 0.58011
11 65527241 rs367761932 0.5772
11 65527327 rs56117302 0.58372
11 65527774 rs12226176 0.66427
11 65527870 rs192200281 0.87925
11 65528213 rs498354 0.0064265
11 65528352 rs75936060 0.77363
11 65528480 rs149461967 0.9196700000000001
11 65528739 rs143935724 0.9196700000000001
11 65528983 rs76254280 0.14891
11 65529403 rs115964606 0.47413999999999995
11 65530440 rs181188434 0.9420799999999999
11 65530553 rs180682922 0.47355
11 65530735 rs186118668 0.14891
11 65530912 rs558076746 0.49959
11 65530953 rs139677284 0.14961
11 65531222 rs67265750 0.041177
11 65531224 rs751558540 0.18167
11 65531264 rs533075548 0.92656
11 65531412 rs35727622 0.041177
11 65531612 rs112437639 0.034998
11 65531633 rs75759431 0.15527
11 65531698 rs12293022 0.006513
11 65532001 rs138414021 0.16537000000000002
11 65532783 rs142979246 0.8938299999999999
11 65532799 rs146131418 0.64094
11 65532825 rs565427 0.14387
11 65532895 rs148792702 0.006471500000000001
11 65532925 rs117638278 0.96836
11 65533000 rs603645 0.006212
11 65533256 rs604949 0.9421299999999999
11 65533433 rs147698389 0.52204
11 65533512 rs75217036 0.14409
11 65533580 rs111487465 0.11645
11 65533790 rs7112966 0.87011
11 65533950 rs77748866 0.56252
11 65533969 rs486364 0.51541
11 65534046 rs56311201 0.64674
11 65534088 rs487348 0.39791
11 65534744 rs11227295 0.6532899999999999
11 65534752 rs113976481 0.14402
11 65535171 rs148182217 0.14132
11 65535392 rs541210028 0.011963
11 65535464 rs12273982 0.096182
11 65535664 rs114367088 0.14864000000000002
11 65535737 rs7121450 0.7076600000000001
11 65535759 rs186111375 0.56329
11 65535889 rs370935235 0.96685
11 65536312 rs187015416 0.96175
11 65536330 rs183458286 0.6658
11 65536443 rs559051633 0.92704
11 65536652 rs149418449 0.64836
11 65536678 rs10896041 0.006257100000000001
11 65537200 rs79392831 0.1996
11 65537453 rs75590024 0.15
11 65537552 rs372331928 0.5706600000000001
11 65537556 rs1193496 0.0065306
11 65537663 rs113367515 0.19827
11 65537835 rs144768350 0.96175
11 65537935 rs7951057 0.023061
11 65538547 rs73492432 0.67082
11 65538831 rs562380225 0.39719
11 65538832 rs145223879 0.55557
11 65538887 rs533163071 0.08069
11 65539037 rs749415173 0.12319000000000001
11 65539283 rs112224762 0.15106
11 65539449 rs11227297 0.79989
11 65539624 rs148340607 0.7417699999999999
11 65539627 rs547235671 0.26506
11 65540189 rs77828083 0.06905
11 65540350 rs58260755 0.7074199999999999
11 65540574 rs764580417 0.5312399999999999
11 65540718 rs184157686 0.011963
11 65540838 rs77308202 0.7320300000000001
11 65540886 rs495961 0.0060622
11 65541003 rs574747075 0.8231799999999999
11 65541042 rs77639399 0.64703
11 65541132 rs12275175 0.9039299999999999
11 65541215 rs2508303 0.0059267
11 65541253 rs2509823 0.5023
11 65541260 rs140715201 0.19952
11 65541356 rs532069900 0.0064095
11 65541426 rs2508302 0.5021100000000001
11 65541501 rs112466974 0.19333
11 65541506 rs183598289 0.78565
11 65541805 rs190450018 0.8477399999999999
11 65541864 11:65541864_C_A 0.26228
11 65541934 rs536504494 0.28707
11 65542042 rs148656265 0.44791000000000003
11 65542054 rs2508301 0.005927600000000001
11 65542127 rs115893008 0.14371
11 65542298 rs494003 0.089613
11 65542382 rs61744381 0.047546
11 65542561 rs140393038 0.9836799999999999
11 65542739 rs489574 0.15423
11 65542902 rs56070121 0.70868
11 65542948 rs74835844 0.15104
11 65542961 rs556992430 0.5654399999999999
11 65543168 rs56221247 0.70973
11 65543421 rs522800 0.007297399999999999
11 65543464 rs185222534 0.14961
11 65543612 rs2508299 0.5106
11 65543697 rs75796448 0.18087999999999999
11 65543736 rs117104648 0.00039476
11 65543827 rs10896043 0.1006
11 65543985 rs147327835 0.49912
11 65544325 rs112563907 0.15139
11 65544366 rs138996559 0.26150999999999996
11 65544695 rs141424706 0.085536
11 65544706 rs77787987 0.52686
11 65544790 rs113195889 0.14891
11 65544798 rs77627301 0.1986
11 65544888 rs78903837 0.7183
11 65544946 rs544244726 0.0063483
11 65545306 rs7107453 0.76171
11 65545377 rs200142638 0.4039
11 65545443 rs372341819 0.9842299999999999
11 65545471 rs78564889 0.14942
11 65545651 rs139309519 0.1262
11 65545821 rs201648975 0.16285
11 65545913 rs56798161 0.9743799999999999
11 65545972 rs115862115 0.15603
11 65546557 rs79181038 0.13457
11 65546763 rs201041158 0.22035
11 65546857 rs610037 0.0061758
11 65546944 rs75389431 0.15669
11 65547075 rs367659364 0.33276999999999995
11 65547199 rs369823451 0.029620999999999998
11 65547333 rs12146493 0.0025669
11 65547455 rs12362011 0.034047
11 65547613 rs371326946 0.6407
11 65547775 rs114368095 0.71739
11 65547889 rs67995174 0.9309
11 65548108 rs76925283 0.00033361
11 65548338 rs184516947 0.34309
11 65548432 rs550864645 0.16289
11 65549002 rs564012018 0.15358
11 65549279 rs4274199 0.20065
11 65549415 rs61895677 0.0057748
11 65549468 rs116095708 0.2432
11 65549506 rs61895678 0.034954
11 65549570 rs11227299 2.0855999999999998e-07
11 65549606 rs12801731 0.0058934
11 65549608 rs762801985 0.4357
11 65549813 rs35696016 0.036154
11 65550123 rs150336490 0.40037
11 65550132 rs546525166 0.7440399999999999
11 65550370 rs79219387 0.15113
11 65550718 rs745926158 0.56015
11 65550898 rs601683 0.8734700000000001
11 65550910 rs601673 0.66073
11 65551001 rs34946581 0.035987
11 65551032 rs12283972 0.71073
11 65551104 rs600770 0.7933100000000001
11 65551226 rs57494852 0.62727
11 65551417 rs75402887 0.080305
11 65551648 rs11604462 2.9198e-07
11 65551707 rs75741540 0.6782199999999999
11 65551710 rs11604451 2.6986e-07
11 65551880 rs78439591 0.11892
11 65551894 rs139322863 0.050647000000000005
11 65551957 rs479844 4.4183e-07
11 65552118 rs948494 1.7307000000000003e-07
11 65552154 rs948493 2.4558000000000006e-07
11 65552429 rs753844602 0.88679
11 65552668 rs562815 0.56979
11 65552740 rs663797 0.00036764
11 65552741 rs139269210 0.50203
11 65552743 rs561924 0.8591
11 65552862 rs79013838 0.6560699999999999
11 65553013 rs499955 0.5697
11 65553306 rs36008241 0.8438899999999999
11 65553423 rs116626837 0.40586
11 65553492 rs12287832 0.073664
11 65553864 rs116284154 0.42696000000000006
11 65553954 rs76840700 0.15224000000000001
11 65554080 rs11227301 0.034793
11 65554313 rs530132264 0.12531
11 65554502 rs11227302 0.07785
11 65554597 rs118057726 0.10379000000000001
11 65555430 rs193230815 0.4249
11 65555458 rs4930319 2.0739e-07
11 65555524 rs10896045 9.8702e-05
11 65555837 rs149756688 0.82255
11 65556080 rs567265955 0.067317
11 65556286 rs11603206 0.8451299999999999
11 65556721 rs603326 0.0018484999999999999
11 65556856 rs79650968 0.1684
11 65557028 rs79170017 0.65558
11 65557033 rs67901563 0.84146
11 65557332 rs113207303 0.46491000000000005
11 65557904 rs56164300 0.8409200000000001
11 65557981 rs76188718 0.74616
11 65558309 rs2277304 0.8425600000000001
11 65558431 rs150483562 0.1372
11 65558752 rs12801669 0.03321
11 65558997 rs3759034 0.032691000000000005
11 65559266 rs10791824 1.1007999999999999e-07
11 65559289 rs145997944 0.75837
11 65559552 rs117467277 0.0024076
11 65560492 rs147148547 0.9816799999999999
11 65560567 rs115115139 0.11010999999999999
11 65560620 rs642803 0.00046996
11 65560701 rs75587416 0.11034000000000001
11 65560785 rs3814707 1.0287999999999999e-05
11 65560880 rs3897552 0.00098058
11 65561368 rs501337 0.71002
11 65561369 rs12797706 3.7611000000000003e-06
11 65561468 rs644740 0.00053599
11 65561524 rs61730141 0.6958300000000001
11 65561574 rs138566993 0.9661
11 65561732 rs12226258 0.1245
11 65561805 rs56019505 0.018517
11 65562246 rs12294549 0.772
11 65562257 rs2276133 5.3716000000000005e-05
11 65562294 rs548843913 0.3817
11 65562626 rs111316258 0.22657
11 65562819 rs116504217 0.16468
11 65562852 rs72922786 0.004495600000000001
11 65562938 rs140298315 0.72495
11 65562966 rs529855862 0.5302
11 65563289 rs79060510 0.78656
11 65563902 rs551223135 0.5707300000000001
11 65564035 rs491666 0.69171
11 65564244 rs183632135 0.9636399999999999
11 65564390 rs61740441 0.072148
11 65564611 rs141420818 0.35278000000000004
11 65564715 rs575558679 0.65483
11 65564786 rs44205 0.1374
11 65564810 rs117639911 0.87245
11 65564926 rs11227303 0.071358
11 65564987 rs12800057 0.0094524
11 65565694 rs116948503 0.00021344
11 65565823 rs534447305 0.008534
11 65566021 rs541559161 0.71346
11 65566476 rs662231 0.18845
11 65566719 rs557675 0.0014730000000000001
11 65566816 rs11826647 0.3887
11 65567041 rs144458122 0.0001862
11 65567395 rs72922791 0.0047369
11 65567451 rs12294096 0.78171
11 65567475 rs12294241 0.7942899999999999
11 65567628 rs12802560 0.69468
11 65568062 rs576596266 0.9558399999999999
11 65568606 rs143862825 0.55642
11 65568819 rs561601405 0.011470000000000001
11 65569277 rs560676119 0.44776000000000005
11 65569349 rs79019847 0.8085
11 65569486 rs523521 0.63808
11 65569548 rs553980 0.63639
11 65569650 rs554863 0.6359600000000001
11 65569826 rs7115662 0.2974
11 65569930 rs34509162 0.6329100000000001
11 65570405 rs7116758 0.0055337
11 65570517 rs7119612 0.0032295
11 65570754 rs72922800 0.038629000000000004
11 65571321 rs571699 0.11527000000000001
11 65571413 rs74870935 0.75452
11 65571414 rs754141822 0.75452
11 65571524 rs575631 0.8242
11 65571606 rs485036 0.65068
11 65571855 rs674126 0.6494800000000001
11 65572040 rs79488394 0.10808
11 65572216 rs142929351 0.52949
11 65572241 rs117706923 0.05935599999999999
11 65572397 rs190018177 0.98056
11 65572542 rs187071651 0.66259
11 65572742 rs77610472 0.52876
11 65572834 rs75235895 0.52757
11 65573587 rs566266 0.74054
11 65573814 rs76048416 0.52955
11 65574041 rs115875620 0.43221000000000004
11 65574081 rs60678003 0.052978
11 65574286 rs528052098 0.036824
11 65574439 rs146373971 0.9868
11 65574535 rs12575663 0.7498199999999999
11 65574588 rs79389646 0.032648
11 65574846 rs76842710 0.52949
11 65575056 rs7123155 0.75403
11 65575069 rs151023800 0.48013
11 65575263 rs148654891 0.18739
11 65575550 rs61895682 9.143399999999999e-05
11 65575551 rs147909036 0.31756999999999996
11 65575773 rs186122731 0.30425
11 65575850 rs548709 0.17652
11 65576317 rs1204771 0.05305599999999999
11 65576377 rs141675922 0.52737
11 65576470 rs35138525 0.31828
11 65576474 rs113668947 0.52637
11 65576578 rs10896049 0.075324
11 65576585 rs10791825 0.075363
11 65576741 rs570504986 0.31554
11 65576788 rs4930320 0.77267
11 65576803 rs72924707 0.005863800000000001
11 65576928 rs182531096 0.6395
11 65576951 rs112617391 0.5806600000000001
11 65577138 rs4930321 0.12174000000000001
11 65577427 rs10750772 0.75188
11 65577462 rs117980218 0.7058399999999999
11 65577466 rs192053961 0.66135
11 65577468 rs117901730 0.67152
11 65577516 rs10896050 0.19345
11 65577619 rs74956044 0.70931
11 65577743 rs11227305 0.62411
11 65577804 rs138574915 0.58927
11 65577863 rs57532586 0.7249399999999999
11 65577953 rs184548889 0.37731
11 65577990 rs113664661 0.20145
11 65578029 rs4930322 0.076687
11 65578204 rs77738625 0.058202
11 65578309 rs7120517 0.0068178
11 65578672 rs11227306 0.30362
11 65578713 rs184341294 0.29891999999999996
11 65578759 rs10896051 0.7772899999999999
11 65578946 rs567227566 0.49007
11 65579070 rs186144622 0.43133999999999995
11 65579533 rs117581002 0.7014600000000001
11 65579600 rs10896052 0.77936
11 65579651 rs145499592 0.25431
11 65579670 rs10896053 0.074629
11 65579762 rs12800497 0.29525999999999997
11 65580082 rs76534893 0.82137
11 65580207 rs140307616 0.7624
11 65580228 rs7928652 0.29097
11 65580249 rs114459780 0.14381
11 65580254 rs544853148 0.0091325
11 65580638 rs12576996 0.10111
11 65580842 rs191162297 0.8818799999999999
11 65580862 rs138550527 0.32849
11 65581070 rs12283874 0.20665999999999998
11 65581135 rs11227307 0.7888
11 65581169 rs60553140 0.17117000000000002
11 65581579 rs1204772 0.05494400000000001
11 65581638 rs7113768 0.071257
11 65581752 rs7114237 0.07181799999999999
11 65581772 rs7114014 0.80109
11 65582015 rs78028320 0.18092
11 65582028 rs7114298 0.79833
11 65582341 rs3892696 0.80375
11 65582829 rs369821567 0.71763
11 65582876 rs373464822 0.40209
11 65582954 11:65582954_T_C 0.58155
11 65583066 rs3903072 0.8043
11 65583340 rs875311 0.80821
11 65583564 rs112618950 0.75541
11 65583594 rs61895685 0.07709500000000001
11 65583611 rs117326600 0.63555
11 65584005 rs575399168 0.6825100000000001
11 65584322 rs73492467 0.7619
11 65584512 rs11227309 0.74893
11 65584733 rs11227310 0.086662
11 65585238 rs772803891 0.59601
11 65585257 rs11227311 0.7078899999999999
11 65585352 rs10896054 0.17228
11 65585626 rs551828209 0.1441
11 65585757 11:65585757_G_T 0.8962600000000001
11 65585990 rs72924721 0.0045126
11 65586040 rs6591191 0.084319
11 65586282 rs75981411 0.5170600000000001
11 65586485 rs58836187 0.069327
11 65586509 rs621348 0.064538
11 65586677 rs532835170 0.47646000000000005
11 65586778 rs9971612 0.083475
11 65587096 rs373763363 0.7520600000000001
11 65587098 rs10896055 0.083513
11 65587270 rs58847610 0.76022
11 65587651 rs646675 0.064208
11 65587755 rs4930162 0.08357300000000001
11 65587810 rs34381009 0.036848
11 65587850 rs4930325 0.083575
11 65587905 rs10896056 0.097945
11 65588531 rs75667673 0.38595999999999997
11 65588912 rs143445746 0.33558000000000004
11 65588938 rs11227313 0.10593
11 65589015 rs139439005 0.35704
11 65589051 rs557796907 0.48417
11 65589174 rs11227314 0.09690700000000001
11 65589624 rs75537707 0.9407399999999999
11 65589701 rs114004934 0.59534
11 65590017 rs58978352 0.72922
11 65590225 rs614330 0.17187
11 65590279 rs613953 0.17121
11 65590389 rs11227315 0.094563
11 65590713 rs601887 0.064157
11 65590741 rs521004 0.06364700000000001
11 65590794 rs775155345 0.81671
11 65590853 rs74734760 0.5052399999999999
11 65591200 rs138528551 0.1045
11 65591348 rs4930163 0.037401
11 65591368 rs73492475 0.83673
11 65591977 rs79783977 0.67186
11 65592135 rs73492478 0.9078700000000001
11 65592245 rs56169730 0.060490999999999996
11 65592935 rs11227318 0.7420399999999999
11 65593153 rs189185766 0.07480099999999999
11 65593240 rs181208061 0.5424
11 65593756 rs61895733 0.0045143
11 65593861 rs7112754 0.06217
11 65594293 rs11227319 0.67737
11 65594324 rs71455787 0.1811
11 65594516 rs1151515 0.062944
11 65594606 rs533131 0.11652
11 65594741 rs117624356 0.79473
11 65594820 rs7102454 0.09461599999999999
11 65595127 rs641323 0.14973
11 65595353 rs10791826 0.08189
11 65595414 rs58921817 0.7320300000000001
11 65595492 rs115096268 0.50288
11 65595697 rs111953392 0.027324
11 65595803 rs12420336 0.068414
11 65595832 rs143671198 6.0067e-05
11 65596251 rs117347884 0.010043999999999999
11 65596281 rs551986 0.20046
11 65596416 rs550976 0.058686
11 65596502 rs112215883 0.50898
11 65596546 rs10791827 0.73574
11 65596666 rs624067 0.17442
11 65596871 rs76592978 0.7741
11 65597012 rs562296756 0.48632
11 65597807 rs573880864 0.49573999999999996
11 65598024 rs71455788 0.52684
11 65598232 rs59623458 0.7288
11 65598327 rs77836214 0.10855
11 65598441 rs490433 0.11699999999999999
11 65598878 rs192797499 0.8444299999999999
11 65599052 rs10791828 0.69117
11 65599089 rs12419727 0.98719
11 65599432 rs11227320 0.74875
11 65599656 rs77779142 0.030452
11 65599676 rs75955411 0.87174
11 65600224 rs117256790 8.8966e-05
11 65600792 rs74801402 0.9313899999999999
11 65600913 rs72924752 0.065124
11 65601086 rs151320196 0.34453
11 65601106 rs140637025 0.30326
11 65601116 rs12804719 0.5417
11 65601167 rs113038744 0.73974
11 65601466 rs59416249 0.16507
11 65601560 rs17854357 0.031114
11 65602015 rs554822699 0.30416
11 65602264 rs182857910 0.55769
11 65602327 rs145578354 0.79135
11 65602413 rs36124259 0.035291
11 65602743 rs138265063 0.009564299999999998
11 65602889 rs78615606 0.7454
11 65603252 rs7107912 0.5609
11 65603295 rs370024298 0.75497
11 65603297 rs61893861 0.31743000000000005
11 65603530 rs184601089 0.75937
11 65603970 rs112139708 0.6421
11 65604195 rs2376005 0.043844
11 65604217 rs756885600 0.9417200000000001
11 65604422 rs183657198 0.05991799999999999
11 65604468 rs144070773 0.79667
11 65604538 rs78127370 0.63375
11 65604631 rs542829006 0.82411
11 65604799 rs77291001 0.72088
11 65604862 rs7938011 0.80791
11 65605551 rs148269536 0.63038
11 65605609 rs115442504 0.85501
11 65606535 rs182260325 0.073326
11 65606599 rs12284753 0.46547
11 65607356 rs183699132 0.77774
11 65607395 rs142288669 0.5547
11 65607483 rs149820605 0.9804299999999999
11 65607519 rs187828923 0.76147
11 65607558 rs34924158 0.56096
11 65607570 rs12418103 0.18703
11 65607731 rs368765640 0.77579
11 65608225 rs183621362 0.29205
11 65608226 rs530087366 0.28703
11 65608663 rs60917081 0.24769000000000002
11 65608889 rs145040386 0.28974
11 65608941 rs11227325 0.57177
11 65609161 rs146810094 0.3354
11 65609475 rs11227326 0.67052
11 65609801 rs117591916 0.18655
11 65610161 rs137875550 0.7897
11 65610190 rs143394573 0.2864
11 65610293 rs111327848 0.9805799999999999
11 65610898 rs148635416 0.13965999999999998
11 65610969 rs183401384 0.14676
11 65611251 rs77503508 0.083638
11 65611298 rs116102721 0.16135
11 65611556 rs112454285 0.59621
11 65611578 rs144471236 0.027357999999999997
11 65611606 rs76705201 0.74964
11 65611939 rs79302988 0.28717
11 65612207 rs143572704 0.28615999999999997
11 65612238 rs7123923 0.56479
11 65612347 rs185072566 0.59763
11 65612393 rs60576917 0.9212
11 65612703 rs190362665 0.6007600000000001
11 65612764 rs151185979 0.28569
11 65613218 rs11227330 0.57315
11 65613348 rs12226602 0.7515
11 65613446 rs80043704 0.7916
11 65613668 rs1647569 0.17457999999999999
11 65613816 rs186250565 0.57075
11 65613830 rs191957914 0.052813
11 65614310 rs143771186 0.24431999999999998
11 65614311 11:65614311_G_A 0.51958
11 65614704 rs1209552 0.26932
11 65615248 rs145763504 0.28174
11 65615251 rs11227331 0.7502800000000001
11 65615356 rs553017499 0.57653
11 65615462 rs61893863 0.00043863
11 65615581 rs149260679 0.20410999999999999
11 65615724 rs144504032 0.30955
11 65615785 rs193065635 0.86129
11 65615934 rs148133049 0.5213
11 65616190 rs79212328 0.5693199999999999
11 65616194 rs78731838 0.071994
11 65616443 rs473661 0.00016311
11 65616522 rs143952155 0.27860999999999997
11 65616607 rs150812976 0.28171999999999997
11 65616656 rs139260494 0.1534
11 65616810 rs78704777 0.56893
11 65616883 rs12293533 0.4917
11 65617324 rs654638 0.24693
11 65617363 rs201332210 0.9600200000000001
11 65617878 rs201843475 0.5604399999999999
11 65618053 rs117613663 0.05765
11 65618236 rs117016392 0.53806
11 65618702 rs73492497 0.56099
11 65618887 rs115949918 0.16085
11 65619009 rs118058551 0.23744
11 65619253 rs138986044 0.30833
11 65619434 rs148592031 0.59615
11 65619532 rs190921687 0.6444300000000001
11 65619654 rs368187872 0.83321
11 65619812 rs140768793 0.043132
11 65620169 rs372344292 0.78804
11 65620244 rs144634991 0.48312
11 65620313 rs684372 0.6445
11 65620837 rs79443754 0.19401
11 65621057 rs656040 0.021399
11 65621101 rs184391833 0.6712600000000001
11 65621403 rs111945560 0.54937
11 65621487 rs668356 0.021176
11 65621642 rs138948257 0.8418
11 65621757 rs78295666 0.071772
11 65621995 rs635375 0.02046
11 65622345 11:65622345_G_A 0.13435
11 65623008 rs112357246 0.5965199999999999
11 65623217 rs201465961 0.88271
11 65623240 rs142147292 0.5965199999999999
11 65623257 rs151197635 0.9506600000000001
11 65623347 rs652021 0.020775
11 65623519 rs4621 0.020716
11 65623739 rs11227332 0.28561
11 65623741 rs377357130 0.30806999999999995
11 65624025 rs665306 0.017077000000000002
11 65624266 rs79486948 0.57394
11 65624352 rs143739345 0.014187
11 65624490 rs669300 0.16257
11 65624513 rs60857277 0.22409
11 65624562 rs667555 0.31405
11 65624934 rs7125986 0.020621
11 65624965 rs112906941 0.5786100000000001
11 65625135 rs142004150 0.37489
11 65625163 rs536134910 0.66638
11 65625191 rs7947929 0.018867
11 65625237 rs7947741 0.02099
11 65625248 rs532275504 0.16047999999999998
11 65625295 rs571912022 0.80328
11 65625464 rs117231452 0.93101
11 65625598 rs115074329 0.56319
11 65625721 rs563308961 0.20410999999999999
11 65625824 rs12223734 0.6108899999999999
11 65626285 rs78780936 0.024063
11 65626457 rs508328 0.88625
11 65626539 rs508548 0.021026
11 65626701 rs1939212 0.38669000000000003
11 65626703 rs79983394 0.67642
11 65627416 rs754792956 0.23609000000000002
11 65627626 rs631101 0.13268
11 65627865 rs147461140 0.10809
11 65627946 rs116208358 0.33102
11 65628007 rs61893865 0.00048253
11 65628334 rs13817 0.027212
11 65628641 rs188481619 0.59696
11 65628717 rs115853520 0.97469
11 65628736 rs80179338 0.35943
11 65628899 rs34381357 0.54704
11 65629036 rs373952217 0.39844
11 65629060 rs575085 0.67993
11 65629273 rs187081808 0.61022
11 65629482 rs148465534 0.11784000000000001
11 65629932 rs659857 0.023357
11 65629934 rs545500 0.023296
11 65630168 rs4515971 0.06502000000000001
11 65630436 rs78668370 0.22398
11 65630444 rs185200407 0.59696
11 65630698 rs538394 0.022566
11 65631127 rs150334520 0.84195
11 65631167 rs648732 0.022631000000000002
11 65631203 rs149199066 0.7317899999999999
11 65631361 rs34891773 0.00044297
11 65631642 rs116908055 0.91041
11 65631879 rs630758 0.021522
11 65631881 rs630755 0.021424000000000002
11 65631973 rs630303 0.021936
11 65632076 rs115472389 0.052008000000000006
11 65632262 rs558114 0.021055
11 65632507 rs61754785 0.006304
11 65632698 rs34962862 0.13582
11 65634586 rs149501798 0.2052
11 65634763 rs11820436 0.82342
11 65634870 rs537527660 0.98675
11 65635552 rs2234470 0.80406
11 65635559 rs594689 0.53418
11 65635719 rs118107504 0.30015
11 65636053 rs601314 0.17802
11 65636301 rs79851705 0.82185
11 65636436 rs111540401 0.57448
11 65636509 rs659824 0.58612
11 65636595 rs79186018 0.088528
11 65637076 rs570387 0.70487
11 65637273 rs501630 0.16278
11 65637773 rs147124207 0.22457
11 65637846 rs2234463 0.49259
11 65637919 rs72924781 0.81402
11 65637984 rs630394 0.098386
11 65638133 rs111550973 0.6439199999999999
11 65638140 rs181514768 0.51544
11 65638286 rs186044528 0.8175
11 65638584 rs138715022 0.98554
11 65638718 rs2234462 0.35825999999999997
11 65638719 rs633800 0.67179
11 65638844 rs2234461 0.23246
11 65638865 rs2234460 0.20390999999999998
11 65638972 rs149869007 0.8126899999999999
11 65639320 rs2234459 0.50565
11 65639374 rs2234458 0.24695999999999999
11 65639463 rs2234457 0.23305
11 65640562 rs2303385 0.26788
11 65640817 rs574820863 0.8882899999999999
11 65640906 rs7940691 0.28273000000000004
11 65641033 rs10896064 0.91243
11 65641169 rs558167 0.13351
11 65641496 rs112971520 0.0011556
11 65641518 rs7122843 0.95857
11 65641931 rs625652 0.2554
11 65642094 rs116997238 0.74785
11 65642931 rs150181376 0.23141
11 65643113 rs114735548 0.82986
11 65643596 rs191467873 0.42361000000000004
11 65643846 rs516889 0.14337
11 65644027 rs583887 0.0001354
11 65644144 rs77334201 0.93826
11 65644354 rs190954006 0.7424
11 65644363 rs679147 0.014337
11 65644910 rs76043753 0.93848
11 65645354 rs596002 0.00016165
11 65645519 rs141788175 0.24033000000000002
11 65645580 rs1204650 0.00013174
11 65645589 rs372047993 0.9239
11 65645831 rs1151519 0.00016277
11 65646211 rs538510134 0.34999
11 65646212 rs7110625 0.30153
11 65646216 rs7110405 0.29977
11 65646240 rs113697045 0.80658
11 65646247 rs180886350 0.9620299999999999
11 65646301 rs574405173 0.1596
11 65646557 rs601863 0.00016106
11 65646589 rs148796882 0.57658
11 65647105 rs12225345 0.024273
11 65647110 rs112825852 0.79923
11 65647260 rs658524 0.0001588
11 65647288 rs41302417 0.00038387
11 65647480 rs79235845 0.72046
11 65647517 11:65647517_T_A 0.72073
11 65647885 rs145650095 0.0095556
11 65647920 rs565940693 0.9984700000000001
11 65647980 rs645043 0.16847
11 65648135 rs645900 0.0001579
11 65648198 rs115375470 0.32106999999999997
11 65648327 rs74572640 0.14225
11 65648779 rs113802104 0.6177
11 65648835 rs201586595 0.4853
11 65649002 rs7122964 0.91417
11 65649203 rs190293474 0.2077
11 65649273 rs72924792 0.2942
11 65649398 rs60266590 0.10350999999999999
11 65649455 rs191724943 0.85367
11 65649484 rs12418781 0.30606
11 65649676 rs114953123 0.81916
11 65649774 rs604630 0.161
11 65649841 rs35994027 0.31262
11 65649984 rs687672 0.00012888
11 65650177 rs34035680 0.57977
11 65650283 rs606830 0.46793999999999997
11 65650515 rs35461885 0.27618000000000004
11 65650519 rs35925512 0.61833
11 65650883 rs35841983 0.00046359
11 65651464 rs36080962 0.14967
11 65651662 rs36090851 0.8234
11 65651830 rs658938 0.00012638
11 65652177 rs34484428 0.00037954
11 65652536 rs2231891 0.8096899999999999
11 65652584 rs35265924 0.82678
11 65653002 rs34330224 0.11773
11 65653147 rs111732020 0.56803
11 65653242 rs568617 0.00012418
11 65653309 rs694994 0.00012372
11 65653377 rs143968056 0.31745
11 65653447 rs36048695 0.83194
11 65653564 rs180950896 0.62142
11 65653582 rs528961675 0.26172
11 65654478 rs7946742 0.9413100000000001
11 65654618 rs111791333 0.5667399999999999
11 65654665 rs677931 0.00012392
11 65654678 rs35496887 0.79079
11 65654783 rs693824 0.00012432
11 65655393 rs641018 0.00012067
11 65655470 rs11559153 0.7588199999999999
11 65655539 rs34255955 0.7664300000000001
11 65655566 rs145310878 0.15708
11 65656036 rs34359217 0.79953
11 65656282 rs656980 0.00012318
11 65656564 rs2231884 0.017731999999999998
11 65656956 rs35957860 0.00057893
11 65656997 rs150091990 0.7594
11 65657093 rs55715348 0.6059100000000001
11 65657284 rs112021491 0.71436
11 65657913 rs2276318 0.094075
11 65657976 rs112280459 0.5791
11 65658004 rs146161054 0.39225
11 65658157 rs1048924 0.35197
11 65658721 rs199500126 0.81093
11 65658722 rs75556285 0.63203
11 65659093 rs61893894 0.00057957
11 65659199 rs76584642 0.7186600000000001
