CHR BP SNP P
7 138621113 rs76350208 0.83839
7 138621122 rs17160626 0.06740299999999999
7 138621466 rs182537451 0.042275
7 138621531 rs79580057 0.30077
7 138621533 rs76601689 0.30113
7 138621568 rs75403986 0.3374
7 138621690 rs76991286 0.28607
7 138621824 rs6975095 0.80357
7 138621829 rs146559296 0.55125
7 138621848 rs6975505 0.77846
7 138621854 rs140068721 0.5128699999999999
7 138621967 rs187446160 0.19743
7 138622249 rs6958124 0.33682
7 138622450 rs2718132 0.43288999999999994
7 138622451 rs2718133 0.34175
7 138622463 rs2718134 0.58705
7 138622507 rs112544150 0.9507399999999999
7 138622563 rs2718135 0.7236899999999999
7 138622572 rs2718136 0.074577
7 138622642 rs73478201 0.63226
7 138622872 rs58231963 0.0010605
7 138623010 rs79385253 0.57849
7 138623034 rs56314591 0.8321200000000001
7 138623045 rs55838238 0.8449399999999999
7 138623359 rs76324184 0.6668
7 138623472 rs73480103 0.037566
7 138623573 rs2774959 0.25695
7 138623611 rs2718137 0.73811
7 138623615 rs143500392 0.9347
7 138623927 rs73480107 0.49407
7 138623954 rs58489603 0.92801
7 138623970 rs150120313 0.86101
7 138623971 rs75818323 0.7598199999999999
7 138624121 rs2183513 0.95001
7 138624130 rs75624915 0.98116
7 138624131 rs2183514 0.9268299999999999
7 138624179 rs1010685 0.9177200000000001
7 138624303 rs138568815 0.8759999999999999
7 138624411 rs139400434 0.49313
7 138624458 rs113921667 0.00089426
7 138624500 rs75660907 0.59316
7 138624615 rs73729971 0.93037
7 138624630 rs142697388 0.48791
7 138624683 rs74869505 0.9267700000000001
7 138624718 rs111750399 0.8168
7 138624738 rs114824526 0.95236
7 138624831 rs186194587 0.6120800000000001
7 138624851 rs543010513 0.8774200000000001
7 138624868 rs190657493 0.5241
7 138624894 rs6962941 0.71004
7 138625371 7:138625371_A_C 0.63256
7 138625374 7:138625374_A_C 0.68538
7 138625375 rs552374870 0.5112399999999999
7 138625983 rs73729972 0.08880700000000001
7 138626175 rs2774961 0.71602
7 138626278 rs75956813 0.56771
7 138626308 rs185185987 0.34575
7 138626349 rs113492868 0.00093702
7 138626559 rs56293334 0.89975
7 138626581 rs150035549 0.90305
7 138626606 rs375166544 0.36443000000000003
7 138626649 rs77717268 0.7672399999999999
7 138626770 rs114847336 0.80298
7 138626813 rs574207409 0.68216
7 138626831 rs190084581 0.9943799999999999
7 138626887 rs61369700 0.7270800000000001
7 138626904 rs59450561 0.95875
7 138626923 rs61204310 0.9424100000000001
7 138626951 rs74998503 0.038245
7 138626987 rs2354339 0.74331
7 138627340 rs114863122 0.98559
7 138627347 rs79483994 0.62434
7 138627447 rs186444288 0.44785
7 138627548 rs143058583 0.9537399999999999
7 138627549 rs57615563 0.041029
7 138627627 rs62487043 0.72412
7 138627696 rs12707403 0.74435
7 138627743 rs12707404 0.26614
7 138627951 rs73168963 0.8271299999999999
7 138627997 rs12707405 0.30180999999999997
7 138628204 rs34036358 0.35817
7 138628324 rs146034585 0.25423
7 138628504 rs191716020 0.84186
7 138628710 rs60714039 0.4203
7 138628762 rs116289583 0.99334
7 138628908 rs2718138 0.45357
7 138628960 rs2183515 0.41406000000000004
7 138629210 rs149351838 0.99644
7 138629429 rs77156366 0.65398
7 138629743 rs142890006 0.97052
7 138629915 rs17160629 0.57716
7 138629979 rs114462331 0.60317
7 138630031 rs11975499 0.69245
7 138630058 rs117617456 0.18865
7 138630298 rs17680108 0.0023112
7 138630333 rs2774963 0.15515
7 138630518 rs2774964 0.14882
7 138630965 rs147959865 0.29341
7 138631295 rs111737000 0.0023986999999999997
7 138631487 rs112339029 0.0024131
7 138631547 rs2718139 0.15103
7 138631573 rs112630890 0.17685
7 138631779 rs145478284 0.40192
7 138632006 rs73729974 0.092962
7 138632316 rs115166445 0.08994400000000001
7 138632401 rs143507917 0.37096999999999997
7 138632455 rs2774966 0.77552
7 138632949 rs76252350 0.70107
7 138633042 rs116414413 0.8882399999999999
7 138633120 rs2718140 0.13963
7 138633158 rs2774967 0.14991
7 138633341 rs73168966 0.8733799999999999
7 138633622 rs138758124 0.30743000000000004
7 138633672 rs141384433 0.40756
7 138633677 rs2774968 0.1473
7 138633747 rs115019183 0.8113100000000001
7 138633905 rs2774969 0.74724
7 138634385 rs73729975 0.06501
7 138634450 rs147276814 0.36841999999999997
7 138634509 rs17680252 0.87046
7 138634606 rs79272143 0.68835
7 138634775 rs114506166 0.70765
7 138635009 rs2718141 0.6913699999999999
7 138635537 rs7788440 0.096024
7 138635601 rs189278246 0.70139
7 138635733 rs180836049 0.8989799999999999
7 138635771 rs114050513 0.76454
7 138635915 rs73730548 0.9380299999999999
7 138635922 rs113794793 0.0026945999999999997
7 138636083 rs147520527 0.35951
7 138636111 rs75996957 0.83619
7 138636113 rs2774970 0.68002
7 138636131 rs76837189 0.97075
7 138636190 rs148581552 0.36876
7 138636307 rs2718142 0.68614
7 138636364 rs2774971 0.16309
7 138636369 rs2774972 0.64304
7 138636475 rs9656509 0.32683
7 138636516 rs142989867 0.67703
7 138636668 rs10250498 0.27709
7 138636964 rs186438634 0.81287
7 138637078 rs112198779 0.75431
7 138637088 rs2252738 0.7057100000000001
7 138637717 rs17680425 0.0027659000000000004
7 138637876 rs529976590 0.3864
7 138637993 rs146454167 0.36336999999999997
7 138638154 rs56280989 0.16087
7 138638187 rs2774973 0.71124
7 138638245 rs117260155 0.7228399999999999
7 138638370 rs506001 0.70594
7 138638376 rs73730549 0.063183
7 138638407 rs648910 0.70049
7 138638455 rs648984 0.69992
7 138638484 rs2354340 0.25368
7 138638522 rs115212077 0.16885
7 138638555 rs649428 0.72483
7 138638584 rs507845 0.6716300000000001
7 138638651 rs148897955 0.24677
7 138638662 rs4371952 0.65979
7 138638846 rs661079 0.69429
7 138638904 rs143614599 0.34378000000000003
7 138638955 rs17680614 0.0028134
7 138638991 rs511477 0.6091
7 138639013 rs141845471 0.16162
7 138639016 rs512167 0.64985
7 138639065 rs512290 0.64772
7 138639096 rs17680694 0.1465
7 138639103 rs662359 0.64079
7 138639460 rs78597317 0.060957000000000004
7 138639660 rs74565049 0.2486
7 138639832 rs540649 0.7692399999999999
7 138640017 rs764354916 0.26352
7 138640153 rs7809491 0.06244299999999999
7 138640160 rs74836887 0.5444
7 138640201 rs677614 0.60373
7 138640281 rs55710005 0.033807
7 138640301 rs55868234 0.054836
7 138640507 rs117261308 0.0034460000000000003
7 138640533 rs186520753 0.64023
7 138640605 rs148389880 0.16779000000000002
7 138640631 rs569048 0.85144
7 138640703 rs113329157 0.015385
7 138640800 rs570177 0.61248
7 138640828 rs570894 0.59254
7 138640867 rs113532014 0.054526
7 138640874 rs570999 0.5923
7 138640882 rs79669611 0.054613999999999996
7 138641054 rs583749 0.6070300000000001
7 138641153 rs189846020 0.77957
7 138641282 rs485318 0.62744
7 138641313 rs61708089 0.059833000000000004
7 138641321 rs57156160 0.059838999999999996
7 138641328 rs767170879 0.020612000000000002
7 138641367 rs486220 0.63231
7 138641368 rs142315053 0.44675
7 138641412 rs181119350 0.75573
7 138641591 rs61665181 0.057637
7 138641884 rs73730550 0.061068
7 138641908 rs59137671 0.7411
7 138641911 rs12707428 0.63394
7 138641969 rs118162353 0.9264899999999999
7 138642155 rs12707429 0.6318699999999999
7 138642348 rs2774974 0.62947
7 138642466 rs6954773 0.034186
7 138642509 rs552026 0.63248
7 138642599 rs115185471 0.37576
7 138642602 rs552946 0.6544800000000001
7 138642664 rs188189716 0.33249
7 138642779 rs79940173 0.52483
7 138642916 rs1463913 0.061350999999999996
7 138642979 rs116440769 0.19218
7 138642994 rs550405952 0.8976799999999999
7 138643333 rs580342 0.8536
7 138643408 rs117756007 0.57562
7 138643428 rs615104 0.90496
7 138644001 rs145517745 0.8899299999999999
7 138644044 rs17160639 0.28712
7 138644275 rs78445081 0.8097300000000001
7 138644343 rs629494 0.8714200000000001
7 138644387 rs74438724 0.79486
7 138644441 rs501492 0.12108
7 138644484 rs186260379 0.74574
7 138644551 rs111774382 0.0040687
7 138644604 rs75790316 0.9389
7 138644643 rs28435649 0.029539999999999997
7 138644951 rs2774975 0.8974200000000001
7 138645257 rs56108787 0.028957
7 138645287 rs529889 0.9011299999999999
7 138645354 rs114693054 0.38139
7 138645488 rs35288272 0.11832000000000001
7 138645544 rs532557 0.89489
7 138645605 rs17160643 0.029514
7 138645616 rs56232918 0.029505
7 138645919 rs58789290 0.029663
7 138646147 rs56275019 0.9725799999999999
7 138646212 rs12113371 0.28026999999999996
7 138646276 rs675038 0.11913
7 138646317 rs675396 0.88484
7 138646413 rs190026670 0.65967
7 138646572 rs116075341 0.8005800000000001
7 138646707 rs73732905 0.25633
7 138646871 rs6948532 0.9837899999999999
7 138646953 rs17160647 0.03028
7 138646967 rs6968541 0.26891
7 138647032 rs149911712 0.36643000000000003
7 138647053 rs6968585 0.030876999999999998
7 138647227 rs1463914 0.030195
7 138647343 rs480690 0.11637
7 138647357 rs582427 0.11815999999999999
7 138647491 rs1463915 0.031076999999999997
7 138647743 rs6467819 0.029856
7 138647822 rs111923397 0.4158
7 138647945 rs2774976 0.9247299999999999
7 138647995 rs6954036 0.030297
7 138648002 rs56882816 0.5930300000000001
7 138648173 rs150225134 0.52695
7 138648188 rs10215417 0.030739999999999996
7 138648207 rs113958929 0.004406
7 138648234 rs113383654 0.0040966
7 138648385 rs617339 0.9181600000000001
7 138648412 rs111770139 0.42191999999999996
7 138648419 rs512009 0.92522
7 138648421 rs512011 0.10993
7 138648522 rs7791570 0.031024
7 138648537 rs512927 0.11074
7 138648711 rs111475252 0.0044213
7 138648846 7:138648846_C_T 0.8094399999999999
7 138649014 rs73732912 0.47661000000000003
7 138649178 rs73732913 0.52093
7 138649222 rs73732914 0.54032
7 138649245 rs73732915 0.53861
7 138649333 rs73732916 0.51171
7 138649762 rs112315201 0.50368
7 138649931 rs75235858 0.49886
7 138650091 rs73732918 0.49438999999999994
7 138650180 rs111366468 0.020558
7 138650265 rs114179124 0.83454
7 138650341 rs145167813 0.8308200000000001
7 138650542 rs60665143 0.4964
7 138650553 rs10227541 0.037527
7 138651189 rs115344693 0.24795999999999999
7 138651313 rs7802926 0.047466
7 138651394 rs145788795 0.38963000000000003
7 138651644 rs115377489 0.5425
7 138651772 rs114554685 0.38117
7 138651978 rs74932816 0.3119
7 138651992 rs115953177 0.5368
7 138652102 rs73732919 0.8931899999999999
7 138652302 rs76093331 0.26181
7 138652424 rs78589388 0.53551
7 138652933 rs7776888 0.8828799999999999
7 138653172 rs77318067 0.24276
7 138653400 rs112826312 0.048762
7 138653549 rs113184076 0.0045167
7 138653569 rs150591469 0.95285
7 138653754 rs113622959 0.0043392
7 138653773 rs79247158 0.11147
7 138653963 rs10277638 0.30236
7 138654008 rs7790930 0.015550999999999999
7 138654051 rs7791224 0.015663
7 138654122 rs7791097 0.0054976999999999995
7 138654230 rs114189194 0.52679
7 138654401 rs146595845 0.5179699999999999
7 138654524 rs61508272 0.015358000000000002
7 138654693 rs79558931 0.074655
7 138655098 rs111902597 0.0048738
7 138655158 rs77609047 0.50618
7 138655174 rs117071539 0.40951
7 138655193 rs77025540 0.546
7 138655996 rs75073979 0.5151399999999999
7 138656168 rs112153864 0.0030106
7 138656297 rs4321935 0.056621000000000005
7 138656594 rs76016536 0.51076
7 138656653 rs113393991 0.0027851
7 138656843 rs115293116 0.66779
7 138657316 rs78966324 0.24461999999999998
7 138657643 rs2013525 0.037964
7 138657808 rs28457802 0.037368
7 138658083 rs184380337 0.46169
7 138658641 rs116328170 0.66571
7 138658791 rs80263035 0.50564
7 138658805 rs535082 0.70578
7 138659571 rs73731173 0.28698
7 138659854 rs55962673 0.6161800000000001
7 138660311 rs6952500 0.71602
7 138660337 rs6952395 0.13204000000000002
7 138660338 rs148007526 0.44968
7 138660341 rs73731174 0.69528
7 138660422 rs140799243 0.040632999999999996
7 138660446 rs10247002 0.14146
7 138660711 rs58976953 0.45797
7 138660784 rs7809149 0.7036
7 138661324 rs117602257 0.025245
7 138661559 rs115779842 0.49162
7 138661639 rs74413199 0.48991
7 138661838 rs116724339 0.48693000000000003
7 138661900 rs61505679 0.62547
7 138661920 rs116496562 0.48599
7 138661961 rs78591405 0.34131
7 138662431 rs543187214 0.63893
7 138662514 rs541294101 0.8921
7 138662515 rs146275447 0.17683
7 138662689 rs191363244 0.32787
7 138663001 rs57462700 0.12925
7 138663117 rs114842967 0.4743
7 138664061 rs147746236 0.46593999999999997
7 138664102 rs115763208 0.7533
7 138664132 rs1888349 0.1666
7 138664321 rs11983082 0.27931
7 138664390 rs180818349 0.1792
7 138664437 rs149876466 0.71282
7 138664706 rs77797184 0.43838999999999995
7 138665101 rs55635149 0.26261999999999996
7 138665338 rs79517735 0.37516
7 138665542 rs150609233 0.45319
7 138665598 rs80051154 0.69345
7 138665886 rs188225028 0.87982
7 138666409 rs182305166 0.41031999999999996
7 138666495 rs542178502 0.69752
7 138666541 rs186637145 0.40199
7 138666542 rs192570605 0.40125
7 138666616 rs115927299 0.6905600000000001
7 138666625 rs116271696 0.55111
7 138666742 rs147310652 0.8813
7 138666803 rs77357086 0.43543000000000004
7 138666892 rs116665521 0.81097
7 138667027 rs142473211 0.16352
7 138667211 rs76931936 0.3582
7 138667221 rs28498618 0.14712999999999998
7 138667468 rs11973031 0.26816
7 138667788 rs6977460 0.11913
7 138667875 rs145435124 0.17246
7 138668225 rs143192789 0.68625
7 138668294 rs148288763 0.6342800000000001
7 138668360 rs62488864 0.5985199999999999
7 138668614 rs11974177 0.48288000000000003
7 138668662 rs11980846 0.42868999999999996
7 138668829 rs867488 0.10292000000000001
7 138669102 rs11974244 0.38722
7 138669170 rs78680757 0.46768999999999994
7 138669173 rs78339482 0.7417199999999999
7 138669199 rs73731177 0.45507
7 138669298 rs140944757 0.88854
7 138669323 rs73731178 0.35101
7 138669367 rs545722 0.36845
7 138669414 rs73731179 0.38661999999999996
7 138669560 rs73731180 0.4324
7 138669638 rs144840450 0.5182100000000001
7 138669978 rs13438289 0.16907
7 138670278 rs142054876 0.8743200000000001
7 138670337 rs139176447 0.37061
7 138670362 rs13437997 0.34748
7 138670918 rs67210627 0.10285
7 138671020 rs62488865 0.10082
7 138671164 rs6956458 0.08853
7 138671514 rs6960681 0.12467
7 138671784 rs555535581 0.55794
7 138671949 rs112603120 0.67923
7 138672032 rs112106298 0.65141
7 138672146 rs138317750 0.73787
7 138672212 rs56154979 0.8961399999999999
7 138672792 rs148650746 0.85129
7 138673047 rs62488866 0.10834
7 138673121 rs7799691 0.8965
7 138673233 rs78767579 0.8938
7 138673422 rs4732342 0.11675
7 138673460 rs6943130 0.65179
7 138673567 rs4732343 0.13363
7 138673811 rs6943376 0.10887000000000001
7 138674144 rs62488868 0.099126
7 138674223 rs147659001 0.71465
7 138674252 rs142348372 0.018932
7 138674382 rs115900360 0.33004
7 138674599 rs116255940 0.56139
7 138674738 rs112354829 0.64767
7 138674893 rs28424152 0.11673
7 138674951 rs78069468 0.20047
7 138675771 rs145951991 0.3953
7 138675796 rs56339467 0.34695
7 138676070 rs113307813 0.12997
7 138677071 rs115161727 0.65515
7 138677284 rs113152122 0.71768
7 138677481 rs7797152 0.12999000000000002
7 138677594 rs35533014 0.452
7 138677998 rs116065529 0.18683
7 138678347 rs114688826 0.2375
7 138678349 rs10269861 0.14576
7 138678353 rs17607706 0.58937
7 138678968 rs10273560 0.00041597
7 138679553 rs10500128 4.6119e-05
7 138679735 rs114421077 0.65504
7 138680168 rs111741047 0.97715
7 138681233 rs7777510 5.1278999999999995e-05
7 138681318 rs7778024 0.90076
7 138681482 rs116254620 0.12568
7 138681729 rs112269771 0.9966200000000001
7 138682454 rs76356478 0.56243
7 138682602 rs149246547 0.63464
7 138683008 rs10274683 0.0025905
7 138683022 rs10274770 0.0028055999999999997
7 138683036 rs183407154 0.46852
7 138683286 rs76137556 0.19355999999999998
7 138683433 rs76404866 0.6775899999999999
7 138684264 rs149981191 0.71286
7 138684788 rs140670232 0.9813
7 138684840 rs76582378 0.68785
7 138685456 rs113150200 0.89954
7 138685568 rs10264394 0.93595
7 138686219 rs58003099 1.4474e-05
7 138686411 rs118137744 0.8917200000000001
7 138686725 rs58105821 0.34815999999999997
7 138686848 rs73731182 0.9017200000000001
7 138687878 rs141802372 0.5736100000000001
7 138688054 rs146051890 0.62246
7 138688235 rs12539353 1.3512e-06
7 138688237 rs62488870 1.5964e-05
7 138688420 rs140033347 0.9496100000000001
7 138688617 rs62488871 1.7197e-05
7 138688678 rs58628630 0.9424899999999999
7 138689249 rs139651875 0.71603
7 138689331 rs114992718 0.28341
7 138689415 rs10237715 1.8102e-06
7 138689998 rs2354972 1.8288e-06
7 138690145 rs2354973 1.1686e-06
7 138690901 rs9690096 1.5138e-06
7 138690999 rs9690102 0.34255
7 138691026 rs145815600 0.66714
7 138691213 rs28833513 0.64015
7 138691287 rs55887011 0.86716
7 138691338 rs4644184 1.6869e-05
7 138692264 rs1604913 1.469e-05
7 138692417 rs1604912 1.2828e-05
7 138692561 rs10234691 0.33741
7 138692674 rs78677197 0.92256
7 138693171 rs35484203 0.32686
7 138693236 rs114269707 0.85888
7 138693633 rs76666697 0.8897
7 138693745 rs77603707 0.64481
7 138693791 rs7808205 0.26305
7 138693945 rs7789244 0.33647
7 138694339 rs10277026 2.0367e-05
7 138694732 rs772597582 0.614
7 138695388 rs113684902 0.65032
7 138695662 rs6948578 0.7249
7 138695867 rs6966686 1.064e-06
7 138696018 rs1272625 1.3149000000000001e-06
7 138696170 rs186653774 0.43076000000000003
7 138696331 rs144763524 0.38833
7 138696346 rs74377080 0.22199000000000002
7 138696377 rs79279934 0.27491
7 138696665 rs113096045 0.63246
7 138696697 rs193090667 0.40341
7 138696919 rs184964031 0.10092999999999999
7 138696995 rs528173832 0.63098
7 138697024 rs28635579 0.9879899999999999
7 138697095 rs80235210 0.8580700000000001
7 138697200 rs77301145 0.97519
7 138697434 rs150203402 0.76755
7 138697438 rs28391108 2.4698e-07
7 138697439 rs189859639 0.73835
7 138697539 rs181058820 0.3988
7 138697814 rs536614228 0.21484
7 138697815 rs549827908 0.21484
7 138697895 rs113399130 0.64832
7 138697938 rs543380071 0.44583
7 138697944 rs113243734 0.8035899999999999
7 138697996 rs144393532 0.15391
7 138698161 rs74998733 0.41283000000000003
7 138698346 rs76879886 0.6472399999999999
7 138698733 rs79823685 0.6815899999999999
7 138698738 rs112443112 0.91001
7 138698804 rs17160679 0.89089
7 138698825 rs6945033 9.6681e-07
7 138698890 rs115758917 0.024406
7 138698918 rs150519516 0.08577699999999999
7 138699164 rs78935917 0.91994
7 138699410 rs6945771 0.96515
7 138699532 rs112340132 0.31811
7 138699590 rs7802493 0.8754299999999999
7 138699615 rs114499268 0.08157400000000001
7 138699794 rs35445388 8.706200000000001e-07
7 138699900 rs111705115 0.92995
7 138699928 rs73465397 0.44445
7 138699950 rs145081541 0.33753
7 138699987 rs112546560 0.48196000000000006
7 138700200 rs113127970 0.82955
7 138700217 rs77256794 0.93063
7 138700397 rs148304764 0.67473
7 138700503 rs143990365 0.044505
7 138700626 rs150678070 0.45453000000000005
7 138700958 rs149439166 0.72933
7 138701452 rs193008727 0.91658
7 138701496 rs67343126 8.212399999999999e-07
7 138701525 rs115762133 0.82893
7 138701618 rs76216684 0.8973
7 138701633 rs10279634 5.4692e-07
7 138701707 rs10279658 5.6372e-07
7 138701751 rs76013295 0.49273999999999996
7 138702025 rs2150284 1.3537e-06
7 138702364 rs10280557 0.9506899999999999
7 138702579 rs150991075 0.22848000000000002
7 138702663 rs114078838 0.13473
7 138702918 rs10255005 6.868999999999999e-07
7 138703043 rs112752803 0.8260799999999999
7 138703246 rs116939665 0.8851700000000001
7 138703811 rs6963434 0.09038099999999999
7 138703866 rs111382795 0.17404
7 138703923 rs116181876 0.12986
7 138704095 rs10266403 0.96641
7 138704135 rs10252810 4.9744e-07
7 138704180 rs551479665 0.25290999999999997
7 138704245 rs13233349 4.8788e-07
7 138704277 rs138387621 0.18157
7 138704352 rs111899274 0.5208699999999999
7 138704371 rs13233668 6.1488e-07
7 138704549 rs114348319 0.51637
7 138704617 rs115559794 0.52277
7 138704763 rs527831101 0.14340999999999998
7 138704789 rs77219962 0.94432
7 138704812 rs77688016 0.27141
7 138704962 rs11978414 5.2187e-07
7 138705000 rs569994735 0.14234000000000002
7 138705016 rs6948857 4.4973e-07
7 138705315 rs6949615 3.7067e-07
7 138705391 rs10257178 3.6757e-07
7 138705581 rs28692857 0.94939
7 138705618 rs10244952 3.9785e-07
7 138705619 rs10274315 0.10827
7 138705663 rs35299620 4.1276000000000005e-07
7 138705792 rs116431976 0.9452200000000001
7 138705891 rs537138075 0.14297
7 138706005 rs185793253 0.319
7 138706199 rs35827488 3.5686e-07
7 138706236 rs35069569 4.2147e-07
7 138706633 rs6959374 0.12913
7 138706791 rs188779781 0.12462999999999999
7 138707177 rs10249949 4.0585e-07
7 138707380 rs76166456 0.99989
7 138707864 rs192271569 0.09523
7 138707893 rs148666958 0.094362
7 138707961 rs185634727 0.61033
7 138708484 rs10257087 2.9939e-07
7 138708785 rs142195020 0.07385800000000001
7 138708849 rs10257544 3.9689e-07
7 138708946 rs10257884 4.2871000000000003e-07
7 138709094 rs55712496 0.55407
7 138709899 rs113800983 0.37967
7 138710277 rs114805308 0.11120999999999999
7 138710300 rs75297947 0.94724
7 138710311 rs576093395 0.13427999999999998
7 138710477 rs116354985 0.35206
7 138710532 rs115731935 0.11042
7 138710640 rs113856201 0.37163
7 138710803 rs143088993 0.7964899999999999
7 138710903 rs10265929 0.9398299999999999
7 138710961 rs76416666 0.17522000000000001
7 138711174 rs141661116 0.063067
7 138711204 rs77941163 0.37685
7 138711246 rs115015323 0.1074
7 138711291 rs111769764 0.05992000000000001
7 138711301 rs112188746 0.087158
7 138711419 rs114294873 0.20601
7 138711766 rs79565778 0.9448700000000001
7 138712254 rs10085525 4.9198e-07
7 138712675 rs74446073 0.1971
7 138712700 rs10085553 4.528899999999999e-07
7 138712735 rs75816557 0.21529
7 138712839 rs6467820 4.4366000000000004e-07
7 138712858 rs113865575 0.051848000000000005
7 138712875 rs6953873 4.312e-07
7 138713043 rs140514071 0.18179
7 138713302 rs116061837 0.11539
7 138713400 rs3735009 0.92595
7 138713476 rs17856272 0.060961
7 138713674 rs7800990 0.94973
7 138713715 rs11767739 5.818899999999999e-07
7 138714401 rs79032260 0.26300999999999997
7 138714489 rs116850977 0.9041100000000001
7 138714539 rs6973309 0.8797
7 138714621 rs6973342 0.079847
7 138714717 rs116651740 0.43176000000000003
7 138714804 rs149454947 0.40205
7 138714880 rs113012953 0.76323
7 138714881 rs546399767 0.58708
7 138714888 rs11768697 7.427600000000001e-07
7 138714917 rs111939325 0.016876
7 138714919 rs148214014 0.37366
7 138714924 rs11768724 6.875399999999999e-07
7 138715152 rs11772499 1.1782e-06
7 138715232 rs143692531 0.7015399999999999
7 138715375 rs11768851 7.498999999999999e-07
7 138715546 rs185225938 0.92861
7 138715574 rs538059151 0.36395
7 138715581 rs577669958 0.30601
7 138715585 rs560132611 0.19613
7 138715643 rs76927312 0.12007000000000001
7 138715731 rs10280239 6.2663e-07
7 138715751 rs115894519 0.1055
7 138715914 rs10235300 7.123e-07
7 138715951 rs10280516 6.992100000000001e-07
7 138716032 rs10265107 7.394199999999999e-07
7 138716141 rs12532620 7.366299999999999e-07
7 138716186 rs12532624 6.871e-07
7 138716270 rs10954639 6.267e-07
7 138716310 rs140629067 0.022087
7 138716465 rs10238813 0.9236700000000001
7 138716523 rs138389011 0.66655
7 138716551 rs141197617 0.39814
7 138716558 rs551813461 0.9575600000000001
7 138716608 rs11974380 7.9247e-07
7 138716714 rs138057081 0.26261
7 138716728 rs180957099 0.012166
7 138716754 rs114658310 0.21781999999999999
7 138716837 rs116565196 0.51169
7 138717039 rs11763857 1.0376e-06
7 138717066 rs11770688 8.2635e-07
7 138717102 rs115617482 0.12908
7 138717151 rs11760774 1.1972e-06
7 138717254 rs11770802 7.712699999999999e-07
7 138717762 rs7785411 6.6509e-07
7 138717774 rs7804434 6.981100000000001e-07
7 138717786 rs114075377 0.13494
7 138717890 rs115260717 0.95801
7 138717924 rs116739358 0.045549
7 138718423 rs6973015 5.070399999999999e-07
7 138718580 rs77190975 0.40579
7 138718721 rs150817349 0.7769
7 138719022 rs76589162 0.79728
7 138719231 rs7810237 4.5405e-07
7 138719490 rs78981235 0.79045
7 138719498 rs114393480 0.79299
7 138719929 rs58998812 0.67302
7 138719959 rs116824302 0.054176
7 138719967 rs193191645 0.19251
7 138719995 rs75243478 0.09773
7 138720123 rs548679086 0.61628
7 138720186 rs184631964 0.097127
7 138720245 rs557031137 0.18168
7 138721021 rs2279860 4.5019999999999995e-08
7 138721360 rs79395095 0.6562100000000001
7 138721629 rs116954449 0.77878
7 138721631 rs60228490 0.44656999999999997
7 138721741 rs60283446 0.53188
7 138721857 rs78231316 0.018419
7 138721868 rs3907703 6.2618e-08
7 138721901 rs3857873 7.155e-08
7 138721940 rs3847126 5.7987e-08
7 138722020 rs76123002 0.80379
7 138722104 rs1394491 1.0415999999999999e-07
7 138722124 rs73467738 0.52246
7 138722246 rs76754944 0.41321
7 138722435 rs146943885 0.051072
7 138722452 rs17160685 0.48194
7 138722533 rs6978294 0.9795799999999999
7 138722657 rs114547338 0.17494
7 138722893 rs6961250 2.6561e-07
7 138723576 rs74340149 0.9827
7 138723657 rs76542634 0.42803
7 138723742 rs10954640 5.124000000000001e-07
7 138723800 rs10246382 2.5739999999999996e-07
7 138723867 rs10276304 2.9424e-07
7 138723938 rs28600335 0.60096
7 138723958 rs13241804 0.35491999999999996
7 138724116 rs10246875 2.6906999999999996e-07
7 138724128 rs28567563 0.58704
7 138724378 rs181031001 0.012553
7 138724431 rs112467665 0.76718
7 138724823 rs143081181 0.015729
7 138724873 rs10280416 4.4034e-07
7 138724878 rs12113941 0.8834
7 138725017 rs74493069 0.40628000000000003
7 138725111 rs151185001 0.15068
7 138725446 rs7778223 2.564e-07
7 138725851 rs144736366 0.70052
7 138725878 rs10225558 2.6491999999999997e-07
7 138725975 rs7782652 0.34437
7 138726018 rs56026033 0.7476
7 138726194 rs7799893 5.4385e-07
7 138726288 rs7800056 6.0365e-07
7 138726347 rs7800079 1.026e-06
7 138726383 rs7783270 5.6037e-07
7 138726421 rs73732147 0.90901
7 138726542 rs73732148 0.8634299999999999
7 138726679 rs73732149 0.79045
7 138726705 rs73732150 0.9238299999999999
7 138726856 rs59047924 0.5329699999999999
7 138726860 rs115293797 0.4128
7 138726864 rs17160697 0.83591
7 138727025 rs148857735 0.11445
7 138727353 rs10245897 0.76688
7 138727465 rs141083126 0.6443300000000001
7 138727735 rs190705794 0.41322
7 138727771 rs111377784 0.80933
7 138728018 rs59023152 0.85369
7 138728196 rs113363789 0.06649
7 138728378 rs187854085 0.09592200000000001
7 138728857 rs73732151 0.6386
7 138729096 rs139247573 0.5154
7 138729351 rs75375718 0.036219
7 138729525 rs112488724 0.9786
7 138729795 rs10271373 2.5113000000000005e-07
7 138729899 rs115581145 0.47289
7 138729984 rs79181577 0.25727
7 138730025 rs1044551 5.1082e-06
7 138730361 rs7803490 7.6612e-06
7 138730608 rs74443567 0.65399
7 138730730 rs9338 0.0038177
7 138731343 rs3187141 0.68192
7 138731398 rs1047129 5.0839e-06
7 138731687 rs2354335 4.2802e-06
7 138731688 rs78528497 0.86056
7 138731810 rs10265856 3.3363e-06
7 138731843 rs10250435 3.4779e-06
7 138731859 rs10250646 3.3673000000000004e-06
7 138731898 rs10250457 2.9487000000000002e-06
7 138731904 rs10250460 2.9254000000000004e-06
7 138731967 rs5022946 4.3031e-06
7 138731988 rs5022945 4.4303e-06
7 138732052 rs5022944 4.4389e-06
7 138732107 rs5022943 4.795e-06
7 138732186 rs73732152 0.56955
7 138732216 rs541530592 0.31771
7 138732274 rs3087999 6.8646e-06
7 138732457 rs3735008 4.1479000000000006e-06
7 138732497 rs3735007 6.5634000000000006e-06
7 138732794 rs3823544 4.4521e-06
7 138732876 rs9886296 6.8439e-06
7 138733123 rs6966846 3.7824e-06
7 138733208 rs112078674 0.9762299999999999
7 138733209 rs537342299 0.7109
7 138733313 rs11978040 0.64786
7 138733340 rs11981663 0.65189
7 138733577 rs115917764 0.92551
7 138733769 rs77343259 0.41767
7 138733994 rs60717318 0.67209
7 138734193 rs10266407 0.87019
7 138734194 rs143361442 0.77804
7 138734210 rs34416654 4.1928e-06
7 138734278 rs73732356 0.42876000000000003
7 138734508 rs73732358 0.42608
7 138734838 rs10270221 6.5914e-06
7 138735028 rs76550958 0.49818999999999997
7 138735270 rs7782919 0.76782
7 138735322 rs10241704 0.33866
7 138735406 rs7783317 0.091021
7 138735413 rs7783319 0.094626
7 138735512 rs10273974 1.208e-06
7 138735560 rs535933674 0.63226
7 138735698 rs76560371 0.10575999999999999
7 138735734 rs10245175 1.3118e-06
7 138736281 rs184117116 0.87621
7 138736355 rs34625081 0.70192
7 138736407 rs34061940 0.10395
7 138736674 rs540596124 0.87071
7 138736845 rs376854580 0.1362
7 138736981 rs111656239 0.086863
7 138737212 rs141973233 0.5323
7 138737300 rs111458205 0.49368999999999996
7 138737489 rs138970180 0.57985
7 138737600 rs142345908 0.12966
7 138737625 rs57714567 0.49453
7 138737805 rs568400244 0.86564
7 138737841 rs10253351 0.4914
7 138737868 rs58113645 0.41305
7 138737988 rs117984053 0.7094600000000001
7 138738204 rs11977775 0.45348
7 138738249 rs61743965 0.9281799999999999
7 138738559 rs61180719 0.49588000000000004
7 138738564 rs116089143 0.24564
7 138739154 rs367563714 0.25844
7 138739156 rs76620321 0.13193
7 138739735 rs112004394 0.047777999999999994
7 138739816 rs10261597 0.0042496
7 138740020 rs114114457 0.25449
7 138740037 rs2297236 0.0035518
7 138740186 rs2297237 0.0034850000000000003
7 138740195 rs2297238 0.0034607
7 138740224 rs2297239 0.0035735
7 138740240 rs2297240 0.0037978
7 138740462 rs141619109 0.87489
7 138740532 rs7776526 0.0038766999999999994
7 138740602 rs150429835 0.10344
7 138740772 rs7776710 0.0040237
7 138740792 rs73467792 0.48362
7 138740963 rs34310632 0.11599999999999999
7 138741042 rs34070890 0.0038207999999999996
7 138741269 rs149188617 0.15691
7 138741586 rs62485905 0.0018215999999999998
7 138741642 rs10269987 0.0035028
7 138741833 rs28489997 0.039552
7 138741934 rs28419035 0.44548999999999994
7 138741951 rs28610411 0.0033551
7 138741977 rs117913927 0.25167
7 138741986 rs28408954 0.0037311999999999996
7 138742775 rs17133444 0.052832000000000004
7 138742792 rs12666903 0.94005
7 138742862 rs12666931 0.99374
7 138742981 rs17133451 0.035013
7 138743449 rs767611057 0.35107
7 138744100 rs10272189 0.051002
7 138744824 rs199976479 0.80083
7 138745587 rs114293787 0.85198
7 138746752 rs7779972 0.033576999999999996
7 138747732 rs57352501 0.80233
7 138748432 rs79517923 0.48583000000000004
7 138748805 rs3800604 0.77735
7 138749582 rs75367132 0.69202
7 138750377 rs764746727 0.52747
7 138751616 rs10230683 0.9114399999999999
7 138753068 rs187352738 0.37196
7 138755004 rs3800603 0.8078
7 138755211 rs10280498 0.87956
7 138755266 rs181276748 0.73948
7 138755849 rs115541065 0.64376
7 138756957 rs10258917 0.81174
7 138757180 rs6972146 0.81171
7 138758449 rs111321250 0.61042
7 138758583 rs66770423 0.9422299999999999
7 138758992 rs12672266 0.83431
7 138760046 rs58343964 0.5041800000000001
7 138760057 rs28562810 0.9748399999999999
7 138760317 rs117776115 0.38787
7 138760718 rs12534412 0.9658700000000001
7 138761034 rs2297241 0.55579
7 138761308 rs10262217 0.97601
7 138762048 rs56052350 0.39537
7 138762083 rs55901130 0.36230999999999997
7 138762115 rs56405715 0.96552
7 138762534 rs77988871 0.65031
7 138762928 rs55729627 0.36372
7 138762980 rs55975111 0.35631
7 138763654 rs2236423 0.9891
7 138764060 rs2236424 0.9867600000000001
7 138764145 rs2236425 0.98972
7 138764233 rs2236426 0.46042
7 138764803 rs138485120 0.053148
7 138765167 rs79353564 0.33187
7 138765381 rs75963664 0.307
7 138765397 rs182104939 0.9322299999999999
7 138765443 rs73170907 0.011547
7 138765600 rs17160713 0.31492
7 138765806 rs75819597 0.33255
7 138765933 rs117160058 0.55858
7 138766577 rs978924 0.040678
7 138766877 rs189161917 0.8522799999999999
7 138766913 rs11978671 0.33895
7 138766964 rs192490549 0.60209
7 138767462 rs4732348 0.039961
7 138767526 rs75286026 0.34449
7 138767627 rs75229985 0.33851
7 138768839 rs6943128 0.029949
7 138768893 rs881670 0.34345
7 138768983 rs881669 0.34224
7 138770415 rs9690859 0.012535
7 138770660 rs12671322 0.31658000000000003
7 138771146 rs55946764 0.0057466
7 138771613 rs76922472 0.32543
7 138771766 rs79458798 0.46892
7 138771905 rs12535022 0.012386
7 138771963 rs79200625 0.32306999999999997
7 138772586 rs6467821 0.011655
7 138773011 rs6467822 0.024349000000000003
7 138773301 rs12707434 0.8746299999999999
7 138773823 rs144088888 0.37418
7 138773825 rs146489846 0.35553
7 138773835 rs12532665 0.020406999999999998
7 138773903 rs555175908 0.60953
7 138774077 rs76309012 0.006447
7 138774152 rs12667708 0.37367
7 138774750 rs112076288 0.30546
7 138774826 rs180697509 0.7679
7 138775146 rs56374747 0.30394
7 138775621 rs75808578 0.30085
7 138775668 rs77028647 0.30291999999999997
7 138775783 rs34751423 0.72532
7 138776093 rs6467823 0.0067659999999999994
7 138776222 rs112273128 0.0054302
7 138776500 rs7790567 0.007923600000000001
7 138776909 rs6467824 0.009568700000000001
7 138777332 rs6958991 0.0085381
7 138777415 rs12672278 0.0035210000000000003
7 138778447 rs7780069 0.011681
7 138778604 rs7801123 0.0098259
7 138778621 rs7801137 0.008787799999999998
7 138778740 rs753323334 0.9918399999999999
7 138779517 rs4728460 0.011197
7 138780222 rs13228237 0.45178
7 138780350 rs6975036 0.48944
7 138780834 rs7811220 0.48803
7 138780877 rs7811344 0.48213999999999996
7 138781049 rs7811533 0.48631
7 138781057 rs7811517 0.49411000000000005
7 138781286 rs542201929 0.5085
7 138781422 rs4728461 0.51072
7 138783223 rs7786094 0.5554100000000001
7 138783318 rs7786250 0.53875
7 138783636 rs570997331 0.50759
7 138784605 rs10259161 0.59138
7 138785005 rs7804956 0.60952
7 138785851 7:138785851_G_A 0.24906
7 138787195 rs6945954 0.85903
7 138788795 rs7789337 0.7025100000000001
7 138790754 rs12668397 0.69271
7 138791221 rs35923157 0.6924600000000001
7 138791570 rs13240212 0.68225
7 138791676 rs117832559 0.061901
7 138792150 rs4732350 0.68886
7 138792206 rs4732351 0.66993
7 138792346 rs4732352 0.69957
7 138792360 rs4732353 0.68816
7 138792539 rs4732354 0.69587
7 138793127 rs4732356 0.8264600000000001
7 138793148 rs75754764 0.4039
7 138794149 rs1814170 0.015516
7 138794618 rs7811342 0.020293000000000002
7 138794879 rs7792792 0.45706
7 138795054 rs13244713 0.7005
7 138795216 rs62485917 0.019505
7 138795488 rs73469320 0.95719
7 138795870 rs17160760 0.0092679
7 138796224 rs17160761 0.012295
7 138796247 rs150304935 0.9804
7 138796382 rs17160764 0.47313999999999995
7 138796784 rs59520763 0.0023406
7 138796935 rs73469324 0.15432
7 138797724 rs117048168 0.028072000000000003
7 138797730 rs12056141 0.25035
7 138797842 rs12056143 0.15550999999999998
7 138798004 rs12667209 0.34399
7 138798056 rs192046111 0.56014
7 138798087 rs112889711 0.003832
7 138798327 rs117828818 0.41198999999999997
7 138798934 rs76579143 0.22229000000000002
7 138798991 rs13232788 0.15988
7 138799000 rs76081847 0.2626
7 138799024 rs13233014 0.34835
7 138799468 rs2174361 0.15773
7 138799476 rs2134954 0.15922
7 138799596 rs2134955 0.15877
7 138800139 rs113163138 0.0078863
7 138800342 rs2174362 0.23412
7 138800757 rs149117857 0.5130899999999999
7 138801871 rs35466570 0.35513
7 138802161 rs12673905 0.15425999999999998
7 138802510 rs12672468 0.15257
7 138802575 rs12672484 0.15420999999999999
7 138802696 rs12670282 0.15936
7 138803023 rs17160772 0.16012
7 138803256 rs62485930 0.16897
7 138803423 rs17133453 0.18143
7 138803585 rs62485931 0.36366
7 138803604 rs62485932 0.15966
7 138803928 rs78830495 0.21353000000000003
7 138804244 rs192831360 0.30935999999999997
7 138804786 rs76651618 0.21764
7 138804994 rs57458781 0.2159
7 138805215 rs60628040 0.21176
7 138805315 rs113011391 0.44441
7 138805534 rs184631526 0.8695
7 138805566 rs10272844 0.2163
7 138805594 rs12673054 0.21264
7 138806217 rs79227460 0.20773000000000003
7 138806243 rs35480046 0.29784
7 138806605 rs78205196 0.18603
7 138806962 rs60778548 0.23315
7 138807766 rs6963319 0.23410999999999998
7 138807777 rs187814139 0.88666
7 138808776 rs543233541 0.7560399999999999
7 138808796 rs6467826 0.026182999999999998
7 138809277 rs4321936 0.032672
7 138809411 rs117245682 0.25969000000000003
7 138809447 rs2883569 0.5475899999999999
7 138810096 rs6974219 0.9014
7 138810148 rs10231311 0.57968
7 138810336 rs6974856 0.90355
7 138810426 rs6974620 0.65247
7 138810509 rs6978975 0.9676100000000001
7 138810552 rs116319942 0.87665
7 138810666 rs72503024 0.88945
7 138811141 rs74299948 0.8213
7 138811873 rs113572758 0.8819600000000001
7 138812006 rs28735238 0.5463100000000001
7 138813594 rs138853297 0.8732200000000001
7 138815047 rs6972407 0.90335
7 138815377 rs7788630 0.53937
7 138815913 rs10500130 0.92832
7 138816358 rs79811874 0.88439
7 138816558 rs3813697 0.60425
7 138816560 rs3813696 0.03241
7 138816604 rs3813695 0.55816
7 138816605 rs74507651 0.88156
7 138816717 rs9632773 0.031622000000000004
7 138816931 rs7778825 0.0055366999999999994
7 138817193 rs11525873 0.004749499999999999
7 138817240 rs7798474 0.02951
7 138817395 rs145132627 0.017091
7 138817539 rs10215341 0.05445
7 138817951 rs114622547 0.032218000000000004
7 138817996 rs76592080 0.096881
7 138818190 rs116175935 0.019218
7 138818744 rs7789074 0.0561
7 138818934 rs17160806 0.054187
7 138819610 rs28571193 0.053987
7 138819796 rs55634976 0.053852
7 138820245 rs28526625 0.43866000000000005
