CHR BP SNP P
7 64422660 rs1608711 0.91699
7 64422958 rs1852014 0.9848399999999999
7 64423294 rs114834317 0.25123
7 64423345 rs1917392 1.7137000000000002e-05
7 64423471 rs149597472 0.44256
7 64423726 rs10949951 0.00038541
7 64423774 rs111321068 0.59267
7 64423777 rs10949952 0.00040348
7 64423795 rs530509019 0.17155
7 64423812 rs12538650 0.00041069
7 64423960 rs10949953 1.7135e-05
7 64424613 rs147781493 0.32538
7 64425123 rs115627303 0.38443
7 64425234 rs140073795 0.25113
7 64425326 rs77177946 1.6746e-05
7 64425394 rs79736709 0.29902
7 64425613 rs73363402 0.073483
7 64425631 rs1404449 0.9965799999999999
7 64425697 rs116833540 0.7257899999999999
7 64425728 rs78157261 0.030756
7 64425770 rs1524817 0.8922700000000001
7 64425786 rs28607879 0.8959799999999999
7 64426173 rs2049443 1.7258e-05
7 64426573 rs76979885 0.25159000000000004
7 64426677 rs78680003 0.72648
7 64426807 rs67896886 5.8116e-08
7 64426833 rs184322462 0.46935
7 64426933 rs78406851 0.72648
7 64427107 rs138962301 0.03847
7 64427803 rs541484162 0.13245
7 64428771 rs555432511 0.9211
7 64428988 rs564015243 0.13245
7 64429040 rs529294171 0.13245
7 64429153 rs551868987 0.13847
7 64429211 rs565695133 0.8816200000000001
7 64429500 rs28762167 0.13245
7 64429792 rs62455639 1.6865e-05
7 64429823 rs13238842 5.4128999999999995e-08
7 64430018 rs143260326 0.31055
7 64430047 rs6944240 2.2182e-05
7 64430406 rs4718173 2.5792e-05
7 64430468 rs4718174 2.1335e-05
7 64430577 rs28804200 0.86745
7 64430583 rs10273584 0.95991
7 64430768 rs116960907 0.0041095
7 64430771 rs116380894 0.85598
7 64430872 rs6949340 7.7888e-08
7 64430953 rs62455640 1.6879000000000002e-05
7 64430992 rs6973112 0.00048578
7 64431272 rs115130841 0.9810700000000001
7 64431339 rs10949954 0.92811
7 64431376 rs149140686 0.95145
7 64431529 rs143212129 0.25121
7 64432120 rs1608712 0.9901
7 64432216 rs74987549 0.29918
7 64432221 rs1608713 2.1205e-05
7 64432533 rs12334031 0.92715
7 64432765 rs55872770 2.2908e-05
7 64432986 rs115933453 0.29856
7 64433021 rs9638412 2.2238000000000003e-05
7 64433194 rs77755216 0.8922200000000001
7 64433195 rs28393392 0.82788
7 64433246 rs190949386 0.75735
7 64433265 rs4379351 4.903400000000001e-08
7 64433540 rs114909430 0.91911
7 64433703 rs13226855 4.9168e-08
7 64433793 rs62455642 1.342e-05
7 64434160 rs183311106 0.48402
7 64434263 rs114809008 0.25109000000000004
7 64434354 rs118191089 0.35165
7 64434470 rs1970879 1.7135e-05
7 64434616 rs78332119 0.29907
7 64434791 rs61496262 0.9460799999999999
7 64434856 rs1060383 0.00037962
7 64434878 rs1060382 1.7871e-05
7 64435145 rs115749039 0.73007
7 64435489 rs1060379 6.8314e-08
7 64435572 rs10238551 0.13233
7 64435692 rs6961678 6.931300000000001e-08
7 64436106 rs9638416 0.9879700000000001
7 64436458 rs9638214 0.9293100000000001
7 64436700 rs9638417 4.8878e-08
7 64436980 rs1852015 1.7035999999999997e-05
7 64437121 rs12530729 0.00046963
7 64437385 rs11970968 0.9053399999999999
7 64437406 rs4607487 1.7681e-05
7 64437464 rs10224831 0.81899
7 64437648 rs10949955 0.00036625
7 64437658 rs114863465 0.18904
7 64437734 rs62455643 0.39092
7 64437753 rs142807950 0.21233000000000002
7 64437820 rs7790578 1.7657e-05
7 64437832 rs7810102 1.6942e-05
7 64437957 rs7810372 1.7657e-05
7 64438055 rs148032061 0.27164
7 64438126 rs115620872 0.25035999999999997
7 64438135 rs544284067 0.8640000000000001
7 64438137 rs560866302 0.9321799999999999
7 64438403 rs4718175 0.9215899999999999
7 64438525 rs200615419 0.71338
7 64438666 rs7457502 0.70099
7 64438667 rs1404453 1.7332999999999998e-05
7 64438929 rs113343153 0.1303
7 64439613 rs3807068 0.0003705
7 64439701 rs3807069 0.00036502
7 64439938 rs1852016 0.9913799999999999
7 64440040 rs1524821 0.91937
7 64440046 rs114676774 0.25072
7 64440122 rs3807070 1.3242000000000001e-05
7 64440191 rs60147175 0.91005
7 64440200 rs80090616 0.25028
7 64440328 rs3823471 0.00037042
7 64440562 rs13233376 4.7283e-08
7 64440943 rs4718176 0.99518
7 64441172 rs7459260 0.60974
7 64441257 rs62455644 1.3239000000000001e-05
7 64441287 rs80292090 0.13735
7 64441490 rs77050495 1.3634e-05
7 64441551 rs1540833 0.00037087
7 64442152 rs147024508 0.44956999999999997
7 64442714 rs7799463 1.9034e-05
7 64442788 rs73139811 0.0009264
7 64442904 rs7780100 6.1315e-08
7 64443292 rs527303220 0.81687
7 64443330 rs1608714 0.8874799999999999
7 64443331 rs1608715 1.6742e-05
7 64443401 rs1608716 1.9041e-05
7 64443432 rs114142015 0.4668
7 64443581 rs62456466 1.2874e-05
7 64443733 rs79679588 0.24986
7 64443750 rs7784866 0.9575899999999999
7 64443754 rs115808331 0.6822199999999999
7 64443920 rs115038649 0.7020000000000001
7 64443922 rs35281840 0.0003516
7 64444054 rs28661532 0.13394
7 64444193 rs117133128 0.21598
7 64444330 rs10235333 0.12753
7 64444369 rs114376898 0.67096
7 64444405 rs62456467 1.2867e-05
7 64444493 rs10253907 0.96146
7 64444532 rs62456468 1.3202999999999999e-05
7 64444630 rs13230970 1.6857e-05
7 64444667 rs62456469 1.6495e-05
7 64444752 rs73365351 0.19805999999999999
7 64445315 rs62456470 1.3022999999999999e-05
7 64445338 rs140244195 0.67096
7 64445465 rs7795803 0.33641
7 64445466 rs7794750 0.00027548
7 64445469 rs6460215 1.7565999999999997e-05
7 64445589 rs10239858 0.91354
7 64445644 rs6460216 0.00035726
7 64445729 rs77735839 0.72909
7 64445816 rs10268661 0.83126
7 64446245 rs9691471 1.9005e-05
7 64446302 rs114258421 0.25016
7 64446519 rs11771529 4.4005e-08
7 64446696 rs62456471 1.284e-05
7 64446978 rs6954887 0.66299
7 64446982 rs114313209 0.24975
7 64446985 rs142362775 0.50707
7 64447078 rs115344862 0.2543
7 64447448 rs140834238 0.52569
7 64447455 rs56340521 5.1491e-08
7 64447463 rs55959098 5.7469e-08
7 64447497 rs13222878 1.6279e-05
7 64447612 rs2103146 0.0003477
7 64447921 rs113179219 0.21857
7 64447985 rs62456474 1.299e-05
7 64447987 rs138664809 0.029672000000000004
7 64448106 rs10255285 0.9559
7 64448291 rs11972247 1.8168e-05
7 64448305 rs11978819 1.8171e-05
7 64448321 rs35408058 0.000277
7 64448371 rs11978852 0.00035421
7 64449075 7:64449075_C_A 0.92164
7 64449081 rs12056025 4.4061000000000007e-08
7 64449113 rs7803542 0.00035376
7 64449290 rs143958205 0.007331
7 64449580 rs7789394 0.00035318
7 64449629 rs7807855 0.00037459
7 64449766 rs7812013 2.7986e-05
7 64449944 rs10253182 0.94119
7 64450331 rs566336600 0.81687
7 64450556 rs10807685 1.7604e-05
7 64450711 rs1852026 0.0003618
7 64450713 rs12056103 4.3399000000000004e-08
7 64450762 rs112072814 0.12761
7 64450776 rs145691835 0.89995
7 64450803 rs1608717 1.3635e-05
7 64450836 rs114592787 0.81615
7 64450945 rs114265713 0.24966
7 64451100 rs114820091 0.24971
7 64451216 rs62456475 1.2009000000000001e-05
7 64451242 rs62456476 1.2858e-05
7 64451415 rs71539633 0.50105
7 64451426 rs3088174 4.4477e-08
7 64451558 rs11771269 0.00033279
7 64451656 rs4718177 0.00030579
7 64451668 rs200211834 0.17273
7 64451699 rs4717229 9.1591e-06
7 64451707 rs116381104 0.25063
7 64451709 rs71534243 0.088514
7 64451791 rs146735658 0.29431999999999997
7 64451963 rs4618579 1.3163e-05
7 64452074 rs185422600 0.58308
7 64452126 rs201471552 0.12152
7 64452158 rs148050363 0.61369
7 64452532 rs6957874 0.9949399999999999
7 64452541 rs76477054 0.93886
7 64452571 rs200952382 0.058329
7 64452698 rs71539632 0.33027
7 64452738 rs67047829 0.0010397
7 64452830 rs34639489 3.8739e-08
7 64452929 rs73365370 0.13273
7 64453136 rs6460219 1.383e-05
7 64453387 rs148784342 0.34148
7 64453612 rs115156738 0.61068
7 64453615 rs7796144 1.3779000000000001e-05
7 64453634 rs34636014 4.0526999999999996e-08
7 64453635 rs76690074 1.2122999999999999e-05
7 64454022 rs2091224 0.00035694
7 64454114 rs111819839 0.13255
7 64454173 rs62456478 1.0527000000000001e-05
7 64454209 rs76670108 0.66773
7 64454279 rs73365374 0.13254000000000002
7 64454557 rs1589816 0.9107799999999999
7 64454827 rs115473919 0.28868
7 64455399 rs56294715 3.9139e-08
7 64455421 rs181964536 0.24991
7 64455432 rs114493766 0.29217
7 64455604 rs77928277 0.78263
7 64456337 rs77940633 0.5673199999999999
7 64456370 rs7807157 0.020826
7 64456483 rs151150800 0.95258
7 64456549 rs2140724 0.00022404
7 64456902 rs79648246 0.2356
7 64457033 rs115755556 0.62137
7 64457352 rs141094498 0.9275899999999999
7 64457408 rs62456480 8.886900000000001e-06
7 64457459 rs137970830 0.43549
7 64457608 rs4718178 0.00035099999999999997
7 64457744 rs4718179 0.9684299999999999
7 64457777 rs7789856 0.00088738
7 64457818 rs62456481 0.00022050000000000002
7 64457835 rs7803418 0.95534
7 64457935 rs187763957 0.35444000000000003
7 64457999 rs113575677 0.85709
7 64458005 rs144826428 0.87661
7 64458418 rs146093322 0.32888
7 64458493 rs7794547 0.20988
7 64458531 rs73365385 0.13627999999999998
7 64458764 rs13244300 0.00035388
7 64458789 rs59899532 0.87097
7 64458820 rs13245077 0.00031316
7 64458995 rs12234848 0.9990000000000001
7 64459036 rs73365389 0.19897
7 64459319 rs112296446 0.13274
7 64459571 rs116842453 0.64968
7 64459671 rs141137737 0.70163
7 64459715 rs35189858 0.00030194
7 64459788 rs62456482 8.7474e-06
7 64459809 rs73141516 0.024768000000000002
7 64459838 rs114491128 0.28701
7 64460638 rs148357531 0.89449
7 64460675 rs6968439 0.00031838
7 64460881 rs150486682 0.01029
7 64461146 rs6949548 0.99845
7 64461231 rs73365392 0.21111
7 64461427 rs114956988 0.70312
7 64461567 rs138455949 0.65396
7 64461779 rs7787889 0.6883600000000001
7 64462079 rs9638216 0.00022449
7 64462315 rs75117221 0.23464000000000002
7 64462326 rs4718180 3.6708e-08
7 64462862 rs144717597 0.86577
7 64462907 rs184810542 0.70163
7 64462951 rs113026185 0.13432
7 64463573 rs74451520 0.6729
7 64463602 rs116410590 0.28788
7 64463639 rs74789875 0.95375
7 64463750 rs150799231 0.89449
7 64463907 rs116282889 0.89449
7 64464044 rs62456483 7.742e-06
7 64464099 rs62456484 7.7738e-06
7 64464112 rs79283729 0.81223
7 64464495 rs10231037 0.8681
7 64464736 rs62456485 0.45846000000000003
7 64464937 rs559983776 0.70163
7 64464998 rs28835689 3.5874e-08
7 64465223 rs76903319 0.48235
7 64465502 rs7806567 3.6688e-08
7 64466320 rs78313085 0.23779
7 64466323 rs116592864 0.59234
7 64466346 rs148983024 0.8747
7 64466386 rs78940353 0.60606
7 64466427 rs143790589 0.8747
7 64466624 rs3829812 8.2709e-06
7 64466653 rs3813702 8.2653e-06
7 64466687 rs6460220 0.79374
7 64466946 rs188899826 0.15405
7 64467098 rs78918193 0.23779
7 64467116 rs58355223 0.8967
7 64467194 rs2293298 0.6046100000000001
7 64467247 rs77137041 0.2016
7 64467551 rs6460222 0.8426100000000001
7 64467674 rs6460223 0.9994799999999999
7 64467789 rs7802292 0.59129
7 64467834 rs377462244 0.1336
7 64467943 rs150853973 0.6718
7 64468149 rs139647214 0.018723
7 64468182 rs7806376 0.59959
7 64468413 rs151169675 0.88002
7 64468590 rs7789630 0.92409
7 64468605 rs62456486 7.5148000000000005e-06
7 64468796 rs140238990 0.8678799999999999
7 64468848 rs149901257 0.28356
7 64468856 rs546627344 0.213
7 64468904 rs13243536 0.00037145
7 64468968 rs146615662 0.67399
7 64468988 rs111791845 0.13875
7 64469132 rs12333999 0.00023371
7 64469210 rs114738060 0.69835
7 64469402 rs143682459 0.33685
7 64469412 rs148084079 0.5971
7 64469509 rs146505436 0.78487
7 64469531 rs138132056 0.13473
7 64469778 rs9632544 0.87535
7 64469869 rs139596718 0.13445
7 64469878 rs181351068 0.13875
7 64469928 rs12538992 0.00037446
7 64470117 rs62456502 0.80995
7 64470127 rs1972156 0.83649
7 64470138 rs112762947 0.33915
7 64470245 rs114822857 0.13454000000000002
7 64470549 rs140135057 0.23056
7 64470788 rs4552788 0.00026618
7 64470842 rs4266535 3.2186e-08
7 64470856 7:64470856_A_G 0.55109
7 64470887 rs77859463 0.0040692
7 64470930 rs150478463 0.59108
7 64470960 rs62456503 6.475800000000001e-06
7 64471265 rs187618627 0.19519
7 64471277 rs146577079 0.23449
7 64471352 rs112928221 7.1601e-06
7 64471407 rs184199384 0.54372
7 64471482 rs62456505 6.331e-06
7 64471602 rs61387212 0.11175999999999998
7 64471617 rs184299926 0.45047
7 64471719 rs62456506 6.198099999999999e-06
7 64471881 rs2419256 3.2277e-08
7 64472070 rs57532707 0.61657
7 64472164 rs28691843 0.9602200000000001
7 64472192 rs139891426 0.01123
7 64472350 rs62456507 0.37065
7 64472375 rs186229768 0.27706
7 64472577 rs1971427 0.83362
7 64473323 rs542419210 0.22509
7 64473453 rs148868365 4.7113e-06
7 64473481 rs113032859 0.59335
7 64473713 rs6963878 0.8304299999999999
7 64473817 rs558381695 0.60901
7 64473841 rs560595424 0.11773
7 64473870 rs111873642 0.59846
7 64473934 rs56364688 0.00086718
7 64473970 rs150737472 5.4891e-06
7 64474127 rs114739871 0.2274
7 64474148 rs141518403 0.65191
7 64474191 rs115627924 0.11624000000000001
7 64474629 rs13239892 0.00032504
7 64474992 rs144498882 5.5161000000000004e-06
7 64475148 rs147995114 0.11517999999999999
7 64475300 rs150677228 0.66906
7 64475367 rs140899580 0.27676999999999996
7 64475466 rs184223329 5.4475e-06
7 64475648 rs144948873 0.66922
7 64475731 rs56130756 0.00086738
7 64475854 rs113842459 0.59227
7 64476002 rs145194433 0.81186
7 64476166 rs149176304 0.59867
7 64476198 rs142330538 0.86406
7 64476545 rs374824504 0.45347
7 64476580 rs6460224 0.8957299999999999
7 64476601 rs140977695 0.72883
7 64476764 rs182111820 0.3407
7 64476780 rs6460226 0.00012199
7 64477079 rs547632425 0.27164
7 64477444 rs7811966 0.00031010000000000006
7 64477455 rs143064930 0.27491
7 64477541 rs559017201 0.043601999999999995
7 64477979 rs35953728 2.5096e-08
7 64478057 rs35586133 0.00026696
7 64478204 rs571010992 0.9128799999999999
7 64478205 rs530978660 0.97249
7 64478386 rs940587 0.9040799999999999
7 64478617 rs71562939 0.031388
7 64478619 rs7795049 0.67581
7 64478787 rs118033917 5.605800000000001e-06
7 64478864 rs10268911 0.75772
7 64478878 rs7383888 0.00030777
7 64478923 rs62456513 0.49618
7 64478925 rs62456514 0.8576299999999999
7 64478934 rs182478598 0.66323
7 64478984 rs140671711 0.39714
7 64478999 rs145882447 0.64445
7 64479010 rs62456515 5.7772e-06
7 64479203 rs142751953 0.91695
7 64479356 rs149648235 0.72027
7 64479454 rs144374452 0.25482
7 64479658 rs12533804 0.00033115
7 64479755 rs184155137 0.18344000000000002
7 64479803 rs148720808 0.18312
7 64480165 rs10949959 0.0003057
7 64480209 rs115045586 0.18312
7 64480503 rs116746351 0.39533
7 64480665 rs186919825 0.87445
7 64480833 rs114599961 0.27225
7 64481170 rs13245081 0.00029289999999999996
7 64481211 rs13232826 0.00030497
7 64481258 rs28687501 0.8956700000000001
7 64481280 rs113116766 0.7044699999999999
7 64481288 rs62456517 6.6848e-06
7 64481430 rs115776669 0.18372
7 64481966 rs4718187 2.7521e-08
7 64482068 rs142240475 0.17733
7 64482128 rs551592620 0.8669899999999999
7 64482207 rs146314770 5.541499999999999e-06
7 64482220 rs9791587 0.00079202
7 64482232 rs142880874 5.9662e-06
7 64482282 rs7801355 0.00031474
7 64482433 rs182235961 0.17983
7 64482442 rs184704063 0.27655
7 64482443 rs9791588 0.0037841999999999997
7 64482445 rs9791589 0.0013926
7 64482992 rs147779441 0.33910999999999997
7 64483114 rs34736446 0.00081832
7 64483199 rs141096382 5.8595e-06
7 64483354 rs2049441 0.84091
7 64483390 rs2049442 0.39716999999999997
7 64483597 rs12669596 0.00028319
7 64483631 rs148348432 0.42177
7 64483656 rs62456519 5.8623e-06
7 64483736 rs145878135 0.87441
7 64483772 rs62456520 5.8623e-06
7 64483781 rs142723693 0.14355
7 64483806 rs12666885 0.00029266
7 64483934 rs555923529 0.53723
7 64484213 rs144540311 0.39934000000000003
7 64484439 rs13229762 2.3929e-08
7 64484696 rs61365184 0.76856
7 64484723 rs150929684 0.27378
7 64484876 rs112645351 0.7045100000000001
7 64484906 rs6976375 0.30198
7 64485201 rs6460227 0.89605
7 64485228 rs6959946 0.86882
7 64485415 rs2419450 0.66691
7 64485417 rs2419451 0.66979
7 64485525 rs143259037 0.8786200000000001
7 64485812 rs62456521 5.7561e-06
7 64485822 rs150422197 5.7542e-06
7 64486053 rs190145933 0.27351
7 64486095 rs4451193 0.00030302
7 64486234 rs62456523 0.43983999999999995
7 64486452 rs147431529 0.0003043
7 64486488 rs139812643 0.57694
7 64486668 rs183197522 0.18455
7 64487113 rs532907211 0.61193
7 64487225 rs117181317 0.12194
7 64487523 rs186598215 0.11789000000000001
7 64487625 rs11764811 2.3236e-08
7 64487650 rs4717231 0.44251999999999997
7 64487948 rs184687500 0.88456
7 64488237 rs193027604 0.19205999999999998
7 64488252 rs56303509 2.4033e-08
7 64488254 rs116437680 0.69223
7 64488319 rs75782448 0.15822
7 64488801 rs534794896 0.87985
7 64489201 rs142124739 0.6662600000000001
7 64489231 rs868626613 0.5644399999999999
7 64489377 rs146604367 0.1776
7 64489529 rs62456526 5.5702e-06
7 64489845 rs561544087 0.18483
7 64489926 rs6954275 0.00034391
7 64490530 rs538438624 0.8792399999999999
7 64490841 rs58134413 2.3022e-08
7 64491024 rs143911142 0.0028612
7 64491027 rs6946394 0.48545
7 64491127 rs138096247 0.9113899999999999
7 64491268 rs150581453 0.0032957
7 64491311 rs73141327 0.00030299
7 64491561 rs146182217 0.6656
7 64491684 rs34171289 2.3778000000000003e-08
7 64492932 rs34362307 2.3035e-08
7 64493010 rs34344460 0.00031088
7 64493011 rs34107917 0.51307
7 64493055 rs570467675 0.84672
7 64493443 rs184159966 0.18445999999999999
7 64493487 rs571972351 0.99434
7 64493496 rs147664275 0.64693
7 64493520 rs11770483 0.00023819999999999996
7 64493530 rs62456532 5.665499999999999e-06
7 64493654 rs11769801 2.3682e-08
7 64493720 rs557491938 0.67629
7 64493799 rs138133725 5.4016999999999995e-06
7 64493919 rs181319251 5.5121e-06
7 64493955 rs529432428 0.69252
7 64493962 rs138653113 0.0002807
7 64493994 rs146438393 0.00028396
7 64494012 rs567794456 0.19217
7 64494101 rs535097748 0.69265
7 64494297 rs192414728 0.8699899999999999
7 64494429 rs6966883 0.57094
7 64494479 rs28376343 0.5340699999999999
7 64494544 rs28539451 0.5351
7 64494726 rs149813233 0.67406
7 64494788 rs9770631 2.2599999999999997e-08
7 64495199 rs113951402 0.53864
7 64495287 7:64495287_T_C 0.94114
7 64495336 rs566433908 0.69292
7 64495449 rs144783396 0.18447
7 64495539 rs11768146 0.5039
7 64495827 rs145643075 0.18385
7 64496066 rs147674120 0.87175
7 64496080 rs56009162 0.00029109
7 64496716 rs12671632 0.00029780000000000003
7 64496729 rs142311513 0.68975
7 64496892 rs62455989 2.2325e-08
7 64497003 rs141198047 0.00073531
7 64497172 rs190743430 0.18392
7 64497378 rs116508427 0.18432
7 64497826 rs184233935 0.0025554
7 64498314 rs62455990 5.1999e-06
7 64498345 rs192962993 0.65554
7 64498368 rs35679667 2.2444000000000002e-08
7 64498964 rs540698563 0.79287
7 64499497 rs112406587 0.54905
7 64499532 rs4146028 0.41081999999999996
7 64499911 rs111326813 0.7380800000000001
7 64499916 rs62455993 0.00022765
7 64500042 rs6979670 0.00079712
7 64500046 rs534309625 0.17818
7 64500260 rs62455994 5.1218e-06
7 64500491 rs142860143 0.52575
7 64500724 rs151201577 0.36301
7 64500779 rs114852758 0.18483
7 64500858 rs574789048 0.59317
7 64500937 rs113666214 0.53882
7 64501080 rs111681804 0.54592
7 64501150 rs62455995 0.16391
7 64501278 rs4310097 0.53452
7 64501506 rs150098001 0.1842
7 64501925 rs10949961 0.00030817
7 64502086 rs12537219 0.00029559
7 64502153 rs529674909 0.8337600000000001
7 64502183 rs62455996 5.0161e-06
7 64502266 rs148144069 0.95578
7 64502342 rs117791217 0.9211799999999999
7 64502621 rs2103148 2.1207e-08
7 64502895 rs62455997 4.9189e-06
7 64502937 rs186582478 0.40387
7 64503073 rs13231853 0.00029975
7 64503212 rs116601489 0.11557
7 64503417 rs192641021 0.11557
7 64503500 rs576509020 0.66952
7 64503501 rs538035817 0.7087100000000001
7 64504177 rs548167964 0.20719
7 64504409 rs62455998 4.5481e-06
7 64504521 rs115756326 0.24444000000000002
7 64504812 rs6950807 2.1927e-08
7 64504880 rs111279579 0.10975
7 64505038 rs555043984 0.73845
7 64505458 rs151222928 0.27097
7 64505608 rs62455999 2.961e-06
7 64505830 rs146482834 0.8545299999999999
7 64506082 rs11983495 0.54364
7 64506187 rs151148462 0.05679
7 64506602 rs3982216 2.1069e-08
7 64506843 rs10949962 0.00030572
7 64506864 rs10238725 0.96034
7 64506904 rs6965753 2.2589e-08
7 64507166 rs1965535 0.9203399999999999
7 64507224 rs62456001 3.9375e-06
7 64507404 rs62456002 3.9089e-06
7 64507561 rs117983286 0.94265
7 64507562 rs191800113 0.11445999999999999
7 64508060 rs7790622 0.9364
7 64508144 rs34346758 0.00033083
7 64508200 rs192047124 0.7591600000000001
7 64508270 rs143676793 0.38344
7 64508272 rs146007322 3.8479e-06
7 64508280 rs183984083 0.98851
7 64508296 rs570898842 0.7078800000000001
7 64508315 rs62456003 0.000229
7 64508316 rs111328587 0.7590899999999999
7 64508358 rs145595782 0.76084
7 64508402 rs148824360 0.8265100000000001
7 64508481 rs10237971 2.1230000000000002e-08
7 64508572 rs147559770 0.9291299999999999
7 64508736 rs10268525 0.60834
7 64509262 rs56654029 0.5858399999999999
7 64509353 rs184218346 0.26155
7 64509754 rs6966366 0.00024085
7 64510007 rs140531082 0.03744
7 64510183 rs1967610 2.7378e-08
7 64510201 rs1967609 2.6030000000000002e-08
7 64510484 rs4717235 0.00035805
7 64510834 rs78657105 6.5675e-06
7 64511053 rs112470282 0.58299
7 64511165 rs111277304 0.38236
7 64511256 rs6959094 0.00033461
7 64511474 rs78689258 3.72e-06
7 64511564 rs4380813 0.4212
7 64511846 rs62456004 3.754e-06
7 64511988 rs548531859 0.30653
7 64512339 rs62456007 3.7864999999999997e-06
7 64512953 rs58115346 0.74054
7 64512964 rs11767448 0.00034144
7 64513115 rs191896462 0.58223
7 64513130 rs183238943 0.5704199999999999
7 64513136 rs187774434 0.28078000000000003
7 64513160 rs140352413 0.5804699999999999
7 64513161 rs57212787 3.5303e-06
7 64513229 rs4717236 0.00037429
7 64513509 rs4717238 0.00034967
7 64513529 rs145694839 0.12038
7 64513761 rs149586198 0.048875
7 64513790 rs74621000 0.26204
7 64514109 rs560877225 0.52367
7 64514110 rs144566247 0.11338
7 64514125 rs62456009 3.8194e-06
7 64514238 rs148448232 0.69715
7 64514719 rs118112468 0.43206999999999995
7 64514915 rs34771545 0.6622100000000001
7 64514992 rs115755806 0.87031
7 64514996 rs111493879 0.00037071
7 64515134 rs527712640 0.58314
7 64515161 rs183319898 0.058924000000000004
7 64515446 rs34848990 0.8135899999999999
7 64515465 rs186257589 0.72712
7 64515483 rs146863847 0.64523
7 64515485 rs140714649 0.87031
7 64515487 rs112261224 0.39216
7 64515898 rs192381767 0.73673
7 64515994 rs182698336 0.26025
7 64516103 rs6962429 1.9813e-08
7 64516150 rs13235214 0.04169
7 64516238 rs6965166 0.0021889
7 64516272 rs6947903 1.9462e-08
7 64516488 rs71562944 0.84267
7 64516548 rs142878045 3.8278e-06
7 64516681 rs34897549 1.9225000000000002e-08
7 64516713 rs11768117 0.34159
7 64516736 rs11764690 0.00030691
7 64516750 rs150946304 0.72878
7 64516770 rs139884116 0.57776
7 64516780 rs11771328 0.86093
7 64516847 rs62456014 4.3051e-06
7 64516903 rs189746501 0.9224899999999999
7 64517149 rs10243523 1.9716e-08
7 64517432 rs62456015 3.8887e-06
7 64517499 rs112380072 0.61034
7 64517615 rs62456016 3.5832999999999996e-06
7 64517909 rs536718817 0.30621
7 64518080 rs138808794 0.8567100000000001
7 64518096 rs142912989 0.7308
7 64518877 rs62456017 3.8896e-06
7 64518885 rs9638419 0.58325
7 64519161 rs12537116 0.0003159
7 64519182 rs12537120 0.00033495
7 64519191 rs111671875 0.58234
7 64519468 rs76598054 0.0014042
7 64519814 rs57453081 0.8825200000000001
7 64520179 rs141097080 0.87031
7 64520212 rs34543984 0.0022441999999999996
7 64520373 rs13232354 0.35396
7 64520470 rs60719537 0.58581
7 64520516 rs13233340 0.39050999999999997
7 64520834 rs10237712 0.40744
7 64520853 rs141350638 0.43513999999999997
7 64520923 rs184972325 0.75107
7 64520926 rs190522739 0.73824
7 64521008 rs115477204 0.21288
7 64521120 rs10949963 0.00030710000000000004
7 64521287 rs189741395 0.26016
7 64521380 rs10259606 0.9467700000000001
7 64521787 rs62454951 3.9573e-06
7 64522519 rs4718188 1.9161e-08
7 64522633 rs34079274 0.00032439999999999997
7 64522652 rs62454953 3.9509e-06
7 64522852 rs146201004 0.035230000000000004
7 64523061 rs62454954 3.956e-06
7 64523715 rs7791069 0.86162
7 64524152 rs2900852 0.76315
7 64524153 rs142446669 0.67925
7 64524550 rs62454955 3.9911e-06
7 64524799 rs187018641 0.18488
7 64524887 rs190702554 0.6537
7 64525181 rs3857672 0.39155999999999996
7 64525206 rs182932789 0.86867
7 64525211 rs1965536 0.31223
7 64525419 rs60206977 0.56288
7 64525623 rs60551646 0.53535
7 64525709 rs10949964 0.00031625
7 64525813 rs545760340 0.93365
7 64525898 rs62454956 0.0020004000000000003
7 64526181 rs185716936 0.87031
7 64526280 rs184463297 0.070865
7 64526337 rs62454957 3.9851999999999996e-06
7 64526871 rs186166744 0.09271900000000001
7 64526940 rs59874486 0.5531
7 64526975 rs576676920 0.88461
7 64527224 rs28573332 0.76162
7 64527450 rs116188949 0.26189
7 64527609 rs12234408 0.58244
7 64528080 rs142726665 0.5866899999999999
7 64528201 rs533064065 0.262
7 64528203 rs550079284 0.18463
7 64528865 rs62457185 3.1309e-06
7 64528932 rs62457186 4.0618e-06
7 64529091 rs566333890 0.87274
7 64529093 rs186612064 0.66528
7 64529266 rs557479087 0.07140099999999999
7 64529300 rs35794351 0.00025025
7 64529658 rs1830014 0.00031877
7 64530432 rs189461275 0.26189
7 64531062 rs140233709 0.66201
7 64531215 rs556893138 0.20446
7 64531356 rs62457187 3.7341000000000004e-06
7 64531550 rs10949965 0.36699
7 64531957 rs112382531 0.0068051000000000006
7 64532006 rs35069420 0.53483
7 64532039 rs2140725 0.40688
7 64532354 rs34201260 1.9594e-08
7 64532398 rs143420752 0.1825
7 64532696 rs191329768 0.39571
7 64534370 rs116410932 0.19697
7 64535273 rs534087104 0.24821999999999997
7 64535631 rs6974079 1.9594e-08
7 64536113 rs562394867 0.2094
7 64536399 rs79719718 3.7336e-06
7 64536642 rs57148110 0.89261
7 64537021 rs67529730 0.00031501
7 64537085 rs115780733 0.17833
7 64537340 rs540988733 0.45373
7 64537477 rs186946670 0.44031000000000003
7 64537708 rs10807687 0.36115
7 64537871 7:64537871_C_T 0.92715
7 64537872 rs62457194 3.7866000000000003e-06
7 64538130 rs12537700 0.1153
7 64538337 rs149111723 0.1857
7 64538486 rs62457195 2.0341999999999998e-08
7 64538567 rs7794744 0.00078535
7 64538610 rs141259062 0.8751399999999999
7 64538672 rs79919499 0.00077737
7 64539115 rs62457196 3.7437000000000003e-06
7 64539403 rs71562951 0.00032035
7 64539474 rs138972381 0.87031
7 64539657 rs540227761 0.21268
7 64539670 rs62457197 3.8622e-06
7 64539747 rs71562952 0.00033761
7 64539773 rs368115834 0.0021294
7 64540242 rs148079027 0.68352
7 64540277 rs183888111 0.18472
7 64540410 rs62457198 0.0033208
7 64540471 rs62457199 3.7536e-06
7 64540548 rs6971128 2.6503000000000002e-08
7 64540559 rs146078861 0.58016
7 64540565 rs139305322 0.58016
7 64540577 rs10215230 0.90891
7 64540837 rs539809999 0.18462
7 64541158 rs181664065 0.87965
7 64541181 rs185560973 0.18472
7 64541209 rs561632763 0.8741
7 64541235 rs4718190 2.0011999999999997e-08
7 64541257 rs188661094 0.19259
7 64541383 rs535952277 0.0039328
7 64541473 rs62457202 3.7603e-06
7 64541575 rs545725676 0.20976
7 64541586 rs4236205 0.76744
7 64541681 rs4302728 0.00032564
7 64542042 rs62457203 0.9601
7 64542135 rs544037965 0.19572
7 64542177 rs55762719 2.0001e-08
7 64542192 rs150473232 0.58005
7 64542260 rs115440814 0.8484700000000001
7 64542390 rs142713383 0.52307
7 64542462 rs138908056 0.18463
7 64542471 rs187212411 0.8705
7 64542672 rs144069081 0.18463
7 64542735 rs182929354 0.18555
7 64542756 rs148657376 0.8748600000000001
7 64542998 rs11971438 0.5857600000000001
7 64543010 rs141365378 0.31918
7 64543122 rs549174071 0.17818
7 64543278 rs182676495 0.086535
7 64543281 rs113555926 0.53664
7 64543368 rs62457205 3.7551999999999996e-06
7 64543550 rs116503267 0.19261
7 64543595 rs140428945 0.0017577000000000003
7 64543912 rs145820338 0.72147
7 64544262 rs185616344 0.003507
7 64544289 rs9690449 0.00021727
7 64544347 rs146648328 0.18461
7 64544481 rs4422675 0.93855
7 64544666 rs181349037 0.6562
7 64544700 rs540269634 0.17801
7 64544750 rs62457208 3.5546e-06
7 64544767 rs10252925 2.0107e-08
7 64544806 rs73369123 0.72022
7 64545625 rs539979158 0.72022
7 64545807 rs114415584 0.18474000000000002
7 64545850 rs11767881 0.00021317
7 64545884 rs12535805 0.00032518
7 64545971 rs150732182 0.030121
7 64546296 rs192405850 0.8751399999999999
7 64546311 rs139090271 0.18461
7 64546678 7:64546678_C_T 0.8836299999999999
7 64546779 rs146603504 0.11793
7 64546951 rs190866825 0.66278
7 64547040 rs182962770 0.18475
7 64547550 rs143711999 0.5262600000000001
7 64547877 rs192669292 0.62339
7 64547939 rs10949966 0.00033497
7 64547947 rs184692122 0.26053000000000004
7 64548202 rs28413986 0.82481
7 64548203 rs116574399 0.1848
7 64548242 rs7800669 0.60572
7 64548512 rs71562958 0.0007376
7 64548526 rs143744181 0.70657
7 64548545 rs147207694 0.0025964
7 64548583 rs117185311 0.48733999999999994
7 64549144 rs62457209 3.4969999999999997e-06
7 64549170 rs10250956 0.00021390000000000002
7 64549187 rs181938357 0.21252
7 64549243 rs62457211 3.5018e-06
7 64549407 rs62454962 3.5058e-06
7 64549479 rs143910734 0.21261999999999998
7 64549789 rs181699367 0.21245
7 64550065 rs62454963 0.0034594
7 64550137 rs191564731 0.18467999999999998
7 64550182 rs62454964 3.5056999999999997e-06
7 64550201 rs55778450 0.00031986
7 64550336 rs138123166 0.5707800000000001
7 64550596 rs80345647 3.5058999999999998e-06
7 64550672 rs117477965 0.53865
7 64550696 rs145943331 0.068857
7 64550747 rs183273005 0.18469000000000002
7 64550847 rs6959107 0.47263999999999995
7 64551038 rs2419264 0.75289
7 64551607 rs141330755 0.65175
7 64551864 rs1709515 2.1008e-08
7 64552474 rs112795029 0.7187899999999999
7 64552826 rs141016227 0.29412
7 64553034 rs539588829 0.21261999999999998
7 64553081 rs142857863 0.17801
7 64553175 rs145142943 0.21252
7 64553752 rs180748390 0.77235
7 64554053 rs189577085 0.11
7 64554241 rs182037614 0.11002999999999999
7 64554339 rs187136176 0.8660200000000001
7 64554361 rs139837454 0.59464
7 64554485 rs112444925 0.73834
7 64554705 rs4507646 8.332e-09
7 64554852 rs149054671 0.72196
7 64555184 rs10227349 0.76151
7 64555215 rs141865924 0.11037999999999999
7 64555536 rs4501478 0.34002
7 64555578 rs73369146 0.00031651
7 64556014 rs550009084 0.69488
7 64556043 7:64556043_G_A 0.21263
7 64556624 rs542590629 0.5958
7 64556705 rs191015915 0.90376
7 64556834 rs183819976 0.8846799999999999
7 64556845 rs71562961 0.00032803
7 64556992 rs138722543 0.18047
7 64557156 rs573150381 0.79303
7 64557284 rs62454967 2.6246e-06
7 64557394 rs1709470 0.00070814
7 64557749 rs536969650 0.41991999999999996
7 64557834 rs555105840 0.71427
7 64558182 rs145361743 0.78503
7 64558687 rs1709471 0.30458
7 64559025 rs7807177 0.00034204
7 64559681 rs181132573 0.10895999999999999
7 64559689 rs185222691 0.73411
7 64559745 rs62454968 3.3745e-06
7 64560010 rs1814835 0.00068826
7 64560014 rs1815140 0.30364
7 64560211 rs1799356 0.014344999999999998
7 64560733 rs548048015 0.7049
7 64560831 rs568037217 0.73558
7 64561051 rs141285605 0.3586
7 64561676 rs151252412 0.11798
7 64562020 rs570672943 0.36708
7 64562139 rs10949967 0.00040949
7 64562163 rs558401194 0.08644500000000001
7 64562275 rs556976696 0.17707
7 64562912 rs1709476 2.1481e-08
7 64563771 rs12538609 0.0003102
7 64563772 rs2671945 2.1177e-08
7 64563864 rs375350094 0.9670700000000001
7 64564139 rs55727653 0.00046591
7 64564597 rs186283633 0.86395
7 64564672 rs112767131 0.69944
7 64564761 rs62454972 4.2305e-06
7 64564792 rs11771857 0.00035536
7 64564822 rs11762360 0.00038761
7 64564951 rs377232680 0.0012082
7 64565001 rs561051863 0.8637799999999999
7 64565165 rs62454973 4.2706e-06
7 64565283 rs71534002 0.00033139
7 64565379 rs566647268 0.53532
7 64565406 rs143668015 0.13427999999999998
7 64565510 rs6959497 0.27453
7 64565720 rs58865077 0.57932
7 64566004 rs62454974 4.393e-06
7 64566009 rs1709517 0.00054448
7 64566067 rs142509156 0.34558
7 64566150 rs1709516 0.8974700000000001
7 64566353 rs17138189 0.12673
7 64566470 rs138150865 0.9204399999999999
7 64566610 rs17782240 0.00034836
7 64566937 rs114400730 0.17126
7 64566943 rs114968207 0.17126
7 64567100 rs11975040 0.5628
7 64567243 rs545590523 0.10812000000000001
7 64567251 rs562295575 0.17777
7 64568360 rs112008876 0.66782
7 64568486 rs68108630 0.00029948
7 64568821 rs140614514 0.67047
7 64568845 rs549351494 0.86374
7 64568854 rs138210548 0.60115
7 64568917 rs574086385 0.10835999999999998
7 64569701 rs531494805 0.20664000000000002
7 64570007 rs557118713 0.73688
7 64570516 rs141593432 0.6465
7 64570599 rs368232240 0.56281
7 64571672 rs149222100 0.93784
7 64571941 rs1709519 0.89643
7 64572601 rs76104712 0.9002899999999999
7 64572926 rs532572512 0.5997600000000001
7 64572955 rs546184472 0.90433
7 64573300 rs546515096 0.21236999999999998
7 64573785 rs542341267 0.2122
7 64573936 rs546351613 0.2122
7 64576359 rs568150978 0.6543899999999999
7 64577987 rs535847881 0.10905
7 64578008 rs555527535 0.10972
7 64584545 rs556131265 0.67052
7 64595854 rs537430920 0.212
7 64599770 rs550909593 0.80966
7 64601604 rs528305087 0.0026635
7 64601821 rs537392226 0.9249799999999999
7 64601945 rs182295682 0.25218
7 64604759 rs193034010 0.74027
7 64605244 rs141582002 0.21325
7 64605451 rs143866027 0.21144000000000002
7 64605597 rs532352217 0.58968
7 64605813 rs547964186 0.65408
7 64606054 rs535426197 0.42398
7 64606664 rs149367924 0.5173399999999999
7 64606681 rs534825578 0.0025774
7 64607221 rs563539923 0.5878800000000001
7 64610424 rs188683739 0.91543
7 64611750 rs545366928 0.65452
7 64614618 rs571412033 0.63649
7 64615140 rs183929711 0.38853000000000004
7 64615432 rs528298553 0.11728
7 64615477 rs187248913 0.3056
7 64616825 rs191667181 0.11769
7 64616965 rs150104104 0.11442000000000001
7 64617021 rs373656473 0.5858
7 64617307 rs546267276 0.12236
7 64617314 rs564770087 0.11214
7 64617802 rs555314333 0.53883
7 64618108 rs556209436 0.58077
7 64618229 rs138567753 0.65452
7 64618536 rs184478692 0.12534
7 64618570 rs188925459 0.12534
7 64618775 rs144061986 0.78608
7 64618803 rs181222344 0.79901
7 64618821 rs183846013 0.9171600000000001
7 64619150 rs569703887 0.14315999999999998
7 64619661 rs539774250 0.7519399999999999
7 64620670 rs113803988 0.58948
7 64621089 rs139302039 0.9014
7 64621106 rs141783602 0.58298
7 64621109 rs146236769 0.38798
7 64621128 rs139434913 0.5229699999999999
7 64621720 rs528449695 0.69785
7 64621905 rs571726855 0.12304000000000001
7 64622038 rs533160731 0.6705800000000001
7 64622218 rs534282761 0.44871000000000005
