CHR BP SNP P
17 56632997 rs541259313 0.2831
17 56633211 rs146319278 0.85464
17 56633403 rs142826261 0.86436
17 56633979 rs117343210 0.5025
17 56634024 rs117683858 0.43891
17 56634600 rs201002857 0.9293299999999999
17 56634652 rs149842200 0.027262
17 56634694 rs61548164 0.94219
17 56634735 rs562820151 0.24908000000000002
17 56635280 rs147932491 0.9985
17 56635319 rs141702325 0.027118
17 56635346 rs11651960 0.00047273
17 56635390 rs145550979 0.24097
17 56636097 rs148846619 0.004138899999999999
17 56636471 rs143461203 0.8635
17 56636854 rs7225128 9.015599999999998e-22
17 56636908 rs9903050 0.097916
17 56637276 rs183607454 0.51654
17 56637337 rs7225896 3.1708e-11
17 56637461 rs6503869 0.097287
17 56637545 rs9902820 5.3448e-12
17 56637630 rs2013166 3.4391999999999995e-11
17 56637770 rs2013182 1.2368000000000001e-15
17 56638557 rs149580742 0.48941999999999997
17 56638900 rs114562657 0.3171
17 56639853 rs66583824 3.2139e-11
17 56639969 rs183942711 0.28533000000000003
17 56640238 rs147714092 0.5655399999999999
17 56640247 rs550816385 0.5063300000000001
17 56640270 rs113689249 3.2207e-11
17 56640425 rs58204213 0.85621
17 56640731 rs1974586 0.097618
17 56640834 rs12150536 3.2211e-11
17 56641101 rs73327338 0.5834600000000001
17 56641177 rs181239169 0.85621
17 56641200 rs7359501 5.0760000000000006e-12
17 56641405 rs114912508 0.9787
17 56641727 rs116585565 0.36804000000000003
17 56642487 rs138775848 0.92561
17 56642947 rs145472052 0.036058
17 56643065 rs368324409 8.0278e-06
17 56643109 rs34818467 2.5671000000000002e-11
17 56643230 rs187523892 0.71431
17 56643240 rs116357963 0.99866
17 56643398 rs1267544 4.2339e-20
17 56643550 rs34382037 3.3036999999999997e-11
17 56643987 rs138796466 0.98487
17 56644017 rs143050222 0.31845999999999997
17 56644221 rs57839885 0.58375
17 56644633 rs7226008 0.10113
17 56644816 rs12944693 0.0002407
17 56644906 rs73327342 0.60754
17 56645407 rs189007744 0.6088100000000001
17 56646041 rs74994378 0.052225
17 56646622 rs55759912 0.18589
17 56646670 rs79783592 0.8314
17 56646794 rs112698140 0.43237
17 56646909 rs1267545 8.8661e-49
17 56647155 rs80082062 0.34367
17 56647421 rs79270529 0.37312
17 56647508 rs115839126 0.0017069000000000003
17 56647878 rs79695811 0.58496
17 56648277 rs34468504 2.9884e-11
17 56648751 rs117017536 1.9628e-05
17 56648760 rs185955518 0.12379000000000001
17 56649235 rs182743863 0.0031662
17 56649275 rs192369207 0.9584
17 56649949 rs113518025 0.045451
17 56649957 rs550441097 0.93027
17 56650356 rs3803751 0.10053
17 56650660 rs55768547 0.03506
17 56651321 rs144096639 0.80288
17 56651355 rs150681869 0.00029348
17 56651777 rs149415860 0.31865
17 56652424 rs73993686 0.71639
17 56652665 rs143242138 0.24115999999999999
17 56652936 rs73327345 0.60834
17 56653448 rs9893027 0.0059613999999999995
17 56653645 rs143984595 0.9787
17 56653789 rs12948424 3.0686e-11
17 56653834 rs36109237 3.4987999999999996e-11
17 56654210 rs8068135 0.10132000000000001
17 56654690 rs1267542 7.4975e-49
17 56654850 rs7215900 1.0375e-11
17 56655093 rs138303804 0.050128
17 56655163 rs9907509 0.6416
17 56655174 rs143874083 0.24189000000000002
17 56655383 rs143234681 0.31951
17 56655482 rs79073005 0.37315
17 56655786 rs11658998 0.10086
17 56655872 rs1271647 7.2042999999999995e-22
17 56656232 rs146226019 0.85705
17 56656243 rs139197045 0.079269
17 56656347 rs78305354 0.32326
17 56656624 rs1267543 4.2403999999999996e-20
17 56657248 rs8075108 0.0059953
17 56657299 rs186618083 0.12935
17 56657325 rs190334931 0.12165999999999999
17 56657695 rs550770365 0.44688999999999995
17 56657712 rs111475198 0.60826
17 56658088 rs62083525 3.0615e-11
17 56658348 rs141289517 0.20409000000000002
17 56658444 rs35678735 3.0287e-11
17 56658533 rs562076412 0.26483
17 56658795 rs114507411 0.8351299999999999
17 56658936 rs200633037 0.59297
17 56659018 rs6503870 1.1535999999999998e-48
17 56659174 rs113412471 0.67629
17 56659244 rs142405341 0.55288
17 56659720 rs9898524 0.0060216
17 56660010 rs776177052 0.33718000000000004
17 56660180 rs8071896 0.5854699999999999
17 56660279 rs8071916 1.0295000000000001e-48
17 56660324 rs569319118 0.60193
17 56660402 rs193051332 0.45368
17 56660863 rs77719504 0.93771
17 56661019 rs138474684 0.85564
17 56661179 rs116080319 0.6420899999999999
17 56662297 rs79325186 0.36268
17 56663175 rs114250915 0.86549
17 56663295 rs55924999 0.31951
17 56663450 rs56343451 0.75548
17 56663842 rs9907940 1.7133e-48
17 56664063 rs77195754 0.38274
17 56664164 rs80266322 0.85564
17 56664248 rs7218778 0.10113
17 56664395 rs72826360 7.2772e-22
17 56664739 rs117810614 6.067699999999999e-118
17 56665158 rs141410823 0.41766000000000003
17 56665271 rs114637062 0.9322299999999999
17 56665960 rs533505423 0.10622999999999999
17 56666210 rs76158654 0.41618999999999995
17 56666398 rs528514812 0.07298099999999999
17 56666598 rs139799716 0.31944
17 56666605 rs143705967 0.8621200000000001
17 56666792 rs112171093 0.5869800000000001
17 56666914 rs528824682 0.07298099999999999
17 56666976 rs145786357 0.31944
17 56667401 rs184991043 0.94511
17 56667853 rs62083527 7.7005e-22
17 56668170 rs7210432 3.2171e-11
17 56668186 rs7210700 3.2056e-11
17 56668191 rs112927447 0.65492
17 56668477 rs73327354 0.58509
17 56668617 rs7211467 3.2057e-11
17 56668794 rs111606982 0.58554
17 56668915 rs146849917 0.47601000000000004
17 56668929 rs2567892 8.627199999999999e-49
17 56669014 rs79279100 1.5957000000000002e-07
17 56669049 rs8072873 0.10265
17 56669168 rs188437305 0.94511
17 56669326 rs535766615 0.76052
17 56669377 rs75658156 0.64289
17 56669583 rs831952 6.968699999999999e-22
17 56669740 rs190774248 0.025776
17 56669751 rs150454583 3.048899999999999e-116
17 56670179 rs557843660 0.8531700000000001
17 56670481 rs192230562 0.09715499999999999
17 56670523 rs138519838 0.31951
17 56670761 rs35867543 0.00024089
17 56670933 rs55973244 0.97362
17 56671251 rs190022505 0.9525299999999999
17 56671254 rs557258689 0.76052
17 56671349 rs575403829 0.8380700000000001
17 56671861 rs541192555 0.12265
17 56671902 rs539693395 0.31864000000000003
17 56672099 rs117259992 0.076277
17 56672309 rs9303399 3.0586e-11
17 56672711 rs10153289 0.093419
17 56672733 rs117841255 0.9999600000000001
17 56672843 rs77067864 0.79457
17 56672868 rs75024569 0.8606299999999999
17 56672944 rs193391 7.7896e-22
17 56673079 rs302840 7.1456e-49
17 56673081 rs75821275 0.37567
17 56673087 rs9911609 0.09727999999999999
17 56673162 rs531221002 0.44378999999999996
17 56673278 rs4305140 0.0060779
17 56673402 rs186553644 0.44032
17 56673552 rs189042955 0.36139
17 56673553 rs302839 5.652e-20
17 56673555 rs531157219 0.14155
17 56673602 rs12948133 3.2205e-11
17 56674062 rs572507121 0.7157600000000001
17 56674173 rs390524 1.0124999999999999e-16
17 56674474 rs12940212 3.1598e-11
17 56674476 rs146547962 0.76305
17 56674905 rs7209650 0.09932300000000001
17 56675050 rs391370 1.3769e-48
17 56675440 rs776908081 0.87015
17 56675454 rs577885918 0.89744
17 56675544 rs140002869 0.19498
17 56675630 rs143576675 0.32008000000000003
17 56675636 rs417005 1.3933999999999997e-48
17 56675797 rs143780860 0.63955
17 56675861 rs437732 1.0667e-48
17 56676046 rs80246906 0.86367
17 56676087 rs118000729 0.19612000000000002
17 56676184 rs146947403 0.052926
17 56676368 rs389389 9.744199999999998e-22
17 56676488 rs150454554 0.72042
17 56676727 rs143467737 0.033168
17 56676728 rs79033527 0.72105
17 56676762 rs115318789 0.9980100000000001
17 56677152 rs537611717 0.37529
17 56677599 rs114875752 0.9296700000000001
17 56677611 rs116642098 0.52385
17 56677614 rs114034514 0.58541
17 56677916 rs57640547 0.92829
17 56678283 rs190078349 0.20701
17 56678494 rs181216089 0.32001
17 56678609 rs146103409 0.76793
17 56678813 rs578137482 0.42985
17 56678815 rs143617271 0.00066229
17 56679036 rs551514861 0.073866
17 56679377 rs142582803 0.31077
17 56679510 rs144821560 1.1120999999999999e-07
17 56680224 rs148186333 0.49649
17 56680287 rs302856 8.201e-22
17 56680638 rs112117460 0.58995
17 56680642 rs7209498 0.006337399999999999
17 56680783 rs145992325 0.32883
17 56680951 rs533156395 0.074918
17 56680994 rs12601347 3.6778e-11
17 56681032 rs142002306 0.32119000000000003
17 56681129 17:56681129_C_T 0.14121
17 56681389 rs16943134 0.0064698
17 56681459 rs548101646 0.073149
17 56681632 rs75749923 0.006462399999999999
17 56681660 rs141002775 0.31987
17 56681815 rs147921388 0.14261
17 56682078 rs186859795 0.9043700000000001
17 56682101 rs193226103 0.13072
17 56682921 rs75899145 0.28581
17 56683023 rs60823271 0.58875
17 56683063 rs79408858 0.49131
17 56683385 rs34426768 2.3468000000000003e-11
17 56683612 rs302854 2.2754e-48
17 56683834 rs559111045 0.011087
17 56683933 rs113525291 0.057709
17 56684024 rs141097255 0.24140999999999999
17 56684271 rs302853 2.3144e-48
17 56684543 rs185644763 0.31998000000000004
17 56684677 rs76312221 1.2977e-07
17 56685112 rs184191018 0.9686100000000001
17 56685180 rs112303679 0.19529000000000002
17 56685207 rs78090467 0.75176
17 56685214 rs302852 1.4416e-16
17 56685424 rs302851 7.2484e-15
17 56685509 rs302850 7.2484e-15
17 56685518 rs302849 1.4407e-15
17 56685676 rs140040863 0.71267
17 56686112 rs765001276 0.47067
17 56686123 rs750339517 0.8356399999999999
17 56686454 rs302848 2.4205999999999998e-48
17 56686753 rs181970798 0.44343
17 56686754 rs185984119 0.31051999999999996
17 56686888 rs182621499 0.58762
17 56687190 rs17822807 3.4359e-11
17 56687315 rs56162835 3.6189e-11
17 56687481 rs302847 1.2196e-15
17 56687536 rs302846 1.5079000000000001e-15
17 56687607 rs574516864 0.58836
17 56687931 rs747801546 0.023972999999999998
17 56688242 rs371668931 0.45743999999999996
17 56688381 rs570276883 0.44091
17 56688783 rs184169824 0.77222
17 56688789 rs1864754 3.8951e-11
17 56689022 rs144832813 0.30776
17 56689073 rs8066492 0.67125
17 56689635 rs17175389 0.696
17 56690848 rs8077548 0.0063991000000000004
17 56691034 rs66508449 4.3680000000000005e-11
17 56691113 rs529540076 0.025167
17 56691264 rs191015478 0.87298
17 56691684 rs771969200 0.93586
17 56691696 rs138986623 0.0022852
17 56692387 rs302857 1.0645e-16
17 56692800 rs302858 1.0019000000000001e-16
17 56693132 rs302859 1.7666e-48
17 56693538 rs55855804 0.58867
17 56693594 rs35551271 0.00024953
17 56693677 rs79813370 0.87825
17 56694013 rs558017258 9.1831e-06
17 56694227 rs569517310 0.07329400000000001
17 56694321 rs184997155 0.80377
17 56694330 rs34878689 3.5909999999999995e-11
17 56694394 rs146423700 0.31995999999999997
17 56694447 rs34556735 3.5905e-11
17 56694568 rs139790625 0.42986
17 56694646 rs8076021 0.006437600000000001
17 56694745 rs80220949 0.5281399999999999
17 56695008 rs302860 1.6169000000000001e-15
17 56695426 rs112429814 0.063528
17 56695438 rs78342574 0.45216000000000006
17 56695474 rs79684489 0.7157
17 56695738 rs116332400 0.42877
17 56695923 rs17222621 3.8994e-11
17 56695967 rs186221 1.4573e-16
17 56696008 rs6503872 0.0064421999999999995
17 56696150 rs73327373 0.33898
17 56696513 rs73327376 0.58878
17 56697040 rs302861 1.4938e-15
17 56697045 rs78068297 0.21555
17 56697259 rs73327378 0.6149899999999999
17 56697339 rs73327379 0.5886
17 56697444 rs302862 1.1979e-16
17 56697924 rs546843531 0.036587
17 56698420 rs12602808 3.6888000000000004e-11
17 56698827 rs302863 1.2607000000000002e-15
17 56698841 rs150671979 0.32118
17 56698970 rs138860116 0.24140999999999999
17 56700022 rs182135852 0.26592
17 56700153 rs117982431 1.31e-05
17 56700219 rs201785257 0.24566999999999997
17 56700270 rs145427452 0.29153
17 56700405 rs200296242 0.23206
17 56700622 rs181258272 0.68367
17 56700672 rs16943142 0.78156
17 56701204 rs189827833 0.83855
17 56701640 rs143372020 0.77222
17 56701771 rs148373789 0.6955399999999999
17 56701788 rs142177072 0.71321
17 56701836 rs146360217 0.45493
17 56701902 rs138604091 0.24140999999999999
17 56701952 rs527520701 0.32
17 56702064 rs75227727 0.39983
17 56702407 rs79425929 0.49144
17 56702417 rs35637655 0.23818000000000003
17 56702515 rs141609771 0.31995999999999997
17 56702652 rs35928756 3.6798999999999996e-11
17 56703050 rs114898775 0.37873
17 56703124 rs2611781 1.8325e-48
17 56703398 rs140585972 0.9323899999999999
17 56703769 rs7219112 3.8942e-11
17 56703899 rs862809 1.2774000000000001e-53
17 56704146 rs562297211 0.43199
17 56704584 rs77760952 0.44937
17 56704594 rs77326689 0.58963
17 56705431 rs75994482 0.40262
17 56705433 rs117056517 0.21700999999999998
17 56705474 rs140957139 0.31999
17 56705755 rs34627216 3.8615999999999996e-11
17 56705901 rs591200 1.3159e-48
17 56705905 rs543884060 0.51832
17 56706078 rs184115281 0.86221
17 56706194 rs116357634 0.39358000000000004
17 56706283 rs115745205 0.34412
17 56706612 rs141649117 0.8979799999999999
17 56706766 rs148007057 0.8795700000000001
17 56706914 rs113940463 0.5834600000000001
17 56707065 rs566566944 0.73817
17 56707137 rs555582547 0.87915
17 56707190 rs11651521 1.1994e-16
17 56707203 rs12949067 1.4164e-10
17 56707245 rs12949598 1.2378e-16
17 56708019 rs694720 1.1911e-16
17 56708638 rs139620185 0.24140999999999999
17 56708647 rs185982282 0.26724000000000003
17 56708836 rs75982345 0.0034896000000000003
17 56708926 rs533724876 0.87598
17 56708979 rs368243 8.742599999999998e-40
17 56708995 rs568879002 0.24140999999999999
17 56709000 rs117829037 0.8214600000000001
17 56709034 rs411988 5.7123e-39
17 56709055 rs8071081 0.0025247
17 56709058 rs412000 1.015e-38
17 56709075 rs150239325 0.31879
17 56709077 rs420878 1.1934999999999999e-47
17 56709086 rs369184 3.3401000000000003e-16
17 56709095 rs187656512 0.6372
17 56709117 rs8071217 0.011691
17 56709118 rs78029317 0.95731
17 56709119 rs143039205 0.31246
17 56709130 rs62081271 0.18589
17 56709152 rs76804252 0.17936
17 56709169 rs8070007 0.0063865
17 56709171 rs554471390 0.6792600000000001
17 56709172 rs8070407 0.0071473
17 56709175 rs77620896 5.0963e-10
17 56709176 rs74539577 0.53642
17 56709206 rs430973 1.1353e-16
17 56709207 rs78090760 0.58933
17 56709222 rs444393 2.0912999999999998e-16
17 56709586 rs117013833 0.7331300000000001
17 56709645 rs117467995 0.21699000000000002
17 56710014 rs539170298 0.68581
17 56710022 rs75432502 0.023843
17 56710144 rs186137164 0.8382700000000001
17 56711123 rs631843 1.6231e-48
17 56711171 rs183207414 0.7610399999999999
17 56711237 rs144044451 4.1013e-10
17 56711542 rs596714 2.259e-39
17 56711707 rs9904996 0.006440899999999999
17 56711937 rs73327395 0.58891
17 56712372 rs550561034 0.12133
17 56712418 rs188433987 0.3308
17 56712977 rs146049662 0.9342299999999999
17 56713043 rs140009365 0.6328199999999999
17 56713199 rs145816869 0.25049
17 56713921 rs73327397 0.5897
17 56714000 rs147804887 0.42893000000000003
17 56714057 rs66514313 4.8656999999999997e-11
17 56714338 rs146937285 0.70996
17 56714461 rs9900405 0.006432500000000001
17 56714568 rs150177745 0.50134
17 56714569 rs79633857 0.37034
17 56714889 rs76791342 0.9857299999999999
17 56714916 rs79874333 0.50636
17 56715325 rs146239140 0.8810899999999999
17 56715730 rs567041683 0.10687
17 56715767 rs190752723 0.19725
17 56715930 rs450414 1.2855000000000001e-48
17 56716025 rs2567896 1.1829e-16
17 56716381 rs12951494 2.2421999999999998e-40
17 56717003 rs116936347 0.9466899999999999
17 56717249 rs68139131 1.0014000000000001e-16
17 56717289 rs139397921 0.44378999999999996
17 56717723 rs73327401 0.58863
17 56717732 rs115289924 0.6362
17 56717956 rs2611782 1.8392999999999998e-48
17 56718063 rs147712763 0.49273999999999996
17 56718092 rs139563700 0.25049
17 56718205 rs35828828 4.0025999999999994e-11
17 56718286 rs35564417 3.8855e-11
17 56718340 rs574872941 0.053569000000000006
17 56718456 rs144944039 0.0004479
17 56719080 rs114784721 0.55889
17 56719197 rs581903 1.2677e-16
17 56719952 rs151231312 0.099766
17 56720049 rs140377303 0.31832
17 56720745 rs145474331 0.31668
17 56720752 rs16943147 0.006443899999999999
17 56721123 rs138800312 0.49146999999999996
17 56721669 rs114511740 0.82158
17 56721895 rs575400675 0.44093999999999994
17 56721963 rs7359601 9.8523e-17
17 56722161 rs116132225 0.8460799999999999
17 56722496 rs79155614 0.0062948
17 56722564 rs2567898 2.0131e-48
17 56722629 rs2567899 9.942200000000001e-15
17 56722783 rs112009889 0.61662
17 56723062 rs577978618 0.78193
17 56723149 rs73329010 0.61621
17 56723491 rs60072906 0.93553
17 56723625 rs181066916 0.317
17 56723985 rs574747048 0.48594
17 56724399 rs145445311 0.48528000000000004
17 56724566 rs114183003 0.62762
17 56724693 rs182481343 0.046273
17 56725052 rs12936771 3.8321999999999994e-11
17 56725088 rs145517049 0.96565
17 56725248 rs544203997 0.49085
17 56725263 rs146514404 0.38574
17 56725349 rs143118973 0.14286
17 56725770 rs138255902 0.9264399999999999
17 56726020 rs76140389 0.38639
17 56726380 rs572194773 0.74863
17 56726385 rs542462149 0.071277
17 56727038 rs16943167 0.48832
17 56727162 rs144769061 1.8976e-10
17 56727196 rs148644223 0.032087
17 56727218 rs302845 1.3492e-48
17 56727378 rs302844 1.0170999999999999e-16
17 56727634 rs143987533 0.69586
17 56727986 rs302843 1.8736999999999998e-48
17 56728102 rs302842 2.0069999999999994e-48
17 56728585 rs113868390 0.58821
17 56728885 rs184156563 0.13232
17 56728924 rs75300873 0.21372
17 56729662 rs567086225 0.37056
17 56729708 rs117523295 0.8777299999999999
17 56729836 rs143732315 0.040744
17 56729861 rs79720686 0.048529
17 56729979 rs115405976 0.46418000000000004
17 56730083 rs142361159 0.047782
17 56730173 rs78371887 0.38538
17 56730593 rs385793 1.1895e-16
17 56731013 rs116061852 0.68457
17 56731105 rs116389440 0.40276999999999996
17 56731265 rs7217890 0.006237100000000001
17 56731270 rs2567912 1.9879e-48
17 56731439 rs183365644 0.25053000000000003
17 56731560 rs73329019 0.5886
17 56731926 rs11651859 0.0064641
17 56732304 rs2611774 6.486799999999999e-16
17 56732448 rs530887586 0.42726000000000003
17 56732491 rs549046661 0.93385
17 56732636 rs139176500 1.8761e-10
17 56732744 rs35732484 3.5955e-11
17 56732770 rs1675134 6.9544e-19
17 56732879 rs145929439 0.31718
17 56733306 rs74901951 0.93553
17 56733508 rs538363157 0.070168
17 56733545 rs35987270 3.905e-11
17 56733557 rs149925361 0.0015714000000000001
17 56733668 rs147703251 0.6328199999999999
17 56733755 rs113947039 0.56734
17 56734425 rs186717745 0.32514
17 56734553 rs142398940 0.93553
17 56734695 rs1631237 1.7309e-48
17 56734977 rs2567911 1.7309e-48
17 56735123 rs451962 1.3009999999999998e-48
17 56735296 rs148165455 0.48828
17 56735523 rs145100539 0.9333299999999999
17 56735575 rs190752902 0.31717
17 56735741 rs114264040 0.6328199999999999
17 56735873 rs183354320 0.50059
17 56735885 rs142425729 0.31716
17 56736078 rs145942640 0.5191399999999999
17 56736122 rs139485169 0.88184
17 56736468 rs147608086 0.55577
17 56736473 rs654778 1.7717e-48
17 56736490 rs654743 1.1425e-16
17 56736532 rs76345714 6.370099999999999e-122
17 56736547 rs35797125 3.6094e-11
17 56736659 rs368186 1.3516999999999997e-48
17 56736718 rs78947746 0.54947
17 56736785 rs372648 1.2446e-15
17 56737310 rs148214643 0.19188
17 56737465 rs73329027 0.61831
17 56737553 rs67752533 4.139899999999999e-11
17 56737765 rs2643126 1.0586e-16
17 56737838 rs17822837 3.9629e-11
17 56738092 rs376798465 0.0091598
17 56738841 rs147195594 0.83252
17 56738919 rs4340382 0.006494
17 56739109 rs144404136 0.31763
17 56739336 rs548472350 0.6865399999999999
17 56739440 rs148529322 0.31755
17 56739583 rs142811545 0.24841999999999997
17 56739700 rs151028798 0.70901
17 56739731 rs777913387 0.8043600000000001
17 56740065 rs141098958 0.92471
17 56740277 rs11655607 0.0064977
17 56740317 rs145780568 0.77849
17 56741603 rs565165451 0.010999
17 56741672 rs2643124 1.5105e-48
17 56741828 rs541174789 0.9969299999999999
17 56741834 rs7209327 0.0064964
17 56741975 rs74842800 0.0029481
17 56742247 rs148843764 0.85044
17 56742706 rs552145811 0.50705
17 56742889 rs147970761 0.31643000000000004
17 56742912 rs9890924 0.0064934
17 56742994 rs183843208 0.037228
17 56743133 rs138903430 0.0019914999999999998
17 56743690 rs112979152 0.53315
17 56743903 rs140049242 0.9338200000000001
17 56743948 rs7220884 0.006497
17 56743960 rs116159977 0.38147
17 56743973 rs115148904 0.96619
17 56744028 rs146888734 0.31767
17 56744055 rs144426810 1.4218e-07
17 56744387 rs113473833 0.39099
17 56744609 rs151078085 0.13840999999999998
17 56744687 rs114178216 0.64458
17 56744819 rs76881505 0.61653
17 56745561 rs2116450 9.1683e-09
17 56745649 rs115780263 0.35841999999999996
17 56746010 rs16943170 0.39305999999999996
17 56746264 rs150334893 0.31664000000000003
17 56746268 rs115395791 0.6796800000000001
17 56746477 rs302841 4.58e-42
17 56746586 rs117625156 1.9397999999999997e-120
17 56746733 17:56746733_A_C 0.61032
17 56747607 rs116088217 0.75515
17 56748548 rs181350649 0.60448
17 56749298 rs304265 8.250700000000001e-17
17 56749439 rs118061508 0.84929
17 56749546 rs446613 6.952999999999999e-42
17 56749628 rs304264 3.5485e-42
17 56749838 rs148023164 0.31640999999999997
17 56749941 rs304263 9.4867e-16
17 56749943 rs7224468 8.7389e-09
17 56750077 rs116641336 0.32535
17 56750726 rs113044016 0.62033
17 56751600 rs302870 8.107100000000001e-16
17 56751603 rs183779882 0.30841999999999997
17 56751908 rs143607171 0.07285599999999999
17 56752010 rs146294525 0.5048
17 56752016 rs302869 9.7581e-17
17 56752123 rs302868 8.1893e-17
17 56752161 rs111917333 0.6208600000000001
17 56752227 rs567340906 0.88039
17 56752819 rs302867 9.438600000000001e-17
17 56753036 rs747627739 0.78993
17 56753328 rs558185267 0.10305
17 56753813 rs576871600 0.41061000000000003
17 56753915 rs115222548 0.96185
17 56754239 rs186521361 0.21597
17 56754428 rs302866 3.7406e-18
17 56754597 rs9899893 0.007128799999999999
17 56754888 rs58883112 0.6191800000000001
17 56755223 rs35662455 0.99295
17 56755613 rs28380401 0.0036231
17 56755616 rs12939313 8.3674e-09
17 56756027 rs117517388 0.16022
17 56756432 rs34478310 0.45486000000000004
17 56756788 rs141839411 0.48588000000000003
17 56756876 rs760613792 0.65684
17 56756977 rs302865 3.9474999999999996e-42
17 56757208 rs73329041 0.6208600000000001
17 56757584 rs302864 1.1044000000000001e-13
17 56757768 rs566933107 0.79088
17 56758379 rs12951104 8.7409e-09
17 56758395 rs113977935 0.62068
17 56758601 rs114452270 0.4351
17 56758684 rs78806134 0.05887100000000001
17 56758786 rs7221142 0.007254300000000001
17 56758838 rs73329042 0.62068
17 56759658 rs150141957 0.5109100000000001
17 56760165 rs79372976 0.9282799999999999
17 56760218 rs554304794 0.44501
17 56760398 rs574069922 0.5987899999999999
17 56760405 rs535078804 0.5987899999999999
17 56760408 rs552896946 0.5987899999999999
17 56760536 rs187019197 0.70321
17 56760628 rs371938969 0.47126999999999997
17 56760682 rs138294441 0.8153600000000001
17 56760737 rs191059762 0.78668
17 56761357 rs302881 3.1698999999999995e-42
17 56761411 rs302880 1.0536000000000001e-16
17 56761417 rs11653526 0.0034387
17 56761440 rs547898773 0.81481
17 56761541 rs144210942 0.32841
17 56761697 rs539012240 0.74752
17 56761748 rs141550245 0.49588999999999994
17 56761758 rs302879 9.5924e-17
17 56762282 rs188618560 0.33716999999999997
17 56762408 rs117751399 0.09275499999999999
17 56762655 rs159980 3.0299e-42
17 56762695 rs149884228 0.24811
17 56762964 rs302878 8.376200000000001e-16
17 56764018 rs302877 5.166e-15
17 56764104 rs116417751 0.8480700000000001
17 56764357 rs180672890 0.53672
17 56764421 rs544636756 0.7340800000000001
17 56764990 rs34835800 8.9728e-09
17 56765817 rs76685006 0.83455
17 56766144 rs150193375 0.84803
17 56766452 rs149348010 0.5987899999999999
17 56766453 rs147548050 0.9105200000000001
17 56766831 rs302876 1.8831e-48
17 56767074 rs182148825 0.044906
17 56767306 rs148430151 0.4018
17 56767342 rs142543496 0.8480700000000001
17 56767372 rs113822345 0.59168
17 56767432 rs150534425 0.51383
17 56767713 rs139488488 0.87571
17 56767874 rs302875 1.1016999999999999e-16
17 56767996 rs302874 4.5687e-42
17 56768103 rs12946522 8.8862e-09
17 56768602 rs530369616 0.77645
17 56768895 rs28363297 0.84344
17 56769118 rs149167179 0.22023
17 56769430 rs185842772 0.43777
17 56769887 rs16943176 4.8963000000000005e-11
17 56769979 rs12946397 4.8054999999999996e-11
17 56770094 rs115414895 0.77471
17 56770266 rs45574736 0.89799
17 56770395 rs147027488 0.66055
17 56771096 rs17222691 4.594300000000001e-11
17 56772207 rs552184450 0.649
17 56772522 rs61758784 0.32761999999999997
17 56773194 rs139412530 0.39866
17 56773237 rs302872 2.102e-48
17 56773365 rs185017456 0.3279
17 56773772 rs139593589 0.31621
17 56773819 rs28363305 0.32391
17 56773834 rs9916423 0.0076877
17 56773879 rs28363306 0.004521
17 56774005 rs116809738 0.44295
17 56774280 17:56774280_C_A 0.9633200000000001
17 56774284 rs181988623 0.92268
17 56774789 rs177319 0.32245999999999997
17 56775043 rs111988808 0.30096999999999996
17 56775265 rs141542011 0.6562399999999999
17 56775305 rs189211472 0.007918000000000001
17 56775362 rs553065582 0.35425
17 56775747 rs150446223 0.74235
17 56775970 rs186758573 0.2797
17 56776320 rs12938772 9.2781e-49
17 56776528 rs116579026 0.4101
17 56776663 rs695137 7.728000000000001e-17
17 56776730 rs686425 2.0733e-48
17 56776737 rs566237148 0.54881
17 56777148 rs405684 1.2998000000000001e-48
17 56777364 rs114259485 0.95424
17 56777649 rs7208872 0.007757099999999999
17 56778271 rs8071942 0.007772399999999999
17 56778328 rs62081314 4.6023999999999995e-11
17 56779461 rs28363308 0.73436
17 56779592 rs543984588 0.48227
17 56779778 rs12602389 4.843899999999999e-11
17 56780255 rs28363310 0.32898
17 56780257 rs142359286 0.25640999999999997
17 56780459 rs6503874 0.0077828
17 56780540 rs193023469 0.32902
17 56781468 rs62081315 2.9436e-11
17 56781499 rs62081316 4.3848000000000005e-11
17 56781843 rs138378622 0.2797
17 56782297 rs2567905 4.2841999999999994e-49
17 56782387 rs145394926 0.49581000000000003
17 56782431 rs112239388 0.020334
17 56782555 rs34351230 2.6995e-11
17 56782870 rs150500340 0.78096
17 56782945 rs2611787 0.32602
17 56782977 rs182802366 0.48084
17 56783010 rs149313695 0.94747
17 56783187 rs535942657 0.54327
17 56783220 rs147428942 0.7277899999999999
17 56783255 rs2567901 7.2577e-17
17 56783256 rs139714024 0.79183
17 56783299 rs73329059 0.62584
17 56783460 rs111335750 0.6258
17 56783565 rs62081318 5.329e-07
17 56783572 rs304280 7.8285e-16
17 56783623 rs304281 4.1036999999999996e-49
17 56783689 rs112230956 0.62584
17 56783784 rs565314848 0.41786
17 56783857 rs531454151 0.26746
17 56784042 rs140609822 0.23392
17 56784426 rs73996262 0.007636499999999999
17 56784602 rs533302278 0.18441
17 56785009 rs78949237 0.10530999999999999
17 56785194 rs75824705 0.48227
17 56785571 rs304282 1.0855e-16
17 56785725 rs304283 6.9392e-17
17 56786065 rs555974960 0.63026
17 56786343 rs559848788 0.76446
17 56786673 rs11653911 0.00076084
17 56787364 rs188613030 0.9980600000000001
17 56788212 rs75151676 0.57943
17 56788293 rs28363312 0.0077403
17 56789078 rs28363313 0.0073732
17 56789485 rs144727081 0.84804
17 56789905 rs34170300 4.8924e-11
17 56789959 rs190934318 0.27986
17 56790052 rs112108591 0.055072
17 56790858 rs7216648 4.8345e-11
17 56791287 rs150126758 0.31708000000000003
17 56791288 rs117907939 0.8106300000000001
17 56791832 rs2611779 9.645100000000001e-17
17 56791910 rs184518403 0.31705
17 56792019 rs373000264 0.64595
17 56792109 rs189338365 0.59929
17 56792545 17:56792545_G_C 0.10829000000000001
17 56792630 rs538224405 0.038239999999999996
17 56792993 rs73329066 0.59109
17 56793380 rs143680254 0.31709
17 56793447 rs147194313 0.7701600000000001
17 56793762 rs191429415 7.8133e-36
17 56794115 rs2567894 8.1784e-16
17 56794607 rs72826388 7.577e-14
17 56794635 rs140186400 0.77369
17 56794717 rs143942324 0.78235
17 56794927 rs148567615 0.10937999999999999
17 56794986 rs142916393 0.31739
17 56795011 rs151174073 0.23378000000000002
17 56795268 rs548004536 0.00025380000000000004
17 56795286 rs73329068 0.60773
17 56795425 rs146932615 0.23376
17 56795742 rs555186523 0.2374
17 56796517 rs534921156 0.71811
17 56796571 rs9895162 0.0068755
17 56797114 rs554743328 0.77341
17 56797189 rs76708174 0.0076579
17 56797357 rs148119182 0.40456
17 56797503 rs62081321 0.00067945
17 56797590 rs28363314 0.027799
17 56797631 rs28363315 0.62613
17 56797814 rs150914550 0.7903399999999999
17 56797887 rs28363316 0.78169
17 56798128 rs28363317 0.1422
17 56798207 rs28363318 6.3998e-16
17 56798417 rs28363320 0.44297
17 56798472 rs139565562 0.97234
17 56799239 rs151225922 0.31704
17 56799380 rs304267 8.0021e-16
17 56799547 rs117829161 0.17957
17 56799907 rs304268 6.7365e-16
17 56800616 rs182301829 0.52633
17 56800797 rs115740669 0.41503999999999996
17 56801029 rs116213969 0.9800200000000001
17 56801778 rs17822908 3.0318e-11
17 56801848 rs16943186 0.0068749
17 56801874 rs141974701 0.19554000000000002
17 56802059 rs304269 7.9761e-16
17 56802109 rs184152998 0.44158000000000003
17 56802141 rs304270 1.8495e-48
17 56802458 rs304271 9.586100000000001e-17
17 56802512 rs766154806 0.68381
17 56802693 rs10515159 2.7820999999999996e-11
17 56803028 rs304272 9.336299999999999e-17
17 56803105 rs572400255 0.75258
17 56803122 rs115845402 0.71954
17 56803524 rs116982551 0.56258
17 56803575 rs17222733 0.007296300000000001
17 56803598 rs17175543 6.170399999999999e-22
17 56804085 rs77430462 0.007875
17 56804101 rs78253932 0.0070791
17 56804230 rs62081322 4.0089e-11
17 56804470 rs185510255 0.5908100000000001
17 56804726 rs140362750 0.49377
17 56805543 rs62081324 8.243299999999999e-16
17 56805636 rs148905432 0.93619
17 56806579 rs138886489 0.32575
17 56806609 rs577365260 0.31718
17 56806679 rs9904234 0.0073985
17 56806770 rs2005139 0.9661700000000001
17 56806929 rs529105761 4.815600000000001e-35
17 56807124 rs142092858 0.59621
17 56807885 rs2877890 0.96609
17 56808530 rs2611783 8.136100000000001e-17
17 56808928 rs28363326 0.65594
17 56808996 rs172565 1.6237999999999998e-48
17 56809182 rs535488980 0.017491999999999997
17 56809302 rs28363328 0.31722
17 56810059 rs756681107 0.27634000000000003
17 56810185 rs143381565 0.6787
17 56810280 rs28363330 0.79573
17 56810387 rs28363333 0.62602
17 56810413 rs115067678 0.38456
17 56810468 rs117894051 0.14284000000000002
17 56812300 rs116607936 0.9222799999999999
17 56813782 rs304261 3.9101999999999995e-48
17 56814192 rs79214037 0.058828
17 56814201 rs139370779 0.31661
17 56814456 rs304262 1.1624000000000001e-15
17 56814495 rs191625896 0.3688
17 56814502 rs73993803 0.007784699999999999
17 56814690 rs149609114 0.78972
17 56814970 rs745765136 0.36232
17 56814987 rs115905190 0.9411
17 56814988 rs6503876 0.0077789
17 56815065 rs117981636 0.00077544
17 56815275 rs117505228 0.15688
17 56815352 rs186174242 0.21821999999999997
17 56815361 rs556265197 0.15409
17 56815750 rs7225788 9.073e-14
17 56816093 rs146754634 0.6183
17 56816263 rs139160660 0.32626
17 56816561 rs7342862 0.0077670000000000005
17 56816667 rs1975857 3.7315e-48
17 56816701 rs186311556 0.40304
17 56816881 rs149157044 0.72431
17 56816892 rs35047359 5.7223e-11
17 56816979 rs76335057 0.96441
17 56817463 rs190799238 0.70106
17 56817674 rs11871273 2.4677999999999997e-22
17 56817951 rs59161411 0.10622000000000001
17 56818195 rs147121450 0.71595
17 56818521 rs112275777 0.017339
17 56818969 rs150237676 0.62839
17 56819216 rs8075786 1.7879999999999998e-48
17 56819417 rs62081326 5.879100000000001e-11
17 56819636 rs2611776 2.41e-48
17 56819841 rs118059473 4.1983e-06
17 56819926 rs185230066 0.040474
17 56820982 rs76422810 0.54456
17 56821262 rs534874669 0.6660699999999999
17 56821346 rs117537243 0.9916
17 56821382 rs73329081 0.6795800000000001
17 56821461 rs549318304 0.9696799999999999
17 56821717 rs115093789 0.91581
17 56821974 rs186085542 0.44483999999999996
17 56821994 rs190936206 0.41539
17 56822066 rs111358769 0.48243
17 56822580 rs760742392 0.74049
17 56822687 rs304295 1.0032000000000001e-16
17 56822920 rs553960092 0.9920399999999999
17 56823293 rs149205433 0.31659
17 56823298 rs304293 1.0012000000000001e-16
17 56823305 rs143346199 0.44864
17 56823312 rs148360796 0.4484
17 56823677 rs559172096 1.7921e-05
17 56823743 rs112985585 0.61487
17 56824123 rs304292 1.8270999999999997e-48
17 56824653 rs79037250 0.9204700000000001
17 56826434 rs138090525 0.53415
17 56826551 rs8074787 0.0071729
17 56826573 rs111789915 0.6160100000000001
17 56826834 rs148676764 0.052075
17 56826949 rs2643120 1.0627e-16
17 56826953 rs34556895 3.8185e-16
17 56826958 rs2611777 5.0812e-16
17 56827760 rs2643119 1.9955999999999998e-48
17 56828199 rs114949838 0.9410299999999999
17 56828226 rs2088120 1.9669999999999998e-48
17 56828547 rs541755963 0.1606
17 56828788 rs111575541 0.8949
17 56828911 rs116700993 0.9893700000000001
17 56828985 rs554621430 0.8406399999999999
17 56829021 rs114554281 0.7607
17 56829040 rs117674744 0.89156
17 56829516 rs2643117 1.0192000000000001e-16
17 56829520 rs74806390 0.82581
17 56829522 rs115781125 0.91141
17 56829611 rs16943200 0.0076815
17 56829832 rs304297 1.0445000000000001e-15
17 56830012 rs574354748 0.025673
17 56831001 rs186890097 0.022108000000000003
17 56831887 rs170024 8.9365e-16
17 56832567 rs78846143 0.9204700000000001
