CHR BP SNP P
2 181900132 rs183421389 0.0015592
2 181900143 rs4667035 3.5085000000000004e-06
2 181900224 rs4667036 5.5333999999999996e-15
2 181900286 rs6706552 0.00011155
2 181900309 rs113376912 0.11692999999999999
2 181900473 rs55851371 3.4339e-06
2 181900509 rs6722001 0.00011774
2 181900525 rs192972052 0.5366
2 181900622 rs12614444 5.5158e-15
2 181900950 rs79442327 0.31736
2 181901021 rs6761219 0.00012288
2 181901305 rs548264152 0.18457
2 181901771 rs115246489 0.11345999999999999
2 181901806 rs181530640 0.1441
2 181901925 rs6433880 3.3326e-06
2 181901991 rs6433881 3.2552999999999996e-06
2 181902065 rs76389760 0.83294
2 181902159 rs143834206 0.11345999999999999
2 181902253 rs76715735 0.49878
2 181902462 rs11692072 1.445e-11
2 181902469 rs79509372 2.3031e-09
2 181903014 rs62181564 3.4888999999999997e-06
2 181903018 rs79774971 0.24136999999999997
2 181903097 rs73039019 0.9989899999999999
2 181903333 rs185077587 0.52742
2 181903334 rs62181565 3.4811e-06
2 181903964 rs6729509 2.7073000000000005e-25
2 181904158 rs62181569 3.4301999999999998e-06
2 181904360 rs139403975 0.047004000000000004
2 181904368 rs6433882 0.6322
2 181904404 rs10930950 1.4168e-11
2 181904471 rs58057770 3.3498e-06
2 181904631 rs74532755 0.13482
2 181905166 rs76983186 0.050491
2 181905354 rs12989967 2.8147999999999998e-08
2 181905623 rs73039024 0.74416
2 181905654 rs188764693 0.23976999999999998
2 181905670 rs72885247 3.2415e-06
2 181905861 rs559751907 0.62263
2 181906111 rs73039027 0.75321
2 181906204 rs184081723 0.47398
2 181906263 rs12473091 9.560499999999999e-08
2 181906370 rs146997144 0.11687
2 181906488 rs4666684 3.2564999999999997e-06
2 181906555 rs4666685 3.1919e-06
2 181907137 rs10172609 0.00010947
2 181907428 rs13004531 0.10062
2 181907560 rs79957882 0.11623
2 181907612 rs76520381 0.23661
2 181907725 rs6745190 5.7049e-14
2 181908071 rs7594494 0.8799600000000001
2 181908137 rs73974721 0.47648999999999997
2 181908438 rs62181570 3.3758e-06
2 181908587 rs78590414 4.5776e-09
2 181908864 rs145512731 0.1103
2 181908918 rs141287703 0.10852
2 181908973 rs114308445 0.25995999999999997
2 181909090 rs10179247 0.00012897
2 181909135 rs75982812 0.56804
2 181909431 rs6721914 0.49887
2 181909451 rs73039030 0.7562300000000001
2 181909964 rs6740342 0.46825
2 181910009 rs10803945 5.7763000000000004e-15
2 181910053 rs56227816 2.9198e-09
2 181910057 rs75179515 0.0038461999999999997
2 181910382 rs115350931 0.73119
2 181910717 rs78593095 4.8474e-10
2 181910774 rs1949453 1.5717e-23
2 181910882 rs6433883 3.3934e-10
2 181910888 rs55980983 0.49335
2 181911089 rs150416763 0.8458200000000001
2 181911489 rs12477135 1.2061e-14
2 181911671 rs10171108 3.4706e-10
2 181911807 rs12151685 3.818999999999999e-06
2 181912237 2:181912237_A_G 0.25024
2 181912401 rs62181571 3.8705000000000005e-06
2 181912581 rs139605708 9.1859e-30
2 181912815 rs6744130 3.4059e-10
2 181912991 rs6731268 3.3975999999999997e-10
2 181913040 rs13418851 0.0043446000000000005
2 181913049 rs62181572 3.6479000000000003e-06
2 181913156 rs13008461 0.11017
2 181913227 rs12475075 6.1643000000000004e-15
2 181913518 rs74560626 0.44637
2 181913664 rs73974754 0.45198999999999995
2 181914376 rs138317167 0.0031854
2 181914761 rs7371242 3.5944e-06
2 181914889 rs115032962 2.4232e-17
2 181914897 rs7371259 3.6851e-06
2 181914899 rs77825022 0.24186999999999997
2 181914910 rs115705916 0.27069
2 181914941 rs4667041 3.5915e-06
2 181915050 rs77552620 1.9184e-07
2 181915223 rs75119750 0.2501
2 181915403 rs72885269 0.030458
2 181915692 rs57612208 0.8145399999999999
2 181916415 rs115148747 3.1669000000000003e-09
2 181916664 rs73974755 0.45695
2 181916762 rs78500579 2.9276999999999997e-09
2 181917449 rs749715531 0.4283
2 181917508 rs141238723 0.19677
2 181917675 rs72885270 0.00030779
2 181917754 rs62181573 3.7835000000000003e-06
2 181917761 rs114323610 0.12247999999999999
2 181917887 rs115452275 0.11897
2 181918677 rs147303156 0.039374
2 181918756 rs7603027 6.7018999999999995e-15
2 181918896 rs7562697 0.00029098
2 181919349 rs746224038 0.49966000000000005
2 181919395 rs2368188 0.95952
2 181919490 rs10171998 3.984e-10
2 181919779 rs10186928 0.0025494
2 181920129 rs56970984 4.0226e-06
2 181920222 rs10432490 7.3643e-15
2 181920338 rs13418807 0.0021961
2 181920361 rs73974756 0.47648999999999997
2 181920409 rs553974156 0.12172999999999999
2 181920557 rs78469790 0.26548
2 181920762 rs78590213 3.6693e-06
2 181920763 rs79719017 1.7984e-06
2 181920859 rs113927398 0.00019676
2 181920876 rs181097459 0.020378
2 181921131 rs185188998 0.011164
2 181921269 rs13429008 0.0031376999999999998
2 181921417 rs62181575 3.9361e-06
2 181921679 rs7370006 3.9868e-06
2 181921697 rs73039098 0.8815299999999999
2 181921723 rs10930951 2.0418e-13
2 181921727 rs56066931 1.8673e-09
2 181921918 rs73039101 0.88944
2 181921999 rs7371639 3.8146e-10
2 181922014 rs7370048 4.0444e-06
2 181923054 rs116017824 0.5290699999999999
2 181923066 rs62181577 4.1747e-06
2 181923521 rs115005292 3.8869e-12
2 181923539 rs530436830 0.077223
2 181923710 rs73041005 0.55561
2 181923773 rs908736 3.6594e-06
2 181923885 rs908735 0.9071100000000001
2 181924167 rs188858427 0.15629
2 181924295 rs2368189 3.8586e-06
2 181924324 rs2368190 3.8459e-06
2 181924351 rs873256 8.8472e-15
2 181924600 rs873255 0.8856299999999999
2 181924655 rs2368191 4.1337e-06
2 181924674 rs908734 3.9012e-06
2 181924990 rs78686422 0.0040774
2 181925041 rs62181579 3.6703e-06
2 181925065 rs114311887 0.8990799999999999
2 181925121 rs139121486 7.5437e-05
2 181925637 rs115292962 3.2943e-09
2 181925714 rs2292856 0.8859799999999999
2 181925785 rs2292855 0.0039115
2 181926169 rs143562793 0.76388
2 181926377 rs10177379 0.0037265999999999996
2 181926902 rs182924488 2.8681999999999997e-09
2 181926972 rs59850603 0.47234
2 181926981 rs187511232 0.6393300000000001
2 181927195 rs3792220 3.7391000000000003e-06
2 181927343 rs1401135 4.3439e-06
2 181927360 rs1401134 4.2925e-06
2 181927409 rs185497717 0.17607
2 181928141 rs184177932 0.5172800000000001
2 181928268 rs147956167 0.86103
2 181928443 rs62181580 4.3014e-06
2 181928478 rs571038109 0.9754799999999999
2 181928634 rs73041008 0.8806
2 181928802 rs4667049 0.89185
2 181928828 rs62178778 3.7067e-06
2 181928832 rs77778867 0.93301
2 181928879 rs138365510 0.8406899999999999
2 181929096 rs186160158 0.93015
2 181929144 rs62178779 3.7816000000000004e-06
2 181929264 rs13406825 0.0044874
2 181929274 rs62178780 4.7364999999999995e-06
2 181929609 rs6433884 0.56571
2 181929617 rs114619623 0.27510999999999997
2 181929975 rs114263355 0.21845
2 181930030 rs62178781 3.7763e-06
2 181930053 rs549721373 0.8823200000000001
2 181930057 rs62178782 9.1585e-06
2 181930117 rs72885292 3.7773000000000002e-06
2 181930138 rs73041014 0.92363
2 181930187 rs770308512 0.61979
2 181930285 rs114946982 0.8502
2 181930412 rs6706565 2.4616e-10
2 181930607 rs59546264 0.25285
2 181930634 rs6735373 2.2272e-10
2 181930665 rs78621768 0.77782
2 181931157 rs13420090 0.004201600000000001
2 181931548 rs1568258 3.5210000000000003e-06
2 181931657 rs149986013 0.8478600000000001
2 181931717 rs73974761 0.53427
2 181932102 rs1401133 3.3287e-06
2 181932159 rs112061844 9.4841e-06
2 181932468 rs56206103 3.3287e-06
2 181932619 rs10194801 3.9764000000000005e-15
2 181932777 rs76559526 0.0070483
2 181932820 rs55639120 3.4946e-06
2 181933210 rs182609238 0.29529
2 181933266 rs11891901 0.5234800000000001
2 181933342 rs540745060 0.70621
2 181933407 rs142950199 0.90676
2 181933468 rs73041021 0.8728299999999999
2 181933548 rs57124431 0.19673
2 181933689 rs1518460 3.3287e-06
2 181933701 rs190966151 0.00025612
2 181933984 rs576309452 0.8823200000000001
2 181934056 rs11689802 5.1534e-15
2 181934145 rs79485815 2.1212e-05
2 181934211 rs10209672 5.0885e-15
2 181934506 rs77719748 0.00060991
2 181934630 rs113920408 0.0006692
2 181934671 rs56347806 2.4405e-09
2 181934680 rs11685279 5.2928e-15
2 181935012 rs6704898 0.5234800000000001
2 181935135 rs77720841 0.31535
2 181935861 rs73974765 0.5122899999999999
2 181936102 rs72887003 3.3221e-06
2 181936490 rs1040229 3.2691e-06
2 181936530 rs73974766 0.51159
2 181936674 rs10195697 4.8254e-15
2 181936743 rs78636252 0.26905999999999997
2 181937445 rs144634165 0.021717
2 181937548 rs78298822 0.0055988999999999995
2 181937707 rs73041031 0.82644
2 181937775 rs73041032 4.8880000000000005e-15
2 181938074 rs75933024 0.24650999999999998
2 181938082 rs6433885 3.4326999999999998e-06
2 181938150 rs6745557 2.3632e-09
2 181938331 rs551062726 0.29529
2 181938894 rs116017913 0.8588399999999999
2 181939014 rs116342334 0.20892
2 181939078 rs1046193 3.4282e-06
2 181939125 rs62178784 3.4164e-06
2 181939158 rs769256579 0.25831
2 181939189 rs114842466 0.20892
2 181939497 rs74972212 0.0051905
2 181939603 rs543497240 0.014740999999999999
2 181939661 rs114009551 0.8478600000000001
2 181939674 rs114758673 0.20479
2 181939704 rs78063062 1.5487999999999999e-09
2 181939794 rs11693284 0.9606600000000001
2 181939831 rs114125947 0.19964
2 181940089 rs552178981 0.9417200000000001
2 181940642 rs10191559 1.2865999999999999e-06
2 181940797 rs10191582 3.6323000000000004e-06
2 181941111 rs79407184 2.2111e-09
2 181941513 rs10930952 3.6095e-06
2 181941920 rs116123612 0.91637
2 181942036 rs11902957 5.0126999999999996e-15
2 181942037 rs2176550 3.6375e-06
2 181942084 rs77627304 0.00417
2 181942440 rs4439925 3.3023000000000004e-15
2 181942613 rs2368194 3.5555e-06
2 181942795 rs56298450 2.2998000000000003e-09
2 181943026 rs77256272 2.2803e-09
2 181943083 rs76562319 1.7699e-17
2 181943109 rs74645945 2.2775e-09
2 181943375 rs116216552 0.8823200000000001
2 181943836 rs4261681 4.7424e-15
2 181943876 rs530667324 0.0021644000000000004
2 181944012 rs77785829 5.9554e-10
2 181944041 rs78136585 5.9554e-10
2 181944580 rs74401397 9.9299e-05
2 181944662 rs2139060 3.5155e-06
2 181944812 rs148857848 0.014394999999999998
2 181944829 rs2139061 3.5356e-06
2 181944971 rs143544327 0.0026206
2 181945033 rs76657584 1.3818e-09
2 181945189 rs115934745 0.20686
2 181945736 rs77084998 0.13571
2 181945917 rs10208483 0.9076700000000001
2 181946115 rs10184839 3.535e-06
2 181946132 rs10184846 3.1806e-06
2 181946208 rs10208742 3.3979e-06
2 181946305 rs78657765 2.2356e-09
2 181947162 rs13407706 0.0041676000000000005
2 181947163 rs11883509 2.6509e-09
2 181947395 rs1356549 3.3997000000000002e-06
2 181947480 rs10497575 0.84903
2 181947634 rs13019038 2.3143e-10
2 181947823 rs16867380 0.24886999999999998
2 181947938 rs6716249 0.75955
2 181947960 rs6716258 3.4202999999999997e-06
2 181948868 rs16867381 0.19049000000000002
2 181949218 rs772797223 0.18925
2 181949240 rs143141875 0.19049000000000002
2 181949510 rs4667055 4.6353999999999996e-15
2 181949602 rs16867382 0.88385
2 181950177 rs77122851 2.5753000000000004e-09
2 181950250 rs139049117 0.029561
2 181950374 rs62178785 3.2421e-06
2 181950728 rs575042136 0.006592300000000001
2 181951210 rs557366990 0.48676
2 181951427 rs10930953 0.036722000000000005
2 181951618 rs150208279 2.3430000000000003e-09
2 181951731 rs138848985 0.28121999999999997
2 181952112 rs72887021 0.88561
2 181952317 rs10176421 3.5118e-06
2 181952420 rs11893940 4.8614e-15
2 181952541 rs146160652 0.21814
2 181953117 rs12468438 3.5510000000000004e-06
2 181953145 rs79355721 0.0039835999999999995
2 181953346 rs139529666 0.0068432
2 181953350 rs144389323 0.20432999999999998
2 181953354 rs7349232 1.0318e-07
2 181953412 rs13410612 4.843e-15
2 181953446 rs7349233 3.4962e-06
2 181953492 rs13385287 4.8542e-15
2 181953570 rs145270974 0.01247
2 181953740 rs6433886 0.8836700000000001
2 181953848 rs114757573 0.33208000000000004
2 181953979 rs115641186 0.20218
2 181954075 rs6433887 3.2479000000000003e-06
2 181954169 rs185210172 0.39804
2 181954463 rs113490487 0.88838
2 181954477 rs564285841 0.40815999999999997
2 181954630 rs13004683 2.2443000000000002e-10
2 181954678 rs138979211 0.0037997
2 181954684 rs4575685 3.385e-06
2 181954759 rs13004750 2.3775000000000003e-10
2 181954766 rs191830840 0.87907
2 181954830 rs574566603 0.64005
2 181955026 rs56006539 2.0600000000000003e-09
2 181955102 rs73041061 0.88645
2 181955109 rs144277222 1.0401e-30
2 181955324 rs73041062 0.96165
2 181955989 rs116187446 1.626e-09
2 181955994 rs12693267 3.4599e-06
2 181956014 rs12693268 3.2924e-06
2 181956023 rs544673311 0.012405
2 181956193 rs114144545 1.9508e-09
2 181956201 rs151009502 0.63955
2 181956372 rs11690798 2.1333999999999998e-10
2 181956375 rs145691532 0.85855
2 181956393 rs62178786 5.0416e-06
2 181956413 rs10930954 3.4661e-06
2 181956552 rs138331238 0.64163
2 181956567 rs10930955 3.5567e-06
2 181956643 rs141347415 1.7343e-09
2 181956658 rs10930956 3.4953e-06
2 181956850 rs115265822 0.32488
2 181956877 rs111663228 0.00031745
2 181956927 rs11681078 3.4661e-06
2 181956948 rs193030409 0.02742
2 181957137 rs189929473 0.028118999999999998
2 181957242 rs142702189 2.9225e-05
2 181957444 rs6746589 3.8453e-15
2 181957493 rs6731985 0.035597000000000004
2 181957614 rs148668731 4.7757e-10
2 181957666 rs6705815 3.4583999999999998e-06
2 181957702 rs151223693 0.9812299999999999
2 181957720 rs6705830 3.4062e-06
2 181957742 rs6734991 3.4884e-06
2 181958007 rs116674511 0.0049773000000000005
2 181958061 rs10183559 0.004915
2 181958192 rs141314346 2.2116999999999996e-07
2 181958199 rs774047104 0.8917700000000001
2 181958229 rs150222524 0.005405
2 181958355 rs145797507 0.9751700000000001
2 181958521 rs76329226 0.97615
2 181958522 rs75095839 0.97615
2 181958548 rs6433888 1.6917999999999999e-09
2 181958708 rs2368195 3.3200999999999998e-06
2 181958774 rs554932646 0.0067337000000000004
2 181958815 rs187184381 0.15738
2 181959138 rs138587211 1.2337e-09
2 181959247 rs60626424 0.5939800000000001
2 181959463 rs61063301 0.8974200000000001
2 181959596 rs111227676 2.1221e-10
2 181959833 rs146270405 0.2798
2 181960067 rs6743224 3.7056e-06
2 181960085 rs6714668 0.0015959000000000001
2 181960097 rs78177142 1.0607e-09
2 181960191 rs73041076 0.89238
2 181960498 rs6743720 2.1169e-10
2 181960612 rs6759130 4.0378e-06
2 181960763 rs80236555 0.48746000000000006
2 181960844 rs6725837 4.0979e-06
2 181960967 rs60195548 0.79511
2 181961002 rs35186130 0.44028999999999996
2 181961158 rs35706726 2.1195999999999998e-10
2 181961236 rs10188726 3.9187e-06
2 181961421 rs77013103 0.5546800000000001
2 181962016 rs74473870 0.66404
2 181962621 rs10205700 0.039929
2 181962827 2:181962827_G_C 0.63426
2 181963022 rs147739913 0.20713
2 181963121 rs7583725 5.8125e-15
2 181963140 rs116076163 0.0045159
2 181963223 rs142662180 0.86218
2 181963378 rs7557544 4.3305e-06
2 181963491 rs146908598 0.91345
2 181963533 rs55779552 0.16813
2 181964207 rs192369251 7.645e-07
2 181964224 rs6709398 4.3106e-06
2 181964318 rs114759879 0.23768000000000003
2 181964559 rs578104888 0.049073
2 181964719 rs1518451 4.4234e-06
2 181964887 rs572225786 2.8211e-06
2 181965036 rs10165544 0.0049908999999999995
2 181965096 rs1518452 4.1591000000000005e-06
2 181965326 rs184280716 0.0033049
2 181965345 rs6742345 3.8462e-06
2 181965478 rs189522595 0.65312
2 181965659 rs116535063 0.91295
2 181966296 rs78841596 1.2432e-09
2 181967075 rs2368196 0.038854
2 181967105 rs187497894 0.80128
2 181967619 rs10198925 3.3257e-15
2 181967818 rs73025610 0.92289
2 181967837 rs76843615 0.92007
2 181968150 rs2176549 0.039043
2 181968205 rs75582374 0.00533
2 181968503 rs116756044 1.2509e-09
2 181968662 rs6754913 3.8437e-06
2 181968740 rs73025614 0.8647299999999999
2 181968809 rs138432574 0.1535
2 181969012 rs73025615 0.85519
2 181969092 rs6729682 1.5171e-12
2 181969380 rs6433890 0.00041931
2 181969525 rs142570261 0.021299000000000002
2 181969709 rs6433891 0.00055226
2 181969931 rs908733 3.4546e-09
2 181970136 rs189670423 0.0063949
2 181970260 rs114914631 1.9176e-07
2 181970439 rs74560915 0.9399
2 181970661 rs553028577 0.0020059
2 181970911 rs73976805 0.28421
2 181970967 rs139262317 0.029397000000000003
2 181971068 rs76085107 1.9852e-10
2 181971237 rs6433892 0.0027599
2 181971251 rs542910139 0.5655399999999999
2 181971463 rs531781256 9.224e-05
2 181971488 rs113575924 0.0024109
2 181971800 rs6706397 0.0026376999999999998
2 181971974 rs77312863 3.0868e-10
2 181972033 rs144867580 0.7398399999999999
2 181972354 rs997716 0.18965
2 181972606 rs75454146 2.7769e-10
2 181972807 rs6710650 0.00060289
2 181972864 rs752879882 0.37855
2 181973399 rs62178846 7.9058e-05
2 181973555 rs62178847 0.17706
2 181973724 rs569065069 0.6269600000000001
2 181973789 rs747421261 0.9541799999999999
2 181973932 rs7578322 2.3053999999999999e-10
2 181974086 rs7566146 8.7098e-05
2 181974488 rs750212791 0.16726
2 181974681 rs113047789 0.0023825
2 181974699 rs10204666 0.00043145
2 181974867 rs114538496 0.23360999999999998
2 181975242 rs1543177 5.968800000000001e-11
2 181975252 rs7569991 0.00067497
2 181975367 rs74565937 0.52036
2 181975562 rs140235409 0.17386
2 181975639 rs7570421 0.5009600000000001
2 181975664 rs73976807 0.49933
2 181976494 rs11678264 0.00066818
2 181976495 rs76245446 2.6635e-10
2 181976610 rs77392500 0.42265
2 181976615 rs535140501 0.0081621
2 181976739 rs62178848 2.8635999999999998e-05
2 181976881 rs6433893 0.00046767
2 181977028 rs6711938 0.00069632
2 181977213 rs149315107 0.3573
2 181977227 rs6433894 6.1807e-11
2 181977293 rs74476276 2.7836e-10
2 181977398 rs187412448 0.00024263
2 181977600 rs191824792 0.52291
2 181977673 rs114595877 0.26536
2 181977769 rs7580796 8.6692e-05
2 181977867 rs79465470 0.00030701
2 181977953 rs6731186 2.1667e-12
2 181978244 rs536551059 0.16212000000000001
2 181978727 rs116137390 2.6939999999999997e-10
2 181979497 rs59639779 1.6835e-07
2 181979700 rs116060936 0.1888
2 181979884 rs75848887 0.11979000000000001
2 181980069 rs55664819 0.00068902
2 181980326 rs190606840 0.02101
2 181980393 rs186556825 0.01238
2 181980779 rs77854308 0.8666799999999999
2 181980839 rs11902832 0.37855
2 181980885 rs1040228 0.00041883
2 181980960 rs78342062 0.98116
2 181981055 rs6706696 9.1998e-05
2 181982005 rs116222527 6.8615e-13
2 181982258 rs73025698 0.21625999999999998
2 181982277 rs35049898 8.590000000000001e-05
2 181982484 rs184853286 1.5118e-06
2 181983186 rs56329092 1.0067e-10
2 181983331 rs189272706 0.0011801
2 181984202 rs75617222 0.00040333
2 181984482 rs112689937 0.55888
2 181984486 rs6747797 0.00046421
2 181984488 rs73976816 0.8003399999999999
2 181984523 rs73976817 0.21786999999999998
2 181984627 rs66912914 0.0021054000000000003
2 181985528 rs140195460 0.00015624
2 181985636 rs73027403 0.20769
2 181985742 rs13011738 3.9931999999999996e-05
2 181985765 rs13011751 0.018076
2 181985834 rs13012524 0.017786
2 181986014 rs73976819 0.33539
2 181986127 rs73027409 0.5370699999999999
2 181986271 rs62178851 0.027104000000000003
2 181986498 rs73027412 0.53542
2 181987025 rs73976820 0.36243000000000003
2 181987218 rs370040618 0.56797
2 181987553 rs13020845 0.016465
2 181987711 rs62178852 0.002667
2 181988705 rs184975437 0.048035
2 181988750 rs73027417 0.5355300000000001
2 181988909 rs7588217 1.5139e-12
2 181988956 rs74796727 0.0035696999999999994
2 181988977 rs62178854 0.07209199999999999
2 181989000 rs556547888 0.34381
2 181989019 rs116024182 0.018225
2 181989237 rs77441360 0.0076676
2 181989301 rs78340832 2.2825000000000001e-10
2 181989311 rs11893772 0.018565
2 181989482 rs57941734 0.51862
2 181989716 rs7565130 0.00036031
2 181989953 rs142218087 0.60922
2 181990275 rs80309396 0.095191
2 181990455 rs115648037 3.2267e-30
2 181990635 rs78886802 0.00031254
2 181990859 rs11902472 4.8244e-07
2 181990863 rs75525605 0.30328
2 181990872 rs116694781 0.91607
2 181991389 rs4077924 0.00033543
2 181991422 rs13026070 3.5836e-05
2 181991740 rs73027429 0.24982
2 181991759 rs13031518 3.6614e-05
2 181991995 rs74705819 3.0948000000000005e-10
2 181992088 rs73976824 5.150700000000001e-10
2 181992283 rs115853724 1.0331e-10
2 181992325 rs369408664 0.045032
2 181992954 rs34504038 3.4937e-05
2 181993422 rs779978033 0.17094
2 181993436 rs78503855 3.3938e-12
2 181993801 rs369592494 0.40588
2 181993812 rs112364211 0.52817
2 181994338 rs62178855 9.4853e-05
2 181994565 rs74384489 2.5553e-10
2 181995321 rs35482602 4.2174e-05
2 181995391 rs73027433 0.0014720999999999998
2 181995570 rs144459649 0.68028
2 181996020 rs76865040 0.047215
2 181996045 rs13010713 1.6305e-16
2 181996068 rs758263687 0.075762
2 181996142 rs56208112 4.1326000000000003e-10
2 181996414 rs77127056 4.7922e-05
2 181996537 rs149139335 0.65665
2 181996558 rs35323141 0.0011045
2 181996733 rs183982732 0.0010835
2 181996931 rs56184714 9.464700000000002e-11
2 181997181 rs113017666 0.84614
2 181997521 rs11890538 0.22953
2 181997603 rs11902135 0.34485
2 181997950 rs11688120 4.5496999999999995e-05
2 181998627 rs35725888 4.439e-05
2 181998644 rs577483222 0.39849
2 181999117 rs114018834 0.00054989
2 181999324 rs35076700 4.2628e-05
2 181999347 rs148163342 0.0068225
2 181999530 rs72887083 4.3242e-05
2 181999799 rs114210617 4.4707999999999997e-10
2 181999977 rs4667082 7.660800000000001e-08
2 182000046 rs4667083 3.1764000000000004e-17
2 182000462 rs546286203 0.0016234
2 182000503 rs78768285 0.38924000000000003
2 182001236 rs73027437 0.0021469
2 182001609 rs772200881 0.010089
2 182001648 rs79217033 0.56921
2 182001651 rs76921894 0.93425
2 182001707 rs78366708 1.8113999999999998e-10
2 182001768 rs73027439 0.0024316
2 182001925 rs529252386 0.36569
2 182002126 rs143639738 0.0013089
2 182002498 rs74563021 0.58355
2 182002565 rs62178859 0.0039632
2 182002868 rs115831805 0.49823
2 182003035 rs77333459 0.9492200000000001
2 182003446 rs10194653 1.2359e-07
2 182003654 rs73027441 0.0018416
2 182003703 rs55699373 3.4507999999999996e-10
2 182004671 rs191434997 0.021332
2 182004891 rs1018327 0.89276
2 182005237 rs148388214 2.3308000000000005e-07
2 182005272 rs143394354 0.00027889
2 182005326 rs34825850 3.7691e-05
2 182005379 rs79920873 0.45842
2 182005441 rs138674815 0.0081007
2 182005958 rs72887087 1.8348e-05
2 182006016 rs72887088 0.5038
2 182006715 rs80313052 1.71e-10
2 182006805 rs11902868 1.0424000000000001e-07
2 182007287 rs540725204 0.0103
2 182007375 rs10207887 8.0184e-08
2 182007612 rs73027445 0.002147
2 182007800 rs1018326 5.577999999999999e-17
2 182008301 rs7581267 9.85e-05
2 182008302 rs6744620 6.692399999999999e-17
2 182008331 rs188296754 0.043311
2 182008771 rs537830507 0.9768
2 182009515 rs138688839 0.86045
2 182009723 rs116446640 0.72464
2 182009976 rs62180161 0.0053203
2 182009987 rs183736438 0.14448
2 182010018 rs758880806 0.53062
2 182010027 rs11891215 0.00014234
2 182010649 rs190383171 0.78262
2 182010667 rs561587697 0.11492999999999999
2 182011668 rs73027455 0.0018184999999999998
2 182011881 rs62180162 0.002836
2 182012014 rs6433895 0.00015342
2 182012067 rs73027457 0.0021127
2 182012093 rs56692685 0.00012611
2 182012138 rs193050159 0.018236000000000002
2 182012793 rs115698590 0.5866899999999999
2 182012828 rs56169464 0.00013756
2 182012885 rs73976835 2.1284e-10
2 182013120 rs34601234 9.7434e-05
2 182013263 rs7592486 9.7435e-05
2 182013274 rs7566256 9.6197e-05
2 182013435 rs113367058 6.4968e-05
2 182013497 rs62180166 0.53669
2 182013526 rs141122050 0.025596999999999998
2 182013615 rs7566434 9.641e-05
2 182013716 rs150304731 0.012231
2 182013979 rs34467063 6.9954e-05
2 182014966 rs183193275 0.024918
2 182014982 rs116087323 5.8986e-17
2 182015484 rs11692625 8.3361e-05
2 182015963 rs115184175 0.22368000000000002
2 182016077 rs115617810 1.0915e-10
2 182016120 rs7577144 0.80897
2 182016198 rs62180167 0.0033634
2 182016234 rs62180168 0.79574
2 182016637 rs77925398 1.0705e-10
2 182016711 rs62180169 0.8004100000000001
2 182016757 rs13033467 0.00019522
2 182017053 rs11904405 0.79006
2 182017148 rs11893821 0.00028955
2 182017374 rs6746347 0.00028851
2 182017385 rs6759865 0.00028723
2 182017603 rs140072979 0.006524899999999999
2 182017630 rs55954384 0.00029995
2 182017674 rs189134964 0.55999
2 182017904 rs55900432 0.00031864
2 182017987 rs34714467 0.00032783
2 182018001 rs73027466 0.0017777000000000001
2 182018106 rs35702511 9.6456e-05
2 182018115 rs35543145 0.00032584
2 182018237 rs76626947 9.484299999999999e-11
2 182018414 rs776350883 0.9323799999999999
2 182018554 rs7558428 0.00032131
2 182018684 rs576284793 0.8340700000000001
2 182018878 rs117171276 0.8212
2 182019329 rs62180174 0.0037256999999999998
2 182019461 rs13025711 0.00034178
2 182019537 rs12999974 0.00030987
2 182019660 rs73976867 0.33193
2 182019687 rs13405121 9.4932e-17
2 182019812 rs55934533 2.9087000000000003e-11
2 182019856 rs6742878 8.720499999999998e-11
2 182019866 rs6758061 0.80966
2 182020684 rs116537991 0.88269
2 182020696 rs59395276 0.00035053
2 182021258 rs62180176 0.0035911000000000003
2 182021433 rs115358385 0.37923
2 182021759 rs777950470 0.090393
2 182022421 rs145872809 1.7939000000000002e-05
2 182022434 rs73027468 0.0017805
2 182022477 rs115422442 0.22701
2 182022567 rs7606704 0.0035726
2 182022719 rs11674331 0.010838
2 182023149 rs114263637 0.011732
2 182023555 rs6433896 0.80616
2 182023621 rs115930120 3.7874e-11
2 182023864 rs6737799 0.33266999999999997
2 182024031 rs6737752 1.8936e-07
2 182024123 rs184773725 0.83911
2 182024131 rs56987708 1.3870999999999998e-15
2 182024174 rs763388148 0.9177
2 182024283 rs6738120 0.80992
2 182024478 rs138303959 0.20162
2 182024510 rs147277823 0.43636
2 182024742 rs6741600 1.9146e-10
2 182025099 rs371049574 0.34799
2 182025188 rs190126371 3.4858e-07
2 182025256 rs116784908 4.9213000000000005e-05
2 182025410 rs532885720 0.80997
2 182025701 rs114798407 0.00060864
2 182025846 rs73027474 0.0017021
2 182026330 rs115564672 0.00029004
2 182026828 rs34774580 0.00054297
2 182026939 rs111242075 0.00053171
2 182027001 rs72888919 0.00054108
2 182027315 rs79347623 0.79625
2 182027362 rs141395283 0.72238
2 182027603 rs6750529 3.915e-08
2 182028191 rs13025293 0.33137
2 182028396 rs1568257 1.2772999999999999e-15
2 182028551 rs73027482 0.0016075
2 182028728 rs62180186 0.0031918000000000003
2 182029305 rs190373481 3.4216e-07
2 182029358 rs1996501 2.2748000000000002e-15
2 182030199 rs11894969 0.19424
2 182030205 rs11900496 0.19452
2 182030229 rs10189776 2.2484e-15
2 182030321 rs73027486 0.71532
2 182030764 rs74178506 0.75656
2 182031224 rs13393689 2.2785999999999996e-15
2 182031232 rs6716261 0.0006102
2 182031385 rs75174634 0.19355999999999998
2 182031626 rs114630013 0.40216
2 182031669 rs6719732 0.00061322
2 182031799 rs10153661 2.2831e-15
2 182031862 rs540016702 0.22841
2 182032207 rs143260265 0.063571
2 182032501 rs2368187 2.1891e-15
2 182032526 rs4583420 0.0024269
2 182032784 rs138388793 3.9134999999999996e-11
2 182033143 rs549454026 0.34407
2 182033294 rs11693055 0.00080115
2 182033435 rs59161684 0.67109
2 182033494 rs56977169 0.0014602
2 182033612 rs112761446 0.0014602
2 182033965 rs77372812 1.5565e-11
2 182034138 rs116537227 4.5246999999999996e-05
2 182034370 rs182662900 0.2885
2 182034404 rs139041402 5.7033999999999996e-05
2 182034448 rs6433897 2.1232e-08
2 182034513 rs186001547 0.89675
2 182034514 rs192075790 0.8310799999999999
2 182035192 rs4667114 1.2074000000000003e-15
2 182035403 rs4667115 1.2622e-15
2 182035406 rs77339619 9.824899999999999e-24
2 182035458 rs182762878 0.19666
2 182035463 rs6719497 0.85998
2 182035865 rs76063874 0.71823
2 182036071 rs11692430 0.00026764
2 182036078 rs77053875 0.30525
2 182036394 rs77903428 0.059675
2 182036900 rs6740034 5.0273e-16
2 182036914 rs558728145 0.33587
2 182036997 rs113397732 0.7289899999999999
2 182037609 rs79052138 0.31246
2 182037829 rs62180188 0.0025583000000000003
2 182038360 rs114180882 1.6940999999999997e-31
2 182038445 rs12620692 4.2977999999999995e-16
2 182038455 rs72888939 0.53878
2 182038583 rs115748413 1.6189e-11
2 182038729 rs6734603 9.610600000000002e-07
2 182038801 rs6734702 2.1766e-12
2 182038978 rs572078778 0.13473
2 182039006 rs139604503 6.972800000000001e-07
2 182039477 rs6735551 4.7485e-16
2 182039501 rs562882017 6.0778e-07
2 182039524 rs73974803 0.15744
2 182039564 rs56096261 0.00043879
2 182039601 rs6720571 2.2272e-12
2 182039745 rs565348252 0.97035
2 182039862 rs4667117 1.9803e-12
2 182040043 rs771242031 0.028926999999999998
2 182040293 rs6724365 0.00042912
2 182040402 rs34465265 0.001482
2 182040427 rs7601042 2.8080000000000006e-12
2 182040441 rs35598315 0.00019111
2 182040443 rs151231570 5.1368e-15
2 182040516 rs12622612 1.5482e-16
2 182040665 rs149996035 0.00615
2 182040856 rs73027499 0.0015907
2 182040876 rs183673127 0.31168
2 182041376 rs73027502 0.01093
2 182041450 rs146574359 0.069115
2 182041505 rs145055803 0.90455
2 182041765 rs758662300 0.035814
2 182041830 rs62180190 0.0024545
2 182042436 rs140088088 0.95481
2 182042445 rs4305233 9.4797e-08
2 182042947 rs13031976 5.8043e-11
2 182043094 rs7600236 1.7590000000000003e-12
2 182043381 rs74813312 0.26019000000000003
2 182043502 rs536617971 0.0029627
2 182043715 rs34405919 0.00038432
2 182044279 rs182406131 0.012790000000000001
2 182044385 rs4667118 3.7651e-16
2 182044407 rs150047453 0.012504000000000001
2 182044497 rs4233789 2.3497e-08
2 182044693 rs74887349 8.4361e-15
2 182044834 rs541616776 0.23573000000000002
2 182044949 rs780788378 0.74327
2 182044984 rs146910865 0.85764
2 182045054 rs4462758 3.1344e-08
2 182045066 rs73029106 0.0030147
2 182045274 rs4514840 0.00034006
2 182045275 rs74996873 1.0664e-11
2 182046305 rs138036766 0.27402
2 182047639 rs12052256 3.6881e-12
2 182047921 rs6433900 3.6492e-12
2 182048452 rs12615545 1.6746000000000001e-16
2 182048471 rs62180194 0.0017974
2 182048965 rs11676297 3.9321e-12
2 182049165 rs186672392 0.0036439999999999997
2 182049171 rs73029172 0.0025675999999999997
2 182049229 rs6734293 4.4456e-12
2 182049230 rs76130440 0.0025873000000000003
2 182049357 rs72888959 1.3541e-05
2 182049441 rs62180195 0.085248
2 182049692 rs116804771 0.8808799999999999
2 182049693 rs78714186 0.28597
2 182049759 rs566212955 0.017845
2 182049801 rs144912689 0.00035567
2 182050246 rs141957948 0.1029
2 182050534 rs4667121 3.3757e-12
2 182050691 rs4667122 3.3771e-12
2 182050851 rs75314991 8.4688e-12
2 182050873 rs115027458 0.1956
2 182051141 rs73029178 0.002571
2 182051427 rs73029179 0.0025018
2 182051504 rs73029181 0.002373
2 182051534 rs72888962 3.7206e-06
2 182051870 rs55854201 7.2422e-12
2 182052045 rs4514841 3.1123e-16
2 182052183 rs185741406 0.0053743
2 182052241 rs62180197 0.0018928
2 182052555 rs13033038 0.00036749
2 182052609 rs114928434 0.5127
2 182052834 rs73029183 0.0023514
2 182053351 rs115848945 1.032e-17
2 182053489 rs144873959 0.00019988
2 182054274 rs73029186 0.0029753
2 182054282 rs73029188 0.0015504000000000002
2 182054365 rs80031304 0.83862
2 182054366 rs151135882 0.88984
2 182054504 rs191604483 0.009414
2 182054660 rs144961522 0.013812999999999999
2 182054868 rs10195880 2.6279e-08
2 182055016 rs72888966 0.0017535
2 182055053 rs114972306 0.5543399999999999
2 182055300 rs4524093 8.3718e-17
2 182055576 rs59260686 0.0030775
2 182055659 rs77903377 0.80809
2 182055696 rs72888968 3.2008999999999997e-06
2 182055995 rs76870096 0.76648
2 182055996 rs771066530 0.75772
2 182056454 rs34790351 0.00036647
2 182056796 rs7593597 6.1887e-17
2 182056909 rs62180198 0.0013434
2 182056979 rs34700861 0.00026376
2 182057019 rs35110674 0.00026954
2 182057083 rs7580110 5.3999e-17
2 182057640 rs12619531 4.2873e-17
2 182058191 rs4522566 4.2873999999999995e-17
2 182058432 rs4374330 5.6004e-09
2 182058490 rs4441425 4.2075e-17
2 182058528 rs4563183 4.2345e-17
2 182058891 rs10209191 3.7627e-17
2 182059248 rs182991601 0.041303
2 182059329 rs187322603 5.776399999999999e-07
2 182059382 rs4439920 3.8317e-17
2 182059639 rs377761198 0.26441
2 182059823 rs4667127 3.8355e-17
2 182059967 rs150370946 0.0010445
2 182060253 rs749363483 0.8603200000000001
2 182060285 rs4667128 1.0755999999999999e-16
2 182060320 rs4667129 1.0701e-16
2 182060678 rs35250663 0.00010952
2 182060695 rs4667130 1.7583e-16
2 182060905 rs6752921 0.00010969
2 182061304 rs78017698 0.00082354
2 182061840 rs4666715 1.063e-16
2 182061996 rs4666716 1.8287e-16
2 182062056 rs4233790 1.8446e-16
2 182062067 rs4233791 2.7214e-08
2 182062281 rs4667135 1.8632999999999999e-16
2 182062284 rs4666717 1.8632999999999999e-16
2 182062313 rs4233792 1.1133e-08
2 182062794 rs12615998 1.7359e-16
2 182062853 rs59181568 0.31829
2 182062879 rs12616042 1.8473e-16
2 182063042 rs181852059 0.8286600000000001
2 182063448 rs4444479 1.8547e-16
2 182063698 rs7599846 6.4516e-14
2 182063855 rs13029217 7.1666e-05
2 182064816 rs186756774 0.00011757
2 182064817 rs192682745 7.7437e-05
2 182065988 rs10930960 2.2824e-08
2 182066074 rs78470382 3.1397e-12
2 182066106 rs532381680 0.0017929999999999999
2 182066276 rs78952522 4.207e-15
2 182066291 rs4667141 2.7023999999999998e-08
2 182066390 rs12693272 1.7556e-16
2 182066569 rs62180200 0.92194
2 182067423 rs6433901 2.5321e-08
2 182067548 rs192887416 0.40778000000000003
2 182067581 rs74375139 0.080579
2 182067587 rs7598010 0.00012837
2 182068040 rs56085338 0.00010155
2 182068399 rs4666719 2.2503000000000003e-08
2 182068460 rs77116456 0.0021149000000000003
2 182068527 rs13035276 0.0001312
2 182068642 rs147857476 0.95099
2 182068653 rs4667142 2.2789000000000003e-08
2 182069004 rs4432411 2.1309999999999997e-08
2 182069079 rs4432412 0.00042934
2 182069210 rs114714201 0.62584
2 182069324 rs150224185 6.1221e-07
2 182070120 rs536215352 0.011294
2 182070324 rs193229881 0.7820699999999999
2 182070476 rs183585402 0.99985
2 182070585 rs115977478 0.037265
2 182071230 rs71425690 0.4739
2 182071428 rs112037582 0.0021226999999999995
2 182071434 rs188389424 7.0678e-05
2 182071620 rs74370236 0.9275
2 182071871 rs11902323 0.3438
2 182071907 rs190502328 0.010765
2 182071919 rs6747566 2.2766999999999998e-08
2 182072063 rs77854045 0.7984899999999999
2 182072149 rs10194025 2.2908e-08
2 182072326 rs139557015 0.00040265
2 182072379 rs7424715 1.6907e-08
2 182073171 rs28445060 0.017836
2 182073364 rs13032688 2.0124e-08
2 182073419 rs4441426 2.1113e-08
2 182073573 rs4441427 2.0086e-08
2 182073642 rs60138293 0.29246
2 182073665 rs4441428 1.9396e-08
2 182073742 rs4473348 1.9296e-08
2 182073767 rs4441429 2.0086e-08
2 182073968 rs4666722 2.0086e-08
2 182073998 rs6713632 0.00042139999999999994
2 182074100 rs374420644 6.2821e-06
2 182074502 rs4666723 1.5917e-08
2 182074751 rs6730853 1.9581e-08
2 182074966 rs76356227 0.8493200000000001
2 182075059 rs138418614 0.07476100000000001
2 182075588 rs13002424 0.00011737
2 182075829 rs113859990 0.0016684
2 182076015 rs78741225 3.0270999999999998e-06
2 182076076 rs72890513 0.08631599999999999
2 182076305 rs116838930 0.33253
2 182076352 rs75894993 0.0016185
2 182076748 rs7561880 1.2183e-16
2 182076867 rs78494471 0.79801
2 182077262 rs142757049 0.00044964
2 182077535 rs11684463 0.00042282
2 182078224 rs12991805 0.32619000000000004
2 182078510 rs75193794 0.018516
2 182078577 rs4254470 2.332e-08
2 182078854 rs190287929 0.31823
2 182079676 rs62180201 0.24874000000000002
2 182079709 rs111611635 0.0016545000000000002
2 182079994 rs192465886 0.0073432
2 182080331 rs149783185 0.93334
2 182080383 rs6723271 2.6072000000000003e-08
2 182080785 rs112706939 0.0017004000000000001
2 182080912 rs766149275 0.093056
2 182080952 rs751397350 0.25397
2 182081030 rs4496291 1.4846e-16
2 182081246 rs564513056 0.81463
2 182081811 rs140694459 0.010263
2 182082066 rs115190859 1.6529e-12
2 182082173 rs148680495 0.23945
2 182082272 rs6709702 0.00014765
2 182082364 rs186748677 3.9336e-05
2 182082602 rs35190308 0.00010836
2 182082693 rs34366526 0.00040233
2 182082993 rs146586325 0.01962
2 182083260 rs529347361 0.8259799999999999
2 182083263 rs4666725 2.5476e-08
2 182083827 rs6717590 2.5458e-08
2 182083868 rs143830551 1.256e-06
2 182084064 rs76487479 0.37917
2 182084462 rs138058500 0.010152
2 182084510 rs180698454 0.0030962
2 182084664 rs4511685 2.5586e-08
2 182084815 rs182078760 8.6221e-06
2 182085063 rs72890522 5.2447e-16
2 182085800 rs75155220 0.15821
2 182085923 rs758524480 0.87479
2 182085991 rs138604007 0.00080441
2 182086192 rs115752563 3.4233e-14
2 182086795 rs4539757 2.5935999999999998e-08
2 182087074 rs771845217 0.019288
2 182087136 rs79583117 0.047702
2 182087251 rs4233795 2.4961e-08
2 182087372 rs141119996 0.85757
2 182088007 rs73029202 0.51234
2 182088043 rs72890530 0.55798
2 182088349 rs4233796 3.0705e-08
2 182088382 rs529818010 6.1204e-07
2 182088435 rs73031204 0.5088600000000001
2 182088559 rs185772123 0.8245399999999999
2 182089180 rs116608488 0.9311200000000001
2 182089714 rs190145433 0.099062
2 182090020 rs192474010 9.218200000000001e-06
2 182090633 rs7355751 1.1941e-16
2 182090651 rs146045764 0.0087438
2 182090769 rs7355566 2.7965e-08
2 182090840 rs7355692 3.6595e-08
2 182091106 rs79259497 0.40263000000000004
2 182091213 rs148553735 7.695e-05
2 182091217 rs76507171 3.0266999999999996e-11
2 182091491 rs115186873 0.76879
2 182091564 rs4667158 3.2819e-08
2 182091893 rs144950751 3.7023e-05
2 182091921 rs147554049 0.0092051
2 182092599 rs77700148 1.4655e-11
2 182092655 rs7355617 1.08e-16
2 182092751 rs35357451 0.00010535
2 182092941 rs7355504 3.1479e-08
2 182093047 rs72890540 8.719399999999999e-05
2 182093062 rs550438697 0.9032600000000001
2 182093201 rs11889566 3.1427e-08
2 182093332 rs10177832 3.1051000000000005e-08
2 182094237 rs562582574 0.41067
2 182094329 rs561722090 0.08027100000000001
2 182094997 rs10930961 1.2020999999999999e-16
2 182095001 rs10930962 1.139e-16
2 182095265 rs4401183 1.1748000000000001e-16
2 182095595 rs4233797 2.2633e-08
2 182095733 rs143916340 0.010272
2 182095759 rs4667162 2.8333e-08
2 182096180 rs13008615 2.3778000000000003e-08
2 182096215 rs13035390 2.2267e-08
2 182096234 rs11678840 0.00013475
2 182096325 rs77589207 0.38064000000000003
2 182097300 rs76395156 2.807e-11
2 182097508 rs559983139 0.30972
2 182097994 rs4324288 4.5841e-12
2 182098019 rs117471317 0.0074465
2 182098985 rs116090981 0.87713
2 182099816 rs10200577 2.9708e-05
2 182099922 rs75941075 5.5739999999999995e-06
