CHR BP SNP P
8 61446673 rs74624496 0.25106999999999996
8 61446683 rs13262390 6.5714e-15
8 61447030 rs56141796 0.00019580000000000002
8 61447483 rs6987084 5.4486999999999996e-15
8 61447502 rs146229713 0.86879
8 61447748 rs10102740 3.815e-15
8 61447807 rs79368568 0.5364399999999999
8 61448731 rs16926270 0.00018202
8 61448732 rs16926273 0.72572
8 61448819 rs116019397 0.8005399999999999
8 61449028 rs17743567 0.8363799999999999
8 61449101 rs190114064 0.77708
8 61449678 rs117523130 0.00064321
8 61449852 rs142651837 0.10901
8 61449898 rs6471889 0.92037
8 61449899 rs6471890 0.9194100000000001
8 61450034 rs61392243 0.16368
8 61450655 rs17821962 0.012245
8 61450664 rs16926277 0.49238000000000004
8 61450800 rs112515684 0.42586
8 61450894 rs7815543 7.6407e-15
8 61451421 rs115697544 0.57291
8 61451750 rs73259409 0.8995299999999999
8 61451880 rs185306627 0.36879
8 61451946 rs113972141 0.31451999999999997
8 61451984 rs73259412 0.94765
8 61452046 rs2272620 6.932300000000001e-15
8 61452302 rs2272621 7.6568e-15
8 61452498 rs17743742 0.019017
8 61452837 rs111765014 0.31451999999999997
8 61452896 rs114651805 0.7206199999999999
8 61453184 rs28649594 4.381100000000001e-15
8 61453195 rs78872886 0.00021413
8 61453227 rs72648590 0.00021516
8 61453278 rs78520366 0.00018658
8 61453345 rs28542403 3.5925e-09
8 61453916 rs7000166 6.796600000000001e-15
8 61454063 rs11787141 2.6216999999999997e-09
8 61454209 rs10957143 3.5791e-09
8 61454349 rs7000882 0.45828
8 61454446 rs7001063 0.56147
8 61454643 rs116094643 0.16524
8 61454685 rs35097857 0.39328
8 61454930 rs7005259 0.53793
8 61455097 rs73259425 0.5385300000000001
8 61455221 rs73259430 0.51688
8 61455677 rs7839296 0.70655
8 61455799 rs147597385 0.3752
8 61455861 rs7839474 6.6768e-15
8 61455941 rs10091703 3.6173e-09
8 61455984 rs149826254 0.67411
8 61456181 rs192960081 0.28065999999999997
8 61456198 rs114451834 0.97967
8 61456220 rs112692221 0.31296
8 61456757 rs10110436 3.6102000000000002e-09
8 61456825 rs185103758 0.31099
8 61456847 rs146630011 0.12936
8 61457005 rs116677785 0.31296
8 61457009 rs10096140 6.8756e-15
8 61457044 rs10957144 6.6421e-15
8 61457757 rs138914133 0.86879
8 61458307 rs76302641 0.7785
8 61458592 rs714207 0.00019302
8 61458693 rs714208 0.16305999999999998
8 61458899 rs2007283 0.0001932
8 61459016 rs72648593 0.25963
8 61459055 rs78547193 0.3135
8 61459317 rs11782178 3.6252000000000003e-09
8 61459382 rs73259436 0.72202
8 61459386 rs75076022 0.028252
8 61459859 rs148640792 0.48216000000000003
8 61459996 rs532010106 0.66608
8 61460190 rs575741449 0.31451999999999997
8 61461102 rs530716725 0.9223
8 61461760 rs7819215 0.96188
8 61461822 rs556891090 0.29406
8 61462147 rs35959880 0.90933
8 61462172 rs72648594 0.00019806
8 61462223 rs11778115 1.5694e-09
8 61462295 rs13257359 6.5201e-15
8 61462396 rs73259438 0.5070600000000001
8 61462541 rs11778888 3.7236e-09
8 61462630 rs113551153 0.32266
8 61462695 rs73259441 0.9525899999999999
8 61462994 rs148958382 0.52187
8 61463199 rs143693718 0.15291
8 61463339 rs148107604 0.6259
8 61463349 rs73259444 0.99671
8 61463455 rs13274307 0.85674
8 61463639 rs57564066 0.3201
8 61463647 rs41420549 6.5346e-15
8 61463776 rs138238517 0.48313999999999996
8 61463982 rs117388134 0.8552299999999999
8 61464227 rs9298039 6.7646e-15
8 61464349 rs10435601 3.7255e-15
8 61464394 rs10435602 3.6348000000000003e-09
8 61464483 rs55902843 0.0025078
8 61464592 rs377245999 0.18497
8 61464655 rs11777673 3.7255e-15
8 61464732 rs11774081 3.7255e-15
8 61464807 rs111405892 0.31139
8 61464839 rs11777706 3.7255e-15
8 61464965 rs190332105 0.8271
8 61465312 rs73259453 0.51874
8 61465334 rs548548783 0.8843700000000001
8 61465787 rs73259456 0.73105
8 61466166 rs77679387 0.2298
8 61466247 rs76889339 0.5587
8 61466271 rs623910 0.0019322
8 61466970 rs538129847 0.37459000000000003
8 61467003 rs13439252 6.7767e-15
8 61467035 rs72648597 0.00019305
8 61467192 rs73259460 0.25927
8 61467349 rs184372849 0.16737
8 61467638 rs76918462 0.57713
8 61467655 rs11996592 6.5325e-15
8 61467665 rs76342138 0.96316
8 61468134 rs7012181 6.836399999999999e-15
8 61468348 rs74845596 0.80695
8 61468442 rs142118184 0.16806
8 61468766 rs76398321 0.5505399999999999
8 61468921 rs112517785 0.32073
8 61469319 rs79434204 0.88281
8 61469786 rs147897987 0.86239
8 61469825 rs111424922 0.5593
8 61469841 rs111474703 0.1684
8 61470339 rs7003130 0.15217
8 61470365 rs113282738 0.5593
8 61470483 rs646871 0.0014985
8 61470490 rs143452000 0.40615
8 61470737 rs77691879 0.54604
8 61471310 rs76795709 0.70444
8 61471404 rs1534849 0.5179199999999999
8 61471729 rs61291329 0.50649
8 61471731 rs78638404 0.0020965
8 61471839 rs2056415 6.8157e-15
8 61472183 rs61174790 0.5239699999999999
8 61472367 rs138575585 0.93222
8 61472484 rs142185563 0.84526
8 61472488 rs117187662 0.00048402
8 61472930 rs11987507 0.57936
8 61472938 rs149629838 0.24051
8 61473013 rs112960780 0.8113100000000001
8 61473914 rs191184195 0.5629
8 61474016 rs11988528 3.6554000000000004e-09
8 61474039 rs11988531 0.57992
8 61474452 rs11778529 3.7487e-09
8 61474817 rs58933078 0.9983200000000001
8 61475274 rs2326568 5.4087e-15
8 61476049 rs114733107 0.15259
8 61476109 rs183599091 0.3651
8 61476193 rs73259475 0.29569
8 61476306 rs2178953 0.00019793
8 61476311 rs79780456 0.3864
8 61476388 rs73259478 0.9788
8 61476472 rs116565443 0.5876100000000001
8 61476541 rs2326569 6.9934e-15
8 61476709 rs2875973 4.5998e-15
8 61477524 rs112611886 0.10148
8 61477611 rs41454344 0.5455800000000001
8 61477683 rs79908838 0.9428700000000001
8 61478061 rs190177215 0.83342
8 61478233 rs77793311 0.56123
8 61478763 rs72648602 0.00019945
8 61478769 rs11988169 0.45621000000000006
8 61479135 rs16926284 0.00019675
8 61479240 rs10100740 5.1172e-09
8 61479274 rs60075768 0.97621
8 61479278 rs143768198 0.43996999999999997
8 61479416 rs73259486 0.69194
8 61479449 rs141934427 0.5413100000000001
8 61479542 rs192816813 0.9862200000000001
8 61479612 rs139341051 0.1869
8 61480194 rs11996337 0.5616800000000001
8 61480243 rs187774897 0.18494000000000002
8 61480704 rs57550331 0.00027453
8 61480722 rs75343182 0.00066559
8 61480830 rs12681841 3.7444e-09
8 61481017 rs142607622 0.057744000000000004
8 61481313 rs73259488 0.51115
8 61481348 rs61277001 0.71181
8 61481555 rs115199986 0.38245999999999997
8 61481614 rs10098769 5.5211000000000005e-15
8 61482096 rs117055822 0.09601699999999999
8 61482182 rs143168073 0.41068000000000005
8 61482194 rs77065309 0.00019980000000000003
8 61482263 rs7831316 0.26865
8 61482308 rs115993373 0.12702
8 61482319 rs72650405 0.00018424
8 61482466 rs189882694 2.0933e-05
8 61482661 rs7834982 0.49938
8 61482686 rs115465202 0.16117
8 61482852 rs568992853 0.77045
8 61483255 rs137974392 0.84004
8 61483937 rs143275973 0.017946
8 61484448 rs141827530 0.3197
8 61484493 rs17822578 0.037404
8 61484788 rs3735825 5.6328e-15
8 61484799 rs11987024 0.54027
8 61484950 rs77221358 0.9694299999999999
8 61484957 rs116642631 0.34126
8 61485137 rs16926294 0.00019745
8 61485256 rs182920242 0.18562
8 61485496 rs118152200 0.79214
8 61485570 rs56294255 6.785600000000001e-15
8 61485575 rs56123131 0.00017819999999999997
8 61485595 rs73259499 0.51083
8 61485630 rs62510249 0.28026999999999996
8 61486128 rs143447339 0.017804
8 61486173 rs7357376 3.6946e-09
8 61486362 rs146750149 0.9221299999999999
8 61486366 rs12680781 5.3873000000000006e-15
8 61486492 rs117162592 0.064435
8 61486784 rs73259501 0.29707
8 61486846 rs73261204 0.5263399999999999
8 61487027 rs146786739 0.47798
8 61487319 rs74838249 0.36155
8 61487425 rs35853087 3.8861000000000005e-09
8 61487462 rs11991778 0.5050600000000001
8 61487463 rs7833549 0.67251
8 61487757 rs11984682 0.48068
8 61487804 rs111707816 0.3197
8 61488001 rs12678694 4.067e-09
8 61488143 rs761554720 0.53686
8 61488186 rs190193389 0.15074
8 61488254 rs10957145 3.9657e-15
8 61488466 rs190808655 0.8625299999999999
8 61488553 rs143235309 0.70314
8 61488824 rs2981277 3.9689e-15
8 61488859 rs2946154 7.0873000000000006e-15
8 61489049 rs75419729 0.00052574
8 61489160 rs7839008 0.5505399999999999
8 61489166 rs112580595 0.11348
8 61489580 rs72650412 0.17269
8 61489899 rs1014860 3.8517e-09
8 61489985 rs60504642 0.52699
8 61490395 rs4452821 5.696e-15
8 61491178 rs115726071 0.93295
8 61491298 rs147791381 0.30696999999999997
8 61491372 rs73261219 0.51755
8 61491558 rs141784881 0.64949
8 61491687 rs147085342 0.70236
8 61492002 rs185545177 0.81623
8 61492015 rs115884465 0.1716
8 61492061 rs116273504 0.7731
8 61492311 rs10103438 3.6473e-09
8 61492512 rs112938752 0.3197
8 61492647 rs141072317 0.48201000000000005
8 61492717 rs374225408 0.12455
8 61492724 rs561426667 0.60444
8 61492728 rs6993019 5.705300000000001e-15
8 61492893 rs7013249 8.4587e-15
8 61492950 rs56192263 0.00019919
8 61493130 rs6993237 3.6148000000000004e-09
8 61493459 rs76943941 0.15979000000000002
8 61493677 rs144523656 0.70139
8 61493874 rs148484740 0.9342299999999999
8 61493920 rs116498006 0.94415
8 61494331 rs7829359 5.364e-15
8 61494817 rs112447563 0.44003000000000003
8 61494855 rs79868067 0.15889
8 61494978 rs10957146 3.8014000000000005e-09
8 61494991 rs10808709 6.9983e-15
8 61495426 rs114964038 0.7009
8 61495735 rs6990951 0.8887
8 61495975 rs111772391 0.31795999999999996
8 61495977 rs185858841 0.75664
8 61496206 rs139553248 0.7141
8 61496216 rs758208771 0.0022994
8 61496263 rs79668689 0.33018000000000003
8 61496380 rs118151113 0.9819899999999999
8 61496575 rs116459888 0.93024
8 61496749 rs115361016 0.5734899999999999
8 61496950 rs3735826 8.495299999999999e-15
8 61496973 rs73683517 0.27738
8 61496982 rs3735827 0.00019892
8 61497224 rs142442233 0.70209
8 61497559 rs7821738 2.0568e-09
8 61497920 rs115418681 0.31690999999999997
8 61498132 rs9643524 3.607e-09
8 61498305 rs74513901 3.0616e-09
8 61498351 rs7822882 0.60246
8 61498467 rs73261229 0.82696
8 61499094 rs116023358 0.97151
8 61499167 rs73261232 0.84188
8 61499191 rs115768141 0.52669
8 61499269 rs73261234 0.47994
8 61499291 rs776975275 0.46613999999999994
8 61499730 rs76601506 0.12972999999999998
8 61499985 rs138020682 0.69325
8 61500064 rs34523017 3.6251e-09
8 61500111 rs73261235 0.73211
8 61500402 rs10957147 7.001600000000001e-15
8 61500443 rs572587345 0.29973
8 61500615 rs183730512 0.45226000000000005
8 61500733 rs11778315 4.6726e-06
8 61501058 rs72650416 0.00017351
8 61501156 rs58916286 0.9197700000000001
8 61501164 rs529364293 3.0153e-05
8 61501294 rs72650417 0.000202
8 61501373 rs142722135 0.9444799999999999
8 61501392 rs115915724 0.57304
8 61501521 rs62510251 0.26493
8 61501552 rs73261240 0.72693
8 61501631 rs2875966 3.7193999999999998e-09
8 61501758 rs184383110 0.058928999999999995
8 61502195 rs56957672 0.72613
8 61502351 rs57310966 0.9592299999999999
8 61503245 rs111375327 0.47636999999999996
8 61503450 rs13278228 3.5231e-09
8 61503585 rs559037136 0.55323
8 61503749 rs186326042 0.86213
8 61503754 rs11988389 0.5008199999999999
8 61504036 rs28502534 0.21469000000000002
8 61504093 rs2326570 7.0725e-15
8 61504193 rs2326571 8.4119e-15
8 61504783 rs73683524 0.49022
8 61504853 rs62510252 0.4932
8 61504924 rs28495747 3.7196000000000003e-09
8 61504943 rs10957148 0.010354
8 61505005 rs192527460 0.023983
8 61505134 rs75184726 0.8485
8 61505211 rs11778772 3.6253000000000003e-09
8 61505275 rs1319105 6.962699999999999e-15
8 61505331 rs1319104 7.0197e-15
8 61505772 rs184253699 0.6785800000000001
8 61505797 rs150139043 0.77996
8 61505847 rs10109278 3.6262e-09
8 61505866 rs73683526 0.5463100000000001
8 61506595 rs77684315 0.57252
8 61506954 rs78723999 0.014218000000000001
8 61506955 rs10957149 3.6254000000000003e-09
8 61507061 rs117883261 0.018025
8 61507125 rs7341555 0.5179
8 61507136 rs56362746 0.12586
8 61507216 rs7341633 0.48307
8 61507407 rs111864910 0.31156
8 61507520 rs775236634 0.010848
8 61507686 rs139768109 0.00082662
8 61508104 rs73261257 0.6118899999999999
8 61508243 rs77555352 0.31156
8 61508260 rs7845982 0.00020457
8 61508798 rs183047373 0.6278699999999999
8 61509013 rs112957317 0.00020317
8 61509024 rs148942286 0.47039
8 61509353 rs11988323 0.56745
8 61509513 rs147814728 0.54718
8 61509919 rs191902659 0.77736
8 61510187 rs193135848 0.10572999999999999
8 61510541 rs185516577 0.7632399999999999
8 61510547 rs116099362 0.94437
8 61510555 rs34234629 3.7782e-09
8 61510658 rs13267765 4.3714e-09
8 61510867 rs11786146 4.484399999999999e-09
8 61511079 rs188761931 0.27138
8 61511161 rs73261258 0.34706
8 61511366 rs6995515 5.6155e-15
8 61511668 rs2981283 0.51217
8 61511725 rs12680436 4.4857e-09
8 61511757 rs192195791 0.5122800000000001
8 61511946 rs56139604 0.64713
8 61511976 rs116698346 0.66446
8 61512042 rs10808710 4.769600000000001e-15
8 61512060 rs10957150 4.807899999999999e-15
8 61512070 rs7462738 4.3254e-09
8 61512103 rs114241086 0.31631
8 61512119 rs56332284 0.00020568
8 61512379 rs189561158 0.33683
8 61512577 rs56854743 0.16551
8 61513098 rs12681129 1.014e-14
8 61513117 rs113735387 0.48988999999999994
8 61513160 rs117002332 0.7018399999999999
8 61513342 rs73683528 0.48141000000000006
8 61513452 rs10957151 1.0126999999999999e-14
8 61513914 rs73261269 0.64479
8 61514127 rs592014 4.3205e-09
8 61514804 rs112918391 0.65368
8 61515656 rs73261277 0.6218
8 61515689 rs2930040 9.7995e-15
8 61515819 rs62512702 0.50755
8 61516480 rs147283391 0.46423000000000003
8 61516808 rs113435324 0.97757
8 61516852 rs112055543 0.69047
8 61516897 rs586377 9.692100000000001e-15
8 61516915 rs684066 9.7534e-15
8 61517089 rs140894231 0.5696
8 61517620 rs187740057 0.31709
8 61517798 rs600811 5.692e-15
8 61518435 rs189274896 0.9461799999999999
8 61518500 rs533709784 0.47922
8 61518545 rs181980408 0.16595
8 61519097 rs115417145 0.22924
8 61519304 rs143351410 0.33679000000000003
8 61519325 rs617834 9.897200000000002e-15
8 61519710 rs191023086 0.15385
8 61519718 rs113162959 0.62656
8 61520042 rs184573140 0.32324
8 61520044 rs74326531 0.66317
8 61520618 rs189131242 0.15205
8 61520858 rs7814111 0.9430299999999999
8 61520999 rs77983238 0.0001753
8 61521397 rs72650422 0.00018675
8 61521803 rs602724 4.3890000000000005e-09
8 61521867 rs610455 4.9704e-08
8 61521929 rs603239 3.6798999999999997e-09
8 61522008 rs16926304 0.71395
8 61522168 rs140368266 0.39226
8 61522179 rs16926305 0.46734
8 61522276 rs608401 7.9482e-15
8 61522610 rs77420872 0.17538
8 61522613 rs763936628 0.7619600000000001
8 61522910 rs595255 8.9442e-15
8 61523453 rs115017146 0.9437399999999999
8 61523468 rs143761965 0.29364
8 61523684 rs115847426 0.56892
8 61523821 rs184383294 0.85864
8 61523874 rs73243809 0.9215399999999999
8 61523889 rs77593133 0.7407199999999999
8 61523998 rs687978 4.443100000000001e-15
8 61524229 rs115472449 0.34973000000000004
8 61524245 rs142982297 0.12065
8 61524385 rs139303698 0.30075
8 61524430 rs116828633 0.35053
8 61524516 rs72650425 0.00018213
8 61524528 rs685715 3.7041999999999997e-09
8 61524829 rs115030851 0.68179
8 61524984 rs73243810 0.69083
8 61525395 rs669599 4.5796000000000005e-15
8 61525460 rs144527698 0.063068
8 61525523 rs543848670 0.23575
8 61525543 rs115152874 0.30755
8 61525780 rs671275 6.5884e-09
8 61525923 rs115704786 0.15392
8 61525963 rs1384687 0.00027268
8 61526175 rs61122151 0.15712
8 61526400 rs684573 3.8338e-09
8 61526825 rs184247048 0.0022816
8 61526953 rs625850 5.024e-15
8 61527048 rs150460316 0.3233
8 61527112 rs80238383 0.32039
8 61527574 rs182219277 0.29455
8 61527765 rs146913325 0.5866399999999999
8 61527877 rs116737213 0.08934299999999999
8 61528478 rs2930038 0.70419
8 61528663 rs16926324 0.00017623
8 61528673 rs114993103 0.3015
8 61528823 rs143629735 0.22935
8 61528876 rs2625441 5.0589e-15
8 61528936 rs7827147 0.94068
8 61529594 rs2326572 0.7075600000000001
8 61530112 rs764841312 0.9914200000000001
8 61530121 rs573166826 0.78932
8 61530167 rs551636855 0.07008099999999999
8 61530190 rs112104315 0.22818000000000002
8 61530310 rs677467 3.7464e-09
8 61530878 rs559425072 0.1308
8 61531034 rs79806836 0.8867299999999999
8 61531577 rs41272429 0.26393
8 61531636 rs17823309 0.041113
8 61531713 rs660865 1.1748999999999999e-14
8 61531916 rs16926333 0.16137
8 61531978 rs145725979 0.33409
8 61532263 rs2128714 0.9984
8 61532461 rs7846100 0.63572
8 61532502 rs188017190 0.23606999999999997
8 61532542 rs7845892 0.32381
8 61532878 rs16926338 0.6703
8 61533756 rs41272433 0.94234
8 61534222 rs77133934 0.55143
8 61534428 rs7413 5.0747e-15
8 61534895 rs629268 5.1533e-15
8 61535125 rs649634 3.7662e-09
8 61535367 rs2930041 0.52479
8 61535417 rs9437 3.7248000000000002e-09
8 61535461 rs118165570 0.1491
8 61535709 rs652422 7.4755e-15
8 61535794 rs142611281 0.71826
8 61535807 rs191757602 0.94895
8 61536178 rs185297839 0.42391
8 61536203 rs664796 3.5581999999999996e-09
8 61536326 rs115963597 0.75421
8 61536364 rs665662 0.00097169
8 61536590 rs114706878 0.6772699999999999
8 61536661 rs114178982 0.70186
8 61537523 rs1120591 3.3287e-15
8 61537610 rs2170677 3.7594e-09
8 61537763 rs116845026 0.7923600000000001
8 61537834 rs147178156 0.9394
8 61538423 rs55837608 0.00017314
8 61538836 rs72650430 0.10449000000000001
8 61539017 rs188194087 0.47446000000000005
8 61539222 rs7815886 0.7016399999999999
8 61539278 rs615031 5.9128e-15
8 61539359 rs7816273 0.61783
8 61539632 rs569329255 0.046444
8 61539662 rs554786529 0.13535999999999998
8 61540328 rs2625445 2.1197e-09
8 61540398 rs2625446 2.1933000000000004e-15
8 61541273 rs631408 3.8719000000000005e-15
8 61541403 rs149293248 0.10784
8 61541465 rs624407 1.3689e-09
8 61541479 rs144646644 0.32122
8 61541573 rs114560862 0.35589
8 61542569 rs186059592 0.42401000000000005
8 61542579 rs16926352 0.16912
8 61542998 rs16926354 0.00016958
8 61543358 rs116371230 0.94821
8 61543476 rs16926358 0.00018431
8 61543513 rs2946149 0.6238100000000001
8 61543547 rs114787825 0.29152
8 61543637 rs149206235 0.88005
8 61544237 rs58183709 0.00026726
8 61544391 rs60369157 0.00028954
8 61544665 rs7016173 0.5776899999999999
8 61545260 rs75819024 0.73711
8 61545346 rs184386251 0.56717
8 61545409 rs77812812 0.71585
8 61545636 rs6471892 0.00031306
8 61545669 rs7003457 0.32347
8 61545724 rs539124051 0.7097399999999999
8 61545870 rs116228454 0.95275
8 61546002 rs78104382 0.32621
8 61546275 rs659118 1.5723e-15
8 61546280 rs59162154 0.00017847
8 61546857 rs141947255 0.32489
8 61547234 rs11985737 0.67214
8 61547340 rs547591162 0.40415
8 61547472 rs187419332 0.97416
8 61547617 rs566251624 0.38008000000000003
8 61547731 rs7003660 0.48391999999999996
8 61547749 rs186876154 0.18924000000000002
8 61548085 rs7004263 0.78704
8 61548119 rs2946150 0.6520600000000001
8 61548326 rs17823808 3.9175e-06
8 61548336 rs146873493 0.9861700000000001
8 61548494 rs626913 2.2833999999999998e-08
8 61548546 rs609264 5.9846e-08
8 61548701 rs608740 4.7088e-11
8 61548810 rs59000397 0.16909000000000002
8 61549140 rs115494299 0.7677
8 61549988 rs73243841 0.67127
8 61549995 rs73243843 0.7563300000000001
8 61550084 rs138921088 0.83288
8 61550221 rs112502493 0.37694
8 61550270 rs117583571 0.31579
8 61550544 rs189820987 0.26438
8 61550704 rs116965998 0.17344
8 61550764 rs669960 7.688999999999999e-11
8 61551106 rs670644 3.6972e-11
8 61551164 rs563113739 0.39825
8 61551681 rs657809 2.7999e-10
8 61551961 rs656846 1.4685e-10
8 61552026 rs549343438 0.40908
8 61553012 rs117053955 0.40854
8 61553315 rs112264527 0.15036
8 61553686 rs10957152 2.3191999999999999e-10
8 61553729 rs144408284 0.0014565
8 61554256 rs16926367 0.69991
8 61554419 rs140689965 0.93505
8 61554927 rs657087 1.2713999999999999e-10
8 61555340 rs115919026 0.46845
8 61555808 rs671204 1.4789999999999998e-11
8 61555930 rs148727054 0.60875
8 61556153 rs55801508 0.029117
8 61556186 rs2680296 9.2187e-12
8 61556306 rs2680297 1.2968e-11
8 61556425 rs7822621 3.2204e-08
8 61556567 rs2680298 6.5003e-12
8 61556577 rs61701788 0.55501
8 61556595 rs77262022 0.9263299999999999
8 61557597 rs185044788 0.6888
8 61557680 rs61433442 0.24216
8 61557767 rs118104084 0.2331
8 61557994 rs138596853 0.00011947
8 61558011 rs191488425 0.94176
8 61558575 rs117668988 0.99271
8 61558788 rs77678105 0.24585
8 61558855 rs2625442 7.372e-12
8 61559253 rs654534 1.625e-08
8 61559656 rs625979 1.0023999999999998e-11
8 61559983 rs12547332 0.027593
8 61560345 rs10094422 0.017945
8 61560459 rs570935011 0.080705
8 61560561 rs56090478 0.041916
8 61561158 rs55717451 0.94237
8 61561306 rs2981276 0.51855
8 61561581 rs116244526 0.7118
8 61561711 rs2946152 0.46757
8 61561944 rs2680299 1.3738e-10
8 61562250 rs621279 1.2122e-10
8 61562268 rs645067 9.2497e-12
8 61562672 rs113129592 0.25272
8 61563274 rs1351706 0.13663
8 61563377 rs192680748 0.51122
8 61563857 rs191976559 0.19455
8 61563896 rs76561460 0.29266
8 61563947 rs78542490 0.5092800000000001
8 61564100 rs78196180 0.9619700000000001
8 61564373 rs143820171 0.011368000000000001
8 61564647 rs687351 5.7972e-09
8 61564747 rs112155834 0.2548
8 61564771 rs686852 4.6601000000000005e-09
8 61564804 rs545671910 0.34579
8 61564816 rs585995 1.487e-10
8 61564862 rs193284352 0.81706
8 61564902 rs586110 1.7995e-10
8 61564964 rs685985 5.6611999999999994e-09
8 61565314 rs117712329 0.26238
8 61565436 rs6985208 0.39142
8 61565461 rs78187258 0.00065279
8 61565826 rs200825790 0.3983
8 61565861 rs79836560 0.90144
8 61566114 rs148241966 0.68902
8 61566163 rs612558 8.953299999999999e-09
8 61566407 rs2930039 0.35036
8 61566655 rs657718 1.0141999999999999e-08
8 61566890 rs62524906 0.46856000000000003
8 61567530 rs567299362 0.48651000000000005
8 61567927 rs79738926 0.24411
8 61567983 rs114333636 0.9444100000000001
8 61568132 rs77460156 0.10615999999999999
8 61568210 rs623917 1.5063e-11
8 61568265 rs623845 2.0388e-11
8 61568651 rs79824415 0.2212
8 61569239 rs143216862 0.046155
8 61569241 rs148328886 0.07245499999999999
8 61569436 rs658176 1.2982999999999998e-11
8 61570069 rs187265480 0.6264
8 61570129 rs61517679 0.13726
8 61570232 rs781364221 0.0023991999999999998
8 61570517 rs582520 0.0010006
8 61570607 rs113002250 0.17947000000000002
8 61570666 rs673802 3.3767e-08
8 61570920 rs79419703 0.15454
8 61570987 rs2625443 6.2899e-10
8 61571820 rs118138878 0.73453
8 61572577 rs183766783 0.24056
8 61572850 rs7016550 0.15799000000000002
8 61572884 rs79056016 0.30075
8 61572983 rs597123 1.4103999999999999e-10
8 61573022 rs189671209 0.075157
8 61573023 rs181664138 0.081675
8 61573052 rs77067267 0.30245
8 61573188 rs778699332 0.32177
8 61573242 rs56274310 0.05438
8 61573439 rs77253100 0.68189
8 61573626 rs58918741 0.040563
8 61573958 rs74529169 0.16949
8 61573991 rs147747410 0.22433000000000003
8 61574057 rs16926372 0.9620700000000001
8 61574094 rs142604319 0.2235
8 61574226 rs111726638 0.17256
8 61574778 rs769064943 0.03451
8 61574929 rs629523 1.1470000000000001e-10
8 61575225 rs654687 0.00035965
8 61575336 rs6990401 0.17482
8 61575609 rs75261480 0.2233
8 61575903 rs57578368 0.16971
8 61576519 rs601778 7.5311e-11
8 61576798 rs671576 1.0247e-10
8 61577069 rs74802326 0.18722
8 61577332 rs182636338 1.1697e-05
8 61577351 rs116973929 0.55123
8 61577392 rs79890071 0.67023
8 61577546 rs116808996 0.41685
8 61577907 rs79956284 0.2039
8 61578407 rs72650439 0.11971
8 61578444 rs140469501 0.47908999999999996
8 61579153 rs186058562 0.9101299999999999
8 61579213 rs605701 4.957099999999999e-10
8 61579214 rs660303 4.9509e-10
8 61579325 rs560475568 0.32366999999999996
8 61579356 rs659805 5.2493e-10
8 61580206 rs645765 3.0567e-10
8 61580240 rs79368997 0.73497
8 61580291 rs148272527 0.77679
8 61580676 rs622755 4.3595999999999996e-10
8 61581424 rs663747 2.5759e-07
8 61582001 rs79532077 0.17884
8 61582562 rs2054668 4.882300000000001e-10
8 61582833 rs2054670 6.640700000000001e-10
8 61583322 rs114953576 0.12937
8 61583367 rs116993333 0.41184
8 61583441 rs665893 5.214600000000001e-10
8 61583615 rs150128512 0.00059146
8 61584044 rs775612604 0.40515
8 61584302 rs79799776 0.21939
8 61584442 rs557345044 0.53604
8 61585202 rs570360111 0.32085
8 61585288 rs77521558 0.60377
8 61585380 rs617434 6.9426e-10
8 61585542 rs10113128 0.094542
8 61585739 rs117325647 0.42700000000000005
8 61586261 rs618190 4.5644e-10
8 61587351 rs10090193 6.5602e-10
8 61587854 rs556044122 0.059819000000000004
8 61587966 rs182871686 0.48865
8 61588636 rs116351898 0.30222
8 61588804 rs192192973 0.8821399999999999
8 61589070 rs7837767 0.50759
8 61589417 rs674489 4.4965e-09
8 61589596 rs72650445 0.049378
8 61589615 rs147019978 0.7826
8 61589843 rs75618055 0.9588200000000001
8 61590175 rs28572193 0.9181799999999999
8 61590493 rs138477665 0.8734299999999999
8 61590543 rs192428435 0.73998
8 61591436 rs113958504 0.14648
8 61591586 8:61591586_G_C 0.3702
8 61591671 rs546943513 0.0085168
8 61591886 rs565659459 0.47279
8 61592515 rs116664805 0.23171
8 61592659 rs564832443 0.014358000000000001
8 61592846 rs569921813 0.2999
8 61593569 rs10957153 0.11234000000000001
8 61593603 rs148150137 0.046306
8 61593727 rs117229666 0.92725
8 61594105 rs142947564 0.14107999999999998
8 61594381 rs540415218 0.25218
8 61594469 rs7001408 0.5443600000000001
8 61595606 rs16926379 0.11900999999999999
8 61595671 rs4738813 0.0088415
8 61595785 rs2680300 0.27245
8 61595791 rs78182220 0.10865
8 61596652 rs56371309 0.16674
8 61597248 rs77579322 0.77832
8 61597378 rs536387300 0.048804
8 61597401 rs60562398 0.96935
8 61597447 rs7013969 0.12699000000000002
8 61597546 rs77229418 0.36225
8 61597689 rs16926382 0.008077899999999999
8 61597809 rs12544305 1.325e-08
8 61597870 rs78668150 0.96467
8 61597914 rs183360922 0.41015
8 61597926 rs140080145 0.073653
8 61597966 rs150334405 0.52144
8 61597987 rs72650447 0.018741
8 61598007 rs2128713 1.3306e-08
8 61598333 rs117095732 0.8971899999999999
8 61598414 rs545232487 0.23454
8 61598554 rs4738814 0.008878200000000001
8 61599122 rs900503 0.0083979
8 61599499 rs187928824 0.098219
8 61600121 rs62524908 0.8545200000000001
8 61600139 rs900502 1.6103000000000002e-08
8 61600308 rs4738815 1.9945e-08
8 61600348 rs780405793 0.8861399999999999
8 61600851 rs80018427 0.38119000000000003
8 61601211 rs143421524 0.32619000000000004
8 61601465 rs186354012 0.7539399999999999
8 61601547 rs138980691 0.18303
8 61601578 rs2035457 1.5149e-08
8 61601642 rs544506028 0.809
8 61601848 rs2035456 1.4785e-08
8 61601958 rs150495528 0.9901700000000001
8 61602612 rs16926384 0.77762
8 61602734 rs183114971 0.37859
8 61602793 rs530053716 0.7953100000000001
8 61602799 rs74954101 0.78973
8 61602961 rs10957154 1.4582999999999999e-08
8 61603111 rs117672224 0.39632
8 61603116 rs34833917 0.13151
8 61603237 rs35777815 0.12479000000000001
8 61603356 rs114566793 0.79875
8 61603415 rs72650449 0.048075
8 61603727 rs6983706 0.30024
8 61604222 rs79768177 0.43696999999999997
8 61604223 rs151223027 0.48607
8 61604363 rs16926387 0.27345
8 61604398 rs62524911 0.57376
8 61604871 rs148981783 0.9845799999999999
8 61604982 rs189264921 0.0029146000000000003
8 61605168 rs76541600 0.44943999999999995
8 61605194 rs13261519 0.23806
8 61605384 rs552729723 0.99713
8 61605529 rs150265752 0.26566999999999996
8 61605647 rs11997122 9.453299999999998e-07
8 61605751 rs77636896 0.8211
8 61605758 rs77059076 0.72201
8 61605768 rs11990117 1.4368000000000002e-06
8 61605894 8:61605894_C_T 0.42111000000000004
8 61606148 rs10957155 1.5103e-08
8 61606415 rs6995545 1.4943999999999998e-08
8 61606433 rs6995557 1.4943999999999998e-08
8 61606745 rs16926398 0.12003
8 61606762 rs12680437 0.0035250999999999998
8 61606868 rs16926399 0.88376
8 61606983 rs78733945 0.38288
8 61607451 rs13269361 0.12705
8 61607457 rs60146492 0.18304
8 61607661 rs74500033 0.68916
8 61607901 rs146513830 0.46468000000000004
8 61608106 rs10504314 0.55677
8 61609166 rs150461688 0.36451
8 61609483 rs62524913 0.8444799999999999
8 61609747 rs550707035 0.21073000000000003
8 61609912 rs6987676 0.0077648
8 61609977 rs76566341 0.63749
8 61610394 rs117714383 0.37379
8 61610605 rs115638117 0.36867
8 61610842 rs75751168 0.51472
8 61611083 rs561702947 0.27081
8 61611183 rs16926407 1.4837999999999999e-06
8 61611313 rs74437665 0.9251
8 61611419 rs540860821 0.50371
8 61611420 rs28600309 0.010457
8 61612019 rs76135640 0.29217
8 61612330 rs74738144 0.92576
8 61612409 rs112230761 0.92001
8 61612509 rs141069579 0.65388
8 61612839 rs180889657 0.007363
8 61613025 rs4738816 0.011294
8 61613051 rs7004550 0.12558
8 61613404 rs6471894 1.8293999999999998e-08
8 61613450 rs62524914 0.51194
8 61613464 rs143313110 0.29730999999999996
8 61613667 rs533531765 0.25849
8 61613721 rs148312166 0.6237699999999999
8 61614367 rs369033764 0.1394
8 61614461 rs145989602 0.35420999999999997
8 61614884 rs9643371 1.5844999999999998e-06
8 61615461 rs6981399 0.007551100000000001
8 61615470 rs138770758 0.045898
8 61616013 rs184569509 0.00019644
8 61616151 rs189401241 0.91695
8 61616515 rs6986750 0.11828
8 61616676 rs371491467 0.34344
8 61616831 rs191452165 0.45655
8 61616843 rs35331770 0.0092221
8 61617617 rs116701602 0.33499
8 61617849 rs72650452 0.18159
8 61618402 rs75561237 0.6078600000000001
8 61618694 rs117993782 0.44691000000000003
8 61618713 rs1017861 6.832600000000001e-05
8 61618754 rs116551454 0.66962
8 61618772 rs115412851 0.95904
8 61618886 rs140936286 0.18487
8 61618932 rs41500348 0.28961
8 61618948 rs1017862 6.7372e-05
8 61619023 rs16926417 0.7705
8 61619219 rs145769228 0.32642
8 61619427 rs1964573 1.6259e-08
8 61619471 rs548257571 0.33342
8 61620577 rs145679151 0.88431
8 61620613 rs4738817 0.12087
8 61620632 rs16926421 0.5915199999999999
8 61620761 rs16926426 0.61359
8 61620894 rs4738818 1.5412e-08
8 61621259 rs187428206 0.35267
8 61621506 rs7816621 1.5276e-06
8 61622618 rs72650456 0.1189
8 61623190 rs118173272 0.52683
8 61623683 rs16926429 0.80079
8 61624089 rs7827192 0.9397200000000001
8 61624291 rs7845701 1.2938000000000001e-08
8 61624949 rs6471895 0.11863
8 61625240 rs60155805 0.15975
8 61625710 rs186234151 0.78054
8 61625915 rs4472560 1.185e-06
8 61626087 rs10104525 0.011484999999999999
8 61626532 rs7011972 1.348e-08
8 61626810 rs569658396 0.39266
8 61627053 rs149860583 0.007498
8 61627180 rs145860561 0.9774
8 61627183 rs80181406 0.50825
8 61627226 rs34301717 0.1205
8 61627312 rs7826035 1.2539e-08
8 61628376 rs114820149 0.2878
8 61628573 rs6471896 1.2029000000000001e-08
8 61629309 rs77810853 0.044273
8 61629323 rs192858390 0.52992
8 61629331 rs10808711 1.1287e-08
8 61629401 rs10957156 1.0841000000000001e-08
8 61629418 rs10808712 1.0354999999999999e-06
8 61629652 rs78617849 0.39488
8 61629865 rs138032837 0.46798
8 61629969 rs76897470 0.68681
8 61630507 rs116151217 0.83611
8 61631025 rs531827740 0.41677
8 61631142 rs191310767 0.4647
8 61631414 rs567049596 0.72873
8 61631536 rs185149412 0.77647
8 61631571 rs10106752 6.4254e-05
8 61631606 rs115133792 0.22554000000000002
8 61631749 rs78658871 0.22021
8 61632196 rs13264416 0.0099637
8 61632567 rs137942973 0.26219000000000003
8 61632605 rs140694521 0.58357
8 61632908 rs78667447 0.22818000000000002
8 61633079 rs117447137 0.0033148
8 61633362 rs72650465 0.3062
8 61634018 rs79357662 0.47041000000000005
8 61634139 rs78549680 0.49198000000000003
8 61634144 rs11995234 1.5944e-08
8 61634233 rs574901840 0.63137
8 61634534 rs11989002 0.27384000000000003
8 61634878 rs116247542 0.21791999999999997
8 61635539 rs12681737 1.2758e-06
8 61635991 rs10957157 0.099563
8 61636174 rs28653462 0.22025999999999998
8 61636809 rs184465510 0.14926
8 61636887 rs35914442 0.096447
8 61636912 rs34022185 0.092966
8 61637002 rs34345692 0.092347
8 61637706 rs145189244 0.61438
8 61637752 rs11990495 1.3089e-07
8 61637923 rs116338062 0.64837
8 61638004 rs561646379 0.18531
8 61638799 rs117498583 0.05650499999999999
8 61638899 rs7813977 0.58931
8 61638953 rs7814114 3.428e-07
8 61639166 rs61411226 0.042148000000000005
8 61639252 rs62524942 0.69391
8 61639619 rs7460516 0.12345999999999999
8 61639778 rs62524943 0.67723
8 61639875 rs28412751 0.35162
8 61639885 rs190930260 0.8255899999999999
8 61640052 rs6988200 0.1942
8 61640066 rs150478133 0.19180999999999998
8 61640290 rs112733699 0.68977
8 61640339 rs6988582 1.3284000000000002e-07
8 61640667 rs115857162 0.82232
8 61641169 rs79650404 0.20347
8 61641181 rs182878591 0.33655
8 61641183 rs187214267 0.33655
8 61641619 rs142239855 0.2961
8 61642016 rs541151323 0.24725
8 61642327 rs10283352 0.00020523
8 61642833 rs62524944 0.67932
8 61643005 rs146457810 0.76708
8 61643023 rs75756215 0.17764000000000002
8 61643117 rs145831361 0.59511
8 61644068 rs74649760 0.6844899999999999
8 61644076 rs115438352 0.19673
8 61644077 rs12056700 0.12202
8 61644221 rs77783819 0.0034256
8 61644700 rs16926440 0.6683399999999999
8 61645113 rs554334230 0.91501
8 61645284 rs572234687 0.39638
8 61645441 rs116502375 0.80555
8 61645530 rs557571235 0.12708
8 61645832 rs114500272 0.67804
8 61646098 rs62524946 0.6814100000000001
8 61646149 rs188991725 0.2282
8 61646204 rs60296501 0.45962
