CHR BP SNP P
8 144538872 rs536720732 0.30832
8 144538985 rs186903391 0.15097
8 144539072 rs150403581 0.37405
8 144539289 rs61389553 0.19560999999999998
8 144539721 rs138004837 0.30219
8 144539817 rs116008452 0.7661899999999999
8 144539978 rs181505570 0.14225
8 144540065 rs13261258 0.16859000000000002
8 144540156 rs72691434 0.00010187
8 144540456 rs13262652 0.11535999999999999
8 144540633 rs368145758 0.86436
8 144540938 rs181427582 0.33253
8 144541018 rs113025548 0.19029000000000001
8 144541521 rs57884004 0.8675700000000001
8 144541547 rs13265464 0.1696
8 144542096 rs4874134 0.46102
8 144542628 rs4874136 0.014874
8 144542804 rs34791886 0.61358
8 144542830 rs35310129 0.20711
8 144543009 rs113383821 0.09966
8 144543160 rs4874137 0.027618
8 144543171 rs57560188 0.19674
8 144543265 rs12675867 0.00012535
8 144543626 rs59747865 0.75881
8 144543746 rs148643890 0.43767
8 144543792 rs544493741 0.34519
8 144543886 rs437309 0.49815
8 144543976 rs13259078 0.036331
8 144544013 rs56077651 0.83829
8 144544138 rs418865 0.015497
8 144544195 rs4874138 0.009535600000000002
8 144544386 rs537205320 0.13960999999999998
8 144544552 rs116566390 0.54023
8 144544877 rs141179846 0.23269
8 144544883 rs390308 0.077454
8 144544981 rs60538272 0.6158399999999999
8 144545006 rs74367659 0.95391
8 144545053 rs10108410 0.00070452
8 144545195 rs10111294 0.000729
8 144545447 rs10111556 0.023839
8 144545702 rs115647024 0.46431000000000006
8 144546005 rs55973149 0.44128999999999996
8 144546584 rs4873794 0.00042239
8 144547067 rs147141058 0.66532
8 144547104 rs11985039 0.00048523
8 144547158 rs117239240 0.41745
8 144547859 rs200778305 0.26905999999999997
8 144548107 rs74996058 0.82432
8 144548806 rs369051 0.090639
8 144549195 rs181404767 0.7910699999999999
8 144549268 rs116654210 0.77553
8 144549524 rs141299726 0.28118000000000004
8 144549617 rs923326 0.004104600000000001
8 144549633 rs73715605 0.43209
8 144549784 rs146989697 0.86544
8 144549890 rs147629077 0.18334
8 144549935 8:144549935_C_G 0.55782
8 144550021 rs73715606 0.05992000000000001
8 144550160 rs11786665 0.48452
8 144550350 rs74631744 0.05
8 144550421 rs78291677 0.55015
8 144550886 rs73715608 0.60542
8 144550947 rs117920443 0.28694000000000003
8 144551109 rs370205005 0.23306999999999997
8 144551142 rs2294118 0.009084700000000001
8 144551410 rs773580066 0.71267
8 144551550 rs748021993 0.4292
8 144551712 rs58884323 0.83786
8 144551985 rs141168014 0.9580799999999999
8 144552033 rs61386175 0.0157
8 144552076 rs4873795 0.58654
8 144552092 rs117814230 0.8831100000000001
8 144552365 rs577430084 0.55852
8 144552520 rs150313979 0.037018
8 144552610 rs28549005 0.013187
8 144552718 rs76578854 0.52076
8 144552744 rs73369424 0.22660999999999998
8 144552761 rs566388541 0.60272
8 144552857 rs567561255 0.9759899999999999
8 144552929 rs142905648 0.55476
8 144552936 rs118092529 0.84534
8 144553005 rs188673675 0.26908000000000004
8 144553094 rs193257117 0.14115
8 144553138 rs374534 0.022131
8 144553201 rs35110652 0.31511999999999996
8 144553246 rs531560227 0.54982
8 144553254 rs111697709 0.44085
8 144553464 rs534052045 0.30201
8 144553465 rs11136296 0.018913
8 144553470 rs116005956 0.080945
8 144553478 rs2956378 0.00039219
8 144553566 rs180737806 0.97836
8 144554143 rs59809057 0.005794
8 144554255 rs144855958 0.65581
8 144554364 rs28557071 0.8252700000000001
8 144554385 rs7016425 0.12108
8 144554448 rs142813562 0.8335799999999999
8 144554573 rs117879931 0.8468
8 144554731 rs2004100 0.0081706
8 144554746 rs2004099 0.0057703
8 144554944 rs542185467 0.39304
8 144554945 rs561972620 0.39003000000000004
8 144554991 rs78266864 0.10004
8 144555129 rs2005246 0.39374000000000003
8 144556007 rs764215966 0.69933
8 144556036 rs75394007 0.33129000000000003
8 144556456 rs111567001 0.48695
8 144556690 rs12544706 0.081501
8 144556739 rs34668069 0.64374
8 144556836 rs61251648 0.01022
8 144556941 rs12547588 0.070358
8 144557264 rs62521920 0.00024133
8 144557681 rs144762294 0.45838999999999996
8 144557739 rs71520524 0.25689
8 144557944 rs35609832 0.23499
8 144558158 rs11986221 0.80833
8 144558260 rs541038189 0.8302
8 144558385 rs4873796 0.05928099999999999
8 144558433 rs400074 0.9500799999999999
8 144558595 rs78472917 0.056945
8 144558713 rs113301088 0.62361
8 144558781 rs189632984 0.9299
8 144558954 rs116286487 0.68647
8 144559105 rs116692788 0.28513
8 144559165 rs11780582 0.033313
8 144559235 rs372513 0.075166
8 144559283 rs181411558 0.080139
8 144559861 rs35457004 8.0857e-05
8 144559929 rs73715611 0.39476
8 144560049 rs13257849 0.036172
8 144560099 rs566615841 0.098605
8 144560229 rs383842 0.77683
8 144560826 rs148156112 0.15198
8 144560956 rs112468018 0.16541
8 144560972 rs370765124 0.51675
8 144561183 rs60861229 0.31933
8 144561456 rs144541544 0.47078000000000003
8 144561577 rs114416429 0.90745
8 144561598 rs55747119 0.2902
8 144561961 rs73715613 0.092838
8 144561991 rs454115 0.22655
8 144562107 rs76340495 0.84073
8 144562110 rs405035 0.2634
8 144562245 rs118076041 0.27853
8 144562271 rs73715615 0.64563
8 144562394 rs190625950 0.81455
8 144562447 rs368315 0.2855
8 144562529 rs78923230 0.18741
8 144562603 rs1487888 1.9664999999999998e-08
8 144562623 rs73715616 0.12014000000000001
8 144563143 rs11782442 0.61274
8 144563200 rs145347285 0.088693
8 144563201 rs149200787 0.09233999999999999
8 144563311 rs78944125 0.82995
8 144563404 rs55881963 0.16793
8 144563464 rs402011 0.45986000000000005
8 144563528 rs60625971 0.34121
8 144563622 rs76551337 0.3157
8 144563758 rs62521922 0.60554
8 144563803 rs12678438 1.5686e-08
8 144563826 rs147038272 0.5544600000000001
8 144563854 rs572968591 0.6643
8 144564089 rs116381735 0.82057
8 144564374 rs73715617 0.062318
8 144564516 rs141889525 0.3242
8 144564602 rs371976 0.32416999999999996
8 144564745 rs6988822 0.35217
8 144564819 rs432027 0.32683
8 144564879 rs73715618 0.085469
8 144564937 rs73715619 0.085392
8 144565023 rs73715620 0.13767000000000001
8 144565099 rs551826715 0.7933600000000001
8 144565317 rs117180954 0.17779
8 144565421 rs61206940 0.23446999999999998
8 144565467 rs73715621 0.07875900000000001
8 144565473 rs567456141 0.29043
8 144565522 rs113612009 0.5078699999999999
8 144565532 rs149514809 0.08272
8 144565680 rs391615 0.0046271
8 144565715 rs73715622 0.06302999999999999
8 144565756 rs553113282 0.5070399999999999
8 144565768 rs566589742 0.30832
8 144565798 rs79792035 0.25062
8 144565851 rs73715623 0.053979
8 144565905 rs380904 0.5773699999999999
8 144565969 rs11785340 0.71506
8 144565973 rs183482043 0.18049
8 144566025 rs73715624 0.085714
8 144566036 rs146022756 0.7407
8 144566043 rs139974372 0.085714
8 144566071 rs7842713 0.089423
8 144566595 rs148415401 0.15696
8 144566783 rs73715625 0.08116799999999999
8 144566792 rs116024855 0.17795999999999998
8 144566793 rs77904014 0.9351700000000001
8 144566848 rs407666 0.3362
8 144566944 rs11786237 0.65427
8 144566969 rs2294119 1.6640000000000002e-08
8 144567070 rs73715626 0.095509
8 144567079 rs558665690 0.30682
8 144567130 rs150961623 0.62795
8 144567137 rs73715627 0.08683400000000001
8 144567289 rs75072288 0.016385
8 144567339 rs73715628 0.071923
8 144567348 rs73715629 0.071448
8 144567397 rs452209 0.32878
8 144567547 rs757083738 0.93853
8 144567991 rs146769004 0.00019344
8 144568050 rs114979559 0.93309
8 144568057 rs115334332 0.93309
8 144568352 rs57247968 0.081826
8 144568375 rs12542047 0.005249
8 144568452 rs11778113 0.5473399999999999
8 144568556 rs188563708 0.60669
8 144568585 rs79579992 0.52703
8 144568817 rs73715630 0.17397
8 144568825 rs111679420 0.24891999999999997
8 144568831 rs114701683 0.039526
8 144568833 rs138130137 0.017087
8 144568865 rs115755124 0.93175
8 144570736 rs58846050 0.083755
8 144570737 rs4874139 0.0036699
8 144570946 rs60369792 0.081196
8 144571140 rs532332128 0.36451999999999996
8 144571154 rs60055255 0.11135
8 144571187 rs4873797 0.29658
8 144571431 rs7013633 0.29664
8 144571547 rs58587385 0.55871
8 144571550 rs114617466 0.8517100000000001
8 144571591 rs116443674 0.8507299999999999
8 144571599 rs57537352 0.9635100000000001
8 144571600 rs10104402 0.29658
8 144571710 rs383439 0.20083
8 144571751 rs138999885 0.080699
8 144571841 rs4874140 0.29498
8 144571849 rs381452 0.67929
8 144571883 rs73715631 0.06988
8 144572002 rs73715632 0.080756
8 144572040 rs73715633 0.082453
8 144572348 rs116751977 0.31035999999999997
8 144572725 rs7007286 0.037679000000000004
8 144572758 rs392131 0.9750200000000001
8 144572796 rs147928512 0.32245999999999997
8 144572978 rs59672514 0.037864999999999996
8 144572988 rs34231560 0.31601999999999997
8 144573055 rs4873798 0.64378
8 144573123 rs11779488 0.92276
8 144573295 rs7817510 0.1793
8 144573343 rs59539766 0.56414
8 144573455 rs13258375 0.009388200000000001
8 144573530 rs57658017 0.6535
8 144573675 rs448340 0.10672999999999999
8 144573864 rs563432754 0.49701999999999996
8 144573910 rs388357 0.005901300000000001
8 144573931 rs7841755 0.30496999999999996
8 144573932 rs1532038 0.36927
8 144574103 rs9969659 0.9729700000000001
8 144574111 rs4873799 0.006116
8 144574116 rs76757716 0.18028
8 144574122 rs540255640 0.75093
8 144574131 rs409529 0.006508800000000001
8 144574219 rs117169455 0.97788
8 144574329 rs74560828 0.98087
8 144574341 rs551303848 0.65086
8 144574353 rs73369471 0.40103
8 144574509 rs439232 0.18889
8 144574611 rs410822 0.59527
8 144574763 rs183600091 0.00046522
8 144575511 rs428772 0.32272
8 144575565 rs443248 0.35589
8 144575738 rs144586367 0.80211
8 144576264 rs548644869 0.53904
8 144576277 rs116886343 0.049326999999999996
8 144576303 rs547993560 0.2092
8 144576601 rs421091 0.34872
8 144576670 rs76250146 0.086899
8 144576671 rs2980265 0.34872
8 144576698 rs398752 0.31616
8 144576709 rs370047 0.31733
8 144576849 rs410836 0.6967399999999999
8 144577059 rs141607407 0.049305
8 144577148 rs372099 0.53763
8 144577151 rs150506486 0.050989
8 144577494 rs364470 0.9582799999999999
8 144577646 rs382539 0.35764
8 144577729 rs73715634 0.084535
8 144577972 rs382832 0.35375999999999996
8 144577993 rs391247 0.35185
8 144578012 rs429060 0.3518
8 144578055 rs73715635 0.10051
8 144578061 rs383155 0.35378000000000004
8 144578082 rs73715636 0.57834
8 144578122 rs115476015 0.40606
8 144578205 rs429431 0.35243
8 144578298 rs116814034 0.9344299999999999
8 144578300 rs12678078 1.9084e-08
8 144578319 rs378184 0.0041523
8 144578569 rs114002943 0.8103899999999999
8 144578727 rs113284351 0.031852
8 144578748 rs393768 0.35723
8 144578765 rs62521928 0.015104
8 144579215 rs744781 0.0047434
8 144579242 rs366767 0.3557
8 144579505 rs116413804 0.92284
8 144579523 rs744780 3.7633000000000004e-08
8 144579635 rs138055249 0.20476
8 144579705 rs402918 0.35098
8 144579713 rs149535220 0.92217
8 144579744 rs440379 0.0042521
8 144579798 rs403613 0.35547
8 144579799 rs440406 0.3507
8 144579928 rs1685411 0.32139
8 144579959 rs376190 0.3539
8 144580025 rs404422 0.41126999999999997
8 144580384 rs410920 0.35058
8 144580522 rs386159 0.3506
8 144580645 rs60101004 0.54928
8 144580686 rs411685 0.35217
8 144580773 rs568096319 0.89997
8 144580882 rs116022193 0.10074
8 144580895 rs186213976 0.35059
8 144581106 rs190859979 0.35381999999999997
8 144581110 rs185782456 0.22995
8 144581147 rs149846262 0.42446000000000006
8 144581382 rs4874141 0.004988
8 144581412 rs146888818 0.9186700000000001
8 144581529 rs139484610 0.18166
8 144581566 rs433859 0.35502
8 144581938 rs397421 0.31335
8 144581948 rs4873801 0.004891899999999999
8 144582078 rs183745191 0.73627
8 144582160 rs114047605 0.09657
8 144582218 rs684925 0.37290999999999996
8 144582305 rs685028 0.0049299999999999995
8 144582393 rs770214532 0.081479
8 144582416 rs73715637 0.098587
8 144582476 rs188043944 0.35586999999999996
8 144582500 rs78048631 0.18155
8 144582539 rs73715638 0.37258
8 144582615 rs140847469 0.13193
8 144582749 rs73715639 0.34808
8 144582799 rs9886386 0.0048328
8 144582851 rs2924516 0.37667
8 144583188 rs9314409 0.0051429
8 144583283 rs571444600 0.69914
8 144583306 rs444753 0.35126
8 144583355 rs116080595 0.31608
8 144583821 rs7830193 0.47981999999999997
8 144583958 rs148766659 0.99821
8 144583969 rs419471 0.37446999999999997
8 144583970 rs408624 0.38106
8 144583996 rs189526368 0.51415
8 144584106 rs139762643 0.042133
8 144584226 rs579135 0.3815
8 144584341 rs379761 0.34996
8 144584345 rs139705909 0.15492999999999998
8 144584372 rs406966 0.37423
8 144584488 rs80198347 0.49561000000000005
8 144584637 rs7834878 0.18053
8 144584780 rs896945 0.0054339
8 144585079 rs896944 0.35561
8 144585195 rs896943 0.42963999999999997
8 144585309 rs2924515 0.31927
8 144585412 rs10102644 2.069e-08
8 144585507 rs11786779 0.46693999999999997
8 144585511 rs2980269 0.0049105
8 144585753 rs28651719 0.9279700000000001
8 144585918 rs2924514 0.31737
8 144585920 rs137883896 0.06564199999999999
8 144585950 rs58216756 0.43171000000000004
8 144586098 rs73369484 0.5867600000000001
8 144586372 rs112150918 0.59112
8 144586553 rs574205960 0.84811
8 144586555 rs111875444 0.50769
8 144586666 rs114414914 0.65433
8 144586669 rs13265427 0.0067595
8 144586731 rs2956376 0.32765
8 144586842 rs57110160 0.58508
8 144586875 rs138459386 0.9265100000000001
8 144586948 rs2980270 0.3254
8 144586991 rs149392722 0.07675499999999999
8 144587068 rs57168303 0.53965
8 144587165 rs2980271 0.32306
8 144587770 rs187695522 0.29034
8 144587790 rs143035739 0.46021000000000006
8 144587849 rs118013367 0.5009399999999999
8 144587909 rs2924513 0.68007
8 144588057 rs76973345 0.58207
8 144588155 rs2980272 0.33164
8 144588189 rs148707790 0.39089
8 144588257 rs142283288 0.92614
8 144588266 rs2924512 0.32586
8 144588321 rs2924511 0.32376
8 144588333 rs111385805 0.92553
8 144588342 rs139312283 0.70391
8 144588513 rs2980273 0.33031
8 144588521 rs188617864 0.031324
8 144588924 rs182585123 0.00015588
8 144589033 rs2924510 0.32571
8 144589081 rs73369486 0.7561100000000001
8 144589118 rs2956379 0.32466999999999996
8 144589212 rs2980274 0.004716
8 144589352 rs73715640 0.083465
8 144589477 rs74402037 0.53614
8 144589714 rs145110154 0.35053
8 144589785 rs2924509 0.31986
8 144589985 rs149025999 0.55114
8 144590049 rs116930274 0.010501
8 144590053 rs2924508 0.18704
8 144590093 rs200295252 0.9773200000000001
8 144590112 rs11774714 0.051361000000000004
8 144590114 rs199766521 0.41928000000000004
8 144590482 rs550239771 0.080997
8 144590569 rs2980275 0.17240999999999998
8 144590584 rs117707603 0.78363
8 144590652 rs2980276 0.31589
8 144590849 rs2924507 0.17397
8 144590891 rs115654921 0.17017000000000002
8 144590892 rs558131236 0.042793
8 144590995 rs114011884 0.59509
8 144591227 rs1470890 0.18742
8 144591253 rs142972097 0.54798
8 144591360 rs1470889 0.17826
8 144591492 rs2924506 0.36062
8 144591588 rs2924505 0.48394
8 144591618 rs11776480 0.45855
8 144591940 rs12542952 0.0058313
8 144591961 rs56764418 0.5461699999999999
8 144592139 rs7833664 0.3194
8 144592174 rs968558 0.31495
8 144592259 rs968557 0.0039294
8 144592474 rs144675163 0.78768
8 144592591 rs13249589 0.0061393
8 144592677 rs148520947 0.9758600000000001
8 144593238 rs7824592 0.004945199999999999
8 144593320 rs116755836 0.54181
8 144593379 rs567602594 0.80108
8 144593405 rs61453884 0.54094
8 144593519 rs147281650 0.57944
8 144593772 rs1869442 0.36025999999999997
8 144593796 rs1869441 0.0042993
8 144593993 rs752725681 0.94355
8 144594235 rs181610946 0.094746
8 144594529 rs73715643 0.3241
8 144594780 rs896942 0.32764
8 144594910 rs117126994 0.9924
8 144594964 rs116956495 0.58355
8 144595042 rs12543128 0.65928
8 144595046 rs60275389 0.55269
8 144595189 rs12545647 0.0046119
8 144595244 rs117974186 1.9168e-08
8 144595301 rs140251637 0.77566
8 144595628 rs34564641 0.39391
8 144595808 rs61299024 0.9290200000000001
8 144595898 rs118181325 0.064652
8 144596058 rs141324317 0.43932
8 144596286 rs143348247 0.45424
8 144596364 rs114633664 0.18302000000000002
8 144596455 rs28583770 0.19374
8 144596722 rs28569868 0.00065002
8 144596770 rs35718186 0.31899
8 144596903 rs11783695 0.46924
8 144597046 rs73715645 0.38293
8 144597073 rs73715646 0.96883
8 144597217 rs34668844 0.37716
8 144597277 rs35246934 0.36196999999999996
8 144597458 rs34924068 0.34717
8 144597460 rs35107904 0.34717
8 144597472 rs7846152 0.00062589
8 144597601 rs57161347 0.8724700000000001
8 144597730 rs13254347 0.0069298
8 144597806 rs10099676 0.00059378
8 144597819 rs80292129 0.18492999999999998
8 144598079 rs1809147 0.36177
8 144598418 rs115061386 0.44893
8 144598954 rs896939 0.33939
8 144598974 rs201328155 0.7983100000000001
8 144598982 rs7820767 0.73105
8 144599009 rs10103957 1.6720999999999998e-08
8 144599010 rs115767805 0.18298
8 144599126 rs7841795 0.012272
8 144599178 rs7464822 0.003814
8 144599219 rs117920286 0.92384
8 144599230 rs150127254 0.040006
8 144599320 rs72691462 0.26323
8 144599329 rs111397184 0.047971
8 144599416 rs73715648 0.51788
8 144599622 rs75803883 0.053859000000000004
8 144599725 rs7821816 0.18486
8 144599977 rs186003292 0.4236
8 144600132 rs183451139 0.26926
8 144600289 rs115576025 0.36965
8 144600308 rs562806222 0.7337199999999999
8 144600543 rs11777351 0.45625
8 144600645 rs551634537 0.73829
8 144600658 rs34918049 0.36207
8 144600768 rs7826922 0.00029045
8 144600773 rs115420828 0.18291
8 144600787 rs73715649 0.088787
8 144600902 rs11777483 0.45561999999999997
8 144600997 rs73715650 0.088713
8 144601140 rs115942138 0.18291
8 144601299 rs1563152 0.0032159999999999997
8 144601312 rs76495413 0.088889
8 144601816 rs76419451 6.0429e-09
8 144601826 rs73715651 0.39721
8 144601836 rs73715652 0.39711
8 144601896 rs7842979 0.52313
8 144602027 rs192728985 0.13125
8 144602121 rs115204808 0.45221999999999996
8 144602320 rs116722143 0.18299
8 144602609 rs114511011 0.36430999999999997
8 144602619 rs57438137 0.089784
8 144602636 rs60511618 0.098462
8 144602697 rs1869440 0.79813
8 144602742 rs1869439 0.36308
8 144602786 rs187767766 0.51932
8 144602815 rs12114847 0.14015
8 144603191 rs73715654 0.08977
8 144603234 rs146423135 0.03942
8 144603359 rs2060969 0.33662
8 144603486 rs2060968 0.31034
8 144603665 rs73715655 0.089585
8 144603966 rs151173545 0.27465
8 144604063 rs1563151 0.33331
8 144604254 rs1563150 0.33275
8 144604328 rs2060966 0.33244
8 144604360 rs2060965 0.44763000000000003
8 144604422 rs6991503 0.33384
8 144604486 rs78126732 0.98721
8 144604545 rs537534854 0.24821
8 144604645 rs35787775 0.36545
8 144604682 rs192047695 0.03259
8 144604728 rs185194600 0.10907
8 144604733 rs35896462 0.31828
8 144604861 rs115341818 0.24734
8 144604885 rs35831450 0.33311999999999997
8 144604947 rs59330917 0.44369
8 144605208 rs74332390 0.6502100000000001
8 144605500 rs139018406 0.041318
8 144605556 rs116963805 0.56191
8 144605598 rs7837369 0.0039161000000000005
8 144605607 rs35602999 0.34215
8 144605803 rs35638000 0.30208
8 144605912 rs148113686 0.34986999999999996
8 144605920 rs34088640 0.34026999999999996
8 144606020 rs34766221 0.34019
8 144606031 rs11993277 0.67085
8 144606066 rs35868970 0.3663
8 144606172 rs12681624 4.6118e-09
8 144606330 rs73715658 0.094592
8 144606372 rs35706047 0.37989
8 144606462 rs547798515 0.54748
8 144606509 rs116475271 0.14819000000000002
8 144606567 rs28539132 0.0027348000000000003
8 144606877 rs35210845 0.99371
8 144607122 rs34643556 0.37759000000000004
8 144607143 rs34933016 0.36556
8 144607145 rs7834306 0.0024993000000000003
8 144607285 rs149672519 0.26733
8 144607462 rs35133539 0.37558
8 144607611 rs35532688 0.43804
8 144607680 rs142573129 0.11482
8 144607926 rs73373281 0.20359000000000002
8 144608018 rs113959366 4.057800000000001e-09
8 144608074 rs56209058 0.10670999999999999
8 144608147 rs115222642 0.18342
8 144608166 rs57454270 0.4488
8 144608243 rs34472984 0.33765
8 144608282 rs35418690 0.37339
8 144608418 rs4874144 0.3426
8 144608537 rs147962023 0.35362
8 144608634 rs4242487 0.00021728
8 144608878 rs138173513 0.33695
8 144609035 rs114145170 0.15975999999999999
8 144609148 rs11782873 0.44375
8 144609192 rs11780836 0.0039418
8 144609209 rs116474000 0.17244
8 144609227 rs11780840 0.4358
8 144609247 rs11991742 0.79218
8 144609283 rs115067709 0.090146
8 144609294 rs566199238 0.42688999999999994
8 144609327 rs145070892 0.70618
8 144609392 rs142580126 0.22815
8 144609437 rs11783681 0.42632
8 144609557 rs10103541 0.0025679
8 144609584 rs73715661 0.090562
8 144609952 rs921668 0.0029209
8 144610033 rs921667 0.47286000000000006
8 144610061 rs1869443 0.36844
8 144610306 rs34839082 0.37146
8 144610372 rs116353932 0.45555
8 144610379 rs35847504 0.37146
8 144610442 rs149900480 0.53592
8 144610457 rs555414800 0.7057100000000001
8 144610644 rs34437358 0.36848000000000003
8 144610649 rs114557168 0.53608
8 144610870 rs147170489 0.027024
8 144610873 rs36046140 0.36966
8 144610911 rs35155580 0.38277
8 144610951 rs35381666 0.36968
8 144611008 rs11782064 0.41193
8 144611021 rs34703193 0.36968
8 144611068 rs35616099 0.36834
8 144611412 rs11782859 0.47129
8 144611418 rs536034880 0.60107
8 144611514 rs73373284 0.47841000000000006
8 144611544 rs80289570 0.14418
8 144611668 rs34933816 0.3737
8 144611702 rs186875132 0.2971
8 144611729 rs4242488 0.0026861999999999997
8 144611741 rs151031212 0.72531
8 144611797 rs1971214 0.48494
8 144611877 rs113815059 0.64064
8 144612024 rs1542333 0.84735
8 144612349 rs73715664 0.59747
8 144612368 rs769232964 0.8842200000000001
8 144612508 rs77590174 0.33824
8 144612545 rs61380234 0.14340999999999998
8 144612611 rs145038108 0.11928
8 144612701 rs114424017 0.9111
8 144612755 rs59655443 0.14337
8 144613076 rs77642812 0.57209
8 144613084 rs2382954 0.4373
8 144613172 rs2382955 0.00026939
8 144613193 rs2382956 0.00028705
8 144613214 rs2382957 0.37025
8 144613280 rs143620663 0.45
8 144613390 rs2382958 0.37584
8 144613470 rs553221328 0.95139
8 144613515 rs116950180 0.9165
8 144613680 rs3889129 0.00019114
8 144613746 rs896935 0.37093000000000004
8 144613897 rs184016071 0.11839000000000001
8 144613917 rs1077272 0.42051000000000005
8 144614215 rs150876636 0.039861
8 144614233 rs540454037 0.084329
8 144614413 rs183681711 0.8887
8 144614515 rs7834418 0.8205399999999999
8 144614590 rs2382959 0.86693
8 144614667 rs896934 0.80419
8 144614835 rs76493332 0.59078
8 144614836 rs183611872 0.91333
8 144615049 rs566428114 0.2997
8 144615195 rs746383 0.0010404000000000001
8 144615201 rs896933 0.0010475999999999999
8 144615390 rs577526079 0.57275
8 144615404 rs62521948 0.40105
8 144615413 8:144615413_G_C 0.59772
8 144615549 rs34971859 0.39153000000000004
8 144615696 rs556096645 0.65989
8 144615720 rs75507134 0.14179
8 144615860 rs2382960 0.18475999999999998
8 144615940 rs181480871 0.9384
8 144615990 rs140606303 0.50592
8 144616286 rs181436413 0.6311
8 144616380 rs79374845 0.38286
8 144616658 rs550575221 0.49062
8 144616667 rs140311690 0.39862
8 144616684 rs138087330 0.31797
8 144616743 rs117480737 0.66967
8 144616884 rs34935688 0.38338
8 144616902 rs4874146 0.0026925
8 144616906 rs115265369 0.66746
8 144616918 rs116632269 0.37596999999999997
8 144617029 rs143376687 0.88612
8 144617043 rs114078909 0.38979
8 144617048 rs145757234 0.37590999999999997
8 144617112 rs539033240 0.57088
8 144617159 rs35726397 0.35259
8 144617653 rs34386820 0.37478
8 144617691 rs6558370 0.0027327
8 144617914 rs541711344 0.27349
8 144617923 rs10098046 0.40386
8 144618232 rs10101193 0.0028989999999999997
8 144618255 rs116232760 0.12932000000000002
8 144618322 rs61314584 0.048570999999999996
8 144618365 rs34690750 0.37524
8 144618398 rs201437544 0.26726
8 144618480 rs11548254 0.056033000000000006
8 144618530 rs73715666 0.070184
8 144618908 rs58617001 0.70498
8 144618995 rs545207376 0.9204100000000001
8 144619299 rs117714976 0.62033
8 144619367 rs114879063 0.1847
8 144619407 rs143945824 0.7686
8 144619513 rs58723189 0.37535999999999997
8 144619926 rs896965 0.35241999999999996
8 144619985 rs896964 0.35136999999999996
8 144620183 rs4874147 0.00070846
8 144620224 rs753785236 0.57418
8 144620225 rs754913575 0.6200100000000001
8 144620246 rs72691463 0.43581000000000003
8 144620334 rs145312531 0.11977
8 144620342 rs1318196 0.18622
8 144620475 rs138611853 0.41736
8 144620485 rs34674128 0.28817
8 144620584 rs80351785 0.55076
8 144620694 rs896963 0.36559
8 144620810 rs10081594 0.22214
8 144620855 rs4873802 0.34553
8 144620871 rs3750209 0.40387
8 144620900 rs33935986 0.38899
8 144621015 rs10081449 0.090273
8 144621035 rs3750208 0.37822
8 144621084 rs3750207 0.20936999999999997
8 144621091 rs3750206 0.28945
8 144621839 rs964196 0.35436
8 144621931 rs964195 0.19159
8 144622290 rs1377664 0.37375
8 144622732 rs75013835 0.10995999999999999
8 144622814 rs142226048 0.59242
8 144623299 rs62523568 0.35315
8 144623304 rs2242094 0.37796
8 144623574 rs2242093 7.3311e-09
8 144623635 rs114081038 0.53667
8 144623735 rs2242092 0.0024875
8 144623744 rs374149479 0.03708
8 144623763 rs6987130 0.56598
8 144623831 rs6994613 0.25436
8 144623836 rs539705614 0.30567
8 144623845 rs2242091 0.36024
8 144623852 rs59151473 0.40755
8 144623918 rs11779871 0.36905
8 144624040 rs80141841 0.39282
8 144624128 rs6998917 0.17729
8 144624200 rs73375219 0.25575
8 144624438 rs6991958 0.42951999999999996
8 144624461 rs34557473 0.37437
8 144624492 rs62523569 0.35677
8 144624643 rs11779379 0.36096
8 144624817 rs11780770 0.32778
8 144624917 rs60649827 0.41581
8 144625408 rs180896841 0.50131
8 144625433 rs11780288 0.37867
8 144625439 rs7814064 0.41141000000000005
8 144625496 rs7814091 0.11508
8 144625574 rs553789772 0.029708
8 144625677 rs12679647 9.695299999999998e-09
8 144625765 rs142202742 0.17657
8 144625793 rs56972823 0.4145
8 144625804 rs181401037 0.1764
8 144625867 rs7005579 0.42745
8 144626015 rs75939296 0.52728
8 144626191 rs11778459 0.37798000000000004
8 144626320 rs11781228 0.41093999999999997
8 144626363 rs13439172 0.29546999999999995
8 144626372 rs11782616 0.38103000000000004
8 144626533 rs35065687 0.38048000000000004
8 144626685 rs115489579 0.16186
8 144626708 rs59378841 0.40018000000000004
8 144626721 rs73715668 0.71508
8 144626891 rs58372186 0.37973
8 144627034 rs76883515 0.37944
8 144627197 rs58618335 0.3918
8 144627241 rs12543282 0.00243
8 144627534 rs138930402 0.16419
8 144627907 rs58517475 0.27016999999999997
8 144627934 rs116694115 0.38991
8 144627998 rs114411371 0.3899
8 144628078 rs28665893 0.39199
8 144628079 rs11774601 0.41221
8 144628208 rs28708516 0.39519
8 144628273 rs572555682 0.21877
8 144628514 rs12716574 0.21245
8 144629116 rs118110124 0.353
8 144629194 rs58774177 0.21191
8 144629346 rs57652216 0.39383
8 144629402 rs57993781 0.002915
8 144629422 rs118062821 0.14249
8 144629589 rs117700085 0.44392
8 144629658 rs140476222 0.58673
8 144629888 rs28429581 0.25474
8 144629898 rs76858516 0.44156000000000006
8 144630038 rs189291610 0.39261999999999997
8 144630087 rs372235526 0.9027
8 144630208 rs192027305 0.21606
8 144630370 rs113423933 0.60104
8 144630837 rs58015954 0.20686999999999997
8 144630846 rs139989385 0.22783
8 144630847 rs10100461 0.40799
8 144630901 rs59401474 0.45183
8 144631093 rs77318762 0.43667
8 144631338 rs56671711 0.0020599
8 144631342 rs113990650 6.4478e-09
8 144631474 rs35228013 0.0019430999999999997
8 144631505 rs112458675 0.52662
8 144631953 rs4874148 0.20158
8 144631986 rs12679598 5.863500000000001e-09
8 144631988 rs4874149 0.45638999999999996
8 144632006 rs28665475 0.43746
8 144632069 rs59229903 0.21806
8 144632460 rs59889124 0.21738000000000002
8 144632591 rs35846341 0.47055
8 144632677 rs35592689 0.36455
8 144632901 rs35450033 0.38199
8 144632990 rs115359740 0.37604
8 144633556 rs2085018 0.0018404
8 144633561 rs555115867 0.81089
8 144633728 rs2100423 0.0017863
8 144633748 rs79580053 0.044232
8 144633957 rs112487331 0.045107
8 144634015 rs140287512 0.93753
8 144634152 rs73375237 0.5948
8 144634321 rs186927734 0.96672
8 144634340 rs73375238 0.60143
8 144635336 rs76086160 0.41807
8 144635394 rs34146789 0.89574
8 144635624 rs114505430 0.28352
8 144635843 rs58722757 0.21215
8 144636272 rs4874150 0.58772
8 144636466 rs112323826 0.045423000000000005
8 144636481 rs114769766 0.071574
8 144636596 rs117666709 1.6409e-08
8 144636949 rs7844860 0.0014566
8 144636975 rs59292653 0.19226
8 144637067 rs79555316 0.70502
8 144637257 rs7834318 5.9108e-06
8 144637408 rs1971213 0.8264600000000001
8 144638180 rs113740104 0.55207
8 144638273 rs13439498 0.40121999999999997
8 144638545 rs79958761 0.025993000000000002
8 144638679 rs60079230 0.004339899999999999
8 144638734 rs10099546 1.4721000000000003e-10
8 144638839 rs11782753 0.54587
8 144638888 rs116962724 0.38337
8 144638961 rs757836224 0.012491
8 144639074 rs115188912 0.070547
8 144639317 rs146176249 0.54901
8 144639363 rs72691465 0.9092
8 144639457 rs112434145 0.73146
8 144639479 rs555023118 0.8674299999999999
8 144639612 rs113639311 0.79633
8 144639895 rs138281819 0.43778
8 144639952 rs7813970 0.78484
8 144639954 rs4266665 2.9653000000000002e-05
8 144640053 rs61173420 0.5366
8 144640506 rs80346174 0.19947
8 144640603 rs112539016 0.6685399999999999
8 144641159 rs573552052 0.73338
8 144641161 rs4292703 4.2831999999999996e-08
8 144641313 rs7840166 0.22041
8 144641370 rs2305492 3.7404e-08
8 144641514 rs7840446 0.70281
8 144641753 rs4874151 0.21227
8 144641897 rs182970160 0.19433
8 144641911 rs560694622 0.42517
8 144642244 rs73375262 0.22243000000000002
8 144642268 rs561523600 0.9242299999999999
8 144642281 rs146277165 0.094801
8 144642490 rs73375263 0.22024000000000002
8 144642596 rs7835865 0.22034
8 144642815 rs11551200 0.32685
8 144642854 rs11551202 0.21093
8 144642881 rs112103340 0.082289
8 144642918 rs62000416 0.71219
8 144642932 rs62000422 0.08304299999999999
8 144642986 rs11136298 0.48713999999999996
8 144643127 rs201678603 0.06510099999999999
8 144643169 rs1545536 2.454e-05
8 144643321 rs12541790 0.75061
8 144643603 rs2290414 3.6960000000000003e-07
8 144643693 rs142319836 0.46403999999999995
8 144643795 rs73715682 0.48933000000000004
8 144644085 rs112002155 0.093375
8 144644405 rs11551198 0.77972
8 144644574 rs201009517 0.35308
8 144644583 rs1349806 0.75333
8 144644664 rs142168635 0.70798
8 144644666 rs74645610 0.44333999999999996
8 144644686 rs144173624 0.19607
8 144644787 rs1377663 0.75379
8 144645460 rs10099003 0.32913000000000003
8 144645513 rs13266821 0.0018396
8 144645588 rs114849540 0.7448600000000001
8 144645785 rs112484283 0.27945
8 144645959 rs59629369 0.21350999999999998
8 144646106 rs112845442 0.86903
8 144646201 rs56949579 0.00022089
8 144646254 rs111351952 0.066885
8 144646393 rs190665762 0.49851999999999996
8 144646665 rs187720449 0.46576999999999996
8 144646687 rs28600201 0.096469
8 144646693 rs28477996 0.38186
8 144646781 rs540292391 0.62876
8 144646890 rs967699 0.7568699999999999
8 144646903 rs56126614 0.7763100000000001
8 144646910 rs967700 0.32061
8 144646958 rs55750403 0.76286
8 144647005 rs4552913 0.75849
8 144647167 rs967701 0.089556
8 144647375 rs192661310 0.17365999999999998
8 144647410 rs116635484 0.059724
8 144647668 rs73715683 0.4748
8 144647694 rs10089672 0.8033
8 144647825 rs754640531 0.39455999999999997
8 144647890 rs73715684 0.9087799999999999
8 144647928 rs12541647 0.0021526
8 144647964 rs4471056 0.8281
8 144647982 rs192885155 0.36828
8 144647991 rs28507938 0.092615
8 144648071 rs117415206 0.060311000000000003
8 144648129 rs28372245 0.46636000000000005
8 144648184 rs73375272 0.09811399999999999
8 144648193 rs73375273 0.09803400000000001
8 144648281 rs72691469 0.81319
8 144648509 rs12168 0.80947
8 144648642 rs896946 0.78462
8 144648744 rs896947 0.41436999999999996
8 144648830 rs143573762 0.27731999999999996
8 144648835 rs56016456 0.42002
8 144648863 rs147292525 0.41211000000000003
8 144649156 rs10102146 0.71844
8 144649157 rs10097065 0.72035
8 144649192 rs11775744 0.73958
8 144649478 rs189847213 0.41607
8 144649601 rs13268196 0.4281
8 144649625 rs10097556 0.41686000000000006
8 144649650 rs13254352 3.7243e-05
8 144649690 rs13254590 0.77375
8 144649894 rs186162476 0.49341999999999997
8 144649968 rs13255489 0.74069
8 144650001 rs73715685 0.30453
8 144650176 rs35259289 0.43241
8 144650467 rs73715686 0.21528000000000003
8 144650503 rs13271361 6.5297e-07
8 144650510 rs11136301 3.8065000000000004e-08
8 144650547 rs11136302 5.5955e-08
8 144650550 rs10101426 0.6934899999999999
8 144650859 rs146559587 0.29184
8 144650925 rs13279011 0.057441
8 144651062 rs80190095 0.059614
8 144651200 rs114567147 0.43373
8 144651881 rs187831058 0.4867
8 144651952 rs150160012 0.09551699999999999
8 144652149 rs113705108 0.18868
8 144652281 rs11990325 0.0055913000000000004
8 144652930 rs146929732 0.35354
8 144653132 rs113798168 0.25997
8 144653397 rs11986259 0.070063
8 144654046 rs758472125 0.35398
8 144654249 rs10866911 2.4551999999999998e-05
8 144654255 rs4874153 0.021181000000000002
8 144654430 rs141522358 0.67602
8 144654450 rs150893623 0.24065999999999999
8 144654483 rs28667790 0.48633000000000004
8 144654582 rs4874154 0.012953000000000001
8 144654594 rs4873803 2.5188000000000003e-05
8 144654693 rs4873804 3.4584e-05
8 144654730 rs185255597 0.30977
8 144654856 rs201459550 0.086684
8 144654988 rs73715687 0.25556
8 144655048 rs111635741 0.17504
8 144655315 rs10866912 0.00013876
8 144655507 rs188760258 0.40474
8 144655583 rs117735302 0.61
8 144655697 rs140042125 0.026489
8 144655716 rs73715688 0.41097
8 144655813 rs10101505 0.50481
8 144655821 rs115556981 0.31903000000000004
8 144655842 rs61236395 0.052771000000000005
8 144655943 rs117904888 0.84485
8 144656187 rs12546272 0.007103
8 144656344 rs4873805 0.059345
8 144656732 rs72691478 0.8234299999999999
8 144656754 rs4606077 0.0071699
8 144656764 rs58774517 0.073986
8 144656765 rs1869434 0.0071549
8 144656956 rs564955660 0.40755
8 144656977 rs78452615 0.18447
8 144657002 rs190345767 0.12140999999999999
8 144657123 rs115590341 0.31669
8 144657152 rs77951814 0.060812
8 144657252 rs142172599 0.051
8 144657269 rs2290417 0.0016871
8 144657270 rs151207487 0.28583000000000003
8 144657412 rs75643271 0.16297
8 144657600 rs2290416 0.045712
8 144657653 rs139521261 0.021723
8 144657750 rs73715689 0.24541999999999997
8 144657801 rs9771743 0.062689
8 144657936 rs546645225 0.995
8 144658125 rs557076042 0.25079
8 144658370 rs896955 0.11997000000000001
8 144658478 rs74441292 0.21859
8 144658505 rs114291348 0.20573000000000002
8 144658630 rs35975875 0.94819
8 144658664 rs36121778 0.36286
8 144658711 rs872935 0.00059716
8 144658730 rs744650 0.13489
8 144659055 rs56159848 0.0024809000000000003
8 144659365 rs116296589 0.15962
8 144659445 rs199673992 0.45311999999999997
8 144659533 rs151280716 0.98988
8 144659608 rs12678314 0.0054474
8 144659898 rs180725439 0.78169
8 144659949 rs2305496 0.39082
8 144660025 rs59122291 0.15908
8 144660046 rs896954 0.059370000000000006
8 144660189 rs896953 0.020423
8 144660257 rs2015562 0.28715999999999997
8 144660318 rs896951 0.43004
8 144660319 rs896950 0.087777
8 144660545 rs61544471 0.099811
8 144660575 rs896949 0.0020581999999999996
8 144660714 rs115210370 0.68484
8 144660986 rs182512357 0.40055999999999997
8 144661277 rs186313545 0.004673
8 144661395 rs10095885 0.017179
8 144661520 rs112969721 0.3196
8 144661564 rs4874156 0.31704
8 144662013 rs201676126 0.89254
8 144662230 rs10090485 0.19162
8 144662353 rs1062391 0.00060453
8 144663019 rs150016304 0.004109600000000001
8 144663028 rs116265430 0.2968
8 144663075 rs1809148 0.13657
8 144663098 rs896948 0.8959799999999999
8 144663118 rs145556475 0.27098
8 144663165 rs75796866 0.36962
8 144663187 rs79917425 0.15784
8 144663287 rs115462529 0.62019
8 144663661 rs2123758 0.00067021
8 144663942 rs572287389 0.031992
8 144664017 rs73379012 0.38485
8 144664047 rs57188141 0.11435999999999999
8 144664128 rs75903615 0.18149
8 144664140 rs7817500 0.7762
8 144664233 rs3793372 0.077575
8 144664299 rs3793371 0.080134
8 144664319 rs1563148 0.00062172
8 144664335 rs3793369 0.077361
8 144664497 rs116910313 0.12011
8 144664594 rs3793368 0.053739999999999996
8 144664604 rs73715690 0.11503
8 144664624 rs3793367 0.056312
8 144664656 rs3829012 0.067689
8 144664687 rs34178175 0.076998
8 144664808 rs10099131 0.0055965
8 144664818 rs10099134 0.0011545
8 144664861 rs115081893 0.9196200000000001
8 144664877 rs116668352 0.007236199999999999
8 144664975 rs77370907 0.079571
8 144665056 rs73715692 0.10667
8 144665111 rs73379021 0.060105
8 144665569 rs11136303 0.49553
8 144665622 rs73379023 0.6644800000000001
8 144665680 rs28606985 7.9899e-05
8 144665762 rs4874157 0.5464399999999999
8 144666052 rs76225457 0.079641
8 144666122 rs7841183 0.54406
8 144666415 rs73379028 0.8208200000000001
8 144666496 rs142291499 0.36887
8 144666641 rs10112312 0.73593
8 144666697 rs58472315 0.024267
8 144666751 rs36172017 0.20417000000000002
8 144666786 rs36168209 0.11558
8 144666804 rs565648826 0.020328
8 144666895 rs2382961 0.51437
8 144666934 rs114307626 0.13860999999999998
8 144666960 rs4874158 0.60644
8 144667267 rs13256702 0.3437
8 144667282 rs58945510 0.083518
8 144667385 rs73718108 0.53795
8 144667432 rs62523607 0.085595
8 144667466 rs573267730 0.2948
8 144667755 rs3793366 0.50017
8 144667838 rs35463634 0.48753
8 144668552 rs148828424 0.24136999999999997
8 144668557 rs192927650 0.13271
8 144668590 rs11780087 0.49816000000000005
8 144668756 rs58477175 0.090201
8 144668811 rs113484128 0.67111
8 144668938 rs116669748 0.41508
8 144669164 rs61652493 0.087284
8 144669227 rs113480566 0.9985700000000001
8 144669271 rs116541785 0.95145
8 144669392 rs2382962 0.4866
8 144669512 rs61005957 0.026195
8 144669573 rs2085019 0.41685
8 144669636 rs6996863 0.053568
8 144669790 rs753263994 0.7814399999999999
8 144670451 rs10109931 0.46992
8 144670640 rs10110174 0.4849
8 144670950 rs4874159 0.47302
8 144670987 rs59652616 0.10976
8 144671390 rs78886866 0.9881
8 144671456 rs77499941 0.9113100000000001
8 144671685 rs6985081 0.37945
8 144671848 rs34365735 0.11277000000000001
8 144671905 rs35331982 0.11342
8 144671922 rs3812448 0.47411000000000003
8 144671955 rs61757370 0.26175
8 144671956 rs3812447 0.088482
8 144672035 rs112907282 0.13082
8 144672047 rs34547530 0.090834
8 144672143 rs144264495 0.94834
8 144672348 rs115597434 0.14148
8 144672541 rs751932 0.48158
8 144672588 rs57544761 0.24395
8 144672633 rs74488774 0.49218
8 144672697 rs577027234 0.018792
8 144672938 rs4495441 0.53325
8 144672958 rs2011043 0.11218
8 144673042 rs2010898 0.47926
8 144673065 rs58016285 0.0062464
8 144673097 rs60401352 0.089023
8 144673171 rs140542072 0.6108399999999999
8 144673533 rs76108894 0.08833400000000001
8 144673572 rs58027985 0.068728
8 144673722 rs1466219 0.46176999999999996
8 144673956 rs79185314 0.0058411999999999995
8 144674173 rs548389835 0.1163
8 144674344 rs370698960 0.2352
8 144674516 rs7830957 0.47815
8 144674558 rs7821226 0.47594
8 144674772 rs4874163 0.47366
8 144674821 rs117878516 0.77945
8 144674977 rs58152974 0.18516
8 144675048 rs4874164 0.48068
8 144675379 rs62522165 0.090645
8 144675490 rs76050175 0.212
8 144675608 rs545802259 0.68895
8 144675672 rs117289224 0.61947
8 144676025 rs6995338 0.47433000000000003
8 144676098 rs1057556 0.48118999999999995
8 144676151 rs118043961 0.17182999999999998
8 144676234 rs59742520 0.09111
8 144676324 rs4242489 0.63076
8 144676332 rs138799582 0.8600899999999999
8 144676403 rs4874165 0.48078999999999994
8 144676736 rs9314410 0.47341000000000005
8 144676862 rs9657360 0.025642
8 144676915 rs187250454 0.18214
8 144677083 rs56842426 0.0065917
8 144677103 rs60390250 0.057921
8 144677222 rs10097491 0.47183
8 144677287 rs766755015 0.28734
8 144677518 rs34203363 0.11019000000000001
8 144677532 rs115282690 0.6804
8 144677565 rs113122933 0.51694
8 144677925 rs7844940 0.48003999999999997
8 144677941 rs7814045 0.47326
8 144678034 rs62522167 0.094988
8 144678346 rs75547282 0.52203
8 144678523 rs116514707 0.86254
8 144678808 rs112876127 0.9557899999999999
8 144678828 rs113655003 0.14342
8 144678874 rs2242095 0.017133000000000002
8 144678894 rs79581712 0.5252899999999999
8 144678965 rs184407693 0.1756
8 144679086 rs138998808 0.28586
8 144679299 rs112147940 0.0057414
8 144679584 rs141568300 0.08479
8 144679692 rs572688204 0.24675999999999998
8 144679776 rs62522168 0.093007
8 144680857 rs141914327 0.9905299999999999
8 144681563 rs201733245 0.91501
8 144681651 rs77619415 0.20667
8 144681714 rs58573550 0.09820599999999999
8 144681777 rs10282929 0.024559
8 144681847 rs75517188 0.58248
8 144681880 rs147833946 0.8567100000000001
8 144682004 rs111956838 0.21495999999999998
8 144682028 rs73379054 0.23556
8 144682311 rs3210186 0.00051895
8 144682428 rs112637095 0.85244
8 144682665 rs373647356 0.24461999999999998
8 144682701 rs148428106 0.94194
8 144682748 rs6558375 0.00061406
8 144682893 rs567893139 0.12168
8 144683265 rs6558376 0.028109
8 144683280 rs537104752 0.038139
8 144683363 rs73379059 0.15517
8 144683527 rs114641451 0.15212
8 144683672 rs141052452 0.0029884
8 144683686 rs10866913 0.51517
8 144683799 rs147957988 0.44343
8 144683933 rs529490975 0.2499
8 144683934 rs10112966 0.026157999999999997
8 144683966 rs35636519 0.2001
8 144683967 rs115791742 0.0064592
8 144683975 rs10090650 0.027938
8 144684150 rs10094377 0.029474
8 144684215 rs10093709 0.029222
8 144684355 rs115847137 0.20936999999999997
8 144684445 rs147034183 0.8945299999999999
8 144684474 rs4874167 0.0024703000000000004
8 144684514 rs73367293 0.023814
8 144684693 rs77936736 0.53572
8 144684702 rs73718114 0.022538
8 144684785 rs113116422 0.66319
8 144684947 rs115968937 0.0095946
8 144685124 rs551427494 0.92271
8 144685271 rs3816477 0.0020965999999999997
8 144685272 rs4874168 0.81382
8 144685309 rs182956224 0.8934200000000001
8 144685353 rs80139790 0.61936
8 144685562 rs115009553 0.23288000000000003
8 144685577 rs13271996 0.34623000000000004
8 144685685 rs116872670 0.0073162999999999995
8 144686051 rs77799023 0.66577
8 144686105 rs2005166 0.29303
8 144686512 rs755217 0.71424
8 144686582 rs148025895 0.54123
8 144686707 rs144839168 0.41731999999999997
8 144686744 rs112728801 0.48972
8 144686998 rs114073802 0.0057423000000000005
8 144687092 rs896962 0.69748
8 144687694 rs566465805 0.17335
8 144687721 rs896961 0.51759
8 144688170 rs78780542 0.54704
8 144688346 rs200952789 0.8692
8 144688348 rs118119099 0.007178
8 144688507 rs181431735 0.6220100000000001
8 144688736 rs2242090 0.00037201
8 144689146 rs2242089 0.48983000000000004
8 144689198 rs61735421 0.49081
8 144689289 rs11549789 0.0043086999999999995
8 144689346 rs117118427 0.20271
8 144689464 rs2242088 0.072168
8 144689588 rs7818082 0.51148
8 144689643 rs552454826 0.16927999999999999
8 144689686 rs4874169 0.098455
8 144689771 rs28405113 0.022645
8 144689914 rs11136305 0.07577300000000001
8 144690145 rs746447018 0.69081
8 144690264 rs34121654 0.07294400000000001
8 144690402 rs117427411 0.080144
8 144690474 rs536387159 0.42083999999999994
8 144690500 rs187660176 0.07015199999999999
8 144690648 rs34892354 0.0016009
8 144690672 rs189930517 0.21485
8 144690832 rs62522171 0.0013385
8 144690886 rs10097337 0.057102999999999994
8 144691512 rs2278898 0.11107
8 144691739 rs4559251 0.23778000000000002
8 144691762 rs373444323 0.29828000000000005
8 144691898 rs567966094 0.7793899999999999
8 144691965 rs1076981 0.23401
8 144691987 rs113960335 0.5168
8 144692185 rs2278897 0.1535
8 144692538 rs182493919 0.3977
8 144692544 rs2085017 0.90141
8 144692606 rs2085014 0.08906499999999999
8 144692674 rs73367300 0.97544
8 144692895 rs73718115 0.032892000000000005
8 144692900 rs4874171 0.004501300000000001
8 144692971 rs3812442 0.004661600000000001
8 144693261 rs3812444 0.15237
8 144693284 rs3812445 0.0088865
8 144693387 rs140393670 0.68891
8 144693436 rs113642387 0.0093131
8 144693519 rs192848970 0.8369700000000001
8 144693521 rs28688294 0.30261
8 144693645 rs77839112 0.24469000000000002
8 144693839 rs2045084 0.0053381
8 144693850 rs4873808 0.38328
8 144693918 rs111501561 0.49845
8 144694067 rs4873809 0.28429
8 144694157 rs116173230 0.82221
8 144694228 rs117101163 0.659
8 144694622 rs79450233 0.07309600000000001
8 144694890 rs2978 0.0057092
8 144694947 rs188304912 0.81238
8 144695004 rs75900260 0.36721
8 144695053 rs11987209 0.66605
8 144695176 rs2242087 0.79446
8 144695335 rs6995499 0.29863
8 144695499 rs2242086 0.78213
8 144695566 rs75004647 0.009489000000000001
8 144695615 rs115315748 0.2406
8 144695991 rs760113720 0.75644
8 144696045 rs140591105 0.64383
8 144696087 rs117356900 0.034429
8 144696189 rs79968246 0.22646
8 144696203 rs4634659 0.0089411
8 144696388 rs33966099 0.45387
8 144696461 rs117083418 0.52883
8 144696473 rs185745400 0.9156200000000001
8 144696725 rs138093039 0.50292
8 144696808 rs148151871 0.046314999999999995
8 144696960 rs7000400 0.068867
8 144697041 rs1049832 0.0055007
8 144697466 rs7844633 0.76813
8 144697523 rs149122990 0.78864
8 144697647 rs577946605 0.66352
8 144697653 rs7817301 0.0086881
8 144697858 rs1563153 0.0052144
8 144697997 rs58908419 0.76958
8 144698021 rs73718116 0.17937999999999998
8 144698374 rs139998516 0.48863999999999996
8 144698467 rs183332045 0.23081999999999997
8 144698531 rs112253494 0.6512100000000001
8 144698690 rs142744967 0.0062626999999999995
8 144698693 rs115673535 0.4649
8 144699420 rs147383395 0.61128
8 144699424 rs2242085 0.73821
8 144699601 rs67210953 0.0056058
8 144699608 rs114776714 0.071839
8 144699905 rs6558378 0.2398
8 144699957 rs6558379 0.24126999999999998
8 144699999 rs73369305 0.47251000000000004
8 144700092 rs3812446 0.24788000000000002
8 144700329 rs116455068 0.073371
8 144700533 rs138439474 0.19872
8 144700558 rs113834636 0.74241
8 144700649 rs35301142 0.5368
8 144701184 rs35172560 0.52779
8 144701468 rs34359769 0.004325
8 144702046 rs569636808 0.16197999999999999
8 144702101 rs113780868 0.53635
8 144702164 rs184051822 0.3877
8 144702817 rs35649469 0.5506
8 144702837 rs536903128 0.63899
8 144703237 rs141152208 0.32300999999999996
8 144703630 rs7010520 0.0030305999999999996
8 144705033 rs4873811 0.0051078
8 144705082 rs11136306 0.0045845
8 144705349 rs6558380 0.0035929
8 144707420 rs187254037 0.7737
8 144707785 rs34257756 0.12125999999999999
8 144709077 rs149409952 0.007475399999999999
8 144709148 rs34819592 0.11284000000000001
8 144713381 rs150386586 0.01258
8 144714910 rs568600524 0.069783
8 144714950 rs77473133 0.77255
8 144715144 rs34800158 0.71218
8 144715349 rs79170384 0.004744699999999999
8 144715802 rs566077135 0.81663
8 144716155 rs2384929 0.00088684
8 144716182 rs1869438 0.74944
8 144716203 rs536219375 0.40428000000000003
8 144716204 rs62522222 0.013653
8 144716569 rs35657405 0.16437000000000002
8 144716610 rs144074829 0.01487
8 144716668 rs11787417 0.045221
8 144716704 rs773198370 0.25566
8 144717033 rs56994129 0.9343799999999999
8 144717155 rs10097092 0.042923
8 144717166 rs10112400 0.050577
8 144717251 rs113835443 0.70207
8 144717654 rs77620566 0.51423
8 144717918 rs67286843 0.9901
8 144718135 rs4874178 0.8677
8 144718213 rs4873812 0.86165
8 144718254 rs1540558 0.056237
8 144718568 rs11136309 0.079887
8 144718749 rs149005143 0.68062
8 144718999 rs143824656 0.15077000000000002
8 144719183 rs79294579 0.27806
8 144719308 rs80228726 0.22296999999999997
8 144719580 rs2384928 0.43812
8 144719945 rs76871635 0.9026
8 144720052 rs111658530 0.79742
8 144720873 rs7836923 0.0271
8 144720931 rs73369329 0.9943299999999999
8 144721258 rs4873813 0.40804
8 144721614 rs59122866 0.0012725999999999998
8 144721740 rs12682415 0.9049799999999999
8 144722192 rs4873814 0.8905700000000001
8 144722755 rs4372013 0.92629
8 144723041 rs139361560 0.38776
8 144723239 8:144723239_C_T 0.50262
8 144723445 rs116862587 0.34346
8 144723538 rs62522224 0.062377999999999996
8 144723995 rs6997021 0.06679700000000001
8 144724342 rs2382964 0.5544600000000001
8 144724450 rs34783980 0.67992
8 144724457 rs72693306 0.61369
8 144724531 rs7832406 0.55943
8 144724612 rs544850718 0.28336
8 144724684 rs79817833 0.4733
8 144724730 rs10107353 0.064975
8 144725004 rs7825463 0.99749
8 144725007 rs149259539 0.19188
8 144725063 rs4873815 0.059737
8 144725319 rs896937 0.067727
8 144725437 rs7003244 0.063672
8 144725463 rs531506048 0.29829
8 144725547 rs72693307 0.9338
8 144725643 rs141018124 0.21335
8 144725758 rs12679471 0.057738
8 144725921 rs188701599 0.3404
8 144726032 8:144726032_A_G 0.033668000000000003
8 144726336 rs192173901 0.3541
8 144726469 rs7013332 0.035258
8 144726541 rs73369338 0.54527
8 144726681 rs9314411 0.9338700000000001
8 144726779 rs73718122 0.21895
8 144726828 rs62522225 0.0019316
8 144726928 rs79598300 0.88308
8 144727072 rs78919663 0.13427
8 144727162 rs13255809 0.52555
8 144727439 rs111752642 0.9061
8 144727473 rs567001180 0.62844
8 144727653 rs7831300 0.9072600000000001
8 144728018 rs7821027 0.042889
8 144728121 rs62522226 0.072314
8 144728126 rs7835377 0.8168
8 144728352 rs149496129 0.2459
8 144728411 rs147296537 0.6977899999999999
8 144728441 rs9314412 0.34808
8 144729052 rs72499135 0.75472
8 144729095 rs76775322 0.20953000000000002
8 144729322 rs117524664 0.0042468
8 144729327 rs10866914 0.81393
8 144729341 rs11778687 0.047199
8 144729439 rs6558381 0.8300700000000001
8 144729639 rs7820149 0.9424
8 144729706 rs73369346 0.49096000000000006
8 144730048 rs58858875 0.0045314
8 144730434 rs74673616 0.012938
8 144730456 rs10098662 0.8639899999999999
8 144730563 rs118046855 0.070185
8 144730587 rs143444217 0.24281
8 144730659 rs117845624 0.34174
8 144730715 rs114443893 0.070572
8 144731214 rs9650468 0.042868
8 144731229 rs113482280 0.22799
8 144731508 rs78611147 0.20901
8 144731750 rs73369350 0.21333000000000002
8 144732026 rs3750203 0.042985
8 144732092 rs149195471 0.7432
8 144732135 rs143378903 0.28302
8 144732319 rs141901810 0.76952
8 144732450 rs3750204 0.032008999999999996
8 144732488 rs150073213 0.49587
8 144733119 rs61744877 0.15262
8 144733176 rs141224385 0.59488
8 144733805 rs12679735 0.035158
8 144734206 rs73369357 0.32969
8 144734383 rs61473404 0.0038514000000000005
8 144734443 rs570859347 0.5423100000000001
8 144735133 rs1869435 0.087123
8 144735331 rs116940361 0.0055991999999999995
8 144735334 rs544257243 0.7332
8 144735347 rs921669 0.9172100000000001
8 144735429 rs73369359 0.22461
8 144735459 rs146311362 0.7259
8 144735624 rs13259906 0.13982999999999998
8 144735978 rs4874085 0.27905
8 144736154 rs4875018 0.82016
8 144736232 rs4875019 0.23724
8 144736371 rs755313067 0.051998
8 144736541 rs73718125 0.08732899999999999
8 144736621 rs73718126 0.08732899999999999
8 144736661 rs4875020 0.82186
8 144737327 rs561081857 0.67376
8 144737415 rs77699835 0.22252
8 144737562 rs4875023 0.9411299999999999
8 144738213 rs180949421 0.61695
