CHR BP SNP P
12 9810144 rs7309800 0.008603200000000002
12 9810451 rs7306991 0.028852999999999997
12 9810689 rs11052233 0.059065999999999994
12 9810749 rs113924907 0.0021578
12 9810764 rs7310568 0.0086212
12 9810841 rs79019311 0.10315999999999999
12 9810914 rs11052234 0.036481
12 9811049 rs2162657 0.008619799999999999
12 9811058 rs1560010 0.12234
12 9811123 rs768172272 0.41436999999999996
12 9811137 rs10844350 0.008617200000000002
12 9811149 rs10844351 0.008617200000000002
12 9811187 rs10844352 0.008617200000000002
12 9811207 rs10844353 0.008728200000000002
12 9811303 rs11052235 0.0092558
12 9811352 rs10771996 0.00025174
12 9811397 rs10771997 0.031947
12 9811468 rs10771998 0.031283
12 9811472 rs10771999 0.009529799999999998
12 9811502 rs187823217 0.073715
12 9811651 rs10772001 5.633399999999999e-07
12 9811832 rs12366653 0.037067
12 9811948 rs11052241 0.00026251
12 9812063 rs1863875 0.00024338
12 9812066 rs75305775 0.091903
12 9812086 rs11052245 0.0085595
12 9812401 rs35884213 0.036145
12 9812413 rs16913477 0.0087246
12 9812516 rs35280686 0.0085778
12 9812522 rs61913328 0.3079
12 9812714 rs10844359 0.008577
12 9812783 rs11052254 0.035913
12 9813095 rs7299738 0.008498899999999998
12 9813100 rs7310405 0.008498899999999998
12 9813179 rs7311421 0.008498899999999998
12 9813188 rs7310516 0.008498899999999998
12 9813307 rs7311574 0.008335700000000001
12 9813404 rs34383380 5.5434e-07
12 9813414 rs7310790 0.0085154
12 9813524 rs114657205 0.28179
12 9813567 rs7311945 0.0086071
12 9813781 rs10772005 0.008616
12 9813867 rs10772006 0.0084949
12 9814019 rs1108453 0.053403
12 9814071 rs1108452 0.017427
12 9814176 rs7304321 0.008616
12 9814256 rs12424904 0.23371999999999998
12 9814266 rs7304464 0.008497399999999999
12 9814375 rs61913330 0.0011352
12 9814431 rs117188371 0.21866999999999998
12 9814544 rs11052266 0.049355
12 9814587 rs10844368 0.0083959
12 9814588 rs10844369 0.0083959
12 9814782 rs4439599 0.053323
12 9815170 rs111753672 0.13282
12 9815305 rs12311889 0.033367
12 9815503 rs80055867 0.41215
12 9815867 rs10734805 0.055590999999999995
12 9815902 rs10844372 0.00052587
12 9816299 rs10844373 4.2642e-07
12 9816425 rs11052274 0.12230999999999999
12 9816429 rs7959272 0.10305999999999998
12 9816703 rs7974871 0.0075336
12 9816875 rs7978187 0.008503799999999999
12 9817061 rs116884408 0.44813000000000003
12 9817194 rs16914071 0.068997
12 9817228 rs146282776 0.95947
12 9817395 rs35671537 0.030854000000000003
12 9817654 rs6488098 0.019144
12 9817691 rs78427035 0.06650700000000001
12 9818089 rs183153930 0.8501
12 9818275 rs12317575 0.05032
12 9818342 rs558085401 0.022044
12 9818470 rs12317691 0.28241
12 9818795 rs75028157 0.066075
12 9819052 rs76906545 0.043338
12 9819119 rs117922336 0.37874
12 9819152 rs16914229 0.16233
12 9819316 rs112897035 0.16126
12 9819374 rs4763733 0.022794
12 9819378 rs189496405 0.076257
12 9819493 rs190147984 0.39994
12 9819505 rs142436154 0.9094700000000001
12 9819531 rs10743806 4.8722e-07
12 9819537 rs140549819 0.50976
12 9819625 rs10732553 0.05670599999999999
12 9820080 rs11052282 0.029624
12 9820158 rs138575935 0.40221
12 9820328 rs145266723 0.9953299999999999
12 9820575 rs10772010 9.3931e-06
12 9820619 rs6488100 0.019017
12 9820711 rs149538333 0.9516899999999999
12 9820765 rs144132075 0.10765999999999999
12 9821098 rs73057559 0.39789
12 9821178 rs35691764 0.77384
12 9821234 rs114924195 0.25804
12 9821238 rs186378018 0.35647
12 9821661 rs16914557 0.14986
12 9821756 rs183040385 0.031204000000000003
12 9821781 rs17732859 0.023078
12 9822387 rs16914640 0.081924
12 9822469 rs557740486 0.39743
12 9822952 rs1560011 7.008199999999999e-07
12 9823140 rs2114870 2.9705e-14
12 9823178 rs35237063 0.0068598
12 9823274 rs10844380 3.2324e-14
12 9823399 rs561196257 0.23221999999999998
12 9823486 rs12817365 0.0085611
12 9823519 rs76036296 0.10307000000000001
12 9823553 rs4763738 0.36279
12 9823704 rs116212931 0.50583
12 9823859 rs11052303 0.009582700000000001
12 9823868 rs11052304 0.0082465
12 9823941 rs145855394 0.18447
12 9823973 rs11052305 0.0075515
12 9824079 rs7970348 0.3509
12 9824095 rs184791761 0.9821799999999999
12 9824138 rs12582584 2.5697e-06
12 9824669 rs117299066 0.5464600000000001
12 9824988 rs11052311 0.008441299999999999
12 9825046 rs114600778 0.5432600000000001
12 9825653 rs113923852 0.36249000000000003
12 9825739 rs116437669 0.53595
12 9825969 rs6488109 0.029679
12 9826022 rs6488110 0.12999000000000002
12 9826142 rs76027969 0.22848000000000002
12 9826246 rs73057567 0.090074
12 9826279 rs55939269 0.5061
12 9826408 rs11052327 0.008329999999999999
12 9826701 rs1118223 0.001004
12 9826746 rs11524523 0.008560700000000001
12 9826782 rs4763264 0.029053
12 9827139 rs11519377 0.008485
12 9827359 rs7972035 0.007293399999999999
12 9827487 rs7969074 0.0084326
12 9827599 rs116610693 0.15763
12 9827698 rs144454608 0.9978600000000001
12 9827952 rs759733118 0.10161
12 9827953 rs9668568 0.0099471
12 9828298 rs189587230 0.08454099999999999
12 9828409 rs11052342 0.008086399999999999
12 9828427 rs2895988 1.5731e-06
12 9828445 rs60675581 0.46063999999999994
12 9828624 rs2217230 0.9987799999999999
12 9828729 rs115163319 0.65715
12 9829015 rs12301473 0.205
12 9829027 rs12302794 0.23715
12 9829438 rs2114871 1.9351e-06
12 9829457 rs6488120 0.13278
12 9829566 rs6488121 0.14185999999999999
12 9829601 rs117869546 0.69391
12 9829753 rs11502800 0.22916999999999998
12 9830607 rs11052366 0.035155
12 9830609 rs11052367 0.035022000000000005
12 9830698 rs12309762 0.035035000000000004
12 9830804 rs150228713 0.19072
12 9830967 rs529646394 0.8756299999999999
12 9831164 rs117264303 0.8992100000000001
12 9831321 rs11052369 0.23003
12 9831605 rs118132383 0.17981
12 9831832 rs7967436 0.13982
12 9831959 rs11052372 1.3831000000000001e-14
12 9832036 rs10844418 0.035707
12 9832239 rs9630263 0.062679
12 9832421 rs9630264 0.035466000000000004
12 9832822 rs2114872 0.039961
12 9832882 rs2114873 0.032006
12 9832954 rs139472339 0.62957
12 9832980 rs6488122 0.035364
12 9833199 rs117372141 0.62793
12 9833284 rs118168721 0.29971
12 9833398 rs6488123 0.14229
12 9833422 rs143102212 0.32422
12 9833426 rs10844424 0.0087064
12 9833524 rs3764022 5.7439e-14
12 9833628 rs3764021 4.1091e-09
12 9833883 rs7310897 0.032072
12 9833973 rs151293304 0.32895
12 9834345 rs9332411 2.4717e-06
12 9834394 rs10844427 7.5965e-14
12 9834481 rs11052384 2.1824e-06
12 9834567 rs9630265 0.035753
12 9834577 rs115118088 0.22716999999999998
12 9834754 rs10844429 0.035717
12 9834926 rs56324200 0.074489
12 9834971 rs7979623 0.73018
12 9835014 rs7962025 0.030701999999999997
12 9835039 rs147017995 0.33928
12 9835153 rs61913355 0.29446
12 9835169 rs11052389 0.22358000000000003
12 9835338 rs766229652 0.87121
12 9836175 rs138264839 0.63002
12 9837224 rs7307439 0.34129
12 9837497 rs148557567 0.72131
12 9837522 rs11052412 0.20461
12 9837525 rs191015188 0.047206
12 9837989 rs139494099 0.47131000000000006
12 9837998 rs2080211 7.650100000000001e-09
12 9838052 rs2080210 0.12475
12 9838163 rs576291672 0.46993
12 9838184 rs12828602 0.0093501
12 9838287 rs527468708 0.024821
12 9838310 rs117584587 0.11715999999999999
12 9838815 rs149734073 0.22411
12 9838916 rs7977940 1.9303e-06
12 9838993 rs7964290 0.33728
12 9839376 rs75641466 0.50036
12 9839405 rs12316684 0.22898000000000002
12 9839440 rs78358418 0.7507
12 9839445 rs7302498 0.39709
12 9839837 rs12312233 0.22948000000000002
12 9840038 rs11052423 7.1817e-14
12 9840120 rs141284016 0.41089
12 9840236 rs78198513 0.8124
12 9840731 rs117475346 0.03094
12 9840773 rs7310460 2.5565e-06
12 9840926 rs11052426 6.3111e-14
12 9840964 rs17806710 6.5623e-14
12 9841121 rs10844449 0.008880299999999999
12 9841364 rs11052430 0.0088958
12 9841520 rs116679760 0.49233999999999994
12 9841667 rs4508286 0.34281999999999996
12 9841732 rs11052431 0.009003200000000001
12 9841869 rs76397405 0.21998
12 9841915 rs10844456 6.408200000000001e-14
12 9842004 rs11052434 0.008943099999999999
12 9842008 rs10844457 0.007741
12 9842235 rs116486827 0.19297
12 9842596 rs116122656 0.22200999999999999
12 9842793 rs74469545 0.81975
12 9842903 rs74065337 0.12372000000000001
12 9843021 rs12810851 0.0090344
12 9843170 rs11052455 0.79103
12 9843253 rs78737182 0.48344
12 9843364 rs55715780 0.12850999999999999
12 9843395 rs10844468 8.550499999999999e-15
12 9843413 rs10734807 0.32453000000000004
12 9843519 rs191441532 0.31525
12 9843733 rs10844472 7.981e-07
12 9843776 rs559470436 0.8104
12 9843886 rs114342127 0.5171399999999999
12 9843977 rs75257215 0.013846
12 9844156 rs569753289 0.26964
12 9844238 rs10844476 0.008855799999999999
12 9844368 rs12578928 0.008900499999999999
12 9844526 rs141303581 0.0752
12 9844555 rs16923367 0.12634
12 9844556 rs115670497 0.15709
12 9844581 rs12825507 0.0089167
12 9844736 rs12823699 0.0089221
12 9844782 rs574097121 0.43904
12 9844872 rs12320830 0.007694299999999999
12 9844922 rs59210706 0.12155
12 9844957 rs148923990 0.1699
12 9845018 rs12831453 0.008922399999999999
12 9845225 rs115355849 0.25813
12 9845384 rs11052468 0.23851
12 9845703 rs116932414 0.7167100000000001
12 9845709 rs142016017 0.20184000000000002
12 9846079 rs115131180 0.47268000000000004
12 9846270 rs565990484 0.19947
12 9846327 rs116678075 0.47089
12 9846469 rs181196264 0.92668
12 9846521 rs7968401 9.0673e-10
12 9846827 rs113784531 0.22476999999999997
12 9847133 rs10492164 0.11041
12 9847364 rs150263662 0.090678
12 9847448 rs138893047 0.05595700000000001
12 9847578 rs115244044 0.06684
12 9847808 rs2401387 0.12755
12 9847990 rs2401388 0.12415
12 9848006 rs139477911 0.042679
12 9848057 rs149240595 0.009824700000000002
12 9848179 rs117304529 0.37578
12 9848430 rs201442089 0.46157
12 9848648 rs12828773 0.0084766
12 9848699 rs201307811 0.02667
12 9848883 rs2894 3.1894999999999997e-06
12 9849275 rs11052497 3.1897e-06
12 9849297 rs754237303 0.059405999999999994
12 9849333 rs118023392 0.36632
12 9849512 rs117808225 0.023662
12 9849548 rs7979758 0.0080873
12 9850187 rs12815393 0.008519
12 9850530 rs12318225 0.24438000000000001
12 9850583 rs56980650 0.12847
12 9850909 rs1134543 0.11921
12 9851023 rs1056151 2.2117e-06
12 9851233 rs78074152 0.29113
12 9851293 rs145145202 0.76859
12 9851808 rs10772046 2.1266999999999998e-14
12 9851906 rs7954062 0.0090006
12 9851929 rs1044771 2.0335e-06
12 9852180 rs7960328 1.9768e-07
12 9852445 rs34623781 0.007731699999999999
12 9852465 rs12817550 0.029263
12 9852542 rs12817743 0.029438
12 9852575 rs12819865 0.029438
12 9852654 rs141188217 0.21473000000000003
12 9852661 rs35512621 0.029438
12 9852673 rs35078787 0.02943
12 9852766 rs12818179 0.029412
12 9852951 rs12820674 0.029406
12 9852991 rs142709383 0.22254000000000002
12 9853039 rs117654404 0.573
12 9853194 rs12823653 0.028112
12 9853384 rs61915471 0.19997
12 9853474 rs145551550 0.31054
12 9853497 rs78820577 0.22259
12 9853569 rs7974554 0.02939
12 9853591 rs61915472 1.5745999999999998e-07
12 9853617 rs74065339 0.12732000000000002
12 9853650 rs7961812 0.029377999999999998
12 9853656 rs75674442 0.39614
12 9853697 rs7975557 0.025867
12 9853943 rs7975865 0.034506
12 9853987 rs74065340 0.12822999999999998
12 9854154 rs12830448 0.029175
12 9854234 rs142339197 0.17378
12 9854256 rs10844503 2.3801e-14
12 9854397 rs12830867 0.02862
12 9854415 rs12830878 0.028610000000000003
12 9854450 rs11052537 0.22671
12 9854493 rs34826829 0.028635
12 9854518 rs12814560 0.02841
12 9854577 rs12424826 1.5948e-07
12 9854594 rs12809752 0.028163
12 9854608 12:9854608_C_T 0.97721
12 9855134 rs12369995 0.028585000000000003
12 9855151 rs12371503 0.028819
12 9855243 rs191018975 0.78315
12 9855391 rs74062703 0.23715999999999998
12 9855400 rs11052550 0.22373
12 9855558 rs74062704 0.12443
12 9855744 rs12816660 0.029091000000000002
12 9855958 rs11052552 6.186e-10
12 9856207 rs67429242 0.029113999999999998
12 9856266 rs66725265 0.029113999999999998
12 9856322 rs71441764 0.029120999999999998
12 9856442 rs12371981 0.029093
12 9856484 rs12371982 0.034029000000000004
12 9856497 rs114970683 0.45072
12 9856826 rs12370579 0.028625
12 9856897 rs760062649 0.30164
12 9856938 rs114787328 0.49951
12 9857262 rs114904306 0.31619
12 9857476 rs116520594 0.32299999999999995
12 9857518 rs115968994 0.52769
12 9857528 rs114624385 0.44028
12 9857581 rs143496602 0.14595999999999998
12 9857627 rs147988920 0.31625
12 9857628 rs10734809 0.32663000000000003
12 9857706 rs115738814 0.31478
12 9857737 rs145930466 0.31454
12 9857878 rs61915473 2.2069000000000003e-07
12 9858236 rs114755642 0.46448999999999996
12 9858240 rs113298406 0.49776000000000004
12 9858366 rs4611290 0.12336
12 9858401 rs140747616 0.31956999999999997
12 9858596 rs115640397 0.31319
12 9858987 rs750418625 0.26324000000000003
12 9859301 rs186178113 0.59432
12 9859310 rs11052582 1.9774999999999998e-07
12 9859636 rs917913 1.3851e-07
12 9859656 rs142970810 0.69793
12 9859673 rs114056469 0.43508
12 9859724 rs2012643 1.5309e-07
12 9859825 rs770962096 0.58587
12 9860069 rs2098298 1.4797e-07
12 9860135 rs12427310 1.6515e-07
12 9860396 rs116435551 0.21259
12 9860453 rs78848933 0.31466
12 9860601 rs76586558 0.43201000000000006
12 9860697 rs7974396 1.0289000000000002e-07
12 9860944 rs112028417 0.48927
12 9861390 rs4763812 0.33196
12 9861405 rs4763280 0.096191
12 9861538 rs375796026 0.43493000000000004
12 9861656 rs116608461 0.42141000000000006
12 9861724 rs140878663 0.9510299999999999
12 9862082 rs10772060 0.026858999999999997
12 9862124 rs10844537 4.4771e-14
12 9862154 rs59112803 0.90835
12 9862203 rs117646836 0.34276999999999996
12 9862336 rs4763813 0.14677
12 9862384 rs4763814 0.14865
12 9862548 rs11052604 6.5855e-14
12 9862969 rs2080209 0.14132999999999998
12 9862970 rs2080208 0.14167000000000002
12 9863150 rs2080207 0.14937999999999999
12 9863151 rs115555213 0.19422
12 9863558 rs185151316 0.4144
12 9863574 rs2192440 0.33391
12 9863647 rs745372282 0.027585000000000002
12 9863968 rs1861089 0.13282
12 9864241 rs10743815 0.25690999999999997
12 9864279 rs12297721 0.062983
12 9864392 rs7485402 0.14201
12 9864472 rs117016846 0.039342
12 9864517 rs73059569 0.060945000000000006
12 9864820 rs4763819 0.14238
12 9864957 rs150069043 0.18049
12 9864975 rs4763283 1.663e-11
12 9865157 rs10772062 3.3561999999999996e-15
12 9865164 rs59725988 0.2776
12 9865827 rs140917371 0.22616
12 9865971 rs146678714 0.33253
12 9866079 rs140068215 0.17536
12 9866349 rs7977720 3.6576999999999997e-10
12 9866399 rs7964018 2.4335e-11
12 9866632 rs118037855 0.10253
12 9866680 rs184031873 0.46093
12 9866682 rs2401389 0.40284000000000003
12 9866818 rs113272059 0.73498
12 9866876 rs74062708 0.13053
12 9866969 rs112987528 0.30316
12 9867272 rs10844562 3.2653e-15
12 9867339 rs12812783 0.038745999999999996
12 9867403 rs567118700 0.34846
12 9867713 rs9668079 0.18597
12 9867831 rs182043801 0.1436
12 9867966 rs2080206 3.5428000000000005e-08
12 9868022 rs772556361 0.81855
12 9868248 rs12227655 2.4483e-15
12 9868276 rs12228641 2.3172e-15
12 9868798 rs112099718 0.92214
12 9868828 rs117867819 0.20146
12 9868966 rs78911514 0.17613
12 9869121 rs146149299 0.39529000000000003
12 9869208 rs57357049 0.11757999999999999
12 9869271 rs2268146 2.9056e-10
12 9869514 rs2268145 0.1195
12 9869561 rs71447599 0.11444000000000001
12 9869638 rs142797707 0.32156999999999997
12 9869719 rs11052653 0.37051
12 9869740 rs7961903 0.0058853
12 9869758 rs34277830 0.5849
12 9869916 rs10772070 1.237e-15
12 9869920 rs10772071 2.0956999999999997e-15
12 9869931 rs10772072 1.6100999999999999e-15
12 9869953 rs11052658 0.38155
12 9870024 rs10772073 1.0029000000000001e-14
12 9870282 rs10772074 8.226100000000002e-15
12 9870352 rs10844569 5.4391e-15
12 9870415 rs741200 9.0609e-08
12 9870616 rs75226273 0.16663
12 9870704 rs7964917 0.13641
12 9871113 rs79433652 0.41913
12 9871580 rs114756189 0.41831999999999997
12 9871724 rs11835594 0.13052
12 9871814 rs2401390 3.7121e-20
12 9871845 rs11052678 0.66074
12 9871872 rs1985788 2.6424e-07
12 9871913 rs149027519 0.07297100000000001
12 9871983 rs59667611 0.27547
12 9872076 rs182696682 0.40619
12 9872103 rs147854754 0.33434
12 9872116 rs187346365 0.40615
12 9872292 rs7301386 0.12747999999999998
12 9872425 rs71447600 0.13283
12 9872489 rs76229210 0.28339000000000003
12 9872549 rs35990903 0.13362000000000002
12 9872622 rs554044071 0.13977
12 9872680 rs148023819 0.39521999999999996
12 9872729 rs76821152 0.21315
12 9872990 rs150219028 0.14523
12 9873042 rs138735401 0.32045
12 9873059 rs748648589 0.009797
12 9873099 rs141936221 0.061989999999999996
12 9873186 rs34584384 0.15708
12 9873365 rs741199 2.5934e-20
12 9873381 rs79794001 0.21646999999999997
12 9873689 rs2058560 2.7439e-20
12 9873904 rs116451619 0.14445
12 9874218 rs117192316 0.31677
12 9874226 rs2192439 0.0022691
12 9874243 rs78385514 0.17908
12 9874394 rs10772079 1.9118999999999998e-20
12 9874541 rs34633868 0.27636
12 9874589 rs59819191 0.54624
12 9874648 rs12824727 0.17007
12 9874743 rs11832765 0.24989
12 9874898 rs10772083 7.329900000000001e-10
12 9874899 rs10844597 4.3338e-15
12 9875103 rs111946855 0.30949
12 9875184 rs114360227 0.1673
12 9875218 rs79357266 0.17595
12 9875323 rs118152239 0.5302899999999999
12 9875356 rs144252486 0.72553
12 9875533 rs75867398 0.00039183
12 9875544 rs116125170 0.24888000000000002
12 9875869 rs117511026 0.6775100000000001
12 9876091 rs10466829 4.9541000000000006e-15
12 9876350 rs11052710 2.0234e-15
12 9876505 rs10844609 1.2511e-20
12 9876612 rs10844610 1.6573e-20
12 9876660 rs11052713 1.7508e-20
12 9876768 rs10743819 5.5305e-15
12 9876877 rs10772085 3.874e-15
12 9877196 rs7306304 4.658399999999999e-15
12 9877356 rs7306557 4.6826e-15
12 9877640 rs7296241 1.8919e-20
12 9877751 rs75512904 0.31582
12 9877771 rs76013389 0.16464
12 9877823 rs7307111 4.7158e-15
12 9877831 rs187471971 0.083622
12 9877904 rs111656048 0.33332
12 9877913 rs16927513 0.4323
12 9878009 rs13377908 0.17824
12 9878047 rs117103321 0.00058567
12 9878089 rs13377939 0.17675
12 9878242 rs10844615 1.326e-20
12 9878339 rs79836275 0.40141
12 9878530 rs79251813 0.31444
12 9878552 rs7976474 0.17631
12 9878583 rs2401391 5.1630000000000005e-15
12 9878655 rs7976584 3.4796999999999997e-15
12 9878665 rs114056187 0.23346999999999998
12 9878747 rs7962964 0.17634
12 9878813 rs11052717 1.2961e-20
12 9878939 rs3922289 0.17635
12 9878976 rs11052718 0.0022506
12 9879084 rs2401393 3.5366999999999997e-15
12 9879146 rs184457192 0.059604
12 9879223 rs76963317 0.31388
12 9879235 rs2192437 3.3264e-15
12 9879368 rs10844617 3.3256e-15
12 9879426 rs2401394 3.2970999999999995e-15
12 9879464 rs73061613 0.024636
12 9879540 rs2401395 3.9506e-15
12 9879604 rs11834388 0.031187
12 9879659 rs184430981 0.67593
12 9879907 rs59016059 0.15694
12 9880114 rs7970116 3.8803e-15
12 9880426 rs2192436 0.3313
12 9880441 rs7973638 3.7585e-15
12 9880479 rs2192435 0.012988999999999999
12 9880557 rs140406150 0.00022236
12 9880974 rs185283135 0.049947000000000005
12 9881005 rs10743820 0.013022999999999998
12 9881016 rs10743821 0.013215000000000001
12 9881045 rs10743822 0.013011000000000002
12 9881099 rs12304982 0.18465
12 9881125 rs10743823 3.3784e-15
12 9881156 rs4763835 0.013216
12 9881270 rs78187345 0.41005
12 9881306 rs2401396 0.013603
12 9881529 rs118102539 0.038846
12 9881583 rs16927874 0.1695
12 9881634 rs1990533 0.013003
12 9881689 rs2192434 0.012981999999999999
12 9881696 rs2192433 0.012996
12 9881902 rs764887715 0.8743799999999999
12 9882204 rs139454147 0.020217
12 9882243 rs142722570 0.018900999999999998
12 9882328 rs982511 0.01522
12 9882424 rs149724585 0.09706000000000001
12 9882507 rs114835140 0.28018000000000004
12 9882700 rs4763839 7.7264e-11
12 9883111 rs10772087 2.2420000000000002e-20
12 9883296 rs116012266 0.40775
12 9883523 rs115729398 0.40726
12 9883534 rs11835130 0.24619000000000002
12 9883607 rs75941881 0.40769
12 9883860 rs1008610 1.8694999999999998e-20
12 9884115 rs545282878 0.54032
12 9884159 rs1008611 0.01798
12 9884404 rs115189295 0.056669000000000004
12 9884410 rs4763840 4.525100000000001e-11
12 9884719 rs1073103 0.37675
12 9884806 rs10161013 0.18248
12 9885054 rs59148752 0.17706
12 9885082 rs10844622 4.401300000000001e-15
12 9885101 rs111609496 0.29396
12 9885360 rs12317499 1.2305000000000002e-20
12 9885526 rs12304510 3.7242e-15
12 9885578 rs79809727 0.32303000000000004
12 9885813 rs61913428 0.043643
12 9885840 rs34201389 0.045426999999999995
12 9885940 rs60145243 0.65376
12 9885961 rs10492165 4.094e-15
12 9885999 rs10492166 3.8421e-15
12 9886353 rs10844626 1.4725e-20
12 9886377 rs10844627 1.5030999999999998e-20
12 9886864 rs10844630 1.3792e-20
12 9886905 rs10844632 1.3340000000000002e-20
12 9886976 rs149460969 0.6554800000000001
12 9887208 rs10772092 1.3165e-20
12 9887324 rs139301208 0.65566
12 9887386 rs10844633 1.3222e-20
12 9887629 rs35974438 0.22801
12 9887686 rs11052750 1.2998999999999999e-20
12 9887732 rs11052751 1.2059e-20
12 9887734 rs181877498 0.40949
12 9887818 rs11052752 1.4039000000000002e-20
12 9887909 rs10844635 1.3015999999999999e-20
12 9888016 rs10844636 1.3417e-20
12 9888091 rs10844637 1.3211e-20
12 9888396 rs10844638 1.2787e-20
12 9888553 rs10772093 0.16834000000000002
12 9888697 rs150194194 0.17039
12 9888887 rs10844640 4.9495e-21
12 9888912 rs10772094 5.3366999999999996e-21
12 9888990 12:9888990_A_T 0.43951
12 9889109 rs117961198 0.32753000000000004
12 9889157 rs7956831 3.7119999999999996e-15
12 9889543 rs76336578 0.17051
12 9889616 rs12582616 0.0027070999999999996
12 9889658 rs111558138 1.3107999999999999e-05
12 9889758 rs138032834 0.4399
12 9890186 rs762703267 0.8438700000000001
12 9890287 rs748593923 0.51227
12 9890913 rs773252124 0.8359
12 9891371 rs11052771 0.010745000000000001
12 9891489 rs10772099 0.16955
12 9891643 rs12820281 0.18193
12 9891703 rs181234962 0.37296999999999997
12 9891730 rs185282496 0.061475
12 9892585 rs567959497 0.29854
12 9892603 rs533733659 0.55423
12 9892794 rs745490019 0.33666
12 9893025 rs74062727 0.65573
12 9893079 rs10844656 0.17240999999999998
12 9893213 rs10844657 1.5841e-20
12 9893500 rs118085741 0.38109
12 9893648 rs11052785 0.0063905
12 9893695 rs10743828 0.19669
12 9894460 rs12099767 0.20579
12 9894663 rs7969022 0.19455999999999998
12 9895198 rs79189665 0.44048000000000004
12 9895271 rs567376908 0.054855999999999995
12 9895342 rs11052804 0.19729000000000002
12 9895349 rs7297324 0.0047047
12 9895412 rs115193909 0.019162000000000002
12 9895568 rs115875481 0.21163
12 9895928 rs79319977 0.2131
12 9895988 rs148201062 0.6914399999999999
12 9896027 rs116505373 0.023004
12 9896081 rs141142340 0.0042366999999999995
12 9896333 rs6488176 0.13585999999999998
12 9896339 rs77422141 0.50836
12 9896360 rs77597191 0.022399000000000002
12 9896440 12:9896440_C_T 0.95631
12 9896578 rs77326551 0.51203
12 9896639 rs7312624 0.0008035
12 9896953 rs10772102 1.2600000000000001e-24
12 9897207 rs149806480 0.011295999999999999
12 9897348 rs145364444 0.0056329
12 9897434 rs10772104 0.00016471
12 9897565 rs10844673 5.3085000000000004e-17
12 9897688 rs116590649 0.4417
12 9897930 rs116111308 0.057396
12 9897975 rs190907308 0.40279
12 9898152 rs117836922 0.31783
12 9898227 rs7971721 0.00013748
12 9898235 rs150123084 0.011803
12 9898287 rs4517613 0.00016011
12 9898317 rs4319592 0.00015495
12 9898324 rs10772106 0.025677999999999996
12 9898366 rs10844676 0.00015832
12 9898446 rs4405404 0.00013529
12 9898609 rs12578698 0.0037113
12 9899014 rs150763438 0.50372
12 9899050 rs10772108 1.2445e-26
12 9899171 rs111651956 0.20102
12 9899335 rs140709009 0.012830000000000001
12 9899411 rs144952953 0.6886800000000001
12 9899449 rs4763864 0.024154
12 9899509 rs4763865 0.00012061
12 9899575 rs4763866 0.48378999999999994
12 9899624 rs10844682 1.0170999999999999e-26
12 9899662 rs77101341 0.087305
12 9899839 rs4763867 0.00018096
12 9899910 rs140311015 0.19134
12 9899919 rs145344503 0.013175
12 9900327 rs117998178 0.34013000000000004
12 9900366 rs80215534 0.18445999999999999
12 9900391 rs117760487 0.0030343
12 9900504 rs34279883 0.0040955
12 9900760 rs35494990 0.0041681
12 9900805 rs3136577 0.0041674
12 9900910 rs3136576 0.023819999999999997
12 9900980 rs59102602 0.8056300000000001
12 9901483 rs748494550 0.8076300000000001
12 9901520 rs4763296 0.024271
12 9901530 rs61522648 0.92935
12 9902499 rs929615 0.00025196
12 9902666 rs11608493 0.00015014
12 9902760 rs114741401 0.41608999999999996
12 9902857 rs11614439 0.041305
12 9903034 rs144063388 0.65767
12 9903453 rs115618633 0.43125
12 9903558 rs3176809 7.725e-05
12 9903805 rs3176808 0.0062556999999999995
12 9903810 rs3176807 0.0045865
12 9903929 rs151131625 0.26815
12 9904074 rs3176806 0.0029806999999999998
12 9904075 rs3176805 0.28274
12 9904286 rs77550361 0.14678
12 9904352 rs2401397 0.0031648
12 9904449 rs4763299 0.17932
12 9904550 rs114395917 0.39997
12 9904617 rs3176804 0.004989199999999999
12 9904679 rs2401398 0.0035008
12 9904807 rs3176802 0.003966300000000001
12 9904996 rs887901 0.14898
12 9905172 rs750788126 0.42046999999999995
12 9905271 rs17806015 0.21061
12 9905476 rs7484445 0.42436
12 9905558 rs704223 0.0036998000000000005
12 9905690 rs11052877 9.9425e-27
12 9905851 rs917911 4.8041000000000005e-16
12 9906067 rs1051065 0.0021536
12 9906146 rs117419783 0.17905
12 9906179 rs11052883 0.9121799999999999
12 9906324 rs111791571 0.00019755
12 9906489 rs3176800 0.0042517
12 9906589 rs3176799 0.15805999999999998
12 9906637 rs56253588 4.6111e-06
12 9907514 rs11834627 0.10146000000000001
12 9908080 rs3176797 0.2584
12 9908335 rs16931958 0.46665
12 9908340 rs11833176 0.1989
12 9908385 rs766501 0.28599
12 9908429 rs766502 0.22962
12 9909286 rs3176795 0.8365100000000001
12 9909465 rs3176794 0.1355
12 9909483 rs7304618 0.82455
12 9909956 rs58327643 0.3873
12 9909997 rs6416258 0.0046527
12 9910132 rs10844706 4.386100000000001e-27
12 9910164 rs4763879 5.9961e-16
12 9910279 rs10772119 0.0038134
12 9910289 rs7308610 0.27007
12 9910411 rs10772120 0.0040495
12 9910438 rs59585962 0.37988
12 9910449 rs61163981 6.755600000000001e-16
12 9910489 rs12368445 0.0050955
12 9910720 rs3176793 0.21996
12 9911021 rs764709808 0.31306
12 9911087 rs3176792 0.0048442
12 9911557 rs574555328 0.19929000000000002
12 9911693 rs148559692 0.20603000000000002
12 9911736 rs3136564 0.022797
12 9912144 rs75249129 0.41006000000000004
12 9912182 rs2160086 2.0289000000000003e-11
12 9912324 rs116433270 0.39291
12 9912437 rs117501745 0.18572
12 9912439 rs3176790 0.069877
12 9912501 rs78766644 0.39466999999999997
12 9912571 rs77485662 0.5988100000000001
12 9912730 rs3176789 4.6941e-18
12 9912842 rs114360247 0.5741
12 9912909 rs78402887 0.39466999999999997
12 9912942 rs78047017 0.3787
12 9913097 rs3176788 0.064068
12 9913134 rs3176787 4.3689999999999993e-11
12 9913450 rs725943 0.20751999999999998
12 9913485 rs3176785 0.39289
12 9913758 rs75343219 0.39345
12 9913809 rs77517740 0.39345
12 9913871 rs78404231 0.39345
12 9914004 rs79723289 0.39593
12 9914005 rs2071647 1.0703e-18
12 9914031 rs3176783 0.52295
12 9914505 rs3176782 0.042054
12 9914515 rs190777690 0.32175
12 9914578 rs79930677 0.39593
12 9914747 rs189862355 0.58518
12 9914857 rs3176781 0.059678999999999996
12 9914865 rs3176779 0.0016824000000000001
12 9914889 rs3176778 0.060405999999999994
12 9915005 rs3176777 0.8935700000000001
12 9915445 rs3136563 5.3904e-11
12 9915725 rs79594062 0.39676
12 9915920 rs3136562 0.9144
12 9915928 rs116010086 0.39498
12 9916010 rs3136561 0.92822
12 9916546 rs3136560 0.052424
12 9916585 rs77877627 0.10123
12 9916640 rs3136559 1.1895000000000001e-18
12 9916712 rs144323627 0.19632
12 9916821 rs3176776 6.1736e-11
12 9917014 rs74769219 0.39676
12 9917082 rs3176775 5.55e-11
12 9917106 rs3176774 5.5571000000000005e-06
12 9917353 rs11833226 0.39676
12 9917375 rs186141440 0.041302
12 9917379 rs79011807 0.080053
12 9917744 rs140274657 0.51
12 9918102 rs3176773 5.693500000000001e-11
12 9918266 rs117006594 0.6796
12 9918290 rs144977920 0.22109
12 9918312 rs75301484 0.18512
12 9918321 rs3176772 0.9137
12 9918637 rs7966093 2.5416e-09
12 9918663 rs7953260 5.7545e-11
12 9918677 rs146795961 0.8703700000000001
12 9918800 rs61914581 8.6782e-08
12 9918831 rs11829217 0.39651
12 9919061 rs118103654 0.00017557
12 9919108 rs57338882 0.9088700000000001
12 9919251 rs11052969 7.2455e-11
12 9919267 rs11052970 8.227600000000002e-11
12 9919279 rs11052971 7.211e-11
12 9919344 rs114830036 0.14013
12 9919461 rs34779650 7.743899999999998e-11
12 9919521 rs35143542 5.391e-11
12 9919540 rs115415893 0.07821499999999999
12 9919561 rs35559880 6.9225e-11
12 9919618 rs12816871 7.140000000000001e-11
12 9919664 rs12824297 6.3768e-11
12 9919682 rs75408422 0.23449
12 9919684 rs12824308 7.0035e-11
12 9919753 rs12817268 6.0147e-11
12 9919940 rs188798198 0.012251999999999999
12 9919972 rs12422685 5.6698e-11
12 9920018 rs12425365 7.494499999999999e-11
12 9920022 rs12422688 7.5436e-11
12 9920090 rs12422955 4.4968e-11
12 9920121 rs12427278 4.7406e-11
12 9920291 rs12427301 5.1081e-11
12 9920328 rs12422989 4.3943999999999995e-11
12 9920372 rs12427030 4.4888e-11
12 9920478 rs11052978 4.9268000000000004e-11
12 9920876 rs7295897 4.779600000000001e-11
12 9920899 rs7309767 3.1921e-11
12 9920940 rs7309875 3.4689e-11
12 9921250 rs117529191 0.018226
12 9921527 rs9971740 4.7644000000000005e-11
12 9921745 rs79276272 0.2326
12 9921790 rs10772127 5.3059e-11
12 9921868 rs10772128 5.1361999999999995e-11
12 9922216 rs12307489 0.047122000000000004
12 9922535 rs140587044 0.008560799999999999
12 9922630 rs118050638 0.6207199999999999
12 9922642 rs116277623 0.23206
12 9922652 rs10844737 8.816e-19
12 9922660 rs116780469 0.23206
12 9922829 rs724668 9.9474e-19
12 9922851 rs724667 9.691099999999998e-19
12 9923047 rs115547334 0.37672
12 9923113 rs724666 9.7236e-19
12 9923393 rs112942211 0.37672
12 9923436 rs149229366 0.10695
12 9923689 rs75122584 0.11224
12 9923744 rs7316342 3.2188e-09
12 9923917 rs7965258 0.097123
12 9924083 rs117117325 0.76805
12 9924329 rs77589365 0.081851
12 9924912 rs10772132 2.0305e-18
12 9925036 rs34850016 0.0013245999999999998
12 9925105 rs11834929 0.37988
12 9925164 rs4519175 2.6927999999999996e-18
12 9925192 rs4385980 2.5425e-18
12 9925232 rs4519176 1.952e-18
12 9925336 rs7488011 1.9379e-18
12 9925430 rs1029994 1.8887000000000002e-18
12 9925439 rs1029993 1.8793999999999998e-18
12 9925665 rs76946100 0.10297
12 9925758 rs1029992 1.6626e-18
12 9926064 rs1029991 1.5797999999999999e-18
12 9926130 rs142866293 0.57655
12 9926397 rs1029990 1.7516999999999997e-18
12 9926624 rs10844749 1.8300999999999996e-18
12 9926680 rs11829361 0.18228
12 9926784 rs1540356 1.8513e-18
12 9926868 rs1540355 1.88e-18
12 9926875 rs10844750 2.3319e-18
12 9927283 rs111607681 0.19345
12 9927570 rs12582052 1.9171e-18
12 9927654 rs10772137 2.4463e-16
12 9927720 rs74715331 0.54345
12 9927745 rs80178333 0.52113
12 9927752 rs78096911 0.5231899999999999
12 9927824 rs114122846 0.5226
12 9927908 rs73063540 0.18914
12 9927978 rs11836445 0.52189
12 9928292 rs7957102 0.8583
12 9928296 rs11830098 0.17895
12 9928344 rs11832194 0.17847000000000002
12 9928625 rs191258113 0.16439
12 9928903 rs185097982 0.21173000000000003
12 9928922 rs75630572 0.17682
12 9929267 rs112328386 0.095176
12 9929317 rs79739935 0.1637
12 9929679 rs1861090 5.561e-18
12 9929706 rs75301345 0.16602999999999998
12 9930010 rs56116611 0.8838600000000001
12 9930198 rs7964925 0.20755
12 9930302 rs548741774 0.037917
12 9930309 rs59258216 0.8840899999999999
12 9931256 rs2110452 2.5228000000000003e-16
12 9931347 rs2110451 1.0910999999999998e-17
12 9931585 rs10844765 0.74305
12 9931643 rs7976639 3.1163e-16
12 9932070 rs11053043 3.1483e-16
12 9932333 rs76820209 0.36108
12 9932434 rs577322693 0.8390700000000001
12 9932624 rs10772138 2.2880000000000004e-16
12 9932680 rs146255139 0.12559
12 9932708 rs780714237 0.46283
12 9932885 rs10844769 2.3347000000000002e-16
12 9933205 rs2098299 3.1791e-16
12 9933267 rs186867279 0.16367
12 9933776 rs11053051 0.72255
12 9934194 rs114955126 0.20614000000000002
12 9934391 rs12824491 0.6259600000000001
12 9934613 rs12822701 0.45392
12 9934980 rs4763315 0.7136100000000001
12 9935579 rs118034152 0.9266700000000001
12 9935582 rs10844780 0.7114699999999999
12 9935642 rs10844781 0.7164
12 9935688 rs7978977 4.860699999999999e-16
12 9935781 rs7953791 0.020557
12 9935783 rs114968648 0.209
12 9935825 rs10844782 0.7228899999999999
12 9935911 rs7964603 0.65808
12 9935943 rs75690582 0.019168
12 9935964 rs74434545 0.019503
12 9935978 rs74062759 0.95215
12 9936313 rs4763316 0.68
12 9936427 rs4763317 0.8637100000000001
12 9936482 rs113500254 0.036818000000000004
12 9937037 rs2110450 1.1661e-15
12 9937181 rs149047160 0.0033824
12 9937526 rs10844790 2.6079e-15
12 9937590 rs7958591 1.4486e-15
12 9937647 rs7972330 0.77528
12 9937651 rs60502418 0.33798
12 9937767 rs2160087 1.6926e-15
12 9938034 rs2110449 1.5555999999999999e-15
12 9938387 rs12301123 0.7843100000000001
12 9938478 rs113215265 0.26382
12 9938479 rs12314225 0.84814
12 9939160 rs115026342 0.8809799999999999
12 9939224 rs12423545 4.934e-15
12 9939267 rs12423554 8.0479e-15
12 9939354 rs79144634 0.0049949
12 9939530 rs116709706 0.08141
12 9939727 rs182516873 0.14336
12 9939813 rs2895990 1.8179e-06
12 9939823 rs7966708 0.084677
12 9939942 rs2401399 0.019393999999999998
12 9940019 rs117940682 0.2091
12 9940124 rs12304686 0.12854000000000002
12 9940148 rs2401400 0.31614000000000003
12 9940313 rs2401401 0.29361
12 9940461 rs11053095 0.63969
12 9940470 rs11053096 0.65208
12 9940574 rs4763322 0.045504
12 9940590 rs2080212 0.020871999999999998
12 9940920 rs4763931 0.059119000000000005
12 9940994 rs4763932 0.049514999999999997
12 9941023 rs4763933 0.77335
12 9941064 rs73236736 1.2173e-05
12 9941259 rs10844813 0.59644
12 9941577 rs11053116 0.047646
12 9941853 rs7975116 0.047206
12 9941949 rs4763935 0.047812
12 9942539 rs114512948 0.68733
12 9942551 rs7979620 0.08910599999999999
12 9942621 rs57444770 0.78806
12 9942893 rs73236744 1.2899000000000001e-05
12 9943043 rs7132843 0.80175
12 9943551 rs2110448 0.047198000000000004
12 9943700 rs917915 0.032001
12 9943727 rs114594748 0.17493
12 9943771 rs145211074 0.8517899999999999
12 9943823 rs79011586 0.31722
12 9943875 rs113732652 0.52986
12 9943910 rs6488204 0.050460000000000005
12 9944258 rs7308810 0.78164
12 9944273 rs10772147 0.04836
12 9944440 rs750393738 0.12019
12 9944652 rs10772148 0.7704300000000001
12 9944738 rs187402093 0.21489
12 9944744 rs143151801 0.80807
12 9945250 rs73063559 0.014582
12 9945251 rs4763937 0.72351
12 9945319 rs73063561 0.65474
12 9945359 rs4763938 0.8351200000000001
12 9945431 rs73236758 3.7387e-05
12 9945673 rs79045063 0.19876
12 9945821 rs10772150 0.64176
12 9945853 rs10772151 0.63458
12 9946029 rs7966635 0.021526
12 9946157 rs76390104 0.036204
12 9946218 12:9946218_C_T 0.5183
12 9946219 rs11053136 0.062122000000000004
12 9946277 rs76185495 0.34854
12 9946576 rs138398550 0.48099
12 9947200 rs11609005 0.05644299999999999
12 9947438 rs76913649 0.47600000000000003
12 9947521 rs116605064 0.8106300000000001
12 9947703 rs7485167 0.00042952
12 9947915 rs58882780 0.036767
12 9948009 rs12305990 0.40765999999999997
12 9948120 rs75405040 0.1176
12 9948301 rs7964276 0.69616
12 9948346 rs2041701 0.8774200000000001
12 9948572 rs146109312 0.15085
12 9948586 rs79548675 0.1529
12 9948590 rs74396948 0.15429
12 9948751 rs781254189 0.0038038000000000004
12 9948830 rs16907188 0.14802
12 9948894 rs200853687 0.25819000000000003
12 9948992 rs77684535 0.14833
12 9949038 rs114473928 0.19646
12 9949141 rs16907190 0.66927
12 9949236 rs16907191 0.47045
12 9949330 rs16907194 0.13019
12 9949469 rs189555098 0.79267
12 9949551 rs16907197 0.59963
12 9949652 rs11053145 0.81306
12 9949704 rs115067514 0.92868
12 9949961 rs10128969 0.81619
12 9949977 rs10128846 0.81539
12 9950280 rs61914598 0.37116
12 9950496 rs149028321 0.16777999999999998
12 9950710 rs117162229 0.82514
12 9950728 rs57144794 0.2305
12 9950735 rs78155120 0.22737
12 9950834 rs11053150 0.3432
12 9950884 rs4763945 0.097762
12 9951041 rs16907219 0.57329
12 9951105 rs16907222 0.58985
12 9951193 rs187054907 0.47038
12 9951269 rs77590132 0.075948
12 9951283 rs114361018 0.08916
12 9951505 rs114906198 0.39883
12 9951585 rs138106409 0.0077962000000000005
12 9951619 rs79020554 0.26859
12 9951715 rs10734811 0.10024
12 9951855 rs116071017 0.12340999999999999
12 9952011 rs112876512 0.11414
12 9952153 rs773545546 0.12783
12 9952249 rs80355090 0.6086199999999999
12 9952451 rs114866426 0.089245
12 9952576 rs115687015 0.12816
12 9952652 rs10844836 0.35417
12 9952747 rs111270925 0.11737
12 9952802 rs10844837 0.35441
12 9953107 rs114705435 0.93081
12 9953134 rs146136563 0.08742799999999999
12 9953177 rs78583301 0.60296
12 9953178 rs140116876 0.04141
12 9953215 rs142490164 0.19577
12 9953499 rs139501866 0.21721
12 9953523 rs56053011 0.21898
12 9953534 rs114948424 0.14229
12 9953839 rs145440602 0.22574
12 9954107 rs145295700 0.15102000000000002
12 9954283 rs77779296 0.2253
12 9954300 rs111370837 0.62549
12 9954487 rs11525542 0.10884
12 9955197 rs117038563 0.83893
12 9955440 rs151274886 0.80999
12 9955710 rs112265897 0.61624
12 9955716 rs2401402 0.82076
12 9955885 rs12582047 0.37854
12 9955945 rs112231136 0.56934
12 9956143 rs76221777 0.59549
12 9956229 rs76004559 0.23214
12 9956283 rs34322434 0.36856
12 9956352 rs80080150 0.24739
12 9956570 rs115667917 0.22849
12 9956617 rs11053171 0.26899
12 9956864 rs2192443 0.25456999999999996
12 9956976 rs188673228 0.025258000000000003
12 9957076 rs75605873 0.080687
12 9957083 rs145152695 0.46353999999999995
12 9957096 rs79045173 0.61054
12 9957169 rs750654926 0.08971799999999999
12 9957186 rs11053174 0.83572
12 9957767 rs117497864 0.84272
12 9957973 rs752333725 0.10597999999999999
12 9958061 rs116883400 0.41465
12 9958602 rs57451228 0.21745
12 9958680 rs144762621 0.54551
12 9958772 rs58848817 0.23041
12 9958895 rs74427810 0.11037000000000001
12 9958914 rs35701967 0.36588000000000004
12 9958958 rs77131807 0.59964
12 9959149 rs7955679 0.59446
12 9959521 rs79925841 0.2195
12 9959681 rs11615365 0.10157999999999999
12 9959805 rs114946855 0.6397
12 9959826 rs16907398 0.61666
12 9959951 rs17459247 0.37726
12 9960532 rs2058561 0.2527
12 9960598 rs114124219 0.95691
12 9960741 rs74062765 0.21955
12 9960880 rs10772159 0.24784
12 9960990 rs56400313 0.22003000000000003
12 9961024 rs56234777 0.24154
12 9961025 rs7309697 0.8521200000000001
12 9961073 rs8181624 0.12916
12 9961253 rs7135382 0.37077
12 9961334 rs60183299 0.36423
12 9961402 rs7309379 0.83393
12 9961515 rs17807306 0.10235
12 9961770 rs16907438 0.63968
12 9961827 rs7306809 0.33601
12 9961905 rs78577756 0.59306
12 9962072 rs16907448 0.20601
12 9962152 rs61361909 0.21786999999999998
12 9962816 rs7310926 0.34581999999999996
12 9963485 rs17807354 0.21681999999999998
12 9963826 rs2192442 0.77751
12 9963851 rs7299568 0.23599
12 9964303 rs11612660 0.21882
12 9964787 rs139018766 0.22956
12 9965173 rs7137693 0.23640999999999998
12 9965258 rs118164708 0.071848
12 9965559 rs11053226 0.16767
12 9965603 rs917914 0.12157000000000001
12 9965888 rs7308328 0.098303
12 9966317 rs10844860 0.16385999999999998
12 9966335 rs57483180 0.5845100000000001
12 9966435 rs137978760 0.17095
12 9966437 rs143442421 0.15808
12 9966944 rs60605691 0.49937
12 9966969 rs2401404 0.71128
12 9967051 rs59639038 0.48433000000000004
12 9967218 rs116412532 0.68747
12 9967300 rs2401405 0.17589000000000002
12 9967730 rs73236789 0.027545999999999998
12 9967813 rs4418897 0.053239
12 9967856 rs117525598 0.0002469
12 9968088 rs1122729 0.18207
12 9968595 rs149921256 0.29632
12 9969112 rs11053253 0.15539
12 9969265 rs757220199 0.20307
12 9969572 rs11832721 0.033762
12 9969764 rs544943522 0.609
12 9969964 rs765326950 0.38265
12 9970062 rs11610068 0.20488
12 9970124 rs7297375 0.9304
12 9970215 rs6488223 0.5181
12 9970775 rs114804120 0.25783
12 9970820 rs117461918 0.91209
12 9971509 rs77121952 0.22804000000000002
12 9971723 rs10844866 0.059365999999999995
12 9971903 rs79986048 0.38656999999999997
12 9971982 rs7299885 0.77751
12 9972278 rs73046730 0.010001999999999999
12 9972763 rs7968980 0.066331
12 9972866 rs145988581 0.35867
12 9973276 rs12371614 0.9299299999999999
12 9973286 rs553302521 0.09569
12 9973552 rs11610670 0.89876
12 9974110 rs2110447 0.9764299999999999
12 9976114 rs373685250 0.9917600000000001
12 9976156 rs6488230 0.95949
12 9976866 rs114957527 0.030788
12 9976916 rs117312461 0.065461
12 9977905 rs7295207 0.94465
12 9979011 rs4764001 0.85114
12 9980401 rs181005085 0.13172999999999999
12 9980638 rs546137467 0.41648
12 9980731 rs181984663 0.10217000000000001
12 9981162 rs12810163 0.47113
12 9981240 rs74062772 0.094736
12 9981249 rs759577895 0.27366
12 9981561 rs74806393 0.73065
12 9981637 rs117937771 0.35514
12 9982084 rs7969358 0.95339
12 9982114 rs7969365 0.9519299999999999
12 9982227 rs774414212 0.038531
12 9983540 rs188985115 0.032558
12 9983629 rs113947247 0.9949600000000001
12 9983961 rs139110046 0.0035927
12 9984180 rs17806430 0.005762
12 9984303 rs116862200 0.01318
12 9984565 rs76608083 0.5706899999999999
12 9984742 rs2232544 0.94209
12 9984847 rs2232546 0.9547700000000001
12 9984965 rs146460124 0.9037299999999999
12 9985313 rs16907726 0.9446200000000001
12 9985494 rs11053384 0.97578
12 9985915 rs2232548 0.9968799999999999
12 9986235 rs79983054 0.41525
12 9986810 rs115241530 0.16293
12 9987369 rs114619166 0.12255
12 9987545 rs555410711 0.063175
12 9987901 rs61914616 0.9027299999999999
12 9988235 rs61914617 0.9091
12 9988260 rs61914618 0.69191
12 9988724 rs71447602 0.335
12 9988811 rs147058771 0.35044000000000003
12 9989136 rs549930818 0.15141
12 9990311 rs16907767 0.9796100000000001
12 9990483 rs142238301 0.18195999999999998
12 9991096 rs4764015 0.97996
12 9991160 rs4764017 0.96946
12 9991265 rs253145 0.30906999999999996
12 9991580 rs73046739 0.97439
12 9991654 rs116132344 0.32989
12 9991881 rs561277609 0.8876700000000001
12 9991966 rs772912437 0.5163800000000001
12 9992971 rs16907812 0.8667
12 9993248 rs11053414 0.85616
12 9993317 rs146976348 0.8573
12 9993452 rs11053415 0.84054
12 9993525 rs11053418 0.8423700000000001
12 9993970 rs779578240 0.4409
12 9993989 rs4764022 0.86311
12 9995082 rs112550276 0.030693
12 9996254 rs12367372 0.8383
12 9996338 rs139455560 0.21001
12 9996397 rs12370824 0.80716
12 9996559 rs35288134 0.6562
12 9997275 rs7980232 0.84085
12 9997311 rs6488232 0.81584
12 9997779 rs9971658 0.030305000000000002
12 9997789 rs2012290 0.28208
12 9998075 rs58257303 0.8471200000000001
12 9998184 rs55927238 0.09462000000000001
12 9998198 rs55634637 0.10877
12 9998475 rs141416958 0.056720000000000007
12 9998506 rs775216698 0.052586
12 9998813 rs4412827 0.87139
12 9998832 rs12227587 0.54064
12 9999085 rs112272076 0.33339
12 9999621 rs11053456 0.8699600000000001
12 10000042 rs575232695 0.093198
12 10000191 rs193099577 0.18297
12 10000247 rs56116724 0.8629100000000001
12 10000366 rs780019634 0.44423
12 10000372 rs569240513 0.20651
12 10000986 rs1088310 0.90633
12 10001067 rs60563850 0.8720899999999999
12 10001302 rs58811286 0.8695799999999999
12 10001459 rs188671180 0.76952
12 10001712 rs12824621 0.7609899999999999
12 10001779 rs1088309 0.9616899999999999
12 10001944 rs754442618 0.53374
12 10002003 rs111774878 0.74262
12 10002158 rs61914623 0.85535
12 10002352 rs1088308 0.6422100000000001
12 10002633 rs55765220 0.8426299999999999
12 10003185 rs113230156 3.6069e-05
12 10003841 rs117811877 0.80929
12 10003842 rs72656630 0.32736
12 10003974 rs185963766 0.096956
12 10003981 rs11614831 0.24022
12 10004123 rs151245688 0.51362
12 10004456 rs118093189 0.62232
12 10004538 rs7973629 0.049289
12 10004648 rs2908700 0.31101999999999996
12 10004885 rs191278061 0.71172
12 10004932 rs2908699 0.45373
12 10005407 rs191185915 0.23829
12 10005746 rs115682932 0.081607
12 10005778 rs2594072 0.39074000000000003
12 10005780 rs2539933 0.72032
12 10006372 rs77732699 0.24166999999999997
12 10006420 rs253156 0.63134
12 10007238 rs74935134 0.2808
12 10007363 rs12305497 0.9902299999999999
12 10007732 rs118179644 0.44582
12 10007761 rs7957621 0.4017
12 10007848 rs33869 0.45097
12 10007863 rs33870 0.38706
12 10007897 rs33871 0.37144
12 10008002 rs33872 0.37108
12 10008230 rs3829318 0.26504
12 10008490 rs7974955 0.05773
12 10008680 rs11833550 0.046139
12 10009633 rs2268141 0.55361
12 10010006 rs33873 0.39421
