CHR BP SNP P
2 182226266 rs75047861 0.81255
2 182226599 rs150883685 0.046810000000000004
2 182226778 rs16867420 0.6686
2 182227092 rs9636302 0.93429
2 182227260 rs79921378 1.3894e-18
2 182227850 rs565004726 0.5789
2 182227960 rs75906378 0.097206
2 182227980 rs75838556 0.56325
2 182228014 rs114000295 0.51413
2 182228118 2:182228118_T_C 0.33726
2 182228804 rs75718724 0.00052149
2 182228931 rs6726597 3.3726e-12
2 182229154 rs6726903 4.2231e-12
2 182229247 rs6755680 0.92295
2 182230377 rs191883408 0.0035521
2 182230430 rs13420593 0.076929
2 182230639 rs144997871 1.6738e-06
2 182230914 rs745324814 0.078388
2 182231260 rs34147319 0.048034
2 182231587 rs78625701 0.53318
2 182231838 rs13394574 0.87718
2 182231874 rs112490762 0.065075
2 182232127 rs188460717 0.87269
2 182232163 rs540334591 0.015303
2 182232197 rs115288326 0.53027
2 182232346 rs75222085 3.6913999999999997e-16
2 182232717 rs60453369 3.3020999999999996e-18
2 182232723 rs60481141 2.4846e-18
2 182232924 rs191194932 0.0052162
2 182232957 rs61097715 3.1731999999999998e-18
2 182233459 rs77969163 6.2378e-12
2 182233881 rs116361256 3.3142e-16
2 182234285 rs115553127 0.90304
2 182234319 rs74740766 9.2264e-07
2 182234321 rs6433910 0.8765
2 182234855 rs17270889 3.2947e-12
2 182234900 rs17198689 6.5414e-06
2 182234940 rs17198696 6.1921e-06
2 182234986 rs17198703 6.3638e-06
2 182234987 rs78909618 3.5161e-27
2 182235092 rs6716355 0.9309799999999999
2 182235176 rs151180444 0.00088195
2 182235418 rs17198710 6.6629999999999996e-06
2 182235496 rs17198717 5.665e-06
2 182235947 rs16867421 3.4347e-19
2 182236208 rs6705323 1.7852e-11
2 182236365 rs6734093 0.025305
2 182236623 rs189370741 0.80811
2 182236770 rs79356370 0.06958500000000001
2 182237105 rs6724378 0.010896
2 182237157 rs6737765 0.01034
2 182237607 rs78159288 0.5435800000000001
2 182237659 rs6433911 0.07756
2 182238023 rs143659533 0.47753
2 182238050 rs34493447 0.40512
2 182238364 rs765338818 0.69116
2 182238650 rs908079 1.1591e-19
2 182238654 rs139282178 0.0032000999999999996
2 182238679 rs76525105 9.600399999999999e-39
2 182238884 rs184413078 3.0430999999999996e-09
2 182239247 rs181785505 0.7956300000000001
2 182239248 rs143296211 1.0954000000000001e-38
2 182239658 rs77495350 5.5873e-08
2 182239903 rs79141183 0.25023
2 182239917 rs62189833 1.4313999999999997e-14
2 182240150 rs139943288 0.76886
2 182240261 rs558490516 0.084748
2 182241400 rs187725028 0.71765
2 182241548 rs6433912 0.0005547000000000001
2 182241698 rs9646799 4.567899999999999e-13
2 182241841 rs75807963 0.23324
2 182241905 rs959633 0.00065101
2 182242003 rs76392899 5.2987e-37
2 182242038 rs75324713 2.2925e-20
2 182242416 rs184201340 0.55799
2 182242768 rs2056042 0.0006997
2 182243132 rs76849865 0.66823
2 182243354 rs76211567 7.278000000000001e-23
2 182243536 rs6433913 0.0005519
2 182244081 rs78435399 9.8505e-37
2 182244335 rs6724900 0.00034583
2 182244364 rs113448971 0.0013321
2 182244572 rs75820969 9.475799999999999e-37
2 182245548 rs115132822 0.64707
2 182245604 rs59403061 2.3941e-20
2 182245910 rs116503019 0.47063
2 182246484 rs2368201 0.039307999999999996
2 182246873 rs13029040 0.00061635
2 182246969 rs13029098 0.00062734
2 182246980 rs550516876 0.0068402
2 182247623 rs35801397 0.00052904
2 182247662 rs116554354 0.6644800000000001
2 182247741 rs34041332 0.00052515
2 182248030 rs563421648 0.72706
2 182248296 rs559540783 0.00074351
2 182248436 rs80090481 0.72001
2 182248704 rs115587796 0.73532
2 182248776 rs77548529 2.3203e-20
2 182248894 rs2219754 2.5968999999999997e-20
2 182248993 rs7355339 0.00066979
2 182249194 rs140620208 0.45411999999999997
2 182249195 rs144572640 0.45321000000000006
2 182249212 rs7355340 0.00066707
2 182249329 rs62189855 7.4727e-13
2 182249525 rs575945006 0.023790000000000002
2 182249768 rs56144959 3.2568e-56
2 182250228 rs35359402 0.00054323
2 182250321 rs10171848 0.00054841
2 182250896 rs78441550 8.2394e-37
2 182250905 rs7355497 0.0006644999999999999
2 182250945 rs188477536 0.00027125
2 182251204 rs754962036 0.006660200000000001
2 182251237 rs13399741 0.00066541
2 182251308 rs13425544 0.0006678999999999999
2 182251351 rs113049942 0.13835
2 182251533 rs71425697 0.36834
2 182251813 rs12616646 0.8333299999999999
2 182251929 rs13027531 0.00056478
2 182252254 rs67712940 2.6377999999999995e-06
2 182252327 rs28853982 0.00056852
2 182252641 rs62189857 4.2093999999999997e-13
2 182252715 rs79437014 4.043e-13
2 182253024 rs12690514 3.2663e-22
2 182253027 rs12690515 0.00059128
2 182253108 rs56028827 6.5066999999999985e-37
2 182253217 rs10211229 0.00063297
2 182253391 rs62189858 3.9328e-13
2 182253714 rs6433914 0.00062549
2 182253764 rs147451381 2.699e-05
2 182253838 rs6433915 0.00065773
2 182253888 rs115390019 0.1254
2 182254087 rs62189859 4.1234e-13
2 182254492 rs150007158 0.0010125
2 182254572 rs75035613 1.8557e-36
2 182254670 rs13339814 0.0006297000000000001
2 182254709 rs13339780 5.061000000000001e-22
2 182255121 rs17270896 3.7525e-13
2 182255270 rs7596554 0.00065895
2 182255435 rs10194325 0.00065871
2 182255810 rs115463038 0.54813
2 182255977 rs1371621 0.84147
2 182256592 rs6433916 0.00052896
2 182256688 rs7577055 0.00048954
2 182257029 rs7603695 0.00053013
2 182257070 rs143768263 0.8446899999999999
2 182257132 rs7591525 0.00064388
2 182257146 rs16867422 1.7004e-20
2 182257204 rs79385505 7.8355e-37
2 182257246 rs112159152 0.47257
2 182257369 rs11690881 0.33536
2 182257449 rs16867423 0.00052576
2 182258150 rs12693275 1.3198e-05
2 182258807 rs113116325 0.40833
2 182258817 rs6433917 0.00039126
2 182258931 rs115382894 0.44603999999999994
2 182259274 rs17270903 5.3715e-12
2 182259396 rs974331 0.00041563
2 182259935 rs6433918 0.00041201
2 182259966 rs77909754 7.2971e-37
2 182260003 rs6433919 0.00041642
2 182260252 rs7602799 2.2263e-22
2 182260494 rs1440047 0.00039392
2 182260751 rs62191362 0.00039541
2 182260897 rs13390938 0.00039419
2 182260949 rs1371620 0.00039419
2 182260985 rs74811605 0.30999
2 182261109 rs16867424 2.1892e-20
2 182261148 rs747905640 0.7951600000000001
2 182261154 rs12693276 0.00039759
2 182261289 rs35262123 0.34505
2 182261402 rs12693277 0.00039502
2 182261811 rs545421536 0.0012148
2 182261869 rs7602460 5.318400000000001e-22
2 182261963 rs57112009 1.8874e-20
2 182262353 rs75936335 5.2474e-06
2 182262616 rs10191579 0.00044433
2 182262724 rs569598368 0.00065496
2 182262849 rs7606201 0.0014608
2 182263074 rs150935715 0.17057999999999998
2 182263306 rs554360735 4.2967e-14
2 182263316 rs574309229 6.9942e-14
2 182263951 rs831864 1.9408999999999999e-44
2 182264386 rs565319594 0.13769
2 182264835 rs62191363 7.635499999999999e-33
2 182265060 rs76311814 0.9420200000000001
2 182265302 rs73040858 0.63541
2 182265357 rs139631095 0.045578
2 182268271 rs140870127 7.2407e-05
2 182268826 rs13394101 1.5826e-27
2 182269294 rs72894319 1.0338000000000001e-08
2 182269484 rs765659553 0.36528
2 182269553 rs73040860 0.068944
2 182269592 rs145641540 5.6507e-05
2 182269973 rs58737852 0.064078
2 182270000 rs138290472 0.02167
2 182270309 rs117675420 0.17870999999999998
2 182270312 rs116210927 1.3919e-12
2 182271419 rs144998308 0.0092598
2 182271993 rs181780811 0.06768099999999999
2 182272997 rs73040863 0.040419
2 182273419 rs16867426 1.4104e-28
2 182273468 rs61319684 0.093613
2 182273646 rs16867427 0.27144
2 182274008 rs77703129 0.971
2 182274645 rs140153274 0.8352200000000001
2 182275138 rs73040866 0.097821
2 182275571 rs113096648 0.018088999999999997
2 182275783 rs114346856 1.7949999999999999e-07
2 182276371 rs181765373 0.6027100000000001
2 182277394 rs112081811 0.090438
2 182277406 rs10185198 3.3084e-24
2 182277475 rs143238748 8.545399999999999e-14
2 182277514 rs148317579 4.3346e-06
2 182278393 rs754410578 0.76336
2 182278940 rs73040870 0.092359
2 182279074 rs146236786 1.0006e-07
2 182279135 rs12612404 7.988600000000001e-31
2 182279160 rs115556700 0.012634999999999999
2 182279382 rs192118860 0.091647
2 182279400 rs112890696 0.099886
2 182279596 rs113537356 0.069143
2 182279639 rs182204941 0.15505
2 182279724 rs749125082 0.48
2 182280052 rs259773 1.3300999999999999e-17
2 182280247 rs7585203 6.2506e-31
2 182280429 rs58356087 0.056552
2 182281034 rs112985349 0.076804
2 182281494 rs114946660 0.28301
2 182281521 rs111499032 0.070542
2 182281569 rs115583150 8.837499999999999e-35
2 182281587 rs6718833 5.4023e-21
2 182282164 rs13004064 0.53104
2 182282571 rs73040883 0.056464999999999994
2 182283685 rs151246563 0.16451
2 182283881 rs112808662 0.058214999999999996
2 182284651 rs112961518 4.1645000000000005e-07
2 182284838 rs7569746 0.092262
2 182285649 rs546945541 0.36925
2 182285695 rs9288066 7.199399999999999e-35
2 182285835 rs9288067 0.046164
2 182285872 rs10153601 0.045376
2 182285905 rs13005328 6.307e-33
2 182286525 rs10186701 0.09959900000000001
2 182287190 rs57726859 6.8044e-35
2 182287267 rs11685557 0.26875
2 182288249 rs7607666 0.11635
2 182288278 rs76778694 0.5930300000000001
2 182288618 rs114048951 0.86169
2 182288736 rs73040893 0.15004
2 182288805 rs77469810 0.51142
2 182288916 rs776570457 0.026807
2 182289317 rs115307544 0.92515
2 182289461 rs2035207 1.8234e-38
2 182289624 rs141232001 0.016094
2 182289733 rs74608013 0.17319
2 182289871 rs13431550 0.97241
2 182289947 rs13406310 0.54908
2 182289969 rs116548127 1.9282e-09
2 182290640 rs116275026 0.052363
2 182290739 rs115471387 0.041298
2 182290850 rs183326280 2.149e-06
2 182290993 rs552264279 0.136
2 182291035 rs12328393 0.56698
2 182291335 rs12329177 0.040145
2 182291633 rs143947584 0.02683
2 182291779 rs187884776 2.3892000000000003e-08
2 182291780 rs554601198 2.0595e-08
2 182292128 rs150088351 0.00072232
2 182292133 rs13428007 2.4909e-12
2 182292893 rs558406308 0.72188
2 182292903 rs74931732 4.3285e-12
2 182293238 rs13394113 1.9216e-14
2 182293443 rs165432 3.7108e-15
2 182293577 rs112478184 0.0017177
2 182294314 rs112594388 3.1027e-11
2 182295430 rs10182396 3.6607e-12
2 182295728 rs13391042 3.4988e-13
2 182296776 rs28574712 1.6127000000000003e-10
2 182297097 rs113093764 0.00089265
2 182297217 rs62191365 2.9499e-45
2 182297321 rs13408615 3.883199999999999e-64
2 182297337 rs146079506 2.4079000000000003e-07
2 182297780 rs13423406 0.3225
2 182298908 rs374692892 0.8084399999999999
2 182298971 rs74440789 6.3013e-06
2 182299144 rs76501184 5.4098000000000005e-14
2 182299180 rs7602690 9.3362e-34
2 182299407 rs7602732 0.6428
2 182299679 rs6715875 0.7209899999999999
2 182299734 rs155137 1.0476000000000001e-18
2 182299921 rs193011473 8.3801e-06
2 182300200 rs155136 2.3247999999999997e-99
2 182300532 rs190539703 9.419499999999999e-09
2 182300596 rs155135 0.15344000000000002
2 182300610 rs114437952 0.8787799999999999
2 182300611 rs155134 2.2913000000000002e-21
2 182300721 rs58923692 0.69352
2 182300964 rs2368210 1.3138e-35
2 182301049 rs155133 1.9930999999999995e-98
2 182301743 rs155132 3.038e-23
2 182302838 rs766183652 0.069168
2 182303225 rs193119357 0.00027557
2 182303360 rs155130 1.8786999999999995e-99
2 182303527 rs114190055 0.99834
2 182303729 rs78655702 1.2577e-34
2 182303751 rs155129 2.4496999999999995e-99
2 182303829 rs80175556 2.2642e-18
2 182304260 rs72894346 0.64499
2 182304738 rs113169850 1.0208e-18
2 182304812 rs76781074 0.9233600000000001
2 182305254 rs155128 4.203999999999999e-120
2 182305255 rs764586283 0.63632
2 182305424 rs16867428 2.4476999999999996e-55
2 182305701 rs155127 2.824999999999999e-153
2 182306582 rs34188618 5.0115e-119
2 182307666 rs13000914 1.2079999999999997e-127
2 182307817 rs155125 2.2338e-69
2 182307913 rs146784473 0.56616
2 182307938 rs155124 3.4207999999999993e-71
2 182308352 rs6740847 1.0e-300
2 182308836 rs6731125 1.0e-300
2 182309267 rs533237959 0.0016122
2 182309394 rs150241757 6.8913e-14
2 182309774 rs116001126 0.4126
2 182310679 rs148424729 5.1195e-07
2 182310682 rs6730994 0.022921
2 182310808 rs139941163 0.46774
2 182310962 rs545913491 0.98865
2 182310976 rs146742023 0.61293
2 182311220 rs192105284 7.1773e-05
2 182311509 rs62191395 3.6543e-42
2 182311519 rs10188326 0.41996999999999995
2 182311594 rs13384671 1.0e-300
2 182311810 rs757397575 0.13696
2 182312272 rs155123 1.0e-300
2 182312384 rs138519032 0.25146
2 182312462 rs576509325 0.22044
2 182312684 rs155122 3.2039999999999997e-31
2 182312809 rs4667282 1.0e-300
2 182312981 rs116622789 0.48886999999999997
2 182313246 rs4667283 1.0e-300
2 182313634 rs62191396 5.4876999999999994e-42
2 182313718 rs35447825 2.3436000000000004e-54
2 182313770 rs145957117 1.0078e-13
2 182314527 rs182898755 0.76872
2 182315068 rs142722489 0.00049282
2 182315382 rs11900241 0.86372
2 182315509 rs764458078 0.0064122
2 182315657 rs181236426 0.4109
2 182315777 rs155143 1.2036e-30
2 182315800 2:182315800_A_C 0.78372
2 182315855 rs13424840 0.010598
2 182315885 rs7573465 1.0e-300
2 182315998 2:182315998_C_T 0.0010663
2 182316247 rs147084229 1.0404e-13
2 182316325 rs540321586 0.24261
2 182316464 rs12615892 4.1459999999999993e-106
2 182316535 rs147726424 0.25805
2 182316957 rs155142 4.5311e-31
2 182317202 rs155141 1.4006999999999995e-123
2 182318057 rs62191398 1.6801999999999998e-42
2 182318335 rs155140 7.836499999999999e-31
2 182318462 rs80181987 1.0249999999999997e-129
2 182318491 rs72894360 1.0e-300
2 182319057 rs116150747 1.8928e-13
2 182319301 rs1449263 1.0e-300
2 182319506 rs155139 4.519399999999999e-31
2 182319660 rs111386665 3.4537e-06
2 182319757 rs115303037 4.2606e-14
2 182319878 rs155138 3.6463e-31
2 182320404 rs114549841 0.32908000000000004
2 182320417 rs184044394 7.3974e-10
2 182320778 rs13423639 0.021046000000000002
2 182321179 rs3731835 0.002996
2 182321313 rs116327179 0.73314
2 182321394 rs71425701 3.7814999999999997e-06
2 182321448 rs10203703 6.1808e-43
2 182321541 rs114569957 6.4798e-21
2 182322220 rs113276800 8.436199999999998e-181
2 182322289 rs190244857 0.065871
2 182322358 rs200784151 2.3829e-12
2 182322564 rs200018098 0.22618000000000002
2 182322639 rs62191400 1.5933000000000002e-42
2 182323186 rs766552075 0.44106000000000006
2 182323209 rs768152136 0.81406
2 182323448 rs189410073 2.2324e-07
2 182323665 rs12988934 1.6175e-25
2 182323766 rs1375493 1.0e-300
2 182324472 rs114545560 0.33386
2 182324502 rs145303601 1.7924e-14
2 182324928 rs114194236 0.33718000000000004
2 182325013 rs73974897 0.033205
2 182325492 rs1839269 5.5956999999999995e-109
2 182325493 rs1839268 1.6290999999999996e-108
2 182325554 rs74850478 3.647399999999999e-186
2 182325651 rs62191401 6.5013e-43
2 182325907 rs3770138 6.597799999999997e-186
2 182326136 rs3770137 7.530799999999998e-109
2 182326318 rs74792795 2.3463000000000003e-15
2 182326524 rs35890916 1.0867999999999998e-126
2 182327042 rs181039935 0.071965
2 182327103 rs764904900 0.87729
2 182327251 rs144561415 0.3587
2 182327349 rs146637855 0.9483
2 182327492 rs117621842 6.2346e-05
2 182327957 rs10930969 2.0234999999999994e-179
2 182327992 rs115492164 0.7134699999999999
2 182328214 rs2124440 1.0e-300
2 182328300 rs190986994 0.0054988
2 182328312 rs145264767 0.0015888
2 182328452 rs575366114 0.06990199999999999
2 182328458 rs530827641 0.050776
2 182329244 rs116244100 1.1989e-12
2 182329460 rs3770136 5.487099999999999e-181
2 182329483 rs10206693 0.035394
2 182329536 rs3770135 5.342999999999999e-113
2 182329619 rs10209150 1.7601e-42
2 182329647 rs155149 1.2512999999999992e-275
2 182330021 rs62191402 7.061799999999999e-43
2 182330516 rs139728533 5.7696e-07
2 182330583 rs72896186 5.300199999999999e-113
2 182330701 rs76605061 0.91151
2 182330844 rs13415157 0.016756999999999998
2 182330998 2:182330998_T_C 0.23548000000000002
2 182331058 rs112842467 6.5065e-08
2 182331265 rs155148 9.490799999999997e-133
2 182331317 rs142501258 0.00012692
2 182331770 rs369458879 0.19612000000000002
2 182331778 rs373054731 0.18738
2 182331840 rs140774626 0.9555100000000001
2 182331980 rs116551300 1.3880999999999998e-40
2 182332010 rs6744702 0.024556
2 182332031 rs147800154 1.2211e-06
2 182332146 rs155147 6.430299999999999e-60
2 182332350 rs155146 5.2044e-19
2 182332961 rs3770132 1.1969999999999997e-134
2 182333447 rs1449260 1.0e-300
2 182333649 rs528921723 0.34303
2 182333777 rs140169825 0.25199
2 182334344 rs62191403 2.0421e-42
2 182334507 rs147790514 0.88454
2 182334684 rs13029144 1.0e-300
2 182334753 rs13029501 1.0e-300
2 182334805 rs115610786 2.2574999999999994e-124
2 182334873 rs711801 5.513999999999998e-177
2 182335198 rs753950975 0.81415
2 182335640 rs150178395 0.26398
2 182335953 rs115469346 0.79847
2 182336080 rs62191404 4.068199999999999e-41
2 182336215 rs78612718 0.2413
2 182336437 rs3770130 1.5449999999999997e-56
2 182336445 rs3770129 1.9683999999999998e-98
2 182336474 rs1449264 1.547599999999999e-221
2 182336715 rs116497944 0.9050299999999999
2 182336805 rs1449265 0.977
2 182336884 rs3770126 2.6894999999999983e-237
2 182337447 rs3770125 1.3249999999999998e-61
2 182338027 rs11694175 7.0883e-54
2 182338190 rs765335355 0.3237
2 182338529 rs114175891 0.9157
2 182338531 rs141526440 0.001297
2 182338635 rs115181119 0.9765799999999999
2 182338919 rs139422697 1.4978e-05
2 182340213 rs72896193 0.00074497
2 182340214 rs2305591 6.5922e-27
2 182340444 rs17224277 1.1144999999999998e-61
2 182340657 rs116838290 4.9283e-22
2 182340980 rs186178474 0.9595100000000001
2 182341416 rs76047049 5.3211e-39
2 182341569 rs80099060 0.11954000000000001
2 182341654 rs59803867 3.5955999999999996e-23
2 182341674 rs155087 5.404e-52
2 182341717 rs155088 8.3906e-52
2 182341732 rs186689558 0.32564
2 182341912 rs155090 2.1535999999999997e-52
2 182341971 rs62191406 1.3703e-36
2 182342123 rs155091 4.784599999999999e-168
2 182342127 rs114373388 0.7598600000000001
2 182342176 rs155092 5.2237e-37
2 182342441 rs141292394 4.0189999999999995e-09
2 182342456 rs67566358 5.3519e-62
2 182342624 rs74600616 3.1456999999999985e-129
2 182342719 rs155093 1.8347e-10
2 182342766 rs155094 1.8008e-10
2 182343055 rs77263992 9.164700000000001e-43
2 182343125 rs79916636 1.6742e-12
2 182343197 rs113071858 2.3868999999999997e-08
2 182343278 rs155095 1.1952e-53
2 182343350 rs74323103 0.29507
2 182343385 rs56020695 6.005599999999999e-38
2 182343924 rs3770124 2.2038999999999995e-133
2 182344033 rs78904656 0.43108
2 182344540 rs62191408 4.1849999999999996e-36
2 182344557 rs192941407 0.00087944
2 182345389 rs155096 6.7303e-54
2 182345443 rs762388359 0.019852
2 182345512 rs114710246 0.22109
2 182345540 rs139499179 0.08213
2 182345632 rs189203187 0.041358
2 182345855 rs155097 0.051036
2 182345875 rs17290351 2.4975999999999993e-129
2 182346002 rs17224487 8.3789e-54
2 182346146 rs17224524 2.6787999999999994e-129
2 182346177 rs149714369 0.088742
2 182346220 rs55971856 7.8929e-36
2 182346308 rs200312042 0.15508
2 182346454 rs56384499 0.022836000000000002
2 182346528 rs16867429 5.0933e-15
2 182346544 rs2305590 1.9847999999999992e-129
2 182346901 rs115341463 0.26232
2 182346937 rs2305589 1.8218999999999996e-129
2 182346954 rs155098 1.9010999999999998e-53
2 182347072 rs2305588 2.3974999999999992e-129
2 182348342 rs12479308 2.0168999999999996e-134
2 182348554 rs17224699 1.6997999999999996e-128
2 182348866 rs155099 3.8021999999999995e-53
2 182349063 rs80085646 3.1821e-37
2 182349281 rs187312643 0.003055
2 182349409 rs3755021 3.767199999999999e-128
2 182349547 rs79529398 0.10747000000000001
2 182349808 rs550400268 0.053398
2 182349828 rs570564349 0.074771
2 182349940 rs770335300 0.74832
2 182350087 rs155100 1.1377000000000001e-09
2 182350145 rs155101 1.3757999999999998e-52
2 182350447 rs155102 1.7335999999999999e-09
2 182350489 rs17290693 4.267399999999999e-124
2 182350641 rs35419274 0.3528
2 182350743 rs155103 1.1783e-52
2 182351172 rs79965377 2.1854999999999993e-123
2 182351184 rs17224872 5.748199999999998e-133
2 182351216 rs155104 2.0505e-09
2 182351312 rs155105 2.6086e-52
2 182351352 rs155106 5.8075e-10
2 182351644 rs16867430 1.4656e-11
2 182351780 rs155107 1.1546e-25
2 182351887 rs114943268 1.0833e-09
2 182352013 rs76053290 6.503e-35
2 182352155 rs554842276 0.8496
2 182352296 rs155108 5.6369e-34
2 182352469 rs3770120 2.4898000000000002e-09
2 182352568 rs10172410 0.032941000000000005
2 182352571 rs115458875 0.24048000000000003
2 182352679 rs155109 2.4634e-18
2 182352791 rs155110 1.4204e-17
2 182352969 rs3770117 1.8936e-09
2 182352982 rs115713449 8.836199999999999e-42
2 182353267 rs155111 1.0104e-07
2 182353316 rs155112 2.9967e-15
2 182353446 rs2034831 1.7910000000000002e-25
2 182353475 rs868663476 0.020184999999999998
2 182353476 rs2034830 0.0039056999999999994
2 182353604 rs17225354 7.3091e-32
2 182353621 rs17225382 1.6044e-30
2 182354152 rs115901822 0.56914
2 182354233 rs560602811 0.00086557
2 182354528 rs67427532 2.8882999999999996e-34
2 182354808 rs555818455 0.38156999999999996
2 182354873 rs165415 0.6499199999999999
2 182355025 rs165416 0.97031
2 182355511 rs4667308 2.4323000000000004e-25
2 182355857 rs4667309 0.041718
2 182356690 rs148954635 3.6093000000000003e-09
2 182356763 rs77399387 0.019098
2 182356822 rs16867431 2.3973000000000005e-41
2 182356892 rs114838530 7.3944e-08
2 182357114 rs155116 0.8840100000000001
2 182357428 rs155117 0.70381
2 182357534 rs1038034 2.9064e-41
2 182357738 rs155118 0.74361
2 182357802 rs551471064 0.26137
2 182358363 rs143342278 0.43596999999999997
2 182358455 rs16867433 2.9557e-41
2 182358753 rs531325895 1.2108e-06
2 182358825 rs536952299 0.5784699999999999
2 182358882 rs155120 0.93361
2 182359133 rs6705247 2.8456999999999996e-41
2 182359165 rs149724 0.61851
2 182359421 rs186452189 0.0012978
2 182359546 rs139223161 0.36954000000000004
2 182359592 rs16867434 2.3333999999999998e-30
2 182359613 rs165419 0.96716
2 182359712 rs189668801 0.00066064
2 182360182 rs2305586 5.3238e-22
2 182360388 rs146010286 0.44406999999999996
2 182360497 rs114175797 0.6371600000000001
2 182360756 rs13000886 0.00012444
2 182360833 rs577842936 0.050039
2 182361126 rs79719835 0.44338
2 182361632 rs192340238 3.5614e-06
2 182362273 rs192648083 0.5787
2 182362450 rs76334388 0.00048265
2 182362843 rs4667310 2.726e-38
2 182363577 rs148167518 1.809e-30
2 182363613 rs1349196 0.80245
2 182364245 rs115499316 0.0068998
2 182364566 rs4667311 0.8863200000000001
2 182364643 rs3770116 2.7449e-40
2 182364673 rs3770115 2.8095e-27
2 182364789 rs12693279 0.9385600000000001
2 182364803 rs13029478 0.86119
2 182364995 rs74321798 0.5605899999999999
2 182365454 rs76606935 0.45908999999999994
2 182365708 rs12471434 8.259199999999999e-20
2 182365735 rs6711841 0.96921
2 182366009 rs114729907 4.9037e-08
2 182366024 rs150041317 0.40612
2 182366107 rs1816990 2.3308e-45
2 182366115 rs1823336 1.2222e-38
2 182366541 rs55890022 9.0075e-40
2 182366649 rs115970495 0.49822
2 182366667 rs149227602 0.18911
2 182366911 rs7607758 5.8265e-22
2 182366966 rs78341790 2.1263000000000003e-05
2 182367081 rs7607993 0.9912299999999999
2 182367299 rs111660947 9.8208e-07
2 182367321 rs7594317 0.99264
2 182367365 rs780872150 0.33493
2 182367704 rs138594335 0.0017586
2 182367790 rs12473700 0.96386
2 182367869 rs12465604 0.7974600000000001
2 182367960 rs6706626 0.68953
2 182368170 rs6749168 0.9683799999999999
2 182368211 rs6749184 0.96267
2 182368946 rs11689738 7.118899999999999e-28
2 182369036 rs980815 0.9117799999999999
2 182369176 rs1551033 2.5818e-28
2 182369298 rs114469453 1.7703e-19
2 182369466 rs115789279 0.42148
2 182369554 rs527799465 0.5887899999999999
2 182369668 rs6714695 0.9784299999999999
2 182369916 rs2198732 0.97805
2 182369945 rs2198731 0.97826
2 182370142 rs2198730 0.67185
2 182370174 rs2198729 0.9847299999999999
2 182370447 rs34454465 2.9477e-05
2 182370560 rs76785879 0.9458700000000001
2 182370730 rs114812388 0.70626
2 182370969 rs74563346 2.8434e-31
2 182371006 rs4667312 0.96545
2 182371139 rs182267028 0.089139
2 182371143 rs4667313 0.80211
2 182371146 rs4667314 0.78966
2 182371241 rs10803948 0.8045
2 182371317 rs10930970 0.80375
2 182371446 rs10803949 0.96488
2 182371502 rs537098868 0.18279
2 182371806 rs16867436 0.21431999999999998
2 182372059 rs80022028 1.2533999999999999e-28
2 182372151 rs1349197 1.817e-30
2 182372280 rs11675041 7.2242e-31
2 182372283 rs11686132 6.8103e-31
2 182372304 rs11686167 1.0142e-30
2 182372497 rs11675166 2.8254e-30
2 182372793 rs17304246 2.8736e-30
2 182373363 rs4368293 2.2555e-30
2 182373695 rs72900325 4.901299999999999e-40
2 182373788 rs72900326 5.3913e-40
2 182373981 rs13032116 2.3801e-30
2 182374042 rs12690516 0.018244
2 182374136 rs2198727 0.94111
2 182374179 rs2368211 0.9867799999999999
2 182374180 rs186670225 1.5977999999999998e-35
2 182374328 rs3816521 2.0855e-30
2 182374359 rs148757651 0.43721000000000004
2 182374522 rs143807085 0.37335999999999997
2 182374534 rs1143674 0.014086000000000001
2 182374553 rs2305584 6.531e-31
2 182374567 rs2305583 6.3619e-31
2 182374626 rs56332230 5.792000000000001e-20
2 182374644 rs55892152 5.2876999999999995e-05
2 182374660 rs2305582 6.1621e-42
2 182375204 rs1466110 0.6943
2 182375524 rs114119933 0.54013
2 182375795 rs17304344 9.074600000000001e-31
2 182375834 rs1037624 8.852600000000001e-31
2 182375911 rs10204136 1.1689e-30
2 182375961 rs10203974 1.1836e-30
2 182376058 rs1964511 9.1493e-31
2 182376063 rs1964512 7.772e-31
2 182376480 rs35322532 0.3933
2 182376546 rs1466109 0.95639
2 182376778 rs557204678 0.093481
2 182377022 rs6735332 0.7448199999999999
2 182377035 rs12478032 0.021491
2 182377411 rs4667315 0.88838
2 182377541 rs3770112 2.8681e-30
2 182377773 rs4667316 2.6147e-30
2 182377890 rs80258665 0.5443399999999999
2 182378638 rs1026401 0.6662600000000001
2 182378871 rs1026402 0.84165
2 182379014 rs77934218 2.413e-06
2 182379046 rs1026403 0.015392
2 182379191 rs1026404 0.88608
2 182379617 rs79638992 0.8825200000000001
2 182379723 rs12469449 1.0004e-31
2 182379920 rs1375492 0.8844700000000001
2 182380071 rs72900343 2.5845999999999995e-42
2 182380210 rs11886182 0.015529
2 182380211 rs12619341 2.5256e-42
2 182380551 rs559073152 0.28635
2 182380629 rs139790318 2.9241999999999998e-08
2 182380705 rs10490692 0.015409
2 182380983 rs75886055 0.42761000000000005
2 182381050 rs1375491 0.016364
2 182381171 rs115656441 0.72475
2 182381307 rs2887191 0.015388999999999998
2 182381378 rs4666786 0.8811899999999999
2 182381403 rs114729669 5.863499999999999e-10
2 182381549 rs1551031 0.014980000000000002
2 182381630 rs1551030 0.90494
2 182381760 rs781309598 0.15469000000000002
2 182381969 rs11891794 0.5552600000000001
2 182382131 rs11902464 0.90817
2 182382316 rs3770111 5.3784e-40
2 182382367 rs3770110 3.2315e-30
2 182383039 rs113996148 0.78375
2 182383416 rs150363748 0.29632
2 182383954 rs577778017 6.0705e-06
2 182384004 rs115899362 0.37314
2 182384228 rs148318704 0.43648000000000003
2 182384256 rs35944998 6.132000000000001e-18
2 182384292 rs58662009 1.9084e-40
2 182384307 rs72900352 0.035847000000000004
2 182384328 rs6714061 0.017518000000000002
2 182384546 rs114865073 0.68803
2 182384669 rs76460765 2.3984e-13
2 182384868 rs116673518 0.29836999999999997
2 182385130 rs138378199 0.46411
2 182385512 rs187379067 0.46411
2 182385589 rs62191450 9.1454e-36
2 182385643 rs16867437 2.3212e-40
2 182385659 rs62191451 2.1249e-30
2 182385915 rs62191452 9.565499999999999e-76
2 182385955 rs62191453 1.0055999999999999e-28
2 182385988 rs6721763 0.017185
2 182386261 rs75881420 0.6521600000000001
2 182386370 rs191782654 1.8369e-08
2 182386417 rs569136594 0.1792
2 182386749 rs56136548 1.3237999999999998e-28
2 182387133 rs7602504 0.019005
2 182388412 rs55671271 7.5539e-05
2 182388628 rs3770109 1.4884999999999996e-39
2 182389016 rs115146894 0.8574700000000001
2 182389303 rs2305581 7.4699e-40
2 182389513 rs114081976 0.83019
2 182389564 rs3770108 0.010597
2 182390127 rs767499 0.59969
2 182390455 rs767500 1.3552999999999998e-32
2 182390472 rs1375490 1.2910999999999998e-32
2 182390737 rs115826170 0.8687600000000001
2 182390903 rs114281105 0.33958
2 182390953 rs3770107 1.6859999999999997e-30
2 182391000 rs79092121 0.8698
2 182391110 rs80323765 0.3372
2 182391296 rs186669867 1.9738e-11
2 182391329 rs3770106 4.0208e-42
2 182391694 rs62191455 2.7253e-35
2 182391835 rs56402175 5.574100000000001e-35
2 182391863 rs149924862 0.44638
2 182391921 rs76764438 0.33921
2 182392038 rs55705823 4.3314e-06
2 182392143 rs56095368 4.8945e-32
2 182392246 rs116529662 0.449
2 182392490 rs75938032 0.57862
2 182393068 rs6757312 2.3917e-32
2 182393109 rs6728886 2.3621e-32
2 182393205 rs116361054 0.80423
2 182393759 rs3770105 2.2981999999999998e-32
2 182394039 rs150243069 2.0550999999999998e-11
2 182394145 rs3770104 6.1219e-32
2 182394219 rs114108021 0.7812899999999999
2 182394308 rs1143675 0.00023319999999999998
2 182394567 rs921257 7.902499999999999e-32
2 182394698 rs115788168 0.89564
2 182394954 rs6707704 0.010254000000000001
2 182395345 rs1143676 1.2346999999999998e-32
2 182395526 rs188356913 0.9180799999999999
2 182395572 rs115586265 0.82925
2 182395785 rs188012942 2.64e-14
2 182395798 rs191325371 0.001062
2 182395891 rs138553655 0.6741699999999999
2 182396032 rs6433921 1.2672000000000002e-32
2 182396054 rs6433922 8.344600000000001e-33
2 182396568 rs56005177 5.6823e-42
2 182396792 rs72883635 4.4000999999999997e-42
2 182396875 rs1839266 3.0632999999999997e-32
2 182396915 rs114942825 0.99876
2 182396974 rs6760007 0.092083
2 182397014 rs1839265 0.45438
2 182397401 rs2368212 6.4278e-32
2 182397722 rs187307357 0.9986200000000001
2 182397850 rs116034396 0.85544
2 182397942 rs6748657 0.0067639
2 182398160 rs79248375 0.84306
2 182398329 rs1449259 3.3347e-40
2 182398465 rs79136814 0.20432999999999998
2 182398473 rs4479393 4.4711e-42
2 182398693 rs78871629 0.0013332
2 182399097 rs7562325 0.050094
2 182399486 rs7601843 8.049300000000001e-41
2 182399638 rs2124443 0.5682699999999999
2 182399685 rs41265949 4.764e-29
2 182399762 rs16867438 6.582599999999999e-42
2 182399986 rs4666787 1.0609000000000001e-41
2 182400233 rs61731209 0.037572
2 182400905 rs1449258 0.6242
2 182401116 rs10490691 3.9169e-41
2 182401246 rs140533145 0.18928
2 182401566 rs2368214 0.6219399999999999
2 182401587 rs11553355 0.00048836
2 182401752 rs1047307 0.1283
2 182401867 rs16867441 0.68603
2 182401957 rs11553356 4.8818e-41
2 182401996 rs116322351 0.50284
2 182402031 rs1037623 0.66057
2 182402491 rs12614187 6.0618e-41
2 182402564 rs77496071 0.9329999999999999
2 182402616 rs148226735 1.3638999999999999e-08
2 182402635 rs72883650 0.004454
2 182402790 rs6747500 1.3299000000000001e-31
2 182402886 rs368851275 0.10097
2 182403264 rs114784987 0.41389
2 182403387 rs2290517 3.7814e-40
2 182403624 rs146031366 0.35575999999999997
2 182403834 rs146913105 1.9091e-05
2 182403851 rs10180793 0.80172
2 182403894 rs35955809 0.70296
2 182404139 rs17226490 0.0081125
2 182404250 rs16867442 4.1688e-41
2 182404275 rs72883653 6.8374e-41
2 182404373 rs72883655 6.876e-41
2 182404518 rs78178562 0.36339
2 182404684 rs78130246 0.6925899999999999
2 182404736 rs115711091 0.51064
2 182405062 rs6756022 7.445799999999999e-41
2 182405132 rs116381793 2.2665e-14
2 182405231 rs1449257 0.6646
2 182405387 rs74452792 7.553199999999999e-41
2 182405445 rs2887192 5.3928e-28
2 182405553 rs71427805 4.9707e-06
2 182405563 rs718449 1.6929e-41
2 182405581 rs1375489 0.6644399999999999
2 182405996 rs140680013 1.1275e-06
2 182406171 rs114603217 9.398899999999998e-19
2 182406198 rs62189983 1.0402999999999997e-31
2 182406500 rs114533950 0.0033656999999999997
2 182406694 rs16867443 7.028999999999998e-42
2 182406704 rs56073441 1.1710999999999998e-41
2 182407063 rs75216942 0.35453
2 182407175 rs557552880 0.00014795
2 182407197 rs146242471 0.35307
2 182407311 rs11675121 4.6848e-34
2 182407830 rs16867444 6.9072e-47
2 182407959 rs116446546 9.975299999999999e-05
2 182408122 rs17226637 3.2401999999999997e-34
2 182408157 rs144105955 0.35268
2 182408184 rs12999635 3.5038e-05
2 182408233 rs16867445 1.6684999999999998e-47
2 182408461 rs148696314 0.8262
2 182408498 rs114852717 2.1521999999999998e-30
2 182408584 rs115892105 0.34806
2 182408964 rs115132926 4.4693999999999995e-07
2 182409370 rs75425590 0.54809
2 182409548 rs79592949 0.90225
2 182409659 rs576142350 0.019734
2 182410349 rs58018201 1.5615e-46
2 182411446 rs13034078 0.007181
2 182411709 rs115613255 7.9176e-48
2 182411743 rs115571116 6.4524e-47
2 182412516 rs140237265 0.6905399999999999
2 182412710 rs56263562 8.5937e-48
2 182412968 rs57268345 4.3941e-33
2 182412994 rs56104379 4.7324e-47
2 182413238 rs72883670 4.734799999999999e-47
2 182413259 rs12997453 0.039324
2 182413602 rs13003064 0.040637
2 182413669 rs76427948 0.30178
2 182413736 rs55741565 8.9116e-48
2 182413738 rs565007226 0.18597
2 182414358 rs12623687 3.0204e-47
2 182414522 rs12623737 3.2068999999999997e-47
2 182414705 rs569778019 0.010092
2 182414724 rs138635729 0.27438
2 182414941 rs538604337 0.11313
2 182415098 rs971741 3.4914000000000003e-47
2 182415191 rs56081507 1.1437e-47
2 182415393 rs538096039 0.6666300000000001
2 182415404 rs569878177 0.47513
2 182415752 rs72883678 4.7141e-47
2 182415795 rs189404747 0.21151999999999999
2 182416173 rs11890431 0.031693
2 182416232 rs140849112 0.26238
2 182416371 rs1597305 0.90884
2 182416382 rs72883681 1.2542999999999998e-47
2 182416827 rs79837654 3.4168e-05
2 182416968 rs2368215 1.9701e-27
2 182417098 rs139409166 0.26211
2 182417191 rs188903114 0.12867
2 182417454 rs6726444 0.27458
2 182417678 rs1449256 7.7213e-30
2 182417843 rs180746119 3.1618e-05
2 182418130 rs10930971 0.091033
2 182418293 rs10514624 0.099726
2 182418663 rs113999045 0.21691999999999997
2 182419149 rs11680383 1.4782999999999998e-35
2 182419484 rs191997806 0.21875999999999998
2 182419485 rs182619417 0.214
2 182419719 rs6737659 1.7900999999999998e-27
2 182419722 rs538742416 0.76793
2 182419821 rs60465993 2.3404e-27
2 182419986 rs10490689 8.601999999999999e-28
2 182420074 rs186642346 0.07367
2 182420087 rs141259450 1.8945e-15
2 182420887 rs10754994 1.0013999999999999e-35
2 182421545 rs143815786 0.54385
2 182422034 rs559363620 0.00011378
2 182422160 rs4666788 1.0031e-25
2 182422431 rs115294673 0.33786
2 182422458 rs10490688 1.7049e-27
2 182422641 rs16867446 1.6688999999999998e-47
2 182422924 rs763860 1.0680000000000002e-28
2 182423144 rs35219762 5.561900000000001e-06
2 182423284 rs189638090 0.0083961
2 182423344 rs121909398 0.00099306
2 182423545 rs114440118 9.3825e-06
2 182423625 rs78227655 0.0066698999999999994
2 182424295 rs57481980 3.6976e-28
2 182424463 rs17226931 4.0353e-28
2 182424560 rs77898729 0.7328600000000001
2 182424623 rs17305590 4.3959e-28
2 182424718 rs12693280 2.7160999999999996e-32
2 182424778 rs17227031 4.3244e-28
2 182424847 rs56838071 3.0639999999999996e-28
2 182424855 rs72883695 3.1366000000000003e-46
2 182424895 rs57206369 2.8772e-28
2 182425041 rs78799131 0.9936
2 182425330 rs34743120 5.827799999999999e-09
2 182425547 rs16867447 1.5467999999999998e-47
