CHR BP SNP P
5 131337252 rs140122128 0.029015
5 131337646 rs139485304 0.58273
5 131337680 rs112570557 0.89494
5 131339089 rs644713 0.075026
5 131339411 rs185343070 0.33989
5 131339510 rs59896398 0.77715
5 131339846 rs422090 2.3899e-11
5 131340032 rs10074490 5.8008e-16
5 131340136 rs370835232 0.95739
5 131340231 rs449915 2.1498000000000002e-11
5 131340672 rs192040902 0.6656
5 131340702 rs429918 3.1846999999999995e-05
5 131340716 rs568456635 0.69926
5 131340778 rs189064223 0.68958
5 131340934 rs183853651 0.81182
5 131341100 rs142889133 0.7882100000000001
5 131341377 rs247006 2.2237e-11
5 131341541 rs7714191 8.241699999999999e-16
5 131341778 rs184318469 0.7951
5 131342098 rs247005 2.2881999999999997e-11
5 131342165 rs148574580 0.023446
5 131342241 rs62384110 0.18189
5 131343017 rs10040809 1.2298e-15
5 131343075 rs536498382 0.81598
5 131344007 rs11739123 0.72769
5 131344062 rs145627762 0.81401
5 131344358 rs247004 0.07637100000000001
5 131344392 rs247003 2.0102e-11
5 131344895 rs58943850 0.71941
5 131345232 rs247002 2.5004999999999995e-11
5 131345678 rs60539994 0.71658
5 131345930 rs141524975 0.78775
5 131346040 rs77123034 0.13576
5 131346291 rs150871226 0.80284
5 131346461 rs247001 4.7279e-08
5 131346473 rs188634648 0.6625300000000001
5 131346500 rs192385382 0.024375
5 131346573 rs73265967 0.7689600000000001
5 131346641 rs247000 5.8722e-11
5 131346681 rs116682101 0.1526
5 131347073 rs76936241 0.0034281999999999997
5 131347520 rs4705908 2.5093000000000004e-15
5 131347853 rs139502999 0.66171
5 131348171 rs246999 0.075304
5 131348878 rs246998 0.058062
5 131349787 rs562961804 0.12566
5 131350435 rs79277592 0.70258
5 131350894 rs139304528 0.75269
5 131350903 rs555662 0.076999
5 131351155 rs186451673 0.2467
5 131351639 rs188612894 0.5908100000000001
5 131351767 rs144494682 0.036954
5 131352566 rs146518817 0.32881
5 131352803 rs73265974 0.052216
5 131353059 rs3914026 6.550399999999999e-09
5 131353285 rs3914025 6.3293e-09
5 131353546 rs4705909 6.453899999999999e-09
5 131354094 rs6596048 6.9494e-09
5 131354173 rs6596049 6.7123e-09
5 131354359 rs6596050 6.9523000000000005e-09
5 131354674 rs6877405 6.3039e-09
5 131354952 rs3916444 0.040491
5 131355945 rs148206379 0.050251
5 131356209 rs3914024 8.2493e-09
5 131356335 rs60310594 0.082206
5 131356396 rs59462189 0.08164500000000001
5 131356439 rs4705910 7.473e-09
5 131356787 rs762993066 0.94431
5 131357195 rs4705911 7.6783e-09
5 131357354 rs4705912 7.9044e-09
5 131357366 rs4705913 9.0819e-09
5 131357411 rs17132318 0.063544
5 131357617 rs3914023 7.692e-09
5 131357758 rs3914022 9.658899999999999e-09
5 131357797 rs3914021 8.1858e-09
5 131358999 rs3846726 6.987800000000001e-09
5 131359614 rs247011 0.00039255
5 131359678 rs3846727 9.2313e-09
5 131360014 rs60545874 0.023673
5 131360347 rs7720910 0.042456
5 131360888 rs180885514 0.8487899999999999
5 131360920 rs138305443 0.63789
5 131361020 rs73265991 0.043457
5 131361490 rs72803178 0.86398
5 131361676 rs190659161 0.33027
5 131361778 rs17674015 3.9542e-14
5 131361916 rs10463889 7.209100000000001e-09
5 131362004 rs76178739 0.48362
5 131362016 rs7731191 8.6326e-09
5 131362102 rs79574535 0.73187
5 131362674 rs150800055 0.12195999999999999
5 131362683 rs184325683 0.28329
5 131362718 rs77831948 0.7308
5 131362852 rs181724829 0.33214
5 131363454 rs7736800 6.319899999999999e-09
5 131363937 rs6596051 5.8514e-09
5 131363979 rs17132324 0.046598
5 131364014 rs3763116 7.4228000000000005e-09
5 131364181 rs3763115 5.8611999999999996e-09
5 131364333 rs3763114 7.1167000000000005e-09
5 131364510 rs4705841 6.3308e-09
5 131364521 rs4705842 5.812e-09
5 131364736 rs4705843 6.8494e-09
5 131365784 rs4705844 6.2292999999999996e-09
5 131365837 rs140794461 0.9590700000000001
5 131365873 rs4705845 7.1834e-09
5 131365979 rs4705914 6.1763999999999995e-09
5 131365991 rs111521673 0.5305
5 131366320 rs77344392 0.074027
5 131367476 rs144578700 0.049145
5 131367610 rs12656759 5.8763e-09
5 131368031 rs542319552 0.23981
5 131368038 rs139945681 0.082583
5 131368787 rs149184988 0.0805
5 131368924 rs372858035 0.8367100000000001
5 131368997 rs190344893 0.18189
5 131369079 rs3916443 3.8466e-14
5 131369168 rs3916442 6.7937999999999994e-09
5 131369241 rs3916441 6.8489e-09
5 131369292 rs146876444 0.11598
5 131369451 rs6861700 5.965600000000001e-09
5 131370110 rs7707760 0.14706
5 131370712 rs10074987 5.867e-09
5 131370827 rs6868554 5.5958e-09
5 131371336 rs149507626 0.80852
5 131371688 rs544645916 0.24215
5 131371961 rs78316695 0.12169
5 131371999 rs1858074 1.7421e-11
5 131372267 rs10063827 5.4904e-09
5 131372285 rs68167176 0.046231
5 131373196 rs6884088 5.3976000000000005e-09
5 131373340 rs6596052 6.6015000000000004e-09
5 131373880 rs114411773 0.27405999999999997
5 131373932 rs62384112 0.46663000000000004
5 131374115 rs188144186 0.75389
5 131374258 rs115762767 0.040398
5 131375052 rs560474186 0.21877
5 131376205 rs762677539 0.018609999999999998
5 131376676 rs11242101 5.6968e-09
5 131376765 rs148818176 0.14929
5 131376857 rs11242102 5.2042e-09
5 131377097 rs7716756 5.2062e-09
5 131377158 rs150946741 0.045411
5 131377599 rs145918420 0.053471000000000005
5 131377673 rs28825117 6.372800000000001e-09
5 131377710 rs78459214 0.40961000000000003
5 131377740 rs138944680 0.057928
5 131377826 rs34965594 3.9413e-09
5 131378131 rs13172634 6.445e-09
5 131378381 rs7722532 6.789800000000001e-09
5 131378424 rs749354409 0.68957
5 131379046 rs114012815 0.64089
5 131379213 rs148731896 0.045249
5 131379249 rs34109642 7.359799999999999e-09
5 131379656 rs7728344 5.3195e-09
5 131379820 rs73267997 0.24784
5 131379967 rs142170845 0.045009
5 131380053 rs146352691 0.27282
5 131380658 rs11739935 1.5850999999999998e-11
5 131381006 rs375242133 0.8417899999999999
5 131381325 rs246754 2.4752e-05
5 131381335 rs12187082 0.40526999999999996
5 131381587 rs165992 2.5317e-05
5 131382304 rs75619065 0.079332
5 131383459 rs246918 0.00012813
5 131383614 rs112495861 0.07818
5 131383665 rs375591470 0.8417899999999999
5 131383667 rs152126 9.067700000000001e-05
5 131383778 rs152127 2.5496999999999997e-05
5 131383983 rs7716474 4.4112e-14
5 131385696 rs3864276 0.06980800000000001
5 131386142 rs2662406 2.4243e-05
5 131386278 rs246755 2.7708000000000003e-05
5 131386359 rs246756 2.4869000000000002e-05
5 131386721 rs246921 2.5600999999999998e-05
5 131387195 rs77173990 0.6338699999999999
5 131387320 rs2662405 2.3978000000000003e-05
5 131387526 rs576821676 0.42273
5 131387553 rs246751 2.8482e-05
5 131387904 rs184575995 0.042595
5 131388028 rs173501 2.425e-05
5 131388213 rs80228232 0.16382
5 131388219 rs246752 2.734e-05
5 131388253 rs115322256 0.61631
5 131388344 rs371516671 0.17797000000000002
5 131388490 rs72803189 0.7207600000000001
5 131389150 rs191731802 0.43851
5 131389303 rs538192653 0.9405399999999999
5 131389449 rs31399 2.6871e-05
5 131389507 rs31400 2.7731999999999998e-05
5 131389873 rs778982497 0.68077
5 131390381 rs31401 3.1349e-05
5 131390614 rs5029422 1.3014000000000001e-11
5 131390980 rs114253802 0.58013
5 131391390 rs17165633 0.019322
5 131391458 rs4705915 4.0594999999999996e-14
5 131391473 rs3091334 0.81521
5 131391516 rs149758124 0.84547
5 131391598 rs3091335 0.79705
5 131391749 rs3091336 0.71602
5 131391875 rs752812888 0.66566
5 131391891 rs758617598 0.66281
5 131391937 rs141315151 0.11746
5 131392480 rs587759 0.037814999999999994
5 131393233 rs150906662 0.048519
5 131393801 rs60558233 0.093181
5 131393976 rs247217 1.8664e-05
5 131394152 rs147343843 0.03809
5 131394374 rs764199239 0.65758
5 131394451 rs660597 0.6803100000000001
5 131394455 rs76167168 0.22116
5 131394738 rs2073506 0.056522
5 131395115 rs181781 0.018733
5 131395291 rs139439909 0.87139
5 131395707 rs2069783 0.078168
5 131395791 rs2069784 0.98541
5 131396076 rs530884640 0.72339
5 131396137 rs31479 0.11510999999999999
5 131396332 rs31480 0.00015142
5 131396343 rs2069785 0.9971200000000001
5 131396478 rs40401 0.00013866
5 131396589 rs201824812 0.30928
5 131396676 rs35482671 0.12472000000000001
5 131397202 rs31481 0.047823000000000004
5 131397345 rs755343532 0.67925
5 131397892 rs2069790 0.042532
5 131398137 rs2069791 0.5163399999999999
5 131398594 rs55633940 0.044108
5 131399043 rs566544560 0.23975
5 131399211 rs2069795 0.033710000000000004
5 131399268 rs191157326 0.9137700000000001
5 131399381 rs2069799 0.034061
5 131399480 rs2069800 0.033973
5 131400113 rs534153613 0.30935999999999997
5 131400343 rs2069802 0.035272000000000005
5 131400433 rs2069803 6.694e-16
5 131401334 rs246844 0.039727
5 131401439 rs146915730 0.031174
5 131401503 rs246843 0.10657
5 131401769 rs148189377 0.77433
5 131401798 rs115199501 0.76807
5 131401801 rs246842 0.053922000000000005
5 131401845 rs10900804 1.1081e-15
5 131402015 rs11575022 0.9534
5 131402186 rs246841 0.015278
5 131402450 rs168681 3.5680000000000005e-10
5 131402638 rs115982845 0.77384
5 131402738 rs3091338 1.7465e-15
5 131403051 rs144698583 0.099312
5 131403595 rs115760704 0.99785
5 131403809 rs78482632 0.26907
5 131403818 rs56832287 0.29366
5 131403898 rs71592001 0.050023000000000005
5 131404093 rs11242103 1.3129e-12
5 131404156 rs112006668 0.82355
5 131404446 rs31473 7.766e-05
5 131404799 rs139275614 0.6913199999999999
5 131405027 rs31474 7.4928e-05
5 131405789 rs576017488 0.22859000000000002
5 131405931 rs145208789 0.9912
5 131406433 rs721121 1.0583e-15
5 131406447 rs115949786 0.75352
5 131407044 rs25879 0.00010916
5 131407139 rs27348 0.00010475
5 131407331 rs184333319 0.15415
5 131407493 rs4705916 1.6054000000000002e-15
5 131407601 rs2069614 2.1795999999999998e-15
5 131407674 rs2069635 0.8619100000000001
5 131407868 rs115193992 0.95519
5 131408049 rs147236536 0.94101
5 131408077 rs2069616 2.3269e-15
5 131408557 rs150022884 0.049083
5 131408608 rs2069620 0.72685
5 131408806 rs115461391 0.91784
5 131408842 rs1469149 6.1002e-12
5 131409582 rs2069621 0.24420999999999998
5 131410481 rs2069638 0.80482
5 131410779 rs2069626 0.37701
5 131410879 rs743564 1.7209e-12
5 131411101 rs2069639 0.012443000000000001
5 131411138 rs25881 0.010877
5 131411273 rs2069629 0.31296
5 131411460 rs25882 0.29488000000000003
5 131411932 rs25883 0.26153000000000004
5 131411963 rs547052960 0.9366
5 131412192 rs2069631 0.96175
5 131412238 rs25884 0.26796
5 131412276 rs113268610 0.32902
5 131412573 rs146145176 0.0012196
5 131413122 rs752507526 0.095863
5 131413145 rs76971763 0.91032
5 131413255 rs27438 0.26029
5 131413284 rs148525977 0.028306
5 131413300 rs2069632 0.92722
5 131413721 rs74698078 0.23471999999999998
5 131413722 rs27349 0.011315
5 131414043 rs116780840 0.19246
5 131414105 rs72805007 0.13909000000000002
5 131414580 rs80200902 0.9141100000000001
5 131414650 rs28551583 0.0028607
5 131415066 rs25886 0.00016285
5 131415364 rs115708959 0.97695
5 131415372 rs27748 0.012482
5 131415436 rs3852206 2.0161e-12
5 131416061 rs25887 4.1268999999999997e-07
5 131416446 rs25888 0.9348200000000001
5 131417219 rs138985940 0.47207
5 131417542 rs6875995 0.054027
5 131417962 rs27678 7.0173e-10
5 131418299 rs77750858 0.0052253
5 131418334 rs375590621 0.88156
5 131418564 rs75918729 0.89528
5 131418948 rs7721882 9.4614e-16
5 131419112 rs79515199 0.9964700000000001
5 131419341 rs76805100 0.9239799999999999
5 131419519 rs76355226 0.54409
5 131419971 rs116350703 0.73721
5 131420015 rs6892247 0.12897
5 131420073 rs183436346 0.551
5 131420074 rs114006105 0.8817299999999999
5 131420249 rs3864277 8.7062e-16
5 131420514 rs31475 6.785e-10
5 131420577 rs73270064 0.45898999999999995
5 131421190 rs6898270 5.6574e-16
5 131421516 rs193002716 0.37108
5 131421676 rs188291386 0.13066
5 131421694 rs31476 3.7978000000000003e-07
5 131421925 rs73270070 0.2927
5 131422136 rs39898 3.6371e-07
5 131422369 rs116076771 0.52336
5 131422512 rs31477 0.00013853
5 131422520 rs113431473 0.48545
5 131422833 rs115746091 0.0017742
5 131422862 rs113104412 0.42386999999999997
5 131422864 rs149968378 0.60815
5 131423101 rs114425552 0.92843
5 131423248 rs73270081 0.42401000000000005
5 131423475 rs31478 2.6742e-07
5 131423498 rs25889 3.2579e-10
5 131423966 rs31427 6.917100000000001e-10
5 131426023 rs114364311 0.5798
5 131426279 rs31428 0.0012542999999999999
5 131426418 rs113812669 0.66059
5 131426690 rs73270086 0.34974
5 131426802 rs572349799 0.17124
5 131427161 rs152125 2.6662e-07
5 131427514 rs76786574 0.9423600000000001
5 131427763 rs114944925 0.63837
5 131427800 rs116627075 0.8146800000000001
5 131427870 rs73251906 0.42005
5 131428547 rs72789387 0.15586
5 131428812 rs370219044 0.8807799999999999
5 131428833 rs73251909 0.29724
5 131428947 rs114587856 0.64523
5 131429032 rs115358989 0.2703
5 131429182 rs31482 6.3095e-10
5 131429691 rs182653354 0.39408000000000004
5 131430118 rs657075 0.023309
5 131430328 rs116719727 0.93514
5 131430337 rs60240305 0.79928
5 131430636 rs28457 0.009862899999999999
5 131430859 rs73251914 0.086969
5 131430965 rs6880592 0.060659000000000005
5 131431032 rs116558338 0.8945200000000001
5 131431174 rs530620801 0.72839
5 131431475 rs56297135 0.90381
5 131431572 rs76851965 0.046665
5 131431746 rs3900685 0.33184
5 131431988 rs571483766 0.16083
5 131432571 rs80228488 0.072882
5 131432689 rs27879 3.6153999999999997e-10
5 131432714 rs77346632 0.065776
5 131433221 rs114721989 0.61178
5 131433682 rs76502983 0.08853
5 131435105 rs111348146 0.21334
5 131435138 rs72789391 0.60037
5 131435662 rs114974970 0.91904
5 131435818 rs530114983 0.7845300000000001
5 131436051 rs73251925 0.42172
5 131436217 rs3846728 7.7757e-15
5 131436364 rs10065631 0.0020502
5 131436485 rs74821882 0.37542
5 131436486 rs10065787 5.0072e-15
5 131436573 rs115303954 0.14082
5 131436590 rs557360553 0.13433
5 131436718 rs7723516 0.25939
5 131436838 rs31467 6.709899999999998e-07
5 131436896 rs39897 7.846e-07
5 131436917 rs147893144 0.70006
5 131436961 rs27437 5.5316e-16
5 131437071 rs111371769 0.69934
5 131437264 rs72789393 0.32063
5 131437271 rs75213343 0.62365
5 131437532 rs154735 8.886799999999999e-05
5 131437551 rs115779683 0.069949
5 131437562 rs25890 4.4527e-06
5 131437646 rs546625528 0.44974
5 131438255 rs17165664 0.92191
5 131438369 rs116559993 0.6098100000000001
5 131438810 rs152198 0.0013040999999999999
5 131439161 rs45511 0.001279
5 131439336 rs45512 0.0010787000000000001
5 131439665 rs112229257 0.30098
5 131439670 rs17165670 0.94471
5 131440310 rs78383718 0.9416399999999999
5 131440620 rs45236 0.0013185
5 131440818 rs113764846 0.71283
5 131441072 rs147726858 0.9230799999999999
5 131441100 rs41320246 0.95896
5 131441135 rs72789394 0.19946
5 131441364 rs43175 0.016805
5 131441500 rs149432 0.0012408
5 131442066 rs528316903 0.1769
5 131442305 rs247317 0.0017444000000000003
5 131443063 rs546371006 0.64247
5 131444585 rs181792948 0.70526
5 131445411 rs148266065 0.64356
5 131445417 rs7704965 0.020694999999999998
5 131445522 rs247007 0.4159
5 131445660 rs154724 0.0014058
5 131445800 rs73251948 0.019707
5 131446205 rs115511252 0.64669
5 131446329 rs569968105 0.76782
5 131446837 rs154725 0.76782
5 131447104 rs247008 1.0421e-06
5 131447289 rs13184209 0.075159
5 131447648 rs154726 0.00019795
5 131448006 rs114601699 0.64195
5 131448014 rs116518715 0.46308
5 131448214 rs145354576 0.31227
5 131448677 rs247009 6.5468e-05
5 131448757 rs154727 0.00018706
5 131448851 rs150132064 0.9612700000000001
5 131448981 rs112158392 0.73998
5 131449029 rs154728 0.00017434
5 131449049 rs154729 0.0018436
5 131449279 rs138338607 0.87215
5 131449379 rs181524080 0.72523
5 131449951 rs640300 0.0042335
5 131450063 rs633150 0.00019271
5 131450542 rs392149 0.0019114999999999998
5 131451633 rs411219 0.00020769
5 131451868 rs146140868 0.035436
5 131452423 rs368443 0.00018766
5 131452501 rs182497249 0.7396199999999999
5 131452939 rs111945135 0.7396199999999999
5 131453165 rs185916310 0.73625
5 131453413 rs151208827 0.39079
5 131453539 rs115664600 0.63436
5 131454293 rs541528526 0.2962
5 131454884 rs142349528 0.33108000000000004
5 131454913 rs114350321 0.33108000000000004
5 131455151 rs188467757 0.8014100000000001
5 131455358 rs114909730 0.64323
5 131455639 rs114090655 0.629
5 131455742 rs115480565 0.69728
5 131455813 rs557726581 0.68553
5 131456434 rs138420969 0.06865299999999999
5 131456637 rs113174408 0.15752
5 131456973 rs185414866 0.89799
5 131457028 rs247294 0.00038064
5 131457162 rs247293 0.0027458
5 131457797 rs555817 0.0024143
5 131458274 rs530220 0.00035058
5 131458298 rs112947951 0.9539
5 131458866 rs652189 0.00021021
5 131459348 rs185049 0.0016609
5 131459372 rs247298 0.00024099
5 131459489 rs116438274 0.60897
5 131459601 rs112292867 0.94535
5 131459927 rs111645432 0.71038
5 131459972 rs246836 0.018078999999999998
5 131460209 rs139592280 0.64278
5 131460328 rs114008585 0.60122
5 131460597 rs113654199 0.0016187
5 131460977 rs115706440 0.018849
5 131461341 rs152197 0.0017712
5 131461414 rs246838 0.00021031
5 131461847 rs11744991 0.56684
5 131461896 rs247286 0.0030886
5 131462836 rs11749300 5.0054e-15
5 131463377 rs183095487 0.66598
5 131463475 rs147359318 0.97291
5 131464001 rs192207411 0.79962
5 131464043 rs114489757 0.064073
5 131464133 rs246839 1.2064999999999999e-07
5 131464524 rs246840 0.00038191
5 131464931 rs114794636 0.62503
5 131465178 rs115596163 0.61433
5 131465477 rs114979425 0.38965
5 131465688 rs247285 0.0016571
5 131465717 rs549616539 0.29821
5 131466086 rs192348529 0.27121
5 131466461 rs115979101 0.61215
5 131466628 rs191868533 0.39708000000000004
5 131466629 rs3843503 1.3545e-15
5 131466731 rs2405266 0.20213
5 131466738 rs113849202 0.99739
5 131466837 rs115050171 0.60102
5 131466887 rs184468356 0.59959
5 131467100 rs247284 0.018246000000000002
5 131467218 rs247283 0.032795
5 131467525 rs247282 0.018241999999999998
5 131467751 rs188467560 0.8194799999999999
5 131468069 rs61527852 0.20920999999999998
5 131468470 rs111674867 0.9985
5 131468507 rs154730 0.0015527999999999998
5 131469004 rs247276 0.0027954
5 131469657 rs75010719 0.9862200000000001
5 131469802 rs154731 0.0030551
5 131470505 rs76921084 0.9906
5 131471536 rs116397850 0.62239
5 131471576 rs139318646 0.8562
5 131471860 rs73257828 0.21548
5 131471874 rs154732 0.0016157
5 131472181 rs191734232 0.62256
5 131472249 rs246832 0.017784
5 131472317 rs115763169 0.063717
5 131472366 rs154733 0.0015629
5 131472386 rs152194 0.018205000000000002
5 131472553 rs154734 0.0017879
5 131472682 rs77880618 0.06766699999999999
5 131472695 rs10039915 0.0013425999999999998
5 131473041 rs370880613 0.61255
5 131473069 rs246833 1.0350999999999999e-07
5 131473171 rs10050362 0.21336
5 131473218 rs166010 1.1225e-07
5 131473402 rs192463562 0.60726
5 131473650 rs156056 0.0024509
5 131473985 rs115304450 0.7443
5 131474025 rs246835 0.018791
5 131474170 rs13358835 0.20551
5 131475039 rs10073300 0.20976999999999998
5 131475157 rs112892193 0.91007
5 131475210 rs150482456 0.6913100000000001
5 131475374 rs555269398 0.22113000000000002
5 131475730 rs148813300 0.98667
5 131476165 rs113445420 0.99841
5 131478034 rs156057 0.0020339000000000004
5 131478494 rs111728205 0.42256000000000005
5 131478896 rs156058 3.2516999999999994e-07
5 131478916 rs78229271 0.50443
5 131479631 rs156059 0.0023433000000000004
5 131479704 rs115250668 0.62384
5 131479871 rs146418677 0.30008
5 131480029 rs114170609 0.60758
5 131480110 rs140936128 0.72287
5 131480138 rs144661930 0.5456300000000001
5 131480368 rs114722790 0.62392
5 131480581 rs112633549 0.9820700000000001
5 131480931 rs247292 0.0017602
5 131481912 rs546379069 0.89031
5 131482099 rs269899 0.00036157
5 131482244 rs269900 0.0015119999999999999
5 131482343 rs180980872 0.4004
5 131482696 rs73257850 0.018531
5 131483050 rs147473091 0.38865
5 131483394 rs17165708 0.9535799999999999
5 131485104 rs41374148 0.90902
5 131485262 rs116281768 0.6248100000000001
5 131485383 rs715285 3.0256e-15
5 131485506 rs141249 0.0021833
5 131485986 rs72789397 0.00011285
5 131486379 rs147489271 0.09715700000000001
5 131486499 rs79155232 0.033144
5 131486805 rs75995840 0.073245
5 131486895 rs156038 0.0017517
5 131487255 rs184024568 0.62173
5 131487410 rs139880448 0.68367
5 131487938 rs186892586 0.045819
5 131488038 rs146379635 0.69509
5 131488288 rs564574913 0.8253799999999999
5 131488386 rs139822670 0.7842
5 131488495 rs143126626 0.018254
5 131488596 rs146660385 0.44437
5 131488863 rs156040 0.0023166999999999997
5 131489009 rs536029549 0.028673
5 131489337 rs186492172 0.6936899999999999
5 131490049 rs112346392 0.0014386
5 131490113 rs112794357 0.0017024999999999998
5 131490193 rs141562015 0.7037899999999999
5 131490353 rs114611334 0.60902
5 131490361 rs115912886 0.60902
5 131490567 rs138133255 0.97735
5 131490568 rs149601575 0.28183
5 131490934 rs142111739 0.6086600000000001
5 131491404 rs139776871 0.68523
5 131491547 rs144482744 0.88061
5 131491606 rs59394250 0.018668999999999998
5 131491681 rs247311 1.343e-05
5 131491850 rs156043 0.0017349
5 131491904 rs113957814 0.018546
5 131491971 rs149907124 0.6966100000000001
5 131491998 rs112122260 0.6701600000000001
5 131492074 rs112849379 0.9969899999999999
5 131492270 rs147009674 0.81498
5 131492275 rs113746287 0.6602899999999999
5 131492527 rs156044 0.0014311
5 131492562 rs184634040 0.64855
5 131492599 rs189393128 0.74258
5 131492612 rs115182020 0.049721
5 131492616 rs156045 0.0014191
5 131492723 rs156046 0.0014158
5 131492778 rs113177333 0.0033071
5 131492788 rs181117009 0.62121
5 131493375 rs75624804 0.21344000000000002
5 131493664 rs114489012 0.066975
5 131493812 rs113538675 0.69407
5 131493853 rs112675513 0.9573799999999999
5 131493995 rs186002454 0.62642
5 131494168 rs111341826 0.76727
5 131494694 rs559276837 0.70418
5 131494695 rs528045386 0.70418
5 131495295 rs542827967 0.7215199999999999
5 131496191 rs530550274 0.70473
5 131496375 rs147237535 3.6647e-15
5 131496499 rs551683956 0.94515
5 131498561 rs116768034 0.62649
5 131498612 rs73259816 0.017929
5 131499198 rs372442939 0.6591
5 131499654 rs72789399 0.19238
5 131499849 rs6872588 0.018183
5 131500023 rs115511657 0.6318600000000001
5 131500177 rs156055 0.0061241
5 131500476 rs142774494 0.9924200000000001
5 131500700 rs804437 0.0018055999999999997
5 131501030 rs75750433 0.77253
5 131501104 rs765769990 0.6469600000000001
5 131501134 rs473753 0.0023399000000000002
5 131501849 rs75594363 0.9662799999999999
5 131501905 rs301834 0.0031882
5 131502503 rs159905 0.0022693
5 131503142 rs61566312 0.022403
5 131503669 rs140468766 0.67677
5 131503783 rs57724795 0.41234
5 131503827 rs114632536 0.88592
5 131503920 rs75855184 0.073154
5 131504249 rs144298167 0.5471
5 131504747 rs191924156 0.55606
5 131505826 rs188821132 0.33714
5 131506001 rs114242382 0.58243
5 131506013 rs114824546 0.5622699999999999
5 131507072 rs246353 0.0030019
5 131507197 rs2405269 0.94604
5 131507461 rs115674725 0.58124
5 131507830 rs116780220 0.58182
5 131508017 rs35696821 1.5365e-15
5 131508364 rs13162424 0.010620000000000001
5 131508560 rs246352 8.657299999999999e-08
5 131509150 rs145836120 0.023658000000000002
5 131509169 rs181944058 0.51127
5 131509271 rs246351 0.0031358000000000002
5 131509379 rs148971047 0.051440999999999994
5 131509515 rs35766438 0.10475999999999999
5 131509769 rs112947019 0.78071
5 131509920 rs146937838 0.94606
5 131510502 rs141703128 0.39646
5 131510642 rs73259833 0.018885
5 131511075 rs149290293 0.58362
5 131511141 rs2550973 0.00157
5 131511197 rs575117353 0.55514
5 131512218 rs146277616 0.56118
5 131512277 rs193685 0.0018975
5 131512376 rs76030872 0.019355
5 131513042 rs146076068 0.076664
5 131513270 rs73259835 0.018622
5 131513608 rs142356699 0.59714
5 131513712 rs156035 0.00058159
5 131514201 rs115010722 0.2446
5 131514453 rs145588316 0.97744
5 131514593 rs147564405 0.64289
5 131514850 rs6887944 0.08956
5 131515151 rs56274618 0.40128
5 131515160 rs111451768 0.55592
5 131515212 rs112229572 0.54545
5 131515288 rs57804924 0.019006
5 131515406 rs76738158 0.65665
5 131515413 rs101194 0.0040611
5 131515558 rs60685514 0.14972
5 131515620 rs2405270 0.20863
5 131515664 rs754129 0.9865700000000001
5 131515728 rs754128 4.1523e-08
5 131515730 rs754127 0.0046565
5 131516324 rs116332999 0.17373
5 131516531 rs10478998 1.5956e-15
5 131517136 rs79464175 0.96872
5 131517355 rs152057 0.0016154
5 131517482 rs152056 0.0037193000000000005
5 131517536 rs145443781 0.49838999999999994
5 131517793 rs111718226 0.49828
5 131518115 rs73259847 0.021909
5 131518267 rs113274459 0.5194300000000001
5 131518339 rs17165720 0.021965000000000002
5 131518769 rs113584135 0.84229
5 131518843 rs152055 0.0022608
5 131519269 rs144909367 0.59275
5 131519302 rs181058681 0.20519
5 131519389 rs114729106 0.58217
5 131519540 rs152054 0.0024552
5 131519723 rs73259854 0.021605000000000003
5 131519883 rs114112721 0.6504800000000001
5 131519932 rs78282295 0.02154
5 131520216 rs76569953 0.9867600000000001
5 131520592 rs747029257 0.63052
5 131520890 rs115319545 0.58777
5 131520922 rs17165721 0.020086
5 131521295 rs6896703 1.2458e-15
5 131521950 rs73259858 0.021386000000000002
5 131521980 rs78836211 0.82055
5 131522628 rs114603751 0.61158
5 131523012 rs156036 0.00038723
5 131523035 rs78686200 0.024206000000000002
5 131523197 rs113982329 0.56258
5 131523856 rs182691640 0.45125
5 131524299 rs10076758 1.4337e-15
5 131524493 rs115528692 0.58807
5 131524545 rs79831582 0.31124
5 131525003 rs148912950 0.9120799999999999
5 131525261 rs75580629 0.6924
5 131525738 rs116334296 0.6037100000000001
5 131525881 rs1983246 0.0020765000000000002
5 131525883 rs2667737 0.0020525
5 131526071 rs113676734 0.77204
5 131526101 rs147276504 0.7720100000000001
5 131526190 rs156031 2.5139e-05
5 131526736 rs152053 0.0030480999999999998
5 131526862 rs139354462 0.7973
5 131527321 rs156033 0.0022761
5 131527420 rs143971837 0.22036
5 131527435 rs76758949 0.94201
5 131527714 rs156034 0.0020392
5 131527806 rs76925500 0.96041
5 131527897 rs116438803 0.5889
5 131528122 rs151197464 0.22236
5 131528153 rs3805685 0.020321000000000002
5 131528847 rs138173230 0.26621
5 131528850 rs77183859 0.49851999999999996
5 131528994 rs188480026 0.10927
5 131529043 rs112275385 0.70875
5 131529045 rs80244490 0.9683
5 131529220 rs149388204 0.5110399999999999
5 131529523 rs190001059 0.8367100000000001
5 131529932 rs115183482 0.59368
5 131530074 rs115880502 0.61842
5 131530232 rs79027068 0.72897
5 131530355 rs73261838 0.016999
5 131530411 rs17165741 0.016866
5 131530441 rs2278398 1.6210000000000001e-15
5 131530786 rs116520705 0.61778
5 131530832 rs185458458 0.76786
5 131530917 rs156030 0.30999
5 131531675 rs79491266 0.9784299999999999
5 131531694 rs74497086 0.5948
5 131531700 rs145497096 0.076575
5 131532174 rs113785638 0.69597
5 131532634 rs156029 3.1448999999999998e-09
5 131532892 rs79337973 0.051167000000000004
5 131532909 rs114480989 0.6180899999999999
5 131532932 rs115642924 0.05599
5 131533036 rs146149013 0.44964
5 131533039 rs147877342 0.59397
5 131533444 rs152048 0.005619699999999999
5 131533465 rs116019370 0.072023
5 131533663 rs75581418 0.25324
5 131533828 rs76540560 0.9602700000000001
5 131533898 rs141989159 0.18754
5 131533963 rs150432961 0.14849
5 131534328 rs149582207 0.44898000000000005
5 131534381 rs7701237 1.6452000000000002e-15
5 131534470 rs80329744 0.96144
5 131534499 rs3749756 1.7347000000000002e-15
5 131534776 rs17618350 0.54422
5 131535028 rs114560381 0.27824
5 131535125 rs3805683 1.4232999999999999e-15
5 131535434 rs114500078 0.86831
5 131535856 rs115026096 0.6763100000000001
5 131535864 rs152049 5.0693e-09
5 131536196 rs80044491 0.73069
5 131536254 rs147840888 0.6964
5 131536725 rs182062646 0.60945
5 131536753 rs4361509 1.9719999999999997e-15
5 131536797 rs77036496 0.5555
5 131536826 rs152050 7.563e-08
