CHR BP SNP P
8 25212994 rs2709613 9.3391e-06
8 25213148 rs2709614 0.14307999999999998
8 25213180 rs35900599 1.9686e-06
8 25213228 rs551349437 0.24429
8 25213299 rs2465004 6.309e-08
8 25213857 rs17053431 0.8272700000000001
8 25213931 rs2709616 0.13469
8 25214057 rs10102327 0.0016822
8 25214229 rs10102549 0.0015589
8 25214863 rs11776178 0.0020063
8 25215781 rs2659579 0.13463
8 25216051 rs13264779 0.00025199
8 25216252 rs13265355 0.00027509
8 25216620 rs17053446 0.00019244
8 25216687 rs193116168 0.30325
8 25217028 rs571387237 0.71739
8 25217356 rs150282554 0.073554
8 25217363 rs757985990 0.9349799999999999
8 25217435 rs188498074 0.95749
8 25217493 rs17053450 0.0002607
8 25217537 rs566685339 0.89865
8 25217563 rs17053452 0.00022552
8 25217873 rs1532913 0.00022379
8 25217898 rs6993700 0.25298000000000004
8 25217938 rs10086399 0.00024119
8 25217966 rs10097091 0.00024243
8 25218092 rs10096386 0.00024721
8 25218711 rs11787184 0.00018603
8 25218808 rs1574750 0.00020784
8 25219095 rs183878060 0.6725899999999999
8 25219172 rs11777423 0.00020990000000000003
8 25219448 rs1532912 0.00023034
8 25220155 rs2465007 5.4342e-16
8 25220569 rs148380458 0.59254
8 25220876 rs73218159 9.2671e-11
8 25221000 rs6557837 4.764e-09
8 25221316 rs2709628 7.5801e-20
8 25222165 rs2271111 0.00016208
8 25222329 rs188623084 0.91394
8 25222515 8:25222515_A_T 0.68194
8 25222519 rs3817101 0.00011457
8 25222697 rs7814287 8.9896e-15
8 25222878 rs75193301 0.193
8 25223214 rs7818475 4.8791e-08
8 25223248 rs151072208 0.4444
8 25223719 rs536573459 0.33960999999999997
8 25223760 rs111922672 0.38231
8 25223773 rs145845218 0.68699
8 25223992 rs117795972 0.064955
8 25224513 rs77675545 9.206200000000001e-08
8 25224514 rs80282033 9.7414e-08
8 25224530 rs17053485 0.41413999999999995
8 25224745 rs2271110 8.718899999999999e-15
8 25225210 rs181295911 0.80987
8 25225288 rs925033 6.931e-15
8 25225461 rs755431035 0.36507
8 25225530 rs77857981 0.6886800000000001
8 25225804 rs2257081 2.8614e-20
8 25226261 rs17198394 0.026394
8 25226380 rs10103130 3.7952e-15
8 25226408 rs75229911 0.22330999999999998
8 25226425 rs73674764 0.9784799999999999
8 25226595 rs10103395 3.2864000000000003e-15
8 25226619 rs10106554 3.4736e-15
8 25226812 rs11135862 7.6609e-16
8 25226930 rs116804150 0.58796
8 25227226 rs2048084 8.6865e-21
8 25227229 rs2048083 5.3527e-15
8 25227234 rs2048082 4.9295e-15
8 25227255 rs2659578 0.30630999999999997
8 25227689 rs182815724 0.51066
8 25227989 rs2659577 0.31461
8 25228360 rs6993247 3.8501e-15
8 25228397 rs76945267 0.20531
8 25228471 rs6993400 3.4095999999999996e-15
8 25228815 rs4434630 4.5236e-15
8 25228818 rs118103298 0.21868
8 25228915 rs4872307 0.020588
8 25228932 rs4300012 4.1365e-15
8 25229055 rs4265195 4.0014e-15
8 25229085 rs4446748 3.614500000000001e-15
8 25229613 rs11777314 3.578e-15
8 25229800 rs10090201 3.7937e-15
8 25230168 rs2271108 3.7285e-15
8 25230261 rs2271107 1.3253e-12
8 25230267 rs2271106 3.6507e-15
8 25230558 rs190477742 0.0032714
8 25230623 rs13268869 4.0532e-15
8 25230691 rs13268922 4.0869e-15
8 25230722 rs13265368 3.65e-15
8 25230891 rs77158899 0.89238
8 25230959 rs13276812 3.6604e-15
8 25231044 rs12676152 3.7459e-15
8 25231385 rs2271105 3.4279000000000003e-15
8 25231452 rs539373945 0.96036
8 25231526 rs17053499 0.022933000000000002
8 25231756 rs6993060 4.5249e-15
8 25231912 rs7014005 5.0727e-15
8 25232045 rs181544211 0.48543000000000003
8 25232064 rs188433578 0.43925
8 25232484 rs7812830 4.5263e-15
8 25232630 rs7813096 4.475e-15
8 25232694 rs7825158 3.1488000000000002e-15
8 25232706 rs2659583 1.1223e-18
8 25232899 rs10105328 4.490699999999999e-15
8 25233044 rs181520011 0.8998200000000001
8 25233217 rs542716974 0.26134
8 25234264 rs116873620 0.008435600000000001
8 25234389 rs2659584 0.32678
8 25234420 rs35846552 1.2124e-08
8 25234439 rs35468703 1.3619999999999999e-08
8 25234688 rs6992056 9.9825e-09
8 25235055 rs34962551 9.264899999999998e-09
8 25235159 rs7823269 0.08313200000000001
8 25235249 rs67193679 1.3806e-08
8 25235593 rs2709624 8.407e-05
8 25235598 rs111902374 0.16676
8 25235718 rs7010856 1.3024e-08
8 25235842 rs2709623 1.249e-14
8 25236115 rs116679534 0.08093099999999999
8 25236280 rs2659586 0.34426
8 25236371 rs6987109 1.2001e-08
8 25236377 rs2659587 0.33353
8 25236485 rs2659588 0.33353
8 25236528 rs528969405 0.11219000000000001
8 25236623 rs2709622 0.34374
8 25236638 rs13265171 1.2643e-08
8 25236651 rs13268370 1.2643e-08
8 25236960 rs34189765 9.958600000000002e-09
8 25237134 rs138100727 0.59807
8 25237329 rs11990690 1.3047e-08
8 25237339 rs56319343 6.0093e-09
8 25237403 rs11988235 1.2324e-08
8 25237528 rs11990759 1.1693000000000001e-08
8 25237540 rs11987534 1.1973e-08
8 25237560 rs11990762 1.1982e-08
8 25237587 rs78950248 0.25234
8 25237609 rs11998131 1.3282000000000001e-08
8 25237801 rs11989035 1.2258e-08
8 25237963 rs17053525 9.9254e-09
8 25238187 rs17053527 5.0753000000000005e-09
8 25238315 rs17789006 1.0103999999999999e-08
8 25238440 rs34740584 3.0393000000000005e-09
8 25238462 rs17053529 0.028045
8 25238527 rs34941836 4.0632e-09
8 25238543 rs34582687 3.7164999999999997e-09
8 25238663 rs6998373 4.2813e-09
8 25238801 rs4872309 9.401200000000001e-05
8 25238844 8:25238844_T_G 0.42245
8 25239051 rs12546655 0.034635
8 25239138 rs147137539 0.67051
8 25239349 rs6989913 3.7070999999999997e-09
8 25239407 rs17053536 5.0796000000000005e-09
8 25239493 rs115339876 0.80925
8 25239770 rs7837041 6.2739e-05
8 25239879 rs2659580 0.68197
8 25240100 rs7837477 0.00065791
8 25240187 rs185036758 0.085694
8 25240437 rs11779690 1.7798999999999997e-11
8 25240499 rs7008785 0.00093004
8 25241116 rs11135863 0.097541
8 25241322 rs528006685 0.9697899999999999
8 25241326 rs2659581 2.2582e-09
8 25241358 rs149391125 0.96685
8 25241641 rs2709600 1.1904000000000002e-18
8 25242721 rs17053546 0.010055
8 25242876 rs925031 0.50852
8 25242972 rs925032 8.9987e-05
8 25243213 rs34068702 0.18697
8 25243984 rs35139627 0.41418999999999995
8 25244245 rs118167153 0.18407
8 25244270 rs1567123 1.9722999999999997e-15
8 25244326 rs1567124 1.7375e-15
8 25244690 rs538470406 0.099284
8 25244858 rs959395 1.5385e-16
8 25244954 rs2709601 0.7225
8 25245151 rs1911250 1.7804e-16
8 25245312 rs931873 1.7841999999999997e-15
8 25245398 rs931874 1.7469e-15
8 25245427 rs757040405 0.77223
8 25245432 rs931875 0.13752999999999999
8 25245529 rs746475530 0.34781
8 25245760 rs77951742 0.00023564
8 25245941 rs116851037 0.15748
8 25246179 rs2248997 6.7927e-21
8 25246185 rs2248996 6.2392999999999995e-21
8 25246276 rs2659572 6.3947e-21
8 25246429 rs141672432 0.11366
8 25246481 rs2709602 0.9440700000000001
8 25246775 rs116744795 0.5395300000000001
8 25246777 rs78665415 0.00018355
8 25247181 rs4872310 0.26471
8 25247356 rs4626608 0.18586
8 25247587 rs1000798 4.5961e-21
8 25247710 rs199531685 0.17246
8 25247961 rs536235852 0.13057
8 25248184 rs2709640 5.3835e-21
8 25248188 rs7835202 6.1404e-21
8 25248257 rs2939808 0.62922
8 25248393 rs6557839 4.9518000000000004e-21
8 25248402 rs2659573 5.4601999999999995e-21
8 25248513 rs139288104 0.5654
8 25248615 rs13261573 0.2226
8 25248815 rs576457869 0.11715
8 25249096 rs1122115 0.00024964
8 25249545 rs6991928 1.3557000000000001e-15
8 25249555 rs565030969 0.10919000000000001
8 25249690 rs139353778 0.54151
8 25249691 rs144137990 0.00047362
8 25249772 rs6994859 5.0353e-21
8 25249863 rs7015833 4.7372e-21
8 25249926 rs2709644 3.7504e-21
8 25250423 rs6557840 5.6277999999999996e-21
8 25250767 rs954257 5.4307e-21
8 25250805 rs954258 4.1672e-21
8 25250878 rs954259 5.0413e-21
8 25250957 rs11774502 4.7397e-21
8 25250988 rs11781533 5.224699999999999e-21
8 25251259 rs769269741 0.8798799999999999
8 25251456 rs76923819 0.54328
8 25251465 rs143798467 0.54438
8 25251593 rs2709645 0.9712200000000001
8 25251666 rs77857619 0.00023945
8 25251826 rs559662378 0.10355
8 25251928 rs17053574 0.00023929
8 25251990 rs76241669 0.00021810000000000002
8 25251994 rs2709646 7.1735e-19
8 25252093 rs770026065 0.38361
8 25252459 rs7836337 1.3949000000000002e-15
8 25252716 rs1506864 4.9348e-21
8 25252804 rs1506865 0.00022333
8 25253522 rs870686 0.00021414
8 25253552 rs554943958 0.2624
8 25253619 rs2001771 5.1418000000000004e-21
8 25253836 rs2009074 0.00023680000000000004
8 25254181 rs906247 1.2844000000000001e-15
8 25254516 rs533059300 0.088558
8 25254738 rs60114431 1.107e-20
8 25254961 rs2960175 0.72217
8 25255017 rs12675289 0.13167
8 25255273 rs9644095 5.6956e-21
8 25255378 rs9644096 5.7799999999999994e-21
8 25255394 rs9644040 5.6681e-21
8 25255496 rs2659575 0.7491899999999999
8 25255584 rs7005823 5.6218e-21
8 25256119 rs114736759 0.9688899999999999
8 25256197 rs1506866 5.527e-21
8 25256544 rs1506867 5.6849e-21
8 25256561 rs17053593 0.00035398
8 25256652 rs2659576 0.71786
8 25256733 rs17053594 1.0345999999999999e-15
8 25256875 rs116547977 0.88731
8 25256902 rs7833951 9.615399999999998e-16
8 25256980 rs17053600 0.9169799999999999
8 25257256 rs145318735 0.036364
8 25257341 rs3763519 0.0010906
8 25257451 rs137938378 0.64599
8 25257519 rs80257669 0.15824000000000002
8 25257531 rs3763520 4.34e-21
8 25257729 rs2659593 0.68887
8 25257737 rs2939813 1.1415e-16
8 25257848 rs112670594 0.19717
8 25258382 rs116115506 0.55238
8 25258442 rs3750194 1.4462e-16
8 25259582 rs185409763 0.8053899999999999
8 25259713 rs7829281 0.5777
8 25260119 rs151088713 0.5542699999999999
8 25260344 rs181516299 0.80483
8 25260401 rs139910455 0.90996
8 25260512 rs140209042 0.89902
8 25260549 rs117836333 0.87613
8 25260851 rs149058826 0.95581
8 25261065 rs148241858 0.80423
8 25261281 rs17053612 3.4810999999999995e-21
8 25261500 rs138208548 0.9506700000000001
8 25261528 rs142959002 0.8758299999999999
8 25261538 rs147455376 0.8758299999999999
8 25261605 rs139278891 0.8740600000000001
8 25261696 rs550367697 0.097594
8 25261724 rs149583160 0.87554
8 25261790 rs2248543 0.45858999999999994
8 25261809 rs144304089 0.87577
8 25262045 rs74682384 0.55691
8 25262180 rs148761300 0.8652
8 25262184 rs143801186 0.9363600000000001
8 25262257 rs146866184 0.9353600000000001
8 25262324 rs139752630 0.93535
8 25263141 rs150925132 0.88084
8 25263154 rs140740595 0.88123
8 25263166 rs77262802 0.7429399999999999
8 25263179 rs182822455 0.88115
8 25263228 rs149682922 0.8752
8 25263294 rs61490611 0.10712
8 25263366 rs145522698 0.89304
8 25263630 rs192204352 0.6078600000000001
8 25263631 rs184530464 0.43868
8 25263637 rs188701593 0.58533
8 25263662 rs193278672 0.069333
8 25263723 rs146986780 0.88277
8 25263859 rs117287345 0.69772
8 25263960 rs142273245 0.88649
8 25263975 rs116466591 0.54574
8 25263986 rs146218993 0.8861399999999999
8 25264196 rs150633769 0.54574
8 25264248 rs113990692 3.3125e-11
8 25264291 rs538828635 0.11747
8 25264300 rs118140559 0.47708999999999996
8 25264421 rs144488723 0.30326
8 25264459 rs117589985 0.9297
8 25264488 rs2709617 0.81324
8 25264869 rs17053614 3.0084e-21
8 25264962 rs2248185 2.086e-21
8 25264963 rs75338394 2.1109000000000003e-11
8 25264973 rs142064354 0.9934
8 25264997 rs17053615 0.0010206
8 25265290 rs77087078 2.1422e-11
8 25265327 rs2659591 0.47923999999999994
8 25265651 rs34067851 0.24903000000000003
8 25265818 rs141221749 0.00063859
8 25265926 rs2048080 2.8534e-21
8 25266166 rs17053627 0.77155
8 25266526 rs186221928 0.7267899999999999
8 25266603 rs747888504 0.97125
8 25266891 rs183055295 0.68509
8 25267063 rs75416062 0.0024010000000000004
8 25267103 rs4871939 0.23533
8 25267542 rs148310978 0.9012100000000001
8 25267622 rs2709618 2.6954e-21
8 25267940 rs73218198 0.9558700000000001
8 25268197 rs7462441 0.8769100000000001
8 25268221 rs377438998 0.80095
8 25269102 rs1506869 0.13039
8 25269277 rs10866842 0.73679
8 25269459 rs17053644 0.0010064
8 25269495 rs74576405 0.00095632
8 25269539 rs71517817 0.35205
8 25269993 rs2659582 6.54e-21
8 25270116 rs73218199 0.00031188
8 25270334 rs775464751 0.71927
8 25270508 rs7008627 1.1091e-20
8 25270784 rs113996918 0.52781
8 25270889 rs191158744 0.8598899999999999
8 25270922 rs116465096 0.52781
8 25271188 rs142168351 0.014856999999999999
8 25271585 rs537113771 0.4358
8 25271689 rs2939810 0.54389
8 25271895 rs67878739 1.3605e-20
8 25271982 rs558808342 0.20694
8 25272077 rs112478270 0.81602
8 25272364 rs1911251 1.3661e-20
8 25272696 rs571113873 0.67698
8 25272741 rs1506868 8.583e-05
8 25272927 rs75500778 0.52855
8 25273396 rs116063589 0.54051
8 25274188 rs148363515 0.52612
8 25274370 rs183911500 0.68613
8 25274872 rs2709606 0.41691999999999996
8 25274884 rs143442272 0.5243800000000001
8 25275257 rs186707117 0.8848299999999999
8 25275274 rs2659590 7.9094e-21
8 25275297 rs557103965 0.17497000000000001
8 25275527 rs17201112 0.00033472
8 25275599 rs77282387 0.0011985
8 25276433 rs56159016 8.038200000000001e-21
8 25276976 rs146523104 0.23554
8 25277542 rs574639386 0.074547
8 25278498 rs79907951 0.93729
8 25278501 rs150227187 0.39257
8 25278509 rs1876281 4.7548e-16
8 25279249 rs563104712 0.074415
8 25279537 rs767905457 0.52965
8 25279673 rs77486347 0.00089312
8 25279721 rs777711696 0.10216
8 25280355 rs1567126 4.2076999999999996e-21
8 25280425 rs76986108 3.5271e-05
8 25280504 rs116002345 0.53755
8 25280621 rs17053646 0.88674
8 25280666 rs2709608 0.53751
8 25280706 rs35542850 0.59359
8 25280800 rs6185 0.24999000000000002
8 25281329 rs17790824 0.046135
8 25281842 rs566037144 0.068885
8 25282592 rs2321048 0.5647
8 25282849 rs2321049 4.2735e-21
8 25283307 rs183570589 0.5240100000000001
8 25283780 rs114062915 0.52682
8 25283852 rs777661620 0.45788999999999996
8 25284007 rs142616263 0.5240100000000001
8 25284529 rs144469564 0.027634
8 25285266 rs139935197 0.16608
8 25287264 rs17061024 0.0011089000000000001
8 25287397 rs1812594 1.9907000000000002e-11
8 25287556 rs965130 3.5782e-21
8 25287662 rs79365950 0.53755
8 25287956 rs113090690 0.20357
8 25288011 rs56241318 4.930399999999999e-21
8 25288025 rs7009732 3.7967e-21
8 25288414 rs7840399 2.2118000000000003e-16
8 25288445 rs115511370 0.54625
8 25288537 rs148376955 0.55521
8 25288712 rs115878656 0.86921
8 25288832 rs76488565 0.5273399999999999
8 25288878 rs4872311 3.7131999999999995e-21
8 25289362 rs140049773 0.73087
8 25289589 rs116836340 0.71095
8 25289828 rs73220005 0.13525
8 25290092 rs28411311 0.33797
8 25290621 rs73549218 0.9586100000000001
8 25291114 rs116666017 0.73418
8 25291207 rs116533229 0.8091
8 25291398 rs144577310 0.8688299999999999
8 25291697 rs73220007 4.1493000000000004e-21
8 25291766 rs141809412 0.44035
8 25291902 rs77180072 0.0011216
8 25292066 rs139271719 0.44293000000000005
8 25292172 rs7842899 4.0502e-21
8 25293328 rs575029250 0.4524
8 25293723 rs183177894 0.90595
8 25293858 rs2012592 4.1075e-21
8 25294347 rs2048086 4.6925e-21
8 25294352 rs2048085 4.6739e-21
8 25294586 rs537430987 0.07875599999999999
8 25294642 rs140818604 0.0028507
8 25294779 rs6557842 2.8733999999999998e-21
8 25294858 rs78018397 0.71344
8 25295146 rs566306798 0.84755
8 25295555 rs138059151 0.73087
8 25296264 rs17053658 0.92038
8 25296466 rs3750198 0.00023684
8 25296546 rs536126362 0.89239
8 25296930 rs2271112 4.3919999999999996e-21
8 25297024 rs143836319 0.9063399999999999
8 25297870 rs7017457 0.55076
8 25298482 rs9314302 0.49057
8 25298675 rs958579 1.9920999999999999e-16
8 25298710 rs3812423 4.7123e-21
8 25298739 rs17201702 0.65379
8 25298895 rs17053668 4.7123e-21
8 25298974 rs73220009 0.00023893
8 25299344 rs191467295 0.41926
8 25299389 rs146677574 0.34339000000000003
8 25300144 rs56385545 4.1861000000000005e-21
8 25300325 rs553154932 0.068347
8 25300629 rs138937232 0.70349
8 25300849 rs185493143 0.9066299999999999
8 25300865 rs76875120 0.0010800999999999999
8 25301001 rs117618014 0.94783
8 25301247 rs76983709 0.99915
8 25302026 rs569337925 0.2585
8 25302358 rs7459536 0.54915
8 25302479 rs11782310 1.7515e-16
8 25302587 rs142925982 0.053545
8 25302834 rs565722485 0.0083421
8 25302924 rs540119716 0.5966199999999999
8 25302927 rs10503770 4.4745e-21
8 25303016 rs182531239 0.9066299999999999
8 25303317 rs557202923 0.068885
8 25303413 rs2063069 4.4772e-21
8 25303443 rs73220072 0.00024236
8 25303530 rs2063068 4.506399999999999e-21
8 25304020 rs10503771 0.0011789
8 25304224 rs7844851 3.1471e-21
8 25304429 rs2063067 4.1886e-21
8 25304698 rs2063066 4.5850000000000005e-21
8 25304742 rs2063065 4.4119e-21
8 25304873 rs2063064 3.373e-21
8 25304906 rs11787383 4.600600000000001e-21
8 25305108 rs11998592 4.600600000000001e-21
8 25305680 rs571424734 0.90695
8 25305809 rs11780132 1.8138e-16
8 25305846 rs7841309 0.46843999999999997
8 25305916 rs75418510 0.6691
8 25306332 rs141413841 0.89007
8 25306521 rs11781066 1.8139e-16
8 25306554 rs11776825 4.5447e-21
8 25306725 rs7829415 4.3661999999999995e-21
8 25306792 rs116127012 0.63318
8 25306991 rs11781868 1.8208e-16
8 25307518 rs11135864 0.45732
8 25307798 rs1567121 3.3562000000000003e-21
8 25308056 rs78776274 0.23456
8 25308282 rs7817173 4.2817e-21
8 25308516 rs11778731 1.9302e-16
8 25308636 rs188062057 0.77756
8 25308717 rs17053694 2.0175999999999997e-16
8 25309028 rs117922985 0.24345999999999998
8 25309112 rs17053696 0.00098854
8 25309243 rs7839773 0.54143
8 25309497 rs530444828 0.068885
8 25309780 rs73220077 1.8642e-16
8 25310042 rs11995050 1.5354000000000002e-13
8 25310244 rs1567120 6.6621e-21
8 25310275 rs11135865 3.3428000000000003e-11
8 25310379 rs4872312 0.64832
8 25310419 rs79835432 0.0013652999999999998
8 25310557 rs4871942 0.64055
8 25310676 rs184453121 0.0017082999999999998
8 25311269 rs17053711 0.14979
8 25311310 rs17053712 5.6745e-21
8 25311609 rs552599784 0.026116000000000004
8 25311777 rs11985969 1.7074000000000001e-16
8 25312013 rs114628019 0.72309
8 25312016 rs7835442 5.2408999999999995e-21
8 25312034 rs7819740 4.7495e-21
8 25312332 rs534898069 0.53042
8 25312574 rs11782643 1.5197e-16
8 25312631 rs11135866 0.54067
8 25312714 rs75450002 0.0014263
8 25312715 rs556882012 0.4828
8 25312746 rs145073209 0.9587200000000001
8 25313219 rs11987149 5.892e-21
8 25313260 rs11984651 2.6012e-21
8 25313261 rs11987153 2.6141e-21
8 25313456 rs13277090 3.9208e-21
8 25313594 rs17202453 0.0013734
8 25314047 rs149652007 0.7754
8 25314385 rs766277041 0.037841
8 25314392 rs1506873 6.6916999999999996e-21
8 25314449 rs1506872 0.00031222
8 25314571 rs1506871 6.9433e-21
8 25314704 rs139618175 0.0054256999999999994
8 25314860 rs4872313 4.497300000000001e-21
8 25315108 rs118189496 0.16968
8 25315837 rs62502022 0.6481399999999999
8 25316056 rs150174762 0.42732
8 25316227 rs73220080 4.7353e-20
8 25316231 rs73220081 4.8765e-20
8 25316259 rs67144712 4.5614e-20
8 25316319 rs184508090 0.00078815
8 25316661 rs3812422 1.589e-20
8 25316745 rs7833509 0.91535
8 25316789 rs3812421 1.5049e-20
8 25316822 rs141240299 0.9292
8 25317245 rs76106189 0.5705100000000001
8 25317298 rs73220082 5.7853e-21
8 25317301 rs73220083 5.9163e-21
8 25317324 rs66649651 6.9843e-21
8 25317345 rs75655812 0.33254
8 25317422 rs11775241 1.3447e-20
8 25317461 rs11775249 1.0401e-20
8 25317572 rs6991793 1.1364e-20
8 25317614 rs11786622 1.7431e-20
8 25317691 rs6987936 0.5705600000000001
8 25317724 rs111952768 0.23210999999999998
8 25317824 rs1506863 2.2588e-20
8 25317966 rs145990893 0.7157100000000001
8 25318184 rs78697164 0.56388
8 25318253 rs17053743 2.2289e-15
8 25318254 rs73677325 0.23524
8 25318502 rs61024547 2.8536e-20
8 25318549 rs150696340 0.14887
8 25318639 rs139449288 0.11495
8 25318667 rs142700822 0.49986
8 25319172 rs117472172 0.17387
8 25319287 rs114391246 0.56388
8 25319678 rs116429520 0.28188
8 25319749 rs116562172 0.11997000000000001
8 25320189 rs67160220 2.8578e-20
8 25320282 rs74566494 0.0007077000000000001
8 25320438 rs73220084 0.00088727
8 25320575 rs576487382 0.9844299999999999
8 25320586 rs7815856 0.18434
8 25320594 rs12675625 0.14060999999999998
8 25321076 rs11775903 7.226600000000001e-15
8 25321184 rs185485333 0.98374
8 25321256 rs538778999 0.33984000000000003
8 25321281 rs9644041 2.8648999999999995e-20
8 25321391 rs77121963 0.008928799999999999
8 25321404 rs149196892 0.98374
8 25321713 rs4871943 0.24198000000000003
8 25321845 rs35698191 0.14202
8 25322020 rs115071949 0.56666
8 25322285 rs17053754 2.8578e-20
8 25322486 rs7824408 0.22893000000000002
8 25322501 rs115307133 0.80591
8 25323056 rs12114046 0.82568
8 25323126 rs144163787 0.61839
8 25323150 rs182407986 0.98374
8 25323241 rs17053762 3.1015e-11
8 25323355 rs185278061 0.8431200000000001
8 25323491 rs17053766 0.15192
8 25323544 rs114891512 0.57011
8 25323653 rs79334232 0.0008211000000000001
8 25323670 rs74569641 0.98054
8 25323682 rs58747959 0.00079942
8 25323723 rs115997963 0.9854
8 25323777 rs10108752 0.26969
8 25323872 rs201999374 0.29345
8 25324062 rs10091652 2.0301999999999998e-20
8 25324439 rs11135867 0.5845199999999999
8 25324522 rs76004805 0.0008121000000000001
8 25324672 rs11779721 3.0711e-20
8 25324682 rs55866338 2.0047e-12
8 25324827 rs79668585 0.00078913
8 25324883 rs180760300 0.9837100000000001
8 25325141 rs68162965 2.7013e-20
8 25325343 rs17546848 3.1859e-20
8 25325356 rs535960805 0.31169
8 25325437 rs566210513 0.81605
8 25325464 rs139294981 0.56548
8 25325480 rs561799937 0.62631
8 25325523 rs187388226 0.9837600000000001
8 25325531 rs7464346 1.9906e-20
8 25325730 rs11996213 1.3981e-15
8 25326078 rs3812420 5.2239e-19
8 25326140 rs3812419 0.00071059
8 25326269 rs7828285 0.86884
8 25326541 rs79283730 0.37121
8 25326733 rs7832334 0.8930600000000001
8 25326897 rs116954282 0.013992
8 25327184 rs7817239 0.22812
8 25327571 rs62502024 0.77045
8 25327663 rs567095833 0.46376999999999996
8 25327977 rs531181002 0.46608
8 25328157 rs11787228 7.6083e-20
8 25328158 rs10109528 6.1111e-20
8 25328372 rs568255885 0.28459
8 25328409 rs144129958 0.23698000000000002
8 25328423 rs531114760 0.66046
8 25328512 rs67916389 7.387500000000001e-20
8 25328767 rs57677726 3.0719e-15
8 25328952 rs57340758 7.196900000000001e-20
8 25328983 rs112234083 0.00096028
8 25329165 rs537381280 0.9807799999999999
8 25329280 rs149986284 0.9837299999999999
8 25329364 rs148743577 0.9748600000000001
8 25329525 rs75456324 0.00082254
8 25329843 rs147107359 0.5496300000000001
8 25330284 rs66471028 7.6078e-20
8 25330289 rs73550814 0.9611799999999999
8 25330639 rs150086874 0.91958
8 25330749 rs115542550 0.54711
8 25330877 rs7818622 0.24123000000000003
8 25331800 rs6991326 5.2621000000000004e-20
8 25332030 rs116129012 0.54711
8 25332076 rs116951823 0.050405
8 25332432 rs79648792 0.24233000000000002
8 25332563 rs67516448 5.5739e-20
8 25332589 rs568535254 0.35098
8 25332600 rs4872315 4.6731e-20
8 25332854 rs567583642 0.9733799999999999
8 25332912 rs146018865 0.7619600000000001
8 25333040 rs117264097 0.087862
8 25333164 rs180803623 0.97495
8 25333321 rs574866097 0.43327
8 25333516 rs11777745 7.3695e-20
8 25333832 rs190873511 0.9733799999999999
8 25334013 rs149789453 0.047659
8 25334100 rs6985331 0.56158
8 25334148 rs187785308 0.9101600000000001
8 25334412 rs11135868 0.23939000000000002
8 25335354 rs11135869 4.7197e-20
8 25335459 rs184776412 0.51248
8 25335555 rs546055452 0.396
8 25336028 rs145297353 0.9736100000000001
8 25336226 rs1532916 8.0441e-20
8 25336311 rs1532915 4.4463e-20
8 25336628 rs4576428 8.2056e-20
8 25336881 rs562932688 0.9737100000000001
8 25337290 rs530222556 0.33755
8 25337336 rs138607009 0.56479
8 25337458 rs115050754 0.56479
8 25337720 rs144625648 0.52407
8 25337959 rs3812418 0.00077148
8 25338302 rs180887468 0.9735799999999999
8 25338509 rs55844800 3.1282e-20
8 25338776 rs557352539 0.48767
8 25339147 rs11778292 3.1306e-20
8 25339720 rs191317134 0.97391
8 25339775 rs60797109 0.00078917
8 25339799 rs149843504 0.51926
8 25339868 rs59892747 3.1360000000000005e-20
8 25339901 rs145866536 0.18915
8 25339923 rs76200992 0.9882799999999999
8 25340073 rs10866843 2.1321e-20
8 25340381 rs185151150 0.97375
8 25340562 rs80267219 3.9866e-11
8 25340719 rs79968916 0.9710799999999999
8 25340726 rs77421762 0.96946
8 25340833 rs66537174 1.5754000000000001e-15
8 25340934 rs116332536 0.044564
8 25341751 rs116715859 0.14252
8 25341863 rs59015195 0.072602
8 25341882 rs112050807 0.15364
8 25341993 rs77165534 0.87213
8 25342243 rs781691968 0.42746999999999996
8 25342644 rs7018111 0.16818
8 25343022 rs771249770 0.43511000000000005
8 25343245 rs75233811 0.0007441
8 25343365 rs77600294 0.95229
8 25343636 rs2271104 2.1097999999999998e-20
8 25343690 rs2271103 2.719e-20
8 25343848 rs573674145 0.78057
8 25343959 rs78253069 0.8658100000000001
8 25343990 rs11783915 2.1094e-20
8 25344002 rs11135870 0.16831
8 25344010 rs138093724 0.54091
8 25344022 rs192328902 0.8263299999999999
8 25344284 rs112146105 3.5344e-20
8 25345058 rs142407797 0.57558
8 25345073 rs117586154 0.72692
8 25345116 rs139757649 0.045812
8 25345126 rs188518908 0.93852
8 25345200 rs12678449 0.15375999999999998
8 25345428 rs74333376 0.79861
8 25345719 rs11780572 3.5012e-20
8 25345923 rs542058909 0.24875999999999998
8 25345978 rs185579800 0.97944
8 25346073 rs117565806 0.08089099999999999
8 25346108 rs143476472 0.80591
8 25346133 rs115925873 0.052564
8 25346354 rs73550843 0.98919
8 25346370 rs6557843 2.768e-20
8 25346482 rs6557844 2.3345000000000002e-20
8 25347015 rs181084070 0.98054
8 25347157 rs138263938 0.97957
8 25347400 rs60234557 0.00076724
8 25347573 rs182885153 0.91043
8 25347802 rs548303520 0.268
8 25348087 rs116717294 0.52958
8 25348329 rs11782713 5.0142000000000003e-20
8 25348360 rs144775942 0.19074000000000002
8 25348691 rs546550162 0.46668000000000004
8 25348878 rs4872316 0.16923
8 25349240 rs55796651 6.4738e-15
8 25349531 rs2321250 4.8780999999999996e-20
8 25349570 rs144981207 0.78037
8 25349587 rs531479671 0.97711
8 25349642 rs559582558 0.84716
8 25349720 rs114342443 0.5483899999999999
8 25350172 rs2174687 0.16998
8 25350188 rs118089069 0.58628
8 25350246 rs73677326 0.71329
8 25350401 rs2135627 0.16829000000000002
8 25350452 rs1567122 1.3167000000000001e-17
8 25350696 rs188201953 0.9631700000000001
8 25350698 rs77574651 0.41817
8 25350979 rs6998918 7.4793e-18
8 25351521 rs11996749 1.8102e-13
8 25351747 rs184769729 0.97731
8 25351770 rs11985695 1.1736e-17
8 25351928 rs6557845 0.17656
8 25352183 rs59183094 0.00096634
8 25352468 rs2979725 7.6126e-15
8 25352833 rs7826705 1.6505999999999998e-17
8 25352866 rs4872317 0.080947
8 25353047 rs7839957 1.5239e-16
8 25353143 rs189799655 0.21223000000000003
8 25353179 rs7839060 3.6748e-13
8 25353215 rs11994241 9.8384e-18
8 25353369 rs7839330 0.17667
8 25353374 rs7840402 0.17667
8 25353382 rs7823678 0.9427399999999999
8 25353632 rs117775547 0.08895499999999999
8 25354599 rs56232407 0.34418000000000004
8 25354805 rs77811874 0.71407
8 25355371 rs6984194 0.00099714
8 25355763 rs376665304 0.093574
8 25356017 rs11785275 3.514199999999999e-11
8 25356296 rs137854918 0.48744
8 25356923 rs140397788 0.0014975
8 25357016 rs111975929 0.062694
8 25357110 rs117106611 0.16563
8 25357237 rs151010946 0.53663
8 25357241 rs17053787 0.76749
8 25357950 rs146562001 0.45605
8 25357965 rs7821669 1.4835999999999999e-13
8 25358376 rs550775170 0.9954299999999999
8 25359114 rs183106918 0.21303000000000002
8 25359182 rs543195128 0.99585
8 25359207 rs7826948 0.16687000000000002
8 25359254 rs143796460 0.99256
8 25359271 rs17053792 0.91838
8 25359409 rs182254664 0.25018
8 25359513 rs192738583 0.9341
8 25359702 rs189154831 0.97125
8 25359721 rs147134088 0.99546
8 25360147 rs116594499 0.61648
8 25360661 rs567380560 0.9339
8 25360669 rs534840621 0.9339
8 25360701 rs74350082 0.79461
8 25360711 rs13254791 7.5005e-18
8 25360923 rs115829566 0.9892700000000001
8 25361033 rs115998499 0.97149
8 25361114 rs555265059 0.74046
8 25361409 rs57488514 0.017206
8 25361473 rs143514397 0.011615
8 25361736 rs190225366 0.92885
8 25361925 rs562906490 0.9868
8 25362027 rs143643575 0.099353
8 25362135 rs116192294 0.54367
8 25362314 rs3763522 1.4965e-17
8 25362368 rs116485060 0.86072
8 25362424 rs116689952 0.54294
8 25362561 rs4595133 2.3179e-13
8 25362757 rs112952792 3.8338e-11
8 25362875 rs142622170 0.0017491
8 25363108 rs146908950 0.054039
8 25363112 rs138630763 0.62354
8 25363255 rs17053797 2.8182e-13
8 25363389 rs148005962 0.9723
8 25363399 rs183853106 0.9267799999999999
8 25363468 rs748944863 0.8878799999999999
8 25363564 rs17053798 0.8342700000000001
8 25363610 rs150557126 0.9267799999999999
8 25363628 rs17053800 2.688e-13
8 25363698 rs17053803 0.14335
8 25363707 rs955839 5.0497e-11
8 25363815 rs546372022 0.39035
8 25364101 rs113799371 0.92732
8 25364131 rs114424225 0.8515
8 25364319 rs116133624 0.8471700000000001
8 25364331 rs4872318 8.0562e-15
8 25364443 rs73550865 0.9107700000000001
8 25364811 rs79983029 0.35169
8 25364834 rs3829009 4.6779e-11
8 25364894 rs115541844 0.9274100000000001
8 25364960 rs6990278 4.253199999999999e-11
8 25365278 rs8537 2.5938e-13
8 25366239 rs181676340 0.039941000000000004
8 25366331 rs146879379 0.8526299999999999
8 25367020 rs76126977 0.042493
8 25367323 rs115047324 0.46808
8 25367597 rs4872319 0.22182
8 25367776 rs115271281 0.85472
8 25367911 rs73221911 0.018119
8 25367979 rs17053821 4.682199999999999e-11
8 25368331 rs36109241 0.14057
8 25368458 rs76841955 0.15252000000000002
8 25368506 rs182553527 0.1747
8 25369031 rs7830893 0.9259200000000001
8 25369546 rs145249921 0.55371
8 25369687 rs73221912 0.019547
8 25369756 rs192103647 0.93142
8 25370015 rs115508143 0.8474299999999999
8 25370332 rs117594661 0.11282
8 25370529 rs527242672 0.30283000000000004
8 25370585 rs73677331 0.90394
8 25370870 rs1506870 4.6251e-11
8 25371087 rs4871944 2.998e-13
8 25371346 rs80124747 0.70813
8 25371590 rs55715530 0.79255
8 25371962 rs115703711 0.47033
8 25372075 rs6557846 1.4468000000000002e-16
8 25372135 rs11781917 4.1317e-13
8 25372352 rs117009412 0.17555
8 25372475 rs7812612 0.68977
8 25373163 rs17053850 0.49296
8 25373189 rs144167221 0.9319799999999999
8 25373801 rs17053855 0.042644999999999995
8 25374102 rs78657590 0.0037759
8 25374205 rs950385 2.1109e-16
8 25374308 rs144753949 0.47033
8 25374910 rs2012485 0.0036534999999999996
8 25375020 rs906251 0.0028491999999999996
8 25375919 rs66469946 0.021796
8 25376050 rs4872321 2.3195e-16
8 25376214 rs71517821 0.14939000000000002
8 25376879 rs117578814 0.70596
8 25377110 rs3105632 9.892700000000001e-05
8 25377160 rs111524077 5.437499999999999e-11
8 25377194 rs6420156 0.9138700000000001
8 25377369 rs7002778 0.9116200000000001
8 25377421 rs112868478 0.057654
8 25377431 rs562399480 0.86731
8 25377634 rs112422374 0.05782
8 25377839 rs73550873 0.9159
8 25377972 rs7003398 0.90159
8 25378000 rs765624375 0.73601
8 25378398 rs187979681 0.84055
8 25378460 rs7387928 0.91369
8 25378929 rs74384263 0.8921899999999999
8 25378994 rs539651735 0.43487
8 25379041 rs181817579 0.82747
8 25379182 rs112615738 0.020787
8 25379281 rs4871945 2.2677e-16
8 25379345 rs4872322 2.0409e-16
8 25379533 rs61527359 4.8323999999999996e-11
8 25379594 rs13278483 0.8943700000000001
8 25379606 rs182675788 0.24643
8 25379686 rs545199887 0.93022
8 25379693 rs61263587 4.2585e-13
8 25379848 rs9801973 0.91405
8 25379931 rs554765363 0.93395
8 25380181 rs183851364 0.94085
8 25380269 rs149860884 0.84621
8 25380393 rs61030247 5.5925e-11
8 25380400 rs6557847 4.1828e-13
8 25380699 rs140245663 0.41333000000000003
8 25380732 rs144017522 0.20770999999999998
8 25380765 rs67247469 3.3886e-13
8 25380766 rs184523582 0.92756
8 25381229 rs4872324 2.0912e-16
8 25381612 rs55833210 0.019958
8 25382134 rs55962547 0.01892
8 25382682 rs77725582 0.0039774
8 25382761 rs4871946 0.91102
8 25382912 rs186139965 0.059365
8 25383341 rs186316211 0.17487
8 25383344 rs4872325 4.1515e-13
8 25383425 rs144329495 0.021743000000000002
8 25383444 rs4872326 2.2673e-16
8 25383635 rs146394337 0.0039517
8 25383717 rs183296329 0.13045
8 25384054 rs139052461 0.83749
8 25384072 rs11777102 7.4745e-11
8 25384355 rs61656981 0.018844
8 25385054 rs189831331 0.92711
8 25385198 rs181100538 0.83749
8 25385471 rs11785264 3.5871999999999996e-13
8 25385815 rs113590971 0.018924
8 25386000 rs191056836 0.11141
8 25386230 rs536432544 0.36457
8 25386233 rs182884806 0.64123
8 25386319 rs138482679 0.76315
8 25386919 rs76088836 3.0260000000000003e-16
8 25386955 rs563433723 0.98244
8 25386973 rs146377178 0.0035905
8 25387040 rs560779126 0.9826299999999999
8 25387121 rs571021090 0.9883799999999999
8 25387223 rs60426238 0.018912
8 25387841 rs7825102 5.527399999999999e-13
8 25387948 rs7825262 5.0948e-14
8 25388555 rs62499877 0.9132899999999999
8 25389082 rs61298280 0.0034574
8 25389105 rs67558634 0.018918
8 25389598 rs185698116 0.95636
8 25389631 rs10098571 0.79406
8 25389639 rs13255181 0.55493
8 25389854 rs78469156 0.28354
8 25389882 rs73553503 7.5553e-11
8 25390083 rs117228859 0.162
8 25390194 rs17053887 3.0607e-16
8 25390280 rs17053891 5.6574e-13
8 25390400 rs184631810 0.9224100000000001
8 25390485 rs188650607 0.17195
8 25390561 rs571364925 0.11485
8 25390735 rs117219785 0.00027305
8 25390946 rs17053894 0.019788999999999998
8 25390995 rs10096030 0.9713700000000001
8 25391275 rs191478936 0.8528399999999999
8 25391339 rs78572313 0.68702
8 25391948 rs10110466 0.93884
8 25391968 rs10110470 0.99356
8 25392059 rs573596233 0.1146
8 25392628 rs60267671 0.8498399999999999
8 25392758 rs11988960 3.4402e-13
8 25392896 rs11988996 3.4571e-13
8 25392902 rs10113385 3.3562e-13
8 25393036 rs117697451 0.16022999999999998
8 25393182 rs189140699 0.88294
8 25393364 rs7018129 0.43158
8 25393493 rs540894465 0.24761
8 25393981 rs17053902 0.018344
8 25394021 rs77787036 0.72436
8 25394126 rs117477275 0.10347999999999999
8 25394154 rs9644098 3.6405e-13
8 25394620 rs75047670 0.70362
8 25394627 rs138442013 0.9943700000000001
8 25394696 rs7817357 3.4393000000000003e-13
8 25394769 rs67976022 0.017909
8 25395403 rs9644042 5.4905e-13
8 25395597 rs2979742 2.3780999999999997e-15
8 25395899 rs114946349 0.7248
8 25396192 rs17053910 0.8865700000000001
8 25396641 rs28565142 0.8527399999999999
8 25396716 rs56251384 3.4610000000000004e-16
8 25397005 rs192507143 0.29855
8 25397068 rs140527719 0.21120999999999998
8 25397347 rs112607346 0.021019
8 25397467 rs149771151 0.46318000000000004
8 25397507 rs11987880 4.3788e-16
8 25397953 rs11135871 9.108299999999999e-13
8 25397984 rs77239300 0.0006064
8 25398162 rs11135872 1.3255000000000002e-10
8 25398451 rs11998700 9.4197e-13
8 25398570 rs7845279 5.0946e-16
8 25399102 rs7387502 0.57696
8 25399287 rs143374171 0.7522300000000001
8 25399457 rs141589816 0.7924399999999999
8 25399496 rs150714424 0.5293399999999999
8 25399853 rs60491924 0.72642
8 25400025 rs76990569 0.005100100000000001
8 25400249 rs17053912 0.80515
8 25400362 rs144573334 0.18445999999999999
8 25400470 rs11986445 7.399e-13
8 25400471 rs7341581 4.5724e-16
8 25400845 rs78416545 0.11170999999999999
8 25400988 rs17053914 7.792e-13
8 25401181 rs12680084 9.3153e-16
8 25401351 rs74811303 0.87434
8 25401405 rs535102641 0.48711000000000004
8 25401418 rs60133526 0.023796
8 25401455 rs79030286 0.019563
8 25401845 rs67787498 0.023825
8 25401872 rs34608029 7.3736e-13
8 25401905 rs2939806 2.5497e-15
8 25402647 rs143426222 0.5782
8 25402746 rs115827958 0.15922999999999998
8 25402770 rs78482505 0.0049223
8 25403312 rs115571590 0.44326000000000004
8 25403342 rs145809264 0.007573899999999999
8 25403487 rs74650488 0.08795399999999999
8 25403517 rs187702558 0.9542
8 25403844 rs74720100 0.017505
8 25404308 rs112803964 0.15943
8 25404498 rs4388464 6.4069e-13
8 25404653 rs538705351 0.24283000000000002
8 25404812 rs59537220 0.0048451
8 25404933 rs189345303 0.094362
8 25405187 rs17053917 8.797600000000001e-13
8 25405502 rs151292436 0.09414199999999999
8 25405597 rs567084080 0.25871
8 25405715 rs6557848 4.3083999999999997e-16
8 25405761 rs191057018 0.17620999999999998
8 25405899 rs118085129 0.023463
8 25406553 rs58108294 0.80347
8 25406685 rs76179610 0.09374199999999999
8 25406805 rs113576406 0.26918000000000003
8 25407292 rs7832226 9.015700000000001e-13
8 25407305 rs7844144 9.4456e-13
8 25407395 rs148022274 0.015811000000000002
8 25407578 rs187854432 0.6906
8 25407857 rs68009139 0.024808
8 25408219 rs2018584 6.6402e-16
8 25408255 rs543107048 0.94527
8 25408691 rs192946361 0.9448200000000001
8 25408884 rs78156500 0.8641399999999999
8 25408996 rs184812714 0.8739899999999999
8 25409060 rs556097367 0.2585
8 25409835 rs56193577 6.3311e-13
8 25409845 rs58782944 6.279e-13
8 25410266 rs6994795 5.347500000000001e-16
8 25410280 rs117672105 0.47186000000000006
8 25410658 rs181742712 0.7983100000000001
8 25410780 rs115881237 0.79674
8 25411094 rs56195799 1.3999e-12
8 25411192 rs55870926 1.4341e-12
8 25411319 rs181840512 0.1625
8 25411328 rs150313424 0.46842
8 25411631 rs140955567 0.072771
8 25411785 rs76400843 0.10003
8 25411856 rs116821317 0.79901
8 25411967 rs141819041 0.79796
8 25411990 rs76959921 0.8706
8 25411994 rs577729657 0.25823
8 25412022 rs144610628 0.79796
8 25412045 rs7004138 0.82724
8 25412523 rs77373164 0.00038987
