CHR BP SNP P
19 33061342 rs55663700 0.001213
19 33061511 rs78187539 0.80892
19 33061660 rs62103894 0.025078
19 33061842 rs73042052 3.6271000000000003e-11
19 33062086 rs78420251 0.71831
19 33062432 rs60307325 0.0027298
19 33062635 rs548975772 0.53492
19 33062664 rs577273776 0.78017
19 33062678 rs4405665 3.1242e-08
19 33063088 rs139369968 0.4438
19 33063385 rs550375635 0.63118
19 33063684 rs143264435 0.7648
19 33063685 rs146677061 0.74212
19 33063754 rs7251242 1.6261000000000002e-16
19 33063891 rs191006797 0.35154
19 33063969 rs111810646 0.91679
19 33064014 rs77359577 0.0077513999999999994
19 33064324 rs2017372 1.5903e-16
19 33064345 rs933644 1.5907e-16
19 33064537 rs12983630 1.4531000000000001e-10
19 33064672 rs144847790 0.44406999999999996
19 33065376 rs535829285 0.8085600000000001
19 33065419 rs150678619 0.74039
19 33065527 rs71351176 5.7551e-06
19 33065728 rs12977591 1.3847e-10
19 33065978 rs139112802 0.7771
19 33066109 rs10424105 0.06865399999999999
19 33066403 rs59500145 0.80006
19 33066485 rs529714615 0.18788
19 33066491 rs144881576 0.84451
19 33066562 rs115403337 0.58967
19 33066743 rs10425410 1.5408e-16
19 33066772 rs75977850 0.41279
19 33066836 rs79726236 0.00023459
19 33067198 rs151198412 0.45233999999999996
19 33067367 rs6510263 9.7059e-39
19 33067643 rs79417573 0.79084
19 33067732 rs59164967 0.9566399999999999
19 33067771 rs7249579 0.008270900000000001
19 33067852 rs12978075 6.6938e-39
19 33068146 rs34742405 2.1905e-12
19 33068183 rs150409348 0.40123000000000003
19 33068342 rs113520122 0.013975999999999999
19 33068499 rs35447302 7.568699999999999e-39
19 33068859 rs60516451 0.74961
19 33068948 rs7245641 0.0090058
19 33069019 rs73575508 0.0095326
19 33069078 rs57265012 0.72137
19 33069112 rs6510264 6.0242e-08
19 33069681 rs113407992 7.6965e-32
19 33069721 rs146360429 0.97641
19 33070354 rs115905161 0.3184
19 33070572 rs76483949 0.8004
19 33070685 rs116860348 0.80579
19 33070855 rs34847696 4.5612e-12
19 33070971 rs139442183 0.41201000000000004
19 33071170 rs80135367 0.7640600000000001
19 33071233 rs78896861 0.90491
19 33071558 rs115831812 0.59339
19 33071669 rs375746128 0.60765
19 33072069 rs10402931 7.3098e-38
19 33072085 rs10405535 2.3785999999999996e-37
19 33072102 rs75928255 1.3947e-05
19 33072118 rs11084660 0.49738000000000004
19 33072152 rs115957116 0.13043
19 33072224 rs200986517 0.89838
19 33072266 rs10411464 2.1157e-10
19 33072314 rs71351177 5.4296000000000005e-06
19 33072348 rs561675041 0.5303899999999999
19 33072359 rs572122805 0.13660999999999998
19 33072709 rs7251953 0.0038688000000000004
19 33072768 rs12461589 0.98635
19 33072891 rs73926089 0.67624
19 33072913 rs71351178 6.1239e-06
19 33073003 rs73042059 0.0073964
19 33073075 rs80289174 0.13219
19 33073334 rs143703403 0.46088
19 33073431 rs4499344 3.9624999999999996e-42
19 33073649 rs77329943 0.77278
19 33073719 rs78702181 0.74848
19 33074415 rs34156998 5.4708e-06
19 33074614 rs34040260 0.51367
19 33075100 rs566921304 0.9895700000000001
19 33075134 rs17833075 1.6705000000000002e-38
19 33075585 rs112965956 0.58811
19 33075726 rs62103897 0.028964999999999998
19 33075849 rs76303011 0.63421
19 33075916 rs34724018 0.47667
19 33076287 rs145844670 0.84675
19 33076330 rs76126514 0.7730899999999999
19 33076527 rs192754119 0.68793
19 33076615 rs888767 7.1131e-18
19 33076639 rs138405707 0.5314800000000001
19 33076729 rs61756021 0.76961
19 33076838 rs76560304 0.46242
19 33076877 rs182493813 0.69247
19 33076973 rs10500262 4.2394e-11
19 33077121 rs58173254 0.72505
19 33077128 rs75083136 0.0027636999999999996
19 33077288 rs55856305 0.81286
19 33077418 rs141132055 0.72567
19 33077641 rs115269256 0.042312
19 33078042 rs78232320 0.92451
19 33078098 rs10500263 0.63093
19 33078429 rs4805772 7.428700000000001e-18
19 33078786 rs540062032 0.9384600000000001
19 33079215 rs201794941 0.74836
19 33080183 rs149161325 0.038304000000000005
19 33080417 rs146787322 0.40918000000000004
19 33081318 rs564391451 0.39974
19 33081416 rs563866191 0.563
19 33081936 19:33081936_G_C 0.80558
19 33083051 rs530457454 0.5329699999999999
19 33083160 rs181357780 0.9408700000000001
19 33083446 rs138417451 0.5528
19 33083468 rs12460582 0.9541
19 33083643 rs569196727 0.9909899999999999
19 33083944 rs552415705 0.14756
19 33083950 rs7260046 0.0035018999999999996
19 33084025 rs187384999 0.91745
19 33084039 rs558731770 0.89455
19 33084051 rs575482383 0.66585
19 33084250 rs62103923 0.010596
19 33084325 rs189678102 0.57228
19 33084507 rs7246991 0.0016186
19 33084650 rs7246675 0.008036
19 33084729 rs34943133 5.9938999999999995e-06
19 33084881 rs116327963 0.40912
19 33084993 rs193176797 0.53114
19 33085395 rs12973855 1.8725e-38
19 33085488 rs57791985 0.71207
19 33085501 rs12982788 1.8121e-38
19 33085568 rs888766 0.7885300000000001
19 33086091 rs752719 1.6078999999999998e-38
19 33086096 rs2868149 1.6078999999999998e-38
19 33086120 rs57263844 0.75308
19 33086262 rs752718 1.5553999999999998e-38
19 33086896 rs12982297 1.7190999999999998e-38
19 33086903 rs77150233 0.81389
19 33087178 rs16967270 0.80345
19 33087407 rs143702888 0.20856999999999998
19 33087759 rs4805776 1.6705999999999998e-38
19 33088041 rs10553 0.0039126
19 33088093 rs58392883 0.79864
19 33088366 rs2277927 1.8238999999999998e-38
19 33088988 rs17754651 0.34874
19 33089252 rs61747397 0.15083
19 33089310 rs191023196 0.30688000000000004
19 33089431 rs17692896 0.23426
19 33089730 rs146962846 7.0167999999999995e-06
19 33089755 rs749727305 0.14645
19 33089898 rs147598079 4.5046e-09
19 33090044 rs142042270 0.57016
19 33090045 rs4805777 2.4665999999999996e-38
19 33090271 rs34540877 1.4247000000000001e-05
19 33090353 rs12462871 4.6099999999999997e-38
19 33090382 rs148191178 0.49911000000000005
19 33090757 rs79274059 0.7411
19 33091263 rs150364582 0.11319000000000001
19 33091351 rs142526757 0.322
19 33091413 rs57402449 0.77617
19 33091442 rs142846669 0.92727
19 33091548 rs144253546 0.53414
19 33091682 rs2903754 4.6251999999999994e-07
19 33091706 rs17760114 0.7336
19 33092125 rs7258081 0.0071925
19 33092126 rs7258082 0.007387100000000001
19 33092141 rs151318494 0.63556
19 33092477 rs7246571 3.6529999999999997e-28
19 33092708 rs73926094 0.8580700000000001
19 33092956 rs199758720 0.072908
19 33093084 rs8100168 2.3068000000000004e-17
19 33093252 rs3815700 3.809e-17
19 33093402 rs8101356 3.5878000000000006e-17
19 33093565 rs10404211 1.6805e-17
19 33093655 rs10410895 3.0888000000000004e-17
19 33093716 rs145464407 0.88165
19 33093934 rs62103926 0.0072038
19 33093979 rs8104729 3.1694e-17
19 33094168 rs148817163 0.9721700000000001
19 33094371 rs8104328 5.6057e-17
19 33094452 rs8108840 3.0975e-17
19 33094548 rs142641876 0.66972
19 33094675 rs8104726 3.1441e-17
19 33095057 rs2287670 2.9782e-17
19 33095313 rs45538631 0.7173
19 33095463 rs8109768 3.0888000000000004e-17
19 33095508 rs77234411 0.4009
19 33095557 rs8109885 3.6096999999999995e-17
19 33095636 rs8109990 3.6096999999999995e-17
19 33095733 rs8108894 3.377e-17
19 33095746 rs144669331 0.71307
19 33095750 rs8108899 3.1591e-17
19 33095871 rs76376142 0.53578
19 33096056 rs11084665 0.0054903
19 33096235 rs147301651 0.83685
19 33096316 rs8113165 4.3704e-17
19 33096406 rs10426856 5.5548e-17
19 33096431 rs73926100 0.88118
19 33096487 rs10424732 4.2357e-17
19 33096525 rs151160928 0.51627
19 33096547 rs7260617 4.4611000000000004e-17
19 33096562 rs7260624 3.7953e-17
19 33096585 rs140180983 0.8597299999999999
19 33096718 rs7248845 4.6103999999999994e-17
19 33096786 rs7247420 4.5117e-17
19 33096816 rs7248273 2.4590999999999998e-17
19 33097144 rs10406750 3.3731e-17
19 33097216 rs10405377 3.7355e-17
19 33097324 rs146421485 0.036914999999999996
19 33097353 rs10407204 3.6903e-17
19 33097455 rs74620605 0.52855
19 33097503 rs8103269 1.3082000000000001e-27
19 33097783 rs8106944 4.3839e-28
19 33097796 rs8106502 3.9729e-28
19 33097952 rs144838803 0.65718
19 33098173 rs115084087 0.8062199999999999
19 33098238 rs12460663 8.5617e-28
19 33098586 rs59706627 0.66637
19 33098632 rs2302970 2.1646e-06
19 33098802 rs76311479 0.7498
19 33098870 rs2903755 9.5632e-28
19 33098875 rs2868150 8.719899999999999e-28
19 33098893 rs76849788 0.52764
19 33098987 rs2868151 8.9632e-28
19 33099122 rs113010539 0.0051433
19 33099277 rs2868153 1.0332000000000002e-27
19 33099289 rs76427814 0.10141
19 33099305 rs2868154 1.0306e-27
19 33099430 rs17692992 2.4572e-06
19 33099504 rs7246338 1.1637e-27
19 33099523 rs7258278 1.0105999999999998e-27
19 33099602 rs7258397 1.3750000000000002e-17
19 33099734 rs28402742 8.7528e-28
19 33099758 rs28416849 8.876699999999999e-28
19 33099854 rs11670818 3.0301e-19
19 33099899 rs7246618 7.882799999999999e-28
19 33099954 rs59773833 0.5544100000000001
19 33100245 rs10402929 9.186299999999999e-28
19 33100338 rs7250272 9.186299999999999e-28
19 33100520 rs8100356 0.055719000000000005
19 33100581 rs80010642 0.012155
19 33100674 rs117730319 0.0034467
19 33100926 rs116217359 0.21535
19 33101121 rs4407169 9.1743e-28
19 33101151 rs9636114 0.9011600000000001
19 33101172 rs62124266 0.024824000000000002
19 33101221 rs4286210 1.1507e-27
19 33101473 rs8104168 1.6874e-17
19 33101564 rs34637492 2.6627999999999997e-06
19 33101571 rs6510267 9.485199999999999e-28
19 33101948 rs56788970 0.48928999999999995
19 33102072 rs147241840 0.63432
19 33102249 rs78790921 0.49191
19 33102257 rs7247597 9.4978e-28
19 33102359 rs12150976 0.58428
19 33102410 rs77451283 0.6331
19 33102541 rs139336401 0.056003
19 33102590 rs142457257 0.31947
19 33102638 rs10405700 9.4954e-28
19 33102659 rs549555155 0.9749700000000001
19 33102710 rs10412323 9.484899999999999e-28
19 33102766 rs74558262 0.9241299999999999
19 33102805 rs10411319 1.0118e-27
19 33102892 rs10412310 9.4317e-28
19 33103250 rs10410683 0.19333
19 33103278 rs10413061 1.0463e-27
19 33103328 rs10410888 9.7508e-28
19 33103604 rs75866879 0.8784200000000001
19 33103689 rs114799900 0.4884
19 33103982 rs147703233 0.86231
19 33104070 rs434020 9.0092e-28
19 33104244 rs398990 9.4834e-28
19 33104305 rs369859 9.4912e-28
19 33104308 rs181282809 0.8005800000000001
19 33104472 rs406470 9.4912e-28
19 33104561 rs417823 9.5079e-28
19 33104653 rs419500 8.087299999999999e-28
19 33104654 rs558122366 0.6430600000000001
19 33104759 rs35253775 0.43285
19 33104776 rs377555 8.7802e-28
19 33104790 rs391154 1.5252000000000002e-17
19 33104850 rs78779272 0.75138
19 33104924 rs115578924 0.8223299999999999
19 33104951 rs421607 7.789999999999999e-28
19 33105267 rs114738320 0.10471
19 33105281 rs191710127 0.8819899999999999
19 33105384 rs550824492 0.74325
19 33105386 rs446486 6.043899999999999e-28
19 33105446 rs12971488 5.3145e-05
19 33105612 rs453804 1.3185e-27
19 33105743 rs392332 9.091099999999999e-28
19 33105904 rs380320 3.940099999999999e-27
19 33105916 rs73577316 0.5098199999999999
19 33105919 rs148687332 0.06366000000000001
19 33105951 rs377044 5.58e-28
19 33106015 rs751522774 0.62948
19 33106106 rs58353850 0.6200100000000001
19 33106109 rs410616 1.0058999999999997e-27
19 33106387 rs614361 4.9595e-28
19 33106390 rs614370 5.1222e-28
19 33106460 rs28412545 0.021830000000000002
19 33106621 rs405858 1.1322e-27
19 33106721 rs10409374 0.015394999999999999
19 33106742 rs395136 1.8463e-10
19 33106761 rs414496 2.9091000000000003e-10
19 33106991 rs444089 2.4249e-17
19 33107081 rs151248125 0.56363
19 33107197 rs3859524 1.9168e-06
19 33107216 rs389283 1.8365e-24
19 33107245 rs182017211 0.5688300000000001
19 33107257 rs2021773 3.6728e-06
19 33107295 rs774471821 0.41505
19 33107310 rs185259675 0.22869
19 33107426 rs189922783 0.23016999999999999
19 33107602 rs58398650 0.61297
19 33107651 rs2021772 4.5693000000000004e-06
19 33107716 rs10416758 4.6104e-06
19 33107875 rs60589025 0.6085699999999999
19 33107938 rs382416 2.4503e-24
19 33108096 rs35728696 4.5258e-06
19 33108189 rs12981373 2.3776e-06
19 33108666 rs35865703 7.163e-05
19 33108884 rs78768752 4.6376e-06
19 33108891 rs75972115 0.5515800000000001
19 33108894 rs549811067 0.3377
19 33108982 rs60968670 5.1463999999999995e-06
19 33109003 rs8100423 4.9618e-06
19 33109032 rs186561964 0.83868
19 33109191 rs55687317 1.9988e-06
19 33109204 rs112477288 0.34444
19 33109511 rs10411341 0.55645
19 33109557 rs8101007 7.6109e-06
19 33109674 rs36107586 5.2244e-06
19 33109766 rs34130925 4.1292e-06
19 33109857 rs73928815 0.00477
19 33109904 rs438268 4.5859e-19
19 33109977 rs75001421 0.56152
19 33109983 rs35946544 3.7763e-06
19 33110047 rs28505804 5.7397e-06
19 33110058 rs34727912 5.7130999999999996e-06
19 33110074 rs73928817 0.006912000000000001
19 33110149 rs28615461 1.0833e-05
19 33110204 rs2287669 1.5404e-05
19 33110259 rs34174163 0.31411
19 33110692 rs115607432 0.7009
19 33111102 rs402862 2.9892e-23
19 33111148 rs77120376 0.009086799999999999
19 33111584 rs446899 3.0641e-23
19 33111758 rs73028624 4.4005000000000005e-06
19 33111879 rs142822653 0.06250900000000001
19 33111888 rs8109518 8.0429e-05
19 33112242 rs114433861 0.50994
19 33112270 rs141467643 0.39158000000000004
19 33112407 rs8107197 3.3562000000000003e-10
19 33112707 rs12151311 1.6711e-10
19 33112909 rs58610191 0.20285
19 33112957 rs10420153 2.4931000000000004e-10
19 33113042 rs62124303 3.3195e-11
19 33113282 rs77566663 0.26913000000000004
19 33113295 rs2302969 4.4407e-05
19 33113713 rs8100404 0.00037580000000000003
19 33114011 rs59392054 0.8692700000000001
19 33114129 rs734771 0.0013597000000000001
19 33114368 rs73928818 0.00053893
19 33114373 rs137998737 0.20013
19 33114406 rs4805780 3.941e-11
19 33114514 rs6510270 2.3569e-10
19 33114702 rs8100917 3.6515e-11
19 33114815 rs116669011 0.0094603
19 33114873 rs73571613 0.0039204
19 33115198 rs58395110 0.0042622
19 33115210 rs59330980 0.0014804
19 33115639 rs114165668 0.53214
19 33115887 rs187982469 0.00018816
19 33116054 rs142634221 0.46771
19 33116122 rs259236 1.6788e-18
19 33116138 rs12610727 4.0713e-11
19 33116498 rs7258672 3.0398e-10
19 33116761 rs367849918 0.2376
19 33117158 rs577438799 0.28922
19 33117304 rs77888676 0.30992
19 33117666 rs6510271 2.8284e-10
19 33117775 rs62124306 0.0083511
19 33117842 rs6510272 3.0052999999999994e-10
19 33117884 rs6510273 4.2582e-11
19 33118095 rs8105481 3.3696e-10
19 33118176 rs141191345 0.20986
19 33118178 rs62124307 0.008282
19 33118359 rs12459379 0.25548000000000004
19 33118382 rs4805782 4.102e-07
19 33118397 rs4805783 3.6564e-07
19 33118739 rs80045915 0.22713000000000003
19 33118766 rs4805784 4.2729e-07
19 33119459 rs373563238 0.69665
19 33119742 rs150101296 0.8893399999999999
19 33119883 rs6510274 7.2303e-07
19 33119967 rs146926319 0.2427
19 33120031 rs259235 6.3428999999999996e-18
19 33120113 rs8110015 9.7376e-05
19 33120117 rs4805785 7.2488e-07
19 33120260 rs112814444 0.88318
19 33120265 rs4805786 0.0024796999999999996
19 33120461 rs149535338 0.47781
19 33120901 rs28532750 7.7079e-05
19 33121177 rs80002741 0.19757
19 33121243 rs7245636 0.00072193
19 33121356 rs182796674 0.4992
19 33121507 rs148653503 0.9556899999999999
19 33121595 rs7260509 2.7933000000000002e-05
19 33121605 rs78593754 0.22873000000000002
19 33121729 rs259234 8.1946e-08
19 33121874 rs34377680 6.4e-05
19 33122050 rs115835611 0.44292
19 33122495 rs116183605 0.62403
19 33122517 rs34767952 6.664e-05
19 33122567 rs8110604 0.0001155
19 33122688 rs79731708 0.9423299999999999
19 33122771 rs8110840 1.7175e-06
19 33122886 rs11878322 0.0048219
19 33123086 rs111654447 1.2599e-06
19 33123141 rs113677019 0.8484200000000001
19 33123398 rs36178540 6.5225e-05
19 33123543 rs181990964 0.31793000000000005
19 33123576 rs7250780 0.00011563
19 33123685 rs115332564 0.15925999999999998
19 33123732 rs7247406 0.00014652
19 33123736 rs7246505 0.00014652
19 33123864 rs3859525 1.8094999999999998e-06
19 33123882 rs6510275 0.0052386
19 33123906 rs116127857 0.63917
19 33123928 rs9304837 0.00011568
19 33124013 rs12459618 0.28064
19 33124136 rs4805006 0.0052582
19 33124263 rs57072114 0.6201800000000001
19 33124749 rs12981834 6.5508e-05
19 33124834 rs150159787 9.1556e-12
19 33125043 rs73030677 0.13439
19 33125055 rs17693106 1.7456e-05
19 33125483 rs17760196 0.27851
19 33125596 rs59824436 0.0014614
19 33125792 rs541262656 0.39639
19 33125823 rs34182086 1.7374e-05
19 33125910 rs17760202 0.28321999999999997
19 33125944 rs78900735 0.28321999999999997
19 33126095 rs140103446 0.41605
19 33126176 rs10405549 0.00011567
19 33126219 rs4805788 1.8525e-06
19 33126329 rs35256798 6.0038000000000004e-05
19 33126521 rs10426107 0.00011569
19 33126778 rs4805789 1.9209e-06
19 33126779 rs7248745 0.039873
19 33126907 rs146305803 0.2528
19 33126934 rs12461583 0.27834000000000003
19 33126968 rs77842211 0.5234800000000001
19 33127000 rs259233 3.3931e-17
19 33127022 rs4805790 1.8913e-06
19 33127089 rs77195997 0.095568
19 33127138 rs4805791 1.9896e-06
19 33127265 rs112091911 0.97669
19 33127431 rs141269321 0.8284
19 33127443 rs1559180 0.005196500000000001
19 33127472 rs17833237 0.0057389
19 33127687 rs112295199 0.00012416
19 33127839 rs2023323 0.0051847
19 33127874 rs182021639 0.075165
19 33127949 rs62124308 0.005236
19 33128042 rs2161172 1.8069e-06
19 33128072 rs80157920 0.27975
19 33128280 rs1549162 1.7889e-06
19 33128408 rs17760227 0.28062
19 33128436 rs1549161 0.00011207
19 33128457 rs35972270 1.7135e-05
19 33128481 rs142047201 0.014219999999999998
19 33128488 rs1549160 1.8989e-06
19 33128523 rs1549159 1.7249e-06
19 33128784 rs756174523 0.10329
19 33129038 rs2161458 0.006325
19 33129050 rs8110562 2.4243000000000002e-06
19 33129067 rs259231 4.0063000000000006e-17
19 33129157 rs79694852 0.0051341
19 33129360 rs78595532 0.61206
19 33129462 rs555986162 0.19652
19 33129659 rs118150324 0.073496
19 33129747 rs62124309 0.00011735
19 33130087 rs2302967 1.982e-06
19 33130091 rs2042262 0.00011801
19 33130093 rs2302966 5.9903999999999994e-05
19 33130376 rs150333975 0.031745999999999996
19 33130496 rs11084666 1.9406e-06
19 33130501 rs62124310 0.00010491
19 33130529 rs13345904 0.00011818
19 33130534 rs35760204 6.9281e-05
19 33130740 rs150966683 0.50192
19 33130866 rs3760941 2.4491e-06
19 33130923 rs3760942 0.0049218000000000005
19 33131119 rs58827552 0.00022771
19 33131132 rs3760944 0.67803
19 33131227 rs10410241 0.00037029
19 33131336 rs10416829 2.375e-06
19 33131423 rs28542503 0.17478
19 33131471 rs78075146 0.00017013
19 33131518 rs117635432 0.50885
19 33131526 rs12462032 1.8263999999999998e-06
19 33131539 rs11084667 1.8461000000000002e-06
19 33131890 rs113020901 0.072181
19 33132098 rs12978120 2.5919e-05
19 33132137 rs7260258 0.79448
19 33132157 rs7260265 0.78795
19 33132203 rs731672 3.7525e-06
19 33132295 rs731673 3.8668e-05
19 33132395 rs731674 0.0056398
19 33132504 rs17833279 0.27371
19 33132742 rs737547 3.0593e-06
19 33132769 rs560946327 0.76451
19 33133411 rs115900471 0.6946899999999999
19 33133827 rs186840479 0.62831
19 33133865 rs259230 1.2274e-16
19 33133953 rs78890012 0.9673200000000001
19 33133969 rs148120623 0.97541
19 33133990 rs28522766 0.01227
19 33134037 rs141889621 0.057559000000000006
19 33134155 rs76893964 0.0054878
19 33134156 rs76543986 0.0056677
19 33134229 rs144590411 0.09273200000000001
19 33134425 rs259229 1.6041e-13
19 33134635 rs259228 1.2519e-16
19 33134791 rs259227 1.3585e-16
19 33134965 rs259226 1.3686e-16
19 33135215 rs74703534 0.25943
19 33135257 rs61741421 0.9717100000000001
19 33135458 rs259225 1.7137e-16
19 33135540 rs2302965 0.85375
19 33135541 rs76203166 0.0054875
19 33136050 rs259224 1.4594e-16
19 33136083 rs148649033 2.6703999999999998e-11
19 33136187 rs142094096 0.25506999999999996
19 33136191 rs151144504 8.384700000000001e-05
19 33136561 rs259223 1.0062999999999998e-07
19 33136697 rs79821415 0.25481
19 33136833 rs140221088 0.92776
19 33136895 rs259222 1.3752e-16
19 33136924 rs259221 0.018354
19 33137129 rs141089482 0.32582
19 33137133 rs150152358 0.5625100000000001
19 33137255 rs182007624 0.27471999999999996
19 33137322 rs77081774 0.00029002
19 33137337 rs74776662 0.0002455
19 33137557 rs374318933 0.24243
19 33137582 rs28593733 0.87779
19 33137583 rs752267352 0.32706
19 33137629 rs259220 1.3826e-16
19 33137685 rs77272324 0.22687
19 33137748 rs11667412 7.564199999999999e-05
19 33137863 rs194588 1.3849e-16
19 33138067 rs259219 1.2804e-16
19 33138125 rs259218 7.4403e-17
19 33138336 rs58229578 8.213799999999999e-05
19 33138368 rs259217 1.3908e-16
19 33138496 rs182864996 0.3792
19 33138547 rs75292977 0.25467
19 33138921 rs259216 1.3764e-13
19 33139230 rs12985259 8.170100000000001e-05
19 33139638 rs259237 1.226e-16
19 33139791 rs79414477 0.19255
19 33139967 rs865659 1.3183000000000001e-16
19 33140075 rs452811 3.0513000000000003e-13
19 33140139 rs79490366 0.00024324
19 33140178 rs411328 1.5045e-13
19 33140381 rs259238 1.7669e-21
19 33140457 rs117928561 9.4651e-05
19 33140719 rs7246047 0.6945100000000001
19 33140727 rs7260381 0.00059755
19 33140817 rs62124325 0.005053800000000001
19 33140877 rs76166580 0.00024367
19 33141090 rs259239 4.8954e-13
19 33141180 rs174083 3.2511999999999997e-09
19 33141330 rs79919438 0.28584
19 33141369 rs34468872 7.3163e-05
19 33141395 rs532476305 0.48077
19 33141711 rs259240 2.0967e-09
19 33141734 rs78187313 7.9112e-05
19 33141777 rs62124326 0.00031455
19 33141877 rs755766990 0.36227
19 33142035 rs714594 7.3776e-05
19 33142353 rs77318782 0.27854
19 33142378 rs141644073 0.9912700000000001
19 33142740 rs77618482 0.24481
19 33142842 rs540406178 0.11581
19 33142895 rs12979236 7.3032e-05
19 33142952 rs113066531 0.95104
19 33142974 rs77861604 0.9827799999999999
19 33143087 rs7250980 0.00080853
19 33143362 rs62124327 0.0058128
19 33143430 rs143380340 0.86175
19 33143529 rs148355535 1.5053e-06
19 33143605 rs141538993 5.7469999999999996e-11
19 33143626 rs71351182 7.365e-05
19 33143701 rs259241 4.5716e-11
19 33143790 rs116468464 0.8190000000000001
19 33143816 rs749404388 0.99624
19 33143855 rs535862166 0.072837
19 33143988 rs142444918 0.9484
19 33144107 rs34131970 6.870800000000001e-05
19 33144146 rs113384122 0.004961
19 33144219 rs80228273 0.28075
19 33144248 rs259242 1.5375e-16
19 33144402 rs7255287 0.21875999999999998
19 33144440 rs79232331 0.27383
19 33144621 rs194589 8.905799999999999e-17
19 33144726 rs259243 1.9066e-16
19 33144838 rs148476136 0.27986
19 33144967 rs142641376 0.38794
19 33145044 rs147612736 0.2783
19 33145097 rs259244 2.789e-13
19 33145106 rs259245 1.0829999999999999e-10
19 33145409 rs554018773 0.76168
19 33145645 rs736452 0.0029685
19 33145657 rs736451 0.0028511
19 33145794 rs12610533 0.18936
19 33145930 rs2903756 0.0029622
19 33145950 rs138957729 0.12324
19 33146132 rs74975915 0.31756999999999996
19 33146154 rs259246 2.1303000000000003e-13
19 33146403 rs863905 1.064e-10
19 33146414 rs1103851 1.2732e-07
19 33146471 rs11666270 8.2159e-05
19 33146617 rs375070213 0.18578
19 33146637 rs114559145 6.663600000000002e-11
19 33146968 rs201803942 0.95091
19 33147437 rs2839726 0.19155
19 33147602 rs188774070 0.34329
19 33147657 rs259247 2.8324e-11
19 33147668 rs62124328 0.0029352
19 33147878 rs150718193 0.96775
19 33148041 rs259248 1.0948e-10
19 33148106 rs570147832 0.3533
19 33148293 rs62124329 0.0028523000000000003
19 33148302 rs11882922 0.95499
19 33148668 rs6510276 0.20840999999999998
19 33148691 rs142296430 0.013828
19 33148753 rs79299930 0.77271
19 33148776 rs564865870 0.4963
19 33148837 rs62124330 0.0039865000000000005
19 33148852 rs259249 2.5729e-13
19 33148927 rs138433251 0.29572
19 33149092 rs145100641 0.80076
19 33149136 rs117449857 6.9639e-11
19 33149216 rs259250 1.1387000000000002e-10
19 33149301 rs118090667 0.14775
19 33149523 rs77511911 0.47444
19 33149661 rs144447322 0.9969600000000001
19 33149768 rs259251 2.1501999999999998e-13
19 33149861 rs147502994 0.035958
19 33149991 rs259252 2.4941e-07
19 33150083 rs75811650 8.8566e-08
19 33150309 rs12459779 9.247400000000001e-08
19 33150339 rs12461896 1.0550999999999998e-07
19 33150430 rs143755213 0.34731999999999996
19 33150604 rs12459846 9.3414e-08
19 33150818 rs71351183 8.849799999999999e-05
19 33150858 rs36054879 8.0075e-05
19 33150946 rs62124331 1.2691e-07
19 33151151 rs185132488 0.34325
19 33151159 rs259253 0.0003474
19 33151266 rs259254 5.3608e-13
19 33151306 rs7253866 9.329000000000001e-08
19 33151410 rs139817772 0.9980600000000001
19 33151411 rs149787172 8.027e-11
19 33151419 rs62124332 8.883100000000001e-08
19 33151437 rs368626151 0.3378
19 33151540 rs145709906 0.35607
19 33151765 rs259255 2.0455e-07
19 33151802 rs259256 3.0091e-13
19 33151804 rs144522435 0.6230899999999999
19 33151844 rs62124333 9.3377e-08
19 33151965 rs10417268 0.0016717
19 33152151 rs10412115 0.0011525
19 33152296 rs259257 2.9447e-11
19 33152353 rs10411793 0.21511
19 33152460 rs151289955 0.38861999999999997
19 33152523 rs259258 3.0225e-13
19 33152533 rs113063227 0.043244
19 33152560 rs114027253 0.1493
19 33152990 rs259259 2.6805e-11
19 33153110 rs10424989 0.19902
19 33153261 rs259260 2.814e-13
19 33153320 rs34552729 7.223100000000001e-05
19 33153398 rs259261 0.00038336
19 33153400 rs557107047 0.8962100000000001
19 33153847 rs191978645 0.036955
19 33153891 rs10405832 0.20374
19 33153899 rs10424021 0.21813000000000002
19 33153951 rs259262 2.6239e-13
19 33154005 rs8113523 0.74988
19 33154076 rs79450981 0.14895999999999998
19 33154286 rs62124334 1.322e-07
19 33154311 rs8112647 0.21464
19 33154531 rs77326616 0.3686
19 33154684 rs146544199 7.602100000000001e-05
19 33154690 rs259263 0.00035818
19 33154751 rs550308134 0.52654
19 33154823 rs192622878 0.62726
19 33155085 rs7248975 0.18905999999999998
19 33155187 rs166310 3.0743000000000003e-13
19 33155354 rs58838452 0.19971
19 33155358 rs149838984 9.5052e-11
19 33155435 rs145824215 0.44148000000000004
19 33155657 rs114963790 0.16571
19 33155709 rs148971725 0.4969
19 33156172 rs182075478 0.17357999999999998
19 33156180 rs150964365 0.875
19 33156288 rs10415176 0.20770999999999998
19 33156289 rs145813281 0.9079799999999999
19 33156433 rs372921642 0.35583000000000004
19 33156466 rs7253668 1.498e-07
19 33156654 rs7253942 1.1348e-07
19 33156817 rs259268 8.1404e-07
19 33156866 rs138369196 0.24383000000000002
19 33156940 rs259269 3.0993e-13
19 33156974 rs146060711 0.43566000000000005
19 33157003 rs259270 6.512999999999999e-07
19 33157100 rs259271 3.1816e-13
19 33157167 19:33157167_G_A 0.4468
19 33157203 rs17760365 6.4096000000000004e-06
19 33157255 rs779143519 0.99345
19 33157401 rs10422710 0.77671
19 33157446 rs74845871 0.23475
19 33157681 rs10451463 1.3163e-07
19 33157711 rs12052193 0.0061547
19 33157855 rs564195780 0.70636
19 33157856 rs533271270 0.70636
19 33157857 rs186054816 0.70636
19 33158050 rs10409582 0.19296
19 33158079 rs74587484 1.8766999999999998e-10
19 33158085 rs259272 0.00032110000000000005
19 33158687 rs62124336 1.3291e-07
19 33158716 rs150047279 0.62244
19 33158846 rs76219222 1.2815999999999998e-07
19 33159041 rs7251263 0.20178
19 33159074 rs114681577 0.35927
19 33159479 rs259274 0.013280000000000002
19 33159608 rs143437968 0.99035
19 33159693 rs259275 1.9871e-13
19 33159781 rs7252199 0.17545999999999998
19 33159960 rs10417699 0.00084536
19 33160147 rs10416617 0.16236
19 33160368 rs138631943 0.8928799999999999
19 33160534 rs10417449 0.00082305
19 33160569 rs7254931 1.1752000000000001e-07
19 33160626 rs77939949 0.57925
19 33160953 rs259276 3.0829e-11
19 33161007 rs13313735 0.022112
19 33161103 rs259277 2.438e-11
19 33161104 rs574847669 0.51639
19 33161105 rs7259627 0.90635
19 33161126 rs259278 6.7207e-19
19 33161246 rs166311 2.7076e-15
19 33161274 rs259279 4.830100000000001e-19
19 33161314 rs35017666 0.0001125
19 33161452 rs259280 3.1996e-13
19 33161515 rs146080872 0.5834199999999999
19 33161563 rs113246437 0.020138
19 33161636 rs259281 2.3386999999999996e-11
19 33161665 rs144675931 0.70975
19 33161683 rs13313710 2.3373e-10
19 33161818 rs13313732 2.4034e-10
19 33161823 rs440034 7.368e-19
19 33161824 rs454856 7.0733e-13
19 33161850 rs71351185 0.00018595
19 33161858 rs10419234 0.00017606
19 33161859 rs116931412 2.6743e-07
19 33161911 rs114306233 2.6532e-10
19 33161975 rs112762254 2.4156e-10
19 33162172 rs11672605 0.0046327
19 33162432 rs7256791 0.00018665
19 33162906 rs13347124 0.2755
19 33163043 rs259282 4.6927e-13
19 33163050 rs149890989 0.57972
19 33163058 rs144888464 0.87576
19 33163103 rs259283 2.4565e-13
19 33163158 rs115273093 2.1493999999999998e-10
19 33163262 rs259284 1.0755e-12
19 33163437 rs78201741 0.49751000000000006
19 33163440 rs10408280 0.94189
19 33163480 rs113672691 0.14178
19 33163541 rs73580138 0.55589
19 33163637 rs145427572 0.9486600000000001
19 33163638 rs762885812 0.10555999999999999
19 33163664 rs1864206 0.00017424
19 33163841 rs62124337 0.0075171000000000005
19 33164355 rs114091063 0.81213
19 33164414 rs138118318 0.8959299999999999
19 33164583 rs71351186 0.00011919
19 33164682 rs114556076 0.47417
19 33164697 rs259285 1.1502e-12
19 33164759 rs259286 2.9662999999999995e-23
19 33164828 rs78721051 0.638
19 33164859 rs259287 1.1403e-12
19 33164920 rs7252792 2.4650999999999997e-09
19 33164927 rs259289 1.2618e-12
19 33165048 rs10414208 0.81622
19 33165384 rs111977471 1.1993e-10
19 33165857 rs188196803 1.1799e-10
19 33165870 rs143243076 1.1483e-10
19 33166035 rs115458177 1.3725999999999997e-10
19 33166118 rs115932982 1.0983e-10
19 33166227 rs184068923 0.88428
19 33166408 rs8112149 6.3801e-06
19 33166721 rs7359980 1.1498e-10
19 33166871 rs546530162 0.82486
19 33167113 rs116046448 0.20751
19 33167114 rs116373831 0.15372
19 33167208 rs3826926 5.848400000000001e-06
19 33167455 rs259290 1.3436e-12
19 33167837 rs35413309 4.4949e-05
19 33167879 rs259291 2.1954999999999997e-23
19 33167885 rs368748460 0.11675
19 33167906 rs139444314 0.71133
19 33168059 rs259292 1.2405e-12
19 33168078 rs7251557 0.47551000000000004
19 33168082 rs114702370 0.097929
19 33168412 rs259293 4.1689e-11
19 33168447 rs112940081 0.77084
19 33168452 rs555970949 0.1148
19 33168605 rs10411566 1.1852e-10
19 33168627 rs114025965 9.5014e-11
19 33168829 rs80247293 1.2614e-10
19 33169003 rs259294 2.2896000000000002e-20
19 33169097 rs10417773 8.683100000000001e-11
19 33169103 rs117702187 9.0593e-11
19 33169335 rs113888939 0.015319
19 33169377 rs75361670 3.5798e-06
19 33169415 rs71351187 8.955e-05
19 33169739 rs259295 2.4221e-11
19 33169773 rs8113788 0.0015493
19 33169899 rs114230446 0.009960799999999999
19 33169979 rs259296 3.3150999999999997e-13
19 33170026 rs148956639 0.01052
19 33170468 rs12971553 0.0030277
19 33170701 rs76469138 0.0036229
19 33170849 rs77416142 0.00062667
19 33171057 rs78487837 0.65165
19 33171252 rs76381501 0.4751
19 33171346 rs12972109 1.0492e-10
19 33171523 rs114719338 0.8664200000000001
19 33171843 rs10426259 0.48453
19 33172519 rs10401690 0.76666
19 33172634 rs571820579 0.65081
19 33172707 rs147512821 0.94165
19 33172974 rs139343835 0.4725
19 33173076 rs8107934 9.9303e-06
19 33173486 rs373099614 0.32616999999999996
19 33174286 rs143212660 0.33831999999999995
19 33174379 rs56776551 0.83729
19 33174402 rs146662221 0.77161
19 33174613 rs59711533 0.00048120000000000004
19 33174746 rs8108456 1.2482999999999999e-05
19 33174814 rs114237127 0.002068
19 33175110 rs528984075 0.89623
19 33175143 rs11670253 0.43587
19 33175311 rs11673138 0.8309700000000001
19 33175432 rs113034901 0.99318
19 33175526 rs8112104 0.77183
19 33175581 rs11670401 0.41726
19 33175823 rs79032268 0.56293
19 33175938 rs11878434 5.3352e-11
19 33176004 rs114342675 0.6328699999999999
19 33176191 rs62124338 1.6762e-05
19 33176400 rs143799727 0.32583
19 33176493 rs35729536 1.6530999999999998e-05
19 33176508 rs71351189 1.5589e-09
19 33177173 rs189462452 0.81618
19 33177301 rs139066903 0.34639000000000003
19 33177359 rs111330156 0.0026519
19 33177767 rs144181566 0.94895
19 33177826 rs28807428 0.8696
19 33177852 rs28871664 0.8791899999999999
19 33178070 rs11668351 0.8826299999999999
19 33178449 rs151193470 0.94791
19 33178476 rs117950683 0.45583999999999997
19 33178524 rs142443960 0.00034277
19 33179420 rs149215289 0.8915299999999999
19 33179658 rs116041745 0.6489199999999999
19 33179706 rs59784628 0.86982
19 33179748 rs10409678 0.34567
19 33179749 rs10401625 0.10715999999999999
19 33180187 rs28422806 0.89971
19 33180434 rs8104531 2.4486e-10
19 33181484 rs3892630 4.7496e-10
19 33181535 rs112511016 0.33439
19 33181769 rs10418819 0.91765
19 33182320 rs881273 0.29664
19 33182381 rs77785077 0.65044
19 33182600 rs144549867 0.19564
19 33182730 rs10412467 0.5795
19 33182746 rs10413279 2.9763000000000003e-08
19 33182750 rs80137870 1.9488e-09
19 33182751 rs10413282 2.4364e-08
19 33182802 rs8108837 0.00012652
19 33183291 rs8108621 4.2998e-10
19 33183316 rs8109823 5.299299999999999e-10
19 33183352 rs61732600 7.507e-05
19 33183442 rs201506130 0.12093
19 33183445 rs185004934 0.95306
19 33183584 rs147910567 0.31415
19 33183669 rs6510277 4.3536e-10
19 33183718 rs56053629 0.93848
19 33183812 rs4805801 1.1584000000000001e-05
19 33184082 rs141098103 0.29818
19 33184157 rs150263135 0.30998000000000003
19 33184174 rs146853257 0.9850700000000001
19 33184260 rs140684339 0.7859999999999999
19 33184330 rs554428855 0.11020999999999999
19 33184333 rs35292171 0.0027658
19 33184369 rs12611419 3.7031000000000004e-10
19 33184410 rs558797720 0.6434
19 33184412 rs12609866 4.4851000000000004e-10
19 33184453 rs56139414 0.7195699999999999
19 33184543 rs117895059 0.11454
19 33184615 rs10425315 0.63561
19 33184858 rs182571279 0.33521
19 33184950 rs532067717 0.5220199999999999
19 33184964 rs114812325 0.43093000000000004
19 33185013 rs4805802 0.00014151
19 33185020 rs57164679 0.8998700000000001
19 33185506 rs139310763 0.17732
19 33185626 rs187425727 0.9754200000000001
19 33185667 rs149996940 0.31001999999999996
19 33185745 rs6510278 0.8205
19 33185829 rs11671643 0.36696
19 33185962 rs148707543 0.65415
19 33186147 rs142265814 0.31159000000000003
19 33186181 rs112761126 0.035892
19 33186209 rs7257113 0.82494
19 33186286 rs145840590 0.64751
19 33186440 rs187167820 0.8676
19 33186579 rs8107610 3.2754999999999997e-10
19 33187017 rs138434968 0.30853
19 33187102 rs112532063 0.96105
19 33187226 rs62124357 0.012291
19 33187352 rs113033656 0.90022
19 33187533 rs10421156 0.61837
19 33187668 rs147193007 0.3108
19 33187683 rs148656195 0.8026
19 33187750 rs141899046 0.36622
19 33187953 rs7246387 0.71443
19 33187961 rs35408716 4.0168e-10
19 33188239 rs139763768 0.5784699999999999
19 33188294 rs57253458 0.61863
19 33188334 rs73577290 0.92737
19 33188423 rs145364684 0.90296
19 33188453 rs149182576 0.23656999999999997
19 33188550 rs114112235 0.64715
19 33189008 rs146933227 0.31385
19 33189033 rs137856206 0.31072
19 33189039 rs114555829 0.10304
19 33189046 rs115185699 0.7833600000000001
19 33189139 rs114020591 0.6451
19 33189215 rs11667144 0.31819000000000003
19 33189502 rs148336294 0.9600299999999999
19 33189631 rs146302610 0.31072
19 33189664 rs568049111 0.11399000000000001
19 33190033 rs144526066 0.31048000000000003
19 33190066 rs7255522 0.53509
19 33190146 rs66788054 4.7339e-10
19 33190263 rs35709439 1.5965e-05
19 33190285 rs6510279 0.81887
19 33190357 rs149835865 0.31072
19 33190420 rs116395886 0.57898
19 33190422 rs6510280 0.00021967
19 33190441 rs145792311 0.9563200000000001
19 33190461 rs145099099 0.31099
19 33190467 rs113526352 0.001256
19 33190470 rs147566020 0.31099
19 33190546 rs141993618 0.31072
19 33190697 rs148285696 0.22465
19 33190774 rs8108813 0.5393899999999999
19 33190796 rs8101812 0.00018772
19 33191026 rs142063777 0.31072
19 33191192 rs8112955 4.7326e-10
19 33191525 rs117412825 0.3111
19 33191536 rs78878152 0.24586999999999998
19 33191894 rs142812286 0.31137
19 33192024 rs144228664 0.9535399999999999
19 33192215 rs142432119 0.68378
19 33192249 rs150883130 0.13943
19 33192343 rs140044996 0.8545
19 33192384 rs10418775 0.59626
19 33192577 rs79483598 0.0004942
19 33192921 rs79954382 0.00043578
19 33192922 rs140400177 0.33549
19 33193162 rs113282417 0.0051668
19 33193448 rs148904507 0.72502
19 33193520 rs4805008 0.80818
19 33193595 rs143589362 0.31135
19 33193630 rs146490516 0.63476
19 33194149 rs563946599 0.47738
19 33194185 rs7248788 0.00035354
19 33194682 rs142825587 0.6429699999999999
19 33195074 rs73577294 0.90205
19 33195107 rs149434358 0.31114
19 33195735 rs140414365 0.79373
19 33195783 rs142090952 0.794
19 33195804 rs79221112 0.59168
19 33195841 rs12980802 0.00017036
19 33195911 rs186611634 0.40104
19 33195947 rs2903759 4.8035e-10
19 33196286 rs79840281 0.36025
19 33196336 rs9676978 0.00021505
19 33196436 rs113516951 0.12997999999999998
19 33196644 rs1827701 4.4205e-10
19 33196893 rs543119960 0.79489
19 33196989 rs1827700 0.00031257
19 33197201 rs146711840 0.18520999999999999
19 33197210 rs76345667 0.089745
19 33197355 rs12975541 0.00020943
19 33197555 rs143270368 0.7933899999999999
19 33198074 rs112222494 0.90241
19 33198112 rs192799693 0.21978000000000003
19 33198499 rs147034904 0.43073999999999996
19 33198520 rs547195179 0.15023
19 33198659 rs11879945 0.78238
19 33198711 rs11882035 0.30921
19 33198743 rs192356999 0.62793
19 33198861 rs34159717 0.00022024
19 33199033 rs35086633 0.00021397
19 33199048 rs149275626 0.31135999999999997
19 33199105 rs144513375 0.41928999999999994
19 33199189 rs28416392 0.61605
19 33199225 rs7259789 0.76622
19 33199227 rs12975429 3.9633999999999995e-10
19 33199463 rs77321774 0.35461
19 33199477 rs7256355 0.00019297
19 33199488 rs563614054 0.76139
19 33199527 rs143453563 0.31117
19 33199572 rs146729677 0.63743
19 33199664 rs75898140 0.5526300000000001
19 33199753 rs8113684 0.0002973
19 33199783 rs8112297 0.00022125
19 33199892 rs140331296 0.31027
19 33200153 rs189027282 0.47918
19 33200162 rs11673618 0.34526
19 33200412 rs10427129 0.5928
19 33200750 rs148953136 0.72912
19 33201096 rs12986412 0.00038485
19 33201104 rs12977148 0.00027400000000000005
19 33201166 rs185688368 0.64488
19 33201215 rs142656236 0.31135999999999997
19 33201412 rs77311739 0.34438
19 33201487 rs141537954 0.21299
19 33201786 rs137986717 0.55986
19 33202273 rs145946077 0.31084
19 33202274 rs139794744 0.31084
19 33202863 rs115755459 0.7761
19 33203048 rs146280553 0.19479000000000002
19 33203113 rs148480559 0.34403
19 33203629 rs140501115 0.7098399999999999
19 33203675 rs11879169 0.83265
19 33203686 rs145422700 0.31084
19 33204017 rs57011371 0.35756
19 33204088 rs113035598 0.82157
19 33204251 rs34870938 1.1800999999999999e-09
19 33204313 rs193147286 0.3108
19 33204544 rs1061686 1.3627e-09
19 33204606 rs149004903 0.31061
19 33204852 rs78459651 0.55585
19 33204967 rs181098848 0.83685
19 33205050 rs143764726 0.8547600000000001
19 33205089 rs148132451 0.28505
19 33205272 rs145979141 0.53315
19 33205543 rs138571303 0.42626000000000003
19 33205614 rs6510282 0.00039429
19 33205844 rs11878394 1.3273e-09
19 33206084 rs139205816 0.8607299999999999
19 33206147 rs149524785 0.31394
19 33206207 rs181464286 0.8145600000000001
19 33206285 rs112417355 0.3144
19 33206844 rs76385208 0.37132
19 33206936 rs113561633 0.9019
19 33207059 rs144660710 0.28565999999999997
19 33207202 rs111923207 0.31461999999999996
19 33207256 rs113737295 0.041733
19 33207417 rs76465359 9.873399999999999e-07
19 33207504 rs117631172 0.35143
19 33207645 rs7256750 0.15181
19 33207667 rs150473567 0.42662
19 33207744 rs145398742 0.081412
19 33208019 rs57653521 0.6039100000000001
19 33208155 rs1976501 3.8964e-08
19 33208251 rs76803688 0.34970999999999997
19 33208407 rs62126462 0.001395
19 33208453 rs141591441 0.70397
19 33208579 rs112824028 0.31422
19 33208598 rs79012849 0.34925
19 33208655 rs147974180 0.40293
19 33208679 rs111272799 0.31422
19 33208939 rs183726619 0.96783
19 33209246 rs140828512 0.39532
19 33209486 rs77146449 0.31581
19 33209572 rs145716924 0.67533
19 33209614 rs7246451 1.4737999999999998e-09
19 33209634 rs116796973 0.9548200000000001
19 33210030 rs12610260 3.6345e-08
19 33210056 rs151128397 0.9023200000000001
19 33210247 rs1559175 0.28625
19 33210389 rs1559176 0.90699
19 33210469 rs145112993 0.41451000000000005
19 33210646 rs1559177 1.337e-09
19 33210665 rs112185667 0.31484
19 33210869 rs75585075 0.54904
19 33210885 rs550644768 0.066976
19 33210902 rs567459981 0.31554
19 33210924 rs150315126 0.31554
19 33210932 rs553533749 0.65163
19 33211232 rs114224536 1.0565999999999998e-09
19 33211880 rs114920367 0.60825
19 33211883 rs191656038 0.93399
19 33211988 rs115656400 0.00050035
19 33212520 rs113827963 0.00056085
19 33212748 rs186691876 0.6511399999999999
19 33212957 rs116179744 0.52578
19 33212990 rs546765726 0.85225
19 33213131 rs77805421 0.37221
19 33213199 rs12983541 0.98239
19 33213526 rs12463266 0.9895700000000001
19 33213732 rs59437628 0.40041
19 33214073 rs74406712 0.00072937
19 33214166 rs114438301 0.54567
19 33214310 rs562344876 0.76948
19 33214829 rs12984580 0.40917
19 33214876 rs560224828 0.74111
19 33214925 rs28564757 0.59587
19 33215009 rs79184963 0.40604
19 33215526 rs150970021 0.066976
19 33215854 rs138602934 0.063287
19 33215878 rs141454054 0.00065239
19 33216225 rs71464772 0.9932200000000001
19 33216330 rs138184256 0.061773
19 33216592 rs508455 3.5783e-05
19 33216667 rs7252736 0.99223
19 33216680 rs7254153 0.9994799999999999
19 33216829 rs7257486 0.00062169
19 33216986 rs544464868 0.056114
19 33217088 rs111886190 0.93705
19 33217351 rs140007810 0.96024
19 33217367 rs11880959 0.9549
19 33217382 rs11880352 0.9626600000000001
19 33217498 rs750061519 0.7320399999999999
19 33217670 rs74392357 0.00046207
19 33217781 rs146402717 0.066976
19 33217941 rs113738870 0.6519699999999999
19 33218011 rs7351070 0.44666000000000006
19 33218315 rs79245422 0.54268
19 33218623 rs145304698 0.9857
19 33218646 rs111306646 0.93674
19 33218659 rs570251803 0.10332000000000001
19 33218886 rs144269253 0.96285
19 33219409 rs76806895 0.54118
19 33219436 rs76049243 0.39683
19 33219500 rs75974458 0.35627
19 33219615 rs372192059 0.50734
19 33219999 rs7254919 0.00053803
19 33220280 rs529206162 0.078924
19 33220624 rs189472141 0.65213
19 33220924 rs184039244 0.93089
19 33220938 rs140860039 0.88535
19 33220973 rs12981545 3.0866e-09
19 33221161 rs145073242 0.9532799999999999
19 33221262 rs79457458 0.00057588
19 33221272 rs138855508 0.9612700000000001
19 33221326 rs8102279 0.95316
19 33221390 rs141993124 0.47131999999999996
19 33221433 rs146299963 0.29245
19 33221559 rs12983074 0.44141
19 33221648 rs148588850 0.066976
19 33221760 rs36002893 0.00017281
19 33221767 rs12327732 3.2508000000000004e-09
19 33221782 rs8109769 0.00068569
19 33221804 rs150673167 0.13196
19 33222251 rs7256262 0.83442
19 33222266 rs74624231 0.29245
19 33222307 rs118089721 0.00065231
19 33222561 rs533127186 0.9617600000000001
19 33223005 rs12983865 0.42965
19 33223050 rs35417602 0.00017531
19 33223500 rs530847468 0.50205
19 33223766 rs35654350 5.2659e-09
19 33223921 rs371495790 0.32350999999999996
19 33223959 rs183723331 0.98493
19 33223968 rs151218252 0.96024
19 33223998 rs10408725 0.99611
19 33224166 rs145449295 0.65323
19 33224394 rs116740590 0.29245
19 33224498 rs77695701 0.57344
19 33224552 rs116511621 0.066976
19 33225090 rs181981400 0.066976
19 33225174 rs12151325 0.9925299999999999
19 33225363 rs74772203 0.9467700000000001
19 33225526 rs8107317 0.00072484
19 33225547 rs8107328 0.00064017
19 33225634 rs138129119 0.29245
19 33226074 rs147498866 0.29518
19 33226171 rs115269825 0.06704600000000001
19 33226229 rs28787932 7.1605e-08
19 33226371 rs114719710 0.063358
19 33226372 rs80241537 0.5787800000000001
19 33226404 rs111840755 0.46474
19 33226673 rs150934997 0.00056552
19 33226745 rs139482002 0.31686
19 33226770 rs567268862 0.58777
19 33226842 rs149661059 0.72747
19 33227335 rs77557819 0.5898
19 33227886 rs115814514 0.21665
19 33228056 rs146473140 0.93399
19 33228164 rs140624055 0.93399
19 33228229 rs780430686 0.8186899999999999
19 33228363 rs117146612 0.0029111999999999996
19 33228840 rs12974135 0.9969
19 33228841 rs12975958 0.46105
19 33229092 rs138947794 0.96024
19 33229184 rs74633612 0.0006436
19 33229629 rs147515871 0.19429000000000002
19 33230128 rs530493732 0.43122
19 33230180 rs12985444 0.9965
19 33230403 rs545276565 0.8098
19 33230721 rs528726902 0.17165999999999998
19 33230984 rs71335798 0.96024
19 33231250 rs185121436 0.59138
19 33231284 rs145281404 6.150599999999999e-06
19 33231579 rs77328518 0.29245
19 33231619 rs34425841 8.0592e-09
19 33231694 rs16967371 0.41594
19 33231786 rs977708 0.99398
19 33232554 rs141873692 0.70724
19 33232962 rs7258269 0.00018363
19 33233290 rs7248155 0.9950700000000001
19 33233424 rs7260313 0.9950200000000001
19 33233430 rs138466983 0.31658000000000003
19 33233899 rs113083604 0.6533399999999999
19 33234018 rs17699213 0.00018235
19 33234109 rs143981693 0.31546
19 33234198 rs534104677 0.29245
19 33234534 rs572131228 0.066717
19 33234584 rs542157483 0.024717
19 33234599 rs61510084 0.077374
19 33234826 rs139965697 0.539
19 33234889 rs183139480 0.31351
19 33235028 rs554924025 0.9627399999999999
19 33235353 rs192856572 0.55911
19 33235434 rs370515689 0.52981
19 33235489 rs7252343 0.99155
19 33235593 rs35348375 0.00034219
19 33235970 rs11668646 0.7953600000000001
19 33235985 rs190474607 0.42995
19 33236193 rs78205859 0.0007559999999999999
19 33236575 rs7256763 0.93739
19 33236578 rs149207501 0.61973
19 33237001 rs7260406 0.00062203
19 33237156 rs374499922 0.068493
19 33237470 rs368771826 0.31658000000000003
19 33237488 rs11669748 0.6193
19 33237662 rs546716997 0.5593100000000001
19 33237871 rs12460200 0.00080409
19 33238031 rs182993960 0.70814
19 33238085 rs542750902 0.21796
19 33238089 rs12973557 0.9996
19 33238339 rs139972291 0.31615
19 33238949 rs142604039 0.31886
19 33238999 rs12610846 0.9888
19 33239105 rs4805804 0.9779200000000001
19 33239200 rs79896483 0.36216
19 33239293 rs56354415 0.6322800000000001
19 33239450 rs4805805 0.9987799999999999
19 33239612 rs554933142 0.9570299999999999
19 33239766 rs147916161 0.31658000000000003
19 33239846 rs7247264 3.2359e-09
19 33239935 rs139968843 0.93374
19 33239964 rs145355297 0.31658000000000003
19 33239976 rs147655436 0.13731
19 33239988 rs4254433 0.00019136
19 33240000 rs2042263 0.99631
19 33240024 rs555123790 0.079091
19 33240447 rs34748593 3.0501999999999997e-09
19 33240493 rs116284837 0.66038
19 33240570 rs9783983 0.56203
19 33240610 rs145858602 0.62717
19 33240692 rs201268108 0.37940999999999997
19 33241228 rs78142838 0.91684
19 33241399 rs74647624 0.53973
19 33241582 rs183798789 0.060721000000000004
19 33241682 rs137940378 0.9532799999999999
19 33241732 rs4805806 0.42733000000000004
19 33241921 rs182074651 0.29245
19 33242146 rs9783990 0.99623
19 33242378 rs79028199 0.39725
19 33242432 rs191565806 0.32439
19 33242447 rs115598926 0.068981
19 33242483 rs184058598 0.90236
19 33242543 rs188410859 0.5315300000000001
19 33242652 rs7249281 0.99618
19 33242701 rs7260037 6.367499999999999e-08
19 33242755 rs7245709 6.3679e-08
19 33242926 rs117848060 0.00077603
19 33243366 rs11670515 0.34671
19 33243761 19:33243761_C_T 0.22353
19 33243847 rs374506619 0.5895100000000001
19 33243855 rs10414476 6.5866e-08
19 33243903 rs8107171 0.9975
19 33243989 rs142262560 0.47335
19 33243990 rs8106387 0.41778999999999994
19 33244117 rs144400925 0.66067
19 33244136 rs115762111 0.068995
19 33244310 rs58227141 0.00054629
19 33244471 rs8106928 0.00019391
19 33244559 rs144708703 0.23656
19 33244644 rs6510285 0.00019419
19 33244658 rs113248306 0.00057638
19 33245021 rs7246228 0.9835
19 33245384 rs76803117 0.5553600000000001
19 33245573 rs181711499 0.93584
19 33245878 rs2868186 0.00076385
19 33245887 rs78610632 0.39208000000000004
19 33246317 rs10404914 0.99398
19 33246375 rs185001829 0.16626
19 33246599 rs8100942 0.42301000000000005
19 33246710 rs111885551 0.6531100000000001
19 33247231 rs2868187 0.0005792999999999999
19 33247530 rs144652195 0.53897
19 33247731 rs184666978 0.9700799999999999
19 33247965 rs75257288 0.55186
19 33248058 rs113063201 0.65585
19 33248081 rs549494205 0.94363
19 33248184 rs62126489 0.0015452
19 33248535 rs143793091 0.95431
19 33248614 rs151179838 0.31658000000000003
19 33248643 rs78036203 0.32171
19 33248963 rs763080468 0.26733
19 33249108 rs11669214 0.38979
19 33249337 rs114674944 0.29579
19 33249378 rs142292710 0.96024
19 33249467 rs56977773 0.00051508
19 33249811 rs12975572 0.00019077
19 33249876 rs192091438 0.63269
19 33249914 rs10405092 0.43006000000000005
19 33250159 rs573925818 0.8904799999999999
19 33250428 rs4805807 0.00019854
19 33250683 rs17755379 0.85101
19 33250690 rs12610342 7.120199999999999e-08
19 33250853 rs116119682 0.47211000000000003
19 33250906 rs113421827 0.65351
19 33250946 rs139550363 0.53099
19 33251026 rs142741010 0.19639
19 33251154 rs140176101 0.8667600000000001
19 33251488 rs148435062 0.95368
19 33251804 rs60279064 0.36856
19 33252012 rs77105418 0.25668
19 33252036 rs10415149 0.11563
19 33252045 rs34174673 0.00019748
19 33252175 rs10409009 0.11563
19 33252378 rs10407846 0.11563
19 33252513 rs8103603 0.9963200000000001
19 33252862 rs150355262 0.31496999999999997
19 33253688 rs12463124 0.00030259
19 33253707 rs10445597 0.00020294
19 33253922 rs873002 0.99672
19 33254124 rs77010554 0.36941999999999997
19 33254184 rs77864233 0.6403399999999999
19 33254277 rs112243991 0.65476
19 33254304 rs11669187 0.36945
19 33254532 rs150882287 0.046211
19 33254757 rs112291080 0.20424
19 33254768 rs4422091 0.9858600000000001
19 33254784 rs114075325 0.067208
19 33254878 rs2868188 0.9798100000000001
19 33254904 rs76353221 0.00050662
19 33255101 rs113038063 0.00048274
19 33255312 rs147763589 0.17474
19 33255588 rs148906269 0.73036
19 33256503 rs191729352 0.61666
19 33256633 rs576028438 0.7913600000000001
19 33256835 rs4239574 0.9995700000000001
19 33257182 rs117259128 0.68374
19 33257573 rs7256841 0.98706
19 33257913 rs180882829 0.37619
19 33258083 rs145010385 0.93939
19 33258088 rs138795107 0.63481
19 33258127 rs144855988 0.27275
19 33258270 rs191776865 0.067208
19 33258574 rs183556676 0.067208
19 33258605 rs113940325 0.30838000000000004
19 33258750 rs147374009 0.31666
19 33258817 rs755691 0.97303
19 33258846 rs75764249 0.11669000000000002
19 33258888 rs536940170 0.93216
19 33258975 rs111984520 0.65341
19 33258995 rs12610378 0.9538
19 33259412 rs143377723 0.25922
19 33259523 rs8104164 0.5637300000000001
19 33259565 rs146717398 0.045812
19 33259603 rs113332123 0.6533100000000001
19 33259791 rs145073856 0.96235
19 33259974 rs138856490 0.29725999999999997
19 33260345 rs78751169 0.29245
19 33260656 rs6510286 0.29757
19 33260692 rs1968383 0.006324300000000001
19 33260762 rs2868189 0.0026189
19 33260826 rs562394562 0.034243
19 33260857 rs184035752 0.33289
19 33261229 rs112139764 0.28539000000000003
