CHR BP SNP P
22 43045879 rs115879497 0.047645
22 43046094 rs11705171 1.5411e-05
22 43046277 rs6002858 0.00025174
22 43046301 rs74761310 0.37275
22 43046412 rs145889883 0.55467
22 43046466 rs5758833 6.4749e-14
22 43046494 rs60685278 0.37474
22 43046517 rs11705269 2.0589000000000002e-05
22 43046537 rs114521169 0.36079
22 43046707 rs6002862 6.2212e-14
22 43046912 rs188535737 0.0084618
22 43047023 rs12330105 0.41691999999999996
22 43047232 rs145945494 0.72985
22 43047285 rs3761461 1.5393e-05
22 43047453 rs73425225 0.65489
22 43047476 rs3827361 3.5195e-06
22 43047832 rs28699161 0.35896
22 43047865 rs28404399 0.36045
22 43048096 rs148428221 0.54286
22 43048151 rs56242040 0.00023715
22 43048263 rs75096326 0.7379399999999999
22 43048469 rs79153620 0.36122
22 43048721 rs142358895 0.21755
22 43048898 rs182794303 0.31948000000000004
22 43049014 rs5758837 1.586e-05
22 43049048 rs77394173 0.40149
22 43049439 rs541018173 0.40095
22 43049470 rs138849162 0.1795
22 43049482 rs149366844 0.30554000000000003
22 43049714 rs55730916 0.23743000000000003
22 43049868 rs12159980 0.77048
22 43049869 rs146039789 0.56506
22 43049981 rs60807245 0.21756999999999999
22 43050235 rs73425231 0.8636799999999999
22 43050275 rs7292384 0.31356
22 43050380 rs150716175 0.65779
22 43050527 rs13057781 0.00021772
22 43050539 rs5996206 0.0002271
22 43050597 rs6002863 0.00024917
22 43050788 rs13054038 0.00023553
22 43051071 rs140120404 0.27252
22 43052136 rs9611830 0.00020465
22 43052197 rs190763304 0.65385
22 43052348 rs5996208 0.58375
22 43052578 rs6002864 0.60241
22 43052604 rs73888349 0.3829
22 43052705 rs181580178 0.86954
22 43052832 rs138780329 0.96545
22 43052883 rs5758840 1.8234000000000002e-05
22 43053140 rs141621691 1.5240000000000001e-06
22 43053240 rs147174073 0.2457
22 43053336 rs5758842 2.2041999999999997e-05
22 43053435 rs78089762 0.35301
22 43053469 rs80294609 0.20901
22 43053756 rs12167306 0.22293000000000002
22 43053813 rs1009433 2.4816e-06
22 43053898 rs141026452 0.40407
22 43054092 rs182433907 0.62233
22 43054117 rs7284931 0.31159000000000003
22 43054121 rs5758843 1.6349000000000002e-05
22 43054308 rs73174905 3.5147000000000004e-06
22 43054490 rs11090113 9.1992e-12
22 43054509 rs11090114 2.0801e-05
22 43054564 rs192354085 0.036644
22 43054738 rs5751322 1.1105e-11
22 43055227 rs541424216 0.46618999999999994
22 43055262 rs146590914 0.31908000000000003
22 43055539 rs141293100 0.28813
22 43055597 rs773730964 0.24029
22 43055841 rs59949817 0.82457
22 43055992 rs144785890 0.46247
22 43056039 rs137143 0.44223999999999997
22 43056143 rs5996209 0.7791899999999999
22 43056228 rs5996210 0.18725999999999998
22 43056278 rs5996211 0.77972
22 43056302 rs5996212 0.1903
22 43056343 rs563814476 0.59925
22 43056577 rs563165910 0.4157
22 43056758 rs12627948 0.36696
22 43056854 rs114623727 0.17436
22 43057134 rs6002868 0.79762
22 43057206 rs112490964 0.39876999999999996
22 43057328 rs147138497 0.31908000000000003
22 43057360 rs180979501 0.093433
22 43057546 rs34945863 7.5317e-12
22 43057547 rs569188218 0.22782
22 43057565 rs79173401 0.38816
22 43057711 rs550934105 0.28133
22 43057833 rs5751323 5.5635e-12
22 43058146 rs115245396 0.46247
22 43058226 rs534068967 0.039434
22 43058496 rs2858470 5.7212e-12
22 43058576 rs60221805 0.23838
22 43058627 rs11705003 3.4664e-06
22 43058668 rs527695747 0.64061
22 43058672 rs130320 5.7286e-12
22 43058739 rs61335672 0.66345
22 43058804 rs2858471 6.0982e-12
22 43058805 rs6002871 0.88094
22 43058811 rs6002872 0.88094
22 43058822 rs150911578 0.073923
22 43058837 rs130321 2.8154e-12
22 43059138 rs78856866 0.37390999999999996
22 43059160 rs144229380 0.14079
22 43059229 rs146534961 0.060016
22 43059235 rs130322 5.9343e-12
22 43059290 rs12628966 0.39788
22 43059464 rs130324 8.6122e-12
22 43059697 rs12157400 0.89822
22 43059760 rs112994439 0.90538
22 43059840 rs8135701 0.5282600000000001
22 43059925 rs130326 7.5485e-12
22 43060098 rs187809724 0.99455
22 43060120 rs34660329 0.009469499999999999
22 43060877 rs6002875 0.9303799999999999
22 43061006 rs130327 0.00075352
22 43061323 rs114310552 0.048366
22 43061482 rs130328 5.2162e-12
22 43061494 rs2413709 2.9014e-06
22 43061594 rs130329 4.4273e-12
22 43061610 rs130330 4.2325e-12
22 43061737 rs4420 0.00084015
22 43061968 rs57900173 0.33405999999999997
22 43062331 rs130331 2.9586000000000004e-14
22 43062332 rs139301925 0.45
22 43062340 rs135091 0.010431999999999999
22 43062434 rs130332 6.3504e-12
22 43062737 rs5996214 0.64399
22 43062797 rs111911231 0.87892
22 43063013 rs56703519 0.048226
22 43063021 rs60176251 0.066131
22 43063246 rs7286140 3.9626e-06
22 43063348 rs567803818 0.46331000000000006
22 43063511 rs2744884 0.00071458
22 43063574 rs6002878 0.9681299999999999
22 43063720 rs139014860 0.0019075
22 43063769 rs135092 0.9412
22 43063958 rs135093 3.4378e-12
22 43064030 rs73174907 4.4412e-06
22 43064078 rs6002880 0.9159799999999999
22 43064274 rs150567024 0.043422
22 43064517 rs57240860 0.9936299999999999
22 43064840 rs135094 4.1579e-14
22 43064857 rs135095 0.00064045
22 43064887 rs79737669 0.15532
22 43065324 rs141426134 0.055327
22 43065337 rs181534538 0.4541
22 43065400 rs113270378 0.67595
22 43065407 rs144868206 0.0016475
22 43065704 rs116174112 0.27507
22 43065766 rs141374848 0.27964
22 43065921 rs58319500 0.3695
22 43065968 rs555387376 0.1318
22 43066379 rs130333 7.1578e-15
22 43066531 rs130334 2.7238e-09
22 43066932 rs112970116 0.7992199999999999
22 43067054 rs130335 9.1792e-09
22 43067127 rs5751329 1.133e-08
22 43067263 rs9620078 0.42823
22 43067327 rs8138985 0.28035
22 43067331 rs10427938 0.27686
22 43067520 rs150935078 0.71592
22 43067544 rs77813371 7.6623e-20
22 43067722 rs8140629 0.30293000000000003
22 43067988 rs151135591 0.027857999999999997
22 43068016 rs149666062 0.49473999999999996
22 43068239 rs130336 1.9669000000000002e-08
22 43068401 rs9611835 0.014464
22 43068518 rs7286131 1.3987e-08
22 43068543 rs59805864 0.60388
22 43068676 rs116343070 0.80297
22 43068711 rs5758854 5.5113e-15
22 43068847 rs116204065 0.62385
22 43068882 rs130337 0.028839
22 43069248 rs188697040 0.37556999999999996
22 43069264 rs9611837 0.012931
22 43069336 rs58482696 0.65914
22 43069740 rs5758856 1.0132e-11
22 43069761 rs12628255 0.26863000000000004
22 43070090 rs6002884 0.90751
22 43070153 rs5996215 0.96515
22 43070422 rs9623656 0.5471199999999999
22 43070593 rs5758857 1.0942e-12
22 43070623 rs5758858 1.0344e-12
22 43070640 rs142066255 0.9567700000000001
22 43070655 rs130338 9.5895e-09
22 43070689 rs62238286 0.47051000000000004
22 43070780 rs9623657 0.68647
22 43070801 rs6002885 0.10182999999999999
22 43070805 rs5758859 1.5887000000000002e-10
22 43070814 rs9623658 0.76313
22 43070835 rs6002886 0.41552
22 43071004 rs6002887 0.46019
22 43071005 rs145427997 0.26961
22 43071202 rs111567116 0.32588
22 43071309 rs62238287 0.0007485
22 43071608 rs5758860 1.1599e-12
22 43071727 rs6002888 0.16094
22 43071850 rs116745417 0.090567
22 43072077 rs147071188 0.24685
22 43072394 rs74529553 0.35662
22 43072543 rs184852778 0.42303999999999997
22 43072626 rs73425294 0.26276
22 43072726 rs571301340 0.5046
22 43072847 rs5996216 0.11513
22 43073031 rs17003208 0.2675
22 43073331 rs61374197 0.26693
22 43073386 rs5996217 0.11039000000000002
22 43073537 rs5996218 0.11470999999999999
22 43073785 rs6002889 0.14568
22 43073828 rs6002890 0.096182
22 43073864 rs6002891 0.14757
22 43073923 rs754431418 0.00044104
22 43073936 rs12627752 0.2677
22 43074011 rs6002892 0.11402000000000001
22 43074023 rs139130766 0.5363399999999999
22 43074115 rs12166977 0.5469
22 43074272 rs764204909 0.43713
22 43074378 rs130342 1.1082000000000001e-08
22 43074556 rs130343 3.034e-10
22 43074900 rs130344 0.008400200000000002
22 43074921 rs12158638 0.10115
22 43075075 rs78605759 0.6268100000000001
22 43075094 rs763114362 0.48395
22 43075140 rs182597112 0.8297899999999999
22 43075306 rs115768418 0.34835
22 43075338 rs141109263 0.52649
22 43075422 rs130345 9.5263e-09
22 43075425 rs5996219 0.095581
22 43075914 rs74777275 0.44173
22 43075948 rs130346 1.168e-08
22 43076065 rs138224955 0.78177
22 43076100 rs76494235 0.6826399999999999
22 43076341 rs5758863 3.8525999999999995e-15
22 43076390 rs115384783 0.49151000000000006
22 43076496 rs73888351 0.27055
22 43076516 rs6002893 0.094177
22 43076614 rs550224005 0.005037600000000001
22 43076765 rs139516732 0.0010954
22 43076809 rs130347 1.4812e-08
22 43076956 rs6002894 0.09573200000000001
22 43077027 rs130348 1.5071e-08
22 43077050 rs130349 1.4387000000000002e-08
22 43077087 rs188285320 0.63676
22 43077116 rs55759830 0.66127
22 43077143 rs130350 1.4591000000000001e-08
22 43077709 rs9611839 3.8935e-15
22 43077904 rs130363 0.011708
22 43078091 rs5996221 0.09500800000000001
22 43078207 rs130364 1.1445000000000001e-08
22 43078382 rs116600647 0.93084
22 43078466 rs73888353 0.4878
22 43078569 rs130365 1.2371e-08
22 43078589 rs135096 0.012678
22 43078760 rs5996222 0.19899999999999998
22 43079037 rs130367 0.0086292
22 43079072 rs130368 0.0089362
22 43079081 rs115117704 0.64249
22 43079175 rs130369 0.013019
22 43079214 rs135097 0.0087549
22 43079607 rs739024 0.29591
22 43079754 rs17003212 0.28314
22 43079766 rs192871434 0.019264
22 43079783 rs76858808 3.7874e-08
22 43079847 rs135098 0.008605
22 43080028 rs130370 0.008143899999999999
22 43080278 rs73427217 0.35095
22 43080310 rs55785253 0.52967
22 43080792 rs130371 0.0084535
22 43080880 rs130372 0.0086488
22 43080905 rs130373 0.012136
22 43081011 rs111489258 0.39455
22 43081044 rs130374 0.008392700000000001
22 43081095 rs60445094 0.20121
22 43081101 rs130377 0.008095100000000001
22 43081141 rs73427221 0.5109199999999999
22 43081398 rs130379 1.0471e-08
22 43081442 rs5758865 3.6574e-15
22 43081553 rs130380 0.0062809
22 43081676 rs7289700 0.5228
22 43081726 rs130382 0.0077263
22 43081759 rs185526404 0.44342
22 43081796 rs130383 0.0063303000000000005
22 43082040 rs135100 0.0074882
22 43082046 rs774263290 0.5848800000000001
22 43082052 rs130384 0.007485899999999999
22 43082265 rs130385 1.0861e-08
22 43082478 rs130386 3.2041e-10
22 43082755 rs130387 1.1520000000000002e-08
22 43082826 rs130388 3.8737000000000003e-10
22 43082898 rs12628410 0.27038
22 43083045 rs130389 1.2426e-08
22 43083155 rs130390 3.2041e-10
22 43083465 rs59408849 0.24249
22 43083611 rs59356108 0.31666
22 43084078 rs115378559 0.52691
22 43084079 rs116524244 0.24631
22 43084104 rs732336 4.713999999999999e-16
22 43084123 rs135101 1.3070999999999998e-13
22 43084125 rs135102 1.3402e-13
22 43084157 rs135103 0.0015347000000000002
22 43084163 rs9611841 0.0010395
22 43084355 rs35653875 0.4827
22 43084446 rs56027862 3.696e-21
22 43084512 rs736014 0.28033
22 43084613 rs736013 0.29274
22 43084670 rs6002898 0.03441
22 43084680 rs736015 0.29546
22 43084693 rs4421 1.7630999999999998e-13
22 43084880 rs191968149 0.7490100000000001
22 43085425 rs2006304 5.6638e-16
22 43085610 rs135105 0.016743
22 43085647 rs2006303 6.164799999999999e-16
22 43085854 rs7291375 7.3825e-14
22 43085927 rs4334578 0.0028616999999999996
22 43085943 rs7291417 7.8732e-14
22 43086173 rs5996223 0.016355
22 43086301 rs182520870 0.8388
22 43086424 22:43086424_G_A 0.63741
22 43086450 rs739025 0.016465999999999998
22 43086592 rs2899361 0.8689399999999999
22 43086644 rs141037646 0.9955200000000001
22 43086768 rs151232420 0.71891
22 43086896 rs4822184 0.01636
22 43087015 rs28915395 0.026004000000000003
22 43087025 rs6002900 0.020131
22 43087426 rs143404489 0.67005
22 43087644 rs8142445 1.2305e-17
22 43087713 rs28915393 0.7489
22 43087781 rs8142375 5.9623e-16
22 43087853 rs6002901 0.033768
22 43087854 rs6002902 0.03745
22 43088002 rs28915392 0.73873
22 43088010 rs12168190 9.1658e-14
22 43088078 rs28915391 2.8349e-12
22 43088175 rs28915390 0.70855
22 43088261 rs1053026 4.8766e-12
22 43088402 rs144318323 0.7074699999999999
22 43088403 rs28915389 0.5479999999999999
22 43088435 rs135106 0.012332
22 43088463 rs3747193 0.16488
22 43088500 rs28915387 0.15588
22 43088549 rs3747194 0.85249
22 43088599 rs28915385 0.54784
22 43088642 rs543529172 0.8237
22 43088971 rs9623659 3.9472999999999996e-16
22 43089055 rs6002904 0.017656
22 43089470 rs28915383 0.81119
22 43089517 rs28915382 0.035894999999999996
22 43089658 rs28915381 0.6715300000000001
22 43089849 rs11541159 4.955599999999999e-16
22 43090231 rs28915380 1.2014e-09
22 43090249 rs3788594 0.016061000000000002
22 43090276 rs3788595 0.35963
22 43090534 rs9623660 6.559600000000001e-14
22 43090599 rs117648338 0.0021244
22 43090714 rs130392 0.014036000000000002
22 43090734 rs28915378 8.6446e-05
22 43090820 rs28915377 0.54494
22 43091179 rs9611843 5.9248e-16
22 43091341 rs130394 0.32792
22 43091354 rs130395 0.015099000000000001
22 43091927 rs142009662 0.47821
22 43092004 rs78018648 0.33869
22 43092556 rs6002907 0.064091
22 43092620 rs135107 1.1300999999999999e-13
22 43092786 rs3761462 1.4708000000000002e-16
22 43092827 rs182373576 0.031715
22 43092851 rs130396 1.1424e-13
22 43092912 rs3761464 0.32774000000000003
22 43092919 rs79692890 0.84215
22 43093143 rs130397 2.2392e-14
22 43093168 rs79365412 0.33951
22 43093172 rs74516724 0.60836
22 43093189 rs41277501 0.34691
22 43093296 rs3761465 0.33916
22 43093376 rs9623661 1.2864e-05
22 43093457 rs916231 3.4631e-14
22 43093596 rs135108 0.014893
22 43093640 rs149399083 6.526600000000001e-05
22 43093698 rs12628541 0.35312
22 43093984 rs184970048 0.00010866
22 43094027 rs130399 0.37117
22 43094085 rs3761467 0.35573
22 43094178 rs13056237 0.009437899999999999
22 43094340 rs2024643 5.686100000000001e-14
22 43094465 rs8141906 2.5400999999999996e-16
22 43094736 rs12628919 0.33881999999999995
22 43094877 rs11090115 0.29823
22 43094925 rs4822185 9.3378e-14
22 43094932 rs28916570 0.35546
22 43095113 rs8138577 5.992e-14
22 43095129 rs77076498 0.35251
22 43095255 rs60422751 0.34321
22 43095374 rs4822186 0.016486
22 43095457 rs4820476 0.015394999999999999
22 43095473 rs5758870 0.29173000000000004
22 43095585 rs370061522 0.8205399999999999
22 43095600 rs5758871 0.12195999999999999
22 43095737 rs5751340 0.014755
22 43095895 rs28915372 2.8202e-14
22 43095928 rs910301 0.2996
22 43095999 rs5758872 1.0823e-15
22 43096013 rs910302 0.33589
22 43096042 rs910303 0.75808
22 43096266 rs13057708 0.67578
22 43096364 rs17485489 0.30491
22 43096492 rs5996224 8.5535e-06
22 43096496 rs116469228 0.073702
22 43096507 rs6002910 1.9072e-05
22 43096549 rs145444419 0.01877
22 43096640 rs560516574 0.48702
22 43096996 rs7284681 1.1117e-39
22 43097457 rs577456200 0.36891
22 43097514 rs5758873 0.024724
22 43097551 rs5751341 0.88936
22 43097895 rs146064760 0.1255
22 43098123 rs57323342 1.0939e-06
22 43098310 rs116122205 0.29473
22 43098501 rs5758875 8.6229e-06
22 43098650 rs5751342 0.00025383
22 43098738 rs140635929 0.012182
22 43098771 rs5751343 0.00078311
22 43098879 rs76469430 0.4595
22 43098885 rs117715445 0.9638700000000001
22 43099055 rs5758876 0.00049173
22 43099183 rs151217339 0.6684
22 43099621 rs73174925 1.3805999999999999e-22
22 43099625 rs12167417 0.5934
22 43099957 rs28992193 0.034495
22 43099963 rs557188954 0.46476000000000006
22 43100579 rs4822187 0.086489
22 43100786 rs79142397 3.1409e-12
22 43100802 rs565336209 0.44085
22 43100856 rs5758880 2.9868e-26
22 43100944 rs5758881 4.4681999999999997e-17
22 43101378 rs535059255 0.00070439
22 43101397 rs8141448 1.2535e-48
22 43101429 rs8141461 3.0059e-47
22 43102870 rs9620083 5.8856e-07
22 43102937 rs6002920 2.168e-15
22 43103248 rs143668975 0.6805899999999999
22 43103268 rs73174931 0.0036181999999999994
22 43103328 rs13055547 6.1073e-07
22 43103381 rs116841281 0.6541399999999999
22 43103399 rs7286195 4.648e-07
22 43103435 rs7286214 5.577399999999999e-07
22 43103684 rs7285550 5.2298e-07
22 43104014 rs55878035 0.00061687
22 43104116 rs9620084 5.0981e-07
22 43104333 rs13055227 4.8036e-07
22 43104401 rs13056472 0.00017512
22 43104750 rs13055886 1.3245e-49
22 43105156 rs5758884 6.7088e-20
22 43105188 rs112899616 2.3404e-15
22 43105258 rs5758885 4.0164e-06
22 43105474 rs67194282 3.3667999999999997e-07
22 43105532 rs67418653 3.2818000000000007e-07
22 43105655 rs151292395 0.70385
22 43105685 rs114658793 0.7249399999999999
22 43105703 rs73174947 2.5146000000000003e-15
22 43105910 rs114146190 0.55125
22 43106189 rs5751347 4.3398e-49
22 43106453 rs11704052 3.539e-07
22 43106582 rs11704081 3.5039e-07
22 43106765 rs11704086 3.5812e-07
22 43106806 rs5758886 2.3131e-08
22 43107003 rs62238306 3.9585e-14
22 43107046 rs73174950 2.1055e-15
22 43107686 rs28992185 0.52304
22 43107689 rs5758888 4.9858e-24
22 43107734 rs148025094 0.6725800000000001
22 43107837 rs9620086 5.255399999999999e-24
22 43107935 rs112545361 0.5118699999999999
22 43107993 rs34470970 0.00039076
22 43108140 rs28992184 0.55352
22 43108197 rs150601028 0.71554
22 43108395 rs17485718 1.0832999999999999e-14
22 43108663 rs1989502 2.8925e-07
22 43108926 rs74332709 1.7281e-18
22 43109337 rs7364250 0.75431
22 43109743 rs5758889 1.3753999999999999e-49
22 43109773 rs8139858 2.1879000000000002e-07
22 43110114 rs5758890 8.684299999999999e-07
22 43110115 rs5758891 5.1818000000000004e-20
22 43110497 rs6002924 4.4262e-15
22 43110736 rs5758893 1.6497e-50
22 43110919 rs5758894 1.7477000000000003e-24
22 43111057 rs73886107 0.4791
22 43111427 rs141619500 0.1892
22 43111436 rs28992183 0.00024635
22 43111536 rs534638382 0.023752000000000002
22 43111670 rs8141536 0.22941
22 43111726 rs554316336 0.024946
22 43111733 rs73174952 2.4119e-15
22 43111772 rs9607928 2.0579e-15
22 43111774 rs184377377 0.07374
22 43112256 rs149617614 0.050568
22 43112475 rs738526 1.0639000000000001e-50
22 43112611 rs1883990 0.22901
22 43112674 rs8136914 0.00025293
22 43112732 rs28992181 0.78727
22 43112818 rs1883991 1.7253e-50
22 43112931 rs28992180 0.79382
22 43112946 rs28992179 0.5119199999999999
22 43112961 rs738527 1.3012e-50
22 43113004 rs11703455 0.00026778
22 43113134 rs142786626 0.02015
22 43113407 rs9620087 0.24211
22 43113434 rs9623671 6.343199999999999e-19
22 43113435 rs9620088 0.24147
22 43113534 rs28992178 4.0602e-08
22 43113673 rs6002926 6.6915e-18
22 43113775 rs28992177 0.012306999999999998
22 43113793 rs5751348 2.413e-05
22 43114020 rs2143918 2.3177e-05
22 43114040 rs2143919 6.144399999999999e-19
22 43114132 rs28992176 2.936e-15
22 43114291 rs7287297 1.0337e-15
22 43114336 rs146715172 0.88894
22 43114342 rs28992175 0.79476
22 43114450 rs145587354 0.43285
22 43114471 rs13056962 0.00023981
22 43114551 rs8138197 1.6544e-05
22 43114686 rs111502273 0.31817
22 43114824 rs8138149 0.21305
22 43114928 rs2143920 4.3398e-18
22 43115254 rs9623672 0.28046
22 43115576 rs5758896 5.7322e-22
22 43115695 rs190870918 0.026164
22 43115696 rs5758897 0.22876999999999997
22 43115718 rs12168573 0.6865899999999999
22 43115756 rs115096187 0.45399999999999996
22 43115776 rs9611844 5.427e-15
22 43115881 rs547329634 0.005446
22 43116137 rs9611845 7.1305e-15
22 43116149 rs28908471 0.22876999999999997
22 43116584 rs9620089 0.22438000000000002
22 43116966 rs28910286 0.65875
22 43116985 rs28910285 2.909599999999999e-50
22 43116989 rs28910284 8.782200000000001e-05
22 43117037 rs9607929 1.9597e-10
22 43117209 rs546297833 0.27526
22 43117463 rs5758898 8.670600000000001e-08
22 43117572 rs28910283 0.74556
22 43117595 rs5751350 2.3793e-10
22 43117598 rs5751351 0.2524
22 43117776 rs140368159 0.69368
22 43118094 rs8184980 1.9948e-10
22 43118317 rs62238326 0.22285
22 43118575 rs114716421 0.69588
22 43118594 rs187608376 0.25244
22 43118694 rs9611850 1.6965e-10
22 43118782 rs56093613 6.978800000000001e-13
22 43118878 rs9611851 7.0992e-14
22 43119231 rs9623675 0.6957
22 43119239 rs78822660 1.5261e-17
22 43119434 rs9623676 1.8768e-10
22 43119596 rs116167441 0.022713999999999998
22 43119914 rs562069343 0.080614
22 43120061 rs181980366 0.6926
22 43120111 rs34091628 0.00014209
22 43120209 rs9611852 1.0022999999999999e-13
22 43120259 rs78341978 0.4087
22 43120320 rs73429207 0.5029899999999999
22 43120508 rs528181780 0.006915899999999999
22 43120651 rs5996228 0.060289999999999996
22 43120675 rs141980231 0.66493
22 43121056 rs36060915 0.22354000000000002
22 43121058 rs9611853 4.6859e-14
22 43121133 rs143582928 1.7424999999999998e-17
22 43121139 rs549812747 0.23581999999999997
22 43121426 rs12166331 0.22046999999999997
22 43121452 rs75698169 0.46421999999999997
22 43121495 rs77303290 0.61252
22 43121511 rs139580996 0.54692
22 43121666 rs73429209 0.45557
22 43121968 rs9623677 8.187899999999999e-14
22 43122433 rs144987100 9.0503e-08
22 43122529 rs116103857 0.59554
22 43122713 rs546134312 0.5516399999999999
22 43122720 rs9607931 9.805e-14
22 43123195 rs6002928 1.5078999999999997e-50
22 43123199 rs6002929 0.087853
22 43123204 rs116654400 0.5254800000000001
22 43123288 rs67094263 1.0389000000000001e-13
22 43123590 rs73429217 0.048556999999999996
22 43123737 rs17173780 0.048362999999999996
22 43123873 rs6002930 3.3141e-46
22 43124032 rs138015159 0.041276
22 43124101 rs142033988 0.8331
22 43124333 rs191151185 0.67092
22 43124515 rs9611855 0.050768
22 43124785 rs5758901 3.8905999999999994e-47
22 43124890 rs12168555 0.66238
22 43124998 rs9611857 0.051349
22 43125006 rs13054537 2.4305e-25
22 43125432 rs111959486 0.055480999999999996
22 43126236 rs75737464 0.96399
22 43126481 rs5751352 3.5979999999999994e-47
22 43126548 rs7285546 0.055095000000000005
22 43126800 rs537954875 0.22075999999999998
22 43126885 rs560009060 0.6784899999999999
22 43127064 rs17003270 2.1548e-17
22 43127395 rs190861880 9.073399999999999e-11
22 43127431 rs738528 1.1257e-49
22 43127465 rs738529 0.0066855000000000005
22 43127812 rs115379703 0.03279
22 43127834 rs738530 3.1390999999999995e-51
22 43128031 rs78271550 1.87e-17
22 43128032 rs738531 2.5972e-20
22 43128076 rs11913385 0.43136
22 43128319 rs12159909 0.13249
22 43128582 rs5758902 4.6858e-25
22 43128585 rs9623683 0.95926
22 43128596 rs12628551 0.038554000000000005
22 43128628 rs9623684 0.07772899999999999
22 43128825 rs8137560 3.7177e-17
22 43128911 rs9607932 0.066566
22 43128974 rs183489685 0.023280000000000002
22 43129050 rs9611858 0.06726900000000001
22 43129316 rs192693476 0.71733
22 43129361 rs2413712 5.9e-52
22 43129399 rs147635144 0.4045
22 43129593 rs9754507 2.6021e-17
22 43129646 rs145518848 0.71095
22 43129826 rs148838956 0.00040739
22 43129827 rs9611859 2.566e-13
22 43129958 rs779027434 0.42423999999999995
22 43130116 rs5751356 1.4596999999999998e-46
22 43130279 rs9611861 0.064832
22 43130398 rs9611862 0.06564600000000001
22 43130706 rs768055295 0.31855
22 43131036 rs531381004 0.89666
22 43131185 rs9611863 0.065509
22 43131592 rs5996229 0.054035
22 43131670 rs150180804 0.45011999999999996
22 43132167 rs75919921 4.8663999999999994e-05
22 43132180 rs117321107 0.83625
22 43132266 rs116653114 0.7516
22 43132328 rs147479062 0.52978
22 43132871 rs190267017 0.75045
22 43132888 rs367573908 0.0063327
22 43132954 rs9611864 0.07348099999999999
22 43133285 rs186750246 0.67772
22 43133688 rs12168880 0.39663000000000004
22 43134147 rs12628772 2.2868999999999998e-51
22 43134267 rs114210834 0.55092
22 43134340 rs115238710 0.55371
22 43134525 rs2413713 2.5380000000000002e-17
22 43134690 rs12170390 0.36212
22 43134726 rs78182976 0.10052
22 43134801 rs5751357 2.2591999999999998e-51
22 43135008 22:43135008_C_T 0.65918
22 43135279 rs4328732 2.3789e-51
22 43135489 rs9611868 0.20661
22 43135524 rs57865866 0.3563
22 43135696 rs57880102 4.4127e-44
22 43135731 rs9611869 0.07222999999999999
22 43135749 rs79934073 0.772
22 43135993 rs9623686 0.047341
22 43136111 rs112454243 0.83375
22 43136177 rs186048857 0.26835
22 43136212 rs12167537 1.4630999999999998e-50
22 43136583 rs8141918 1.6050999999999999e-50
22 43136686 rs112878473 0.10142999999999999
22 43136805 rs185331665 0.6827300000000001
22 43136808 rs2413714 3.7929999999999997e-51
22 43136845 rs9607938 0.12709
22 43137187 rs151080603 0.12909
22 43137760 rs193138445 0.27487
22 43137820 rs183350349 9.236399999999999e-07
22 43137973 rs9680786 0.16476
22 43137999 rs11090116 0.41003999999999996
22 43138403 rs6002934 0.4644
22 43138671 rs192030459 0.27988
22 43139399 rs148256223 0.012676999999999999
22 43139528 rs57946965 0.04506
22 43139896 rs116200502 0.27313000000000004
22 43140293 rs9623687 0.7840699999999999
22 43140443 rs73429253 0.09616
22 43140578 rs5758906 2.2796999999999995e-11
22 43140672 rs78428029 0.7741
22 43140720 rs5758907 1.2399999999999998e-54
22 43140786 rs138083205 0.26848
22 43140831 rs5996230 6.248100000000001e-17
22 43140837 rs62238333 9.8967e-05
22 43141020 rs4822191 9.5306e-11
22 43141034 rs112042219 0.14312
22 43141043 rs191011237 0.90989
22 43141093 rs4820477 2.4942e-10
22 43141208 rs73429256 0.11696
22 43141350 rs78733497 2.0494e-06
22 43141361 rs145924057 0.22968000000000002
22 43141391 rs9611872 5.9866e-07
22 43141409 rs6002935 5.9306e-18
22 43141440 rs535626431 0.67894
22 43141444 rs556884158 0.006801300000000001
22 43141459 rs2143921 8.0669e-13
22 43141692 rs8141403 0.12236
22 43141848 rs2143922 5.0861e-55
22 43141907 rs2143923 6.5957e-13
22 43142002 rs112900888 0.99334
22 43142173 rs529515551 0.69376
22 43142216 rs62238334 0.25745
22 43142577 rs77247463 2.703e-06
22 43142593 rs2413715 1.7386e-12
22 43142778 rs57371474 0.11845
22 43142948 rs8137312 0.26119000000000003
22 43143026 rs59397850 0.09128
22 43143160 rs12160649 7.299899999999999e-18
22 43143228 rs6519336 1.7848e-12
22 43143233 rs2006041 4.0541e-55
22 43143236 rs187716036 0.0052056
22 43143265 rs62238335 0.26034
22 43143284 rs558280903 0.11961
22 43143378 rs6002936 2.2793000000000002e-17
22 43143899 rs4365558 1.3402e-17
22 43143996 rs141527480 0.9467399999999999
22 43144054 rs2092663 0.25238
22 43144289 rs75918564 2.6075e-06
22 43144592 rs113051030 3.3373000000000002e-06
22 43144771 rs6002939 4.0547e-41
22 43144950 rs112373602 3.1367e-06
22 43145068 rs116594202 0.25219
22 43145097 rs79903956 0.010617
22 43145421 rs1535079 3.095e-55
22 43145466 rs59171526 0.26576
22 43145502 rs111373987 0.12725999999999998
22 43145575 rs186472310 0.28231
22 43145641 rs111483704 3.9629e-06
22 43145764 rs1969673 4.4642e-13
22 43145853 rs5758910 1.3172000000000001e-55
22 43145925 rs114647439 9.8485e-18
22 43146151 rs549898487 0.9555899999999999
22 43146625 rs561865491 0.17105
22 43146815 rs559282901 0.58767
22 43147001 rs149246830 0.52531
22 43147222 rs573913258 0.84573
22 43147829 rs140981167 0.40354
22 43148068 rs113780963 0.95132
22 43148076 rs77347709 7.2135000000000005e-06
22 43148092 rs5751359 1.8173e-33
22 43148171 rs113484649 0.79504
22 43148259 rs5758913 1.4918e-33
22 43148321 rs78812795 1.0539e-05
22 43148731 rs6002943 4.8968e-18
22 43148743 rs545310602 0.013365
22 43148762 rs112572144 0.26411999999999997
22 43148872 rs79984964 9.432600000000002e-11
22 43148967 rs73429282 0.11039000000000002
22 43149081 rs143330930 1.5971e-05
22 43149360 rs531692309 0.9314
22 43149435 rs150300727 0.95344
22 43149643 rs149027910 4.133e-07
22 43149660 rs6002944 7.4842e-09
22 43149851 rs554146746 0.31903000000000004
22 43149951 rs76703787 0.23160999999999998
22 43150156 rs111573029 0.9351200000000001
22 43150293 rs150898627 0.51793
22 43150298 rs184793223 0.80272
22 43150392 rs113083577 3.7629e-06
22 43150453 rs6002945 3.0037e-15
22 43150523 rs6002946 5.2759e-55
22 43150872 rs9611874 0.1071
22 43151095 rs12166007 0.46216999999999997
22 43151116 rs28455106 2.2545000000000002e-15
22 43151167 rs62238340 6.5683e-09
22 43151352 rs146094293 0.8981600000000001
22 43151431 rs143397471 0.83967
22 43151763 rs4820478 2.231e-14
22 43151775 rs73429291 0.11027999999999999
22 43152144 rs62240070 1.0109e-12
22 43152305 rs556291962 0.81389
22 43152314 rs9623691 0.72037
22 43152893 rs8142534 0.52841
22 43152916 rs146797378 0.56399
22 43153146 rs7287569 7.677899999999999e-23
22 43153182 rs561670026 0.69898
22 43153305 rs5758914 6.1223e-23
22 43153387 rs144861754 0.6785
22 43153437 rs5758915 5.6369e-23
22 43153703 rs17486173 5.2514e-19
22 43153792 rs112666063 1.0361e-05
22 43153807 rs9611875 2.9685e-20
22 43153952 rs73886113 0.54657
22 43153957 rs12166876 0.5407
22 43153963 rs75624884 0.012589
22 43154073 rs118187689 9.8435e-06
22 43154261 rs12168327 0.51517
22 43154288 rs139172921 0.71607
22 43154299 rs9623692 1.6803e-22
22 43154366 rs149929374 0.16009
22 43154533 rs59620734 0.61373
22 43154534 rs182507727 0.6169899999999999
22 43154680 rs5758916 2.023e-08
22 43154705 rs5758917 1.1891e-24
22 43154719 rs141109801 0.68113
22 43154742 rs6002947 8.134300000000001e-24
22 43155270 rs5758918 3.4278e-21
22 43155357 rs9611876 0.3161
22 43155395 rs8139460 0.38698
22 43155449 rs114083755 6.9231999999999994e-09
22 43155528 rs138337924 0.03386
22 43155550 rs59297069 0.9963200000000001
22 43155564 rs8139726 0.0023663
22 43155722 rs6519337 0.081883
22 43155723 rs141956169 0.26639
22 43155747 rs8139973 0.00042464
22 43155792 rs148524302 0.38291
22 43155855 rs4239900 1.1407000000000001e-05
22 43155893 rs4239901 4.2182e-22
22 43155913 rs141736771 6.0725e-12
22 43156006 rs9611877 0.415
22 43156104 rs144554287 0.5763699999999999
22 43156186 rs139496964 0.072577
22 43156223 rs9611878 1.6697e-07
22 43156303 rs551020500 0.37566
22 43156313 rs113265231 5.9368000000000005e-05
22 43156469 rs5751360 1.0162e-36
22 43156611 rs564652163 0.056641
22 43156616 rs5751361 1.1048e-34
22 43156705 rs6002948 6.3579e-13
22 43156780 rs565728126 0.1072
22 43157043 rs7286343 4.9555000000000005e-22
22 43157308 rs6002949 7.5715e-08
22 43157324 rs9611880 2.3529e-16
22 43157823 rs141968713 0.11208
22 43157913 rs190472460 0.017942
22 43158483 rs67935361 0.014109
22 43158555 rs5758920 1.2113e-36
22 43158711 rs9611881 2.8411e-16
22 43158727 rs9611882 6.3492e-16
22 43158867 rs9611883 0.059891999999999994
22 43158892 rs142521808 0.28513
22 43159090 rs5758921 0.012743
22 43159168 rs36116991 1.1184999999999999e-26
22 43159218 rs139453455 5.0922e-16
22 43159515 rs9611884 0.67699
22 43159609 rs7292914 0.20155
22 43159809 rs4822192 9.952100000000001e-27
22 43159810 rs5996232 0.00040472
22 43159858 rs114460888 0.68995
22 43159948 rs9611885 0.19608
22 43160068 rs112462182 5.652200000000001e-18
22 43160145 rs5996233 0.20042000000000001
22 43160254 rs376377492 0.90207
22 43160257 rs9611886 0.37521
22 43160356 rs117917039 0.0013445
22 43160404 rs9611887 0.20392000000000002
22 43160504 rs148096299 0.12694
22 43160584 rs140925049 0.032619999999999996
22 43160637 rs9611888 0.21639
22 43160642 rs116183754 0.81585
22 43160656 rs5751363 1.3313999999999997e-36
22 43160717 rs117341554 0.063889
22 43160756 rs5758922 5.7255000000000004e-15
22 43160895 rs7288339 0.9159
22 43161113 rs112375179 0.0094536
22 43161181 rs139098013 0.55534
22 43161242 rs5758923 2.7609999999999997e-40
22 43161261 rs5758924 4.744e-25
22 43161592 rs6519340 0.056391
22 43161924 rs114512137 0.73128
22 43161994 rs2064462 2.2649e-08
22 43162106 rs13058545 2.1862e-53
22 43162363 rs114642260 0.23776
22 43162411 rs2064463 2.9253e-08
22 43162495 rs2064464 2.7713e-08
22 43162581 rs2064465 1.6425e-08
22 43162944 rs114334805 0.88515
22 43162952 rs2413716 1.7248e-08
22 43162958 rs2179873 1.7387e-08
22 43162984 rs5751364 1.7225e-08
22 43163061 rs2143924 1.6735e-08
22 43163200 rs2179874 2.0716000000000002e-08
22 43163213 rs9607942 0.8759600000000001
22 43163289 rs544495750 0.011784999999999999
22 43163360 rs4820479 3.2206000000000004e-08
22 43163366 rs4822196 3.1177999999999996e-08
22 43163424 rs147057442 0.8859100000000001
22 43163441 rs181380880 0.6548
22 43163714 rs12484587 2.8638000000000004e-09
22 43163718 rs12484588 3.8385999999999995e-09
22 43163722 rs5758926 0.5596800000000001
22 43163850 rs10470280 2.8504e-09
22 43163883 rs12484721 0.017480000000000002
22 43164064 rs8139795 0.6230899999999999
22 43164133 rs75803153 0.7834800000000001
22 43164277 rs5996234 2.3440000000000003e-25
22 43164369 rs8140077 0.60663
22 43164431 rs8140109 4.9037e-08
22 43164563 rs12160525 0.59838
22 43164768 rs8141004 2.3565e-09
22 43164781 rs540114619 0.8507600000000001
22 43164811 rs62240074 1.0697000000000001e-07
22 43164862 rs116738795 0.7774300000000001
22 43165105 rs6519342 0.59315
22 43165344 rs7285970 0.8809600000000001
22 43165729 rs112083945 1.5781e-08
22 43165739 rs5751365 0.44872
22 43165866 rs6002950 1.0719000000000001e-13
22 43165948 rs7286938 0.056987
22 43166388 rs5758927 6.571199999999999e-66
22 43166449 rs5758928 3.1120999999999996e-61
22 43166710 rs144634377 0.27981999999999996
22 43166718 rs12167804 0.0048555
22 43166810 rs147885125 0.13917000000000002
22 43166822 rs36076326 2.7216999999999998e-68
22 43166958 rs35253449 4.4971999999999994e-61
22 43167037 rs548803060 0.10164
22 43167050 rs13056373 2.4714999999999995e-61
22 43167082 rs189177577 0.7554
22 43167419 rs116424698 0.5133
22 43167446 rs113612962 2.124e-05
22 43167720 rs77215631 0.55721
22 43167736 rs9611891 0.78446
22 43167775 rs5758929 0.0085379
22 43167811 rs142351734 0.12222000000000001
22 43167838 rs186216263 0.7078
22 43167966 rs7288045 2.0546999999999996e-66
22 43168003 rs191122329 0.34431999999999996
22 43168036 rs13058429 2.4516999999999993e-61
22 43168325 rs370258059 0.73236
22 43168707 rs374731054 0.77141
22 43168776 rs62240077 3.2098e-61
22 43168826 22:43168826_C_T 0.71905
22 43168852 rs13053320 8.6082e-62
22 43168976 rs13053216 1.4531999999999999e-61
22 43169153 rs145327532 0.009310500000000001
22 43169224 rs13058359 1.0622999999999997e-61
22 43169380 rs9607944 0.56818
22 43169396 rs77347057 0.10740999999999999
22 43169539 rs13053339 6.981099999999999e-62
22 43169575 rs9611894 0.8447600000000001
22 43169578 rs4820480 1.7057e-08
22 43169648 rs13053640 1.3046999999999998e-61
22 43169818 rs13054887 1.6143999999999998e-61
22 43169852 rs13053563 1.5819999999999998e-61
22 43170109 rs11090118 0.0018917
22 43170119 rs183316642 0.61873
22 43170229 rs140331042 0.45578
22 43170321 rs62240078 9.7726e-18
22 43170492 rs12628411 1.2679e-61
22 43170686 rs5758931 9.8006e-18
22 43170699 rs12628492 2.2796999999999996e-61
22 43170882 rs7285149 0.007888800000000001
22 43170942 rs35450514 2.1768999999999998e-61
22 43170994 rs13056081 2.0603999999999996e-61
22 43171045 rs13053982 1.7855999999999997e-61
22 43171314 rs115004442 0.12454000000000001
22 43171673 rs62240105 1.3880999999999997e-61
22 43171685 rs62240106 1.6498999999999997e-61
22 43171779 rs6002951 0.8492799999999999
22 43171915 rs147538399 0.6252300000000001
22 43172267 rs738532 3.9675999999999994e-71
22 43172308 rs738533 0.0082796
22 43172489 rs2413717 0.00831
22 43172502 rs145368629 0.031478
22 43172646 rs13055920 4.7393e-62
22 43172678 rs144214992 0.67578
22 43172806 rs13055639 1.1234999999999998e-61
22 43172820 rs535230635 0.6450199999999999
22 43173676 rs574993400 0.90848
22 43173743 rs13057777 1.5341999999999998e-61
22 43173922 rs9611895 0.006327
22 43173928 rs116366892 0.84265
22 43174188 rs2064466 3.0295999999999996e-101
22 43174321 rs9607945 0.79835
22 43174413 rs4634034 1.8735e-68
22 43174715 rs115688953 0.25775
22 43175057 rs9607946 0.007684600000000001
22 43175286 rs9623696 0.0025191999999999997
22 43175426 rs12162975 1.8360999999999998e-68
22 43175465 rs13057483 5.269499999999999e-62
22 43175639 rs5758934 0.007219800000000001
22 43175821 rs5758935 0.0072713000000000005
22 43175823 rs5758936 0.0072713000000000005
22 43175959 rs4822197 2.9574e-18
22 43175971 rs79725899 0.93694
22 43176215 rs182463065 0.9598399999999999
22 43176312 rs76756217 0.27491
22 43176355 rs5751366 1.3477999999999996e-75
22 43176357 rs11913658 0.0012671
22 43176590 rs9611896 0.85454
22 43176623 rs9620095 0.0013521
22 43176834 rs4822198 2.9131e-05
22 43176847 rs113515068 6.946899999999999e-09
22 43177104 rs151219413 0.65094
22 43177420 rs142028174 0.89723
22 43177437 rs758083243 0.8194
22 43177559 rs7284250 6.3226e-63
22 43177656 rs116534864 0.43091999999999997
22 43177784 rs112094336 0.41125
22 43177811 rs78861754 0.10977999999999999
22 43177919 rs74835051 0.1092
22 43178043 rs4822199 0.0009183999999999999
22 43178089 rs114820584 0.14029
22 43178255 rs185324100 0.8722
22 43178492 rs184103981 0.17175
22 43178546 rs4239902 5.8146999999999984e-71
22 43178639 rs116622580 0.52056
22 43179166 rs9623697 5.6818e-09
22 43179168 rs112165588 0.27237
22 43179297 rs62240107 4.460799999999999e-75
22 43179613 rs112735498 7.2283e-05
22 43179680 rs9611898 1.1200999999999999e-74
22 43179681 rs149439485 4.7085e-09
22 43179919 rs80025741 0.13472
22 43180054 rs5758937 1.671e-16
22 43180249 rs138261070 0.13369
22 43180302 rs142754516 0.13835
22 43180418 rs5758938 1.3191999999999997e-75
22 43180452 rs757599230 0.63395
22 43180854 rs57659865 0.39644
22 43180959 rs540272613 5.4696000000000006e-05
22 43181175 rs9611899 2.9018e-76
22 43181441 rs377556105 0.011354000000000001
22 43181517 rs145312149 0.20965999999999999
22 43181587 rs7286822 4.3801e-10
22 43181803 rs5758941 0.0020863
22 43181871 rs571500761 0.0554
22 43181953 rs558627969 0.66876
22 43182103 rs144161605 8.219e-14
22 43182162 rs117797294 0.86195
22 43182491 rs13057031 3.6751999999999987e-85
22 43182751 rs13053289 9.510599999999998e-86
22 43182761 rs5751367 5.220699999999999e-83
22 43183243 rs560164512 0.8735700000000001
22 43183391 rs8138223 1.0900999999999999e-57
22 43183762 rs1997885 4.1273000000000005e-53
22 43184135 rs9607947 8.6464e-44
22 43184636 rs118101692 0.078615
22 43184763 rs117094931 0.44626000000000005
22 43185012 rs2179875 5.264899999999999e-97
22 43185126 rs544977536 0.9091799999999999
22 43185180 rs2143926 8.756399999999998e-124
22 43185254 rs74444868 7.930399999999999e-09
22 43185518 rs544163121 0.70331
22 43185753 rs145154822 7.8917e-05
22 43185783 rs11913807 0.90154
22 43185971 rs34250586 0.86998
22 43185979 rs111618460 0.8305299999999999
22 43186033 rs5996237 0.025972000000000002
22 43186224 rs536240442 0.6520600000000001
22 43186296 rs138947157 0.025702999999999997
22 43186636 rs11912288 0.77805
22 43186738 rs116222061 0.67394
22 43186824 rs8136210 0.8424799999999999
22 43186985 rs187772488 0.11732000000000001
22 43187014 rs73886134 0.7546
22 43187138 rs9623699 0.29408
22 43187236 rs8140100 0.7633
22 43187650 rs565153458 0.0070555999999999995
22 43187853 rs540677028 0.5713199999999999
22 43187900 rs5758943 2.938399999999999e-193
22 43187942 rs56236840 0.36208
22 43188083 rs62240110 2.4113e-09
22 43188113 rs148931627 0.018684
22 43188180 rs4820483 6.418899999999997e-182
22 43188196 rs185568519 0.020549
22 43188274 rs5751370 0.020218
22 43188309 rs4820484 5.421899999999998e-159
22 43188331 rs111985210 0.7185
22 43188343 rs189172038 0.41747
22 43188433 rs55719732 0.06677999999999999
22 43188524 rs113785273 0.57796
22 43188611 rs5751371 9.585499999999998e-183
22 43189080 rs9607948 5.222999999999998e-183
22 43189081 rs76163980 0.52023
22 43189335 rs74481199 0.13026
22 43189369 rs371508171 0.11448
22 43189445 rs9611902 2.4090999999999985e-183
22 43189819 rs73176804 1.5826e-15
22 43189832 rs9607949 4.439399999999999e-183
22 43189888 rs76930712 0.15866
22 43189919 rs549610444 0.00021636
22 43190044 rs73886137 0.21985
22 43190067 rs73886138 0.89376
22 43190144 rs111407830 0.67474
22 43190158 rs34973372 1.5905999999999993e-158
22 43190176 rs61564876 0.75655
22 43190198 rs532082398 0.017111
22 43190449 rs9611903 0.71315
22 43190505 rs77104522 0.86201
22 43190592 rs557040483 0.67401
22 43190649 rs1984476 2.757799999999999e-183
22 43190817 rs2013730 7.003299999999997e-200
22 43190868 rs190854581 0.12324
22 43190884 rs73433236 0.06260299999999999
22 43190893 rs140150721 0.0095549
22 43190937 rs73886140 0.34178000000000003
22 43191090 rs79880791 0.8633799999999999
22 43191319 rs5758944 3.410799999999999e-200
22 43191340 rs5758945 0.021088
22 43191368 rs9611904 5.450799999999999e-183
22 43191404 rs9611905 0.68152
22 43191524 rs9607950 0.71906
22 43191555 rs9607951 0.6905399999999999
22 43191640 rs9611906 0.71911
22 43192208 rs77434522 0.5885699999999999
22 43192437 rs75362667 2.1944000000000004e-07
22 43192460 rs117271852 0.70495
22 43192480 rs9607952 2.2586999999999992e-200
22 43192547 rs183766195 0.622
22 43192569 rs77469431 0.61083
22 43192571 rs113966223 0.5929399999999999
22 43192918 rs41277261 0.8073600000000001
22 43192933 rs746278918 0.013226
22 43193096 rs111846836 0.99193
22 43193128 rs8135102 0.68153
22 43193154 rs8136141 0.67552
22 43193275 rs61069304 0.86567
22 43193323 rs5751372 2.5060999999999994e-183
22 43193579 rs77945410 0.63508
22 43193603 rs11913246 0.71835
22 43193641 rs4393836 0.018947
22 43193703 rs112736077 0.28565
22 43193719 rs9611907 0.68081
22 43193847 rs9611908 0.7183
22 43193888 rs117772729 4.3234e-06
22 43193915 rs1811846 2.4739999999999992e-200
22 43193929 rs9611909 0.6814600000000001
22 43194272 rs116982580 0.70612
22 43194273 rs1807591 3.926799999999999e-183
22 43194333 rs376376952 0.22439
22 43194521 rs147322831 0.7042
22 43195109 rs11551619 0.09595
22 43195114 rs79850497 1.468e-13
22 43195134 rs36003980 0.7327600000000001
22 43195147 rs1128013 1.4739999999999995e-183
22 43195172 rs117877473 0.13143
22 43195296 rs5758948 1.8785999999999992e-200
22 43195345 rs11912192 0.6891
22 43195568 rs114701283 0.66581
22 43195671 rs5758949 2.0361999999999996e-183
22 43195697 rs2179872 1.8584999999999994e-200
22 43195906 rs116590730 0.19796
22 43196061 rs145213232 0.8948200000000001
22 43197034 rs5758951 8.196799999999997e-178
22 43197344 rs569213144 0.39624000000000004
22 43197468 rs182448444 0.11929000000000001
22 43197642 rs140991408 0.011526
22 43197830 rs112803795 5.3957e-08
22 43197859 rs3788596 3.897799999999999e-201
22 43197897 rs3788597 2.704999999999999e-188
22 43198175 rs116194316 0.59483
22 43198259 rs2413720 1.1543999999999996e-200
22 43198406 rs148422812 6.6799e-13
22 43198765 rs574522659 0.69726
22 43198836 rs2413721 6.676999999999999e-184
22 43198934 rs2413722 5.925999999999998e-184
22 43198966 rs140377448 0.0086264
22 43199106 rs184039855 1.3898e-10
22 43199229 rs115427936 0.011136
22 43199346 rs75431888 0.70185
22 43199479 rs773828194 0.40508
22 43199521 rs9607953 0.79296
22 43199970 rs3946072 0.020619
22 43200191 rs8135114 0.69865
22 43200220 rs2413723 3.4908999999999984e-184
22 43200292 rs539414617 0.65757
22 43200419 rs147535328 0.22771999999999998
22 43200448 rs2899363 3.760799999999999e-184
22 43200456 rs2413724 6.289199999999998e-184
22 43200482 rs5996239 0.020316
22 43201020 rs562971149 0.35406
22 43201036 rs187231000 0.71682
22 43201116 rs115429241 0.6964
22 43201210 rs4822200 1.2734999999999993e-183
22 43201280 rs11913904 0.20848000000000003
22 43201557 rs11913831 0.74164
22 43201673 rs11913845 0.74156
22 43201931 rs76194869 0.7541800000000001
22 43201945 rs373711821 0.3322
22 43202089 rs17003339 0.7621100000000001
22 43202181 rs76957308 0.74126
22 43202830 rs9611911 0.7539
22 43202861 rs146736972 9.5799e-15
22 43203137 rs738535 3.387099999999999e-184
22 43203210 rs11913107 0.7410100000000001
22 43203238 rs17003350 0.74106
22 43203281 rs2273141 0.12462999999999999
22 43203852 rs9611912 0.7275
22 43203964 rs9611913 0.7409
22 43204085 rs112376632 0.60393
22 43204412 rs569252342 0.58516
22 43204581 rs112291088 0.36212
22 43204622 rs150606352 0.92268
22 43205407 rs6002954 0.72149
22 43205539 rs144071251 0.18141
22 43205617 rs188727547 0.20711
22 43205748 rs191758907 0.13463
22 43206167 rs77219115 5.1375e-10
22 43206228 rs6002956 2.091499999999999e-184
22 43206346 rs5751375 9.414299999999995e-202
22 43206401 rs141121854 0.70328
22 43206587 rs9611914 4.919699999999999e-184
22 43206882 rs61730560 0.50539
22 43206950 rs1018448 9.509199999999997e-202
22 43206953 rs185415144 0.10608
22 43206968 rs201969898 0.18145999999999998
22 43207145 rs115679574 0.42331
22 43207897 rs80050639 0.7235699999999999
22 43208601 rs12170628 0.033652999999999995
22 43208978 rs541339068 0.1284
22 43209114 rs150571070 0.26353000000000004
22 43209915 rs12166575 0.020182
22 43210107 rs77134999 0.32021
22 43210302 rs17003352 0.051539
22 43210552 rs9623703 0.036993
22 43210768 rs142029860 0.6280399999999999
22 43210966 rs6002957 0.6386
22 43211035 rs151097982 0.15941
22 43211391 rs17003354 0.73815
22 43211492 rs138996022 0.32255
22 43211880 rs8139278 9.059399999999998e-184
22 43212093 rs5758954 0.01678
22 43212206 rs11705652 3.2031999999999996e-11
22 43212432 rs4820485 4.359099999999998e-184
22 43212437 rs78647462 0.46308999999999995
22 43212507 rs148257285 0.019261
22 43212635 rs117585418 1.8113e-13
22 43212640 rs117790325 0.065042
22 43212781 rs2024645 5.218099999999997e-184
22 43213032 rs9611918 0.72407
22 43213369 rs113178513 0.9559200000000001
22 43213724 rs76140411 0.11445
22 43214132 rs76151132 0.66047
22 43214182 rs183305135 0.11918
22 43214400 rs17409550 4.917299999999998e-184
22 43215470 rs8141000 1.8476999999999993e-184
22 43215665 rs145045970 0.79991
22 43215692 rs8141176 4.2746999999999984e-184
22 43216040 rs149705843 0.047083
22 43216077 rs9607954 0.73602
22 43216299 rs1985714 0.019266
22 43216452 rs192614820 0.59439
22 43216550 rs4820486 1.3654999999999995e-159
22 43216733 rs9607955 5.041699999999998e-184
22 43216805 rs146882316 0.67432
22 43216860 rs115368908 0.011908
22 43216934 rs9611919 0.72358
22 43217080 rs17003362 0.10385
22 43217149 rs5758955 2.6474999999999987e-201
22 43217278 rs9607956 0.7360899999999999
22 43217861 rs8142478 0.72354
22 43217955 rs5758956 4.610599999999998e-184
22 43218098 rs146974788 0.7371300000000001
22 43218254 rs112907404 0.5209
22 43218397 rs9607957 0.63435
22 43218446 rs9611920 0.7358899999999999
22 43218463 rs5758957 3.582299999999998e-201
22 43218610 rs147218515 0.046379000000000004
22 43218614 rs6002958 0.9381799999999999
22 43218651 rs181975322 0.0057652
22 43218661 rs80206005 0.40576999999999996
22 43219836 rs5751378 3.7976999999999984e-184
22 43220065 rs116477193 0.16733
22 43220122 rs530007608 0.17347
22 43220218 rs113725107 0.69748
22 43220266 rs191369695 3.8709000000000006e-11
22 43220474 rs114281184 0.60744
22 43221066 rs143223266 0.0023274999999999997
22 43221176 rs113183540 0.69939
22 43221267 rs113516647 0.723
22 43221461 rs138158319 0.9057799999999999
22 43221626 rs112303732 0.65494
22 43221678 rs143622103 0.06501
22 43221791 rs538518715 0.84311
22 43222185 rs180673485 0.1261
22 43222242 rs8140272 2.7644999999999986e-201
22 43222262 rs186457041 0.63162
22 43222360 rs17003366 0.13079000000000002
22 43222439 rs9611921 0.72315
22 43222614 rs138620903 0.6157100000000001
22 43222793 rs111325137 0.47336999999999996
22 43223032 rs9623705 0.31417
22 43223067 rs11912205 0.69934
22 43223202 rs5758961 0.016966
22 43223436 rs149248394 0.70777
22 43223526 rs13056231 3.5484000000000004e-21
22 43223597 rs559539387 0.013229
22 43223618 rs148396472 0.10439000000000001
22 43223797 rs9611922 0.7359899999999999
22 43223871 rs9611923 0.71625
22 43223936 rs182336707 0.35975
22 43223943 rs9611924 0.73388
22 43224186 rs769192679 0.74949
22 43224199 rs139704379 0.39221999999999996
22 43224229 rs9607958 0.7015899999999999
22 43224315 rs112278963 0.70107
22 43224430 rs56147289 0.12865
22 43224487 rs141543318 0.91732
22 43224837 rs562523877 2.7060000000000003e-10
22 43224944 rs528592171 0.79766
22 43225119 rs117989970 0.43018999999999996
22 43225174 rs5758962 0.9742799999999999
22 43225182 rs9611927 0.70193
22 43225264 rs76069271 0.74098
22 43225372 rs575796405 0.13095
22 43225499 rs145921109 0.59947
22 43225527 rs73886146 0.82352
22 43225966 rs75865036 7.984299999999999e-11
22 43226016 rs116597705 0.039715
22 43226112 rs9611928 0.78581
22 43226189 rs5758964 0.5746100000000001
22 43226383 rs7292767 0.43343999999999994
22 43226580 rs73886147 0.78999
22 43226599 rs5758965 1.5769999999999997e-187
22 43226649 rs7293080 0.36438000000000004
22 43226869 rs190070400 0.8440200000000001
22 43226912 rs1807592 1.3849999999999997e-183
22 43227152 rs142307621 0.43931000000000003
22 43227233 rs562649788 0.16806
22 43227257 rs12158255 0.8556600000000001
22 43227272 rs4822201 1.7573999999999992e-201
22 43227867 rs5751380 1.2549e-183
22 43228345 rs5751381 3.2136999999999993e-183
22 43228528 rs5758967 3.258299999999999e-159
22 43228722 rs576322401 0.005026
22 43228789 rs5758968 4.145699999999999e-183
22 43228835 rs555624718 0.42502
22 43228871 rs573843414 0.7199399999999999
22 43228969 rs5758969 5.507199999999999e-183
22 43229137 rs9607959 0.72912
22 43229815 rs8141049 0.74037
22 43229848 rs5758970 3.3638999999999996e-183
22 43229876 rs8140932 0.7289399999999999
22 43230075 rs8137257 0.72897
22 43230090 rs138081522 0.13505999999999999
22 43230098 rs78398364 0.29383000000000004
22 43230140 rs2273142 1.5868999999999997e-183
22 43230266 rs17003382 0.81597
22 43230410 rs112097473 0.66727
22 43230627 rs5996242 1.3089999999999991e-199
22 43230637 rs114976377 0.61353
22 43230678 rs113608326 0.36325
22 43230701 rs67192317 0.09772
22 43230928 rs56704799 0.60901
22 43230992 rs112828912 0.7287399999999999
22 43231205 rs113397315 0.42615
22 43231515 rs75427904 0.98929
22 43231532 rs150744574 0.028270999999999998
22 43231610 rs41310256 0.7928
22 43231646 rs111595504 0.6535
22 43231947 rs112303228 0.50927
22 43231968 rs9611929 0.72868
22 43232057 rs9607960 0.72877
22 43232136 rs145364416 0.71697
22 43232393 rs190801678 0.1356
22 43232441 rs17003383 0.065332
22 43232485 rs80026048 0.72159
22 43232818 rs9607961 3.333799999999999e-183
22 43232821 rs117647980 0.00066263
22 43232856 rs116333805 0.6481600000000001
22 43232973 rs5758972 3.269799999999999e-183
22 43233062 rs5758973 0.013909
22 43233085 rs113487623 0.72863
22 43233265 rs5758975 1.0976999999999995e-200
22 43233333 rs5758976 0.015291999999999998
22 43233875 rs185910079 0.056674
22 43233960 rs76712051 0.43403
22 43234202 rs142371056 0.062694
22 43234899 rs8139498 0.70622
22 43235156 rs4822202 8.866099999999995e-184
22 43235206 rs76954242 0.80811
22 43235393 rs146677353 0.4344
22 43235656 rs115856770 0.12975
22 43235863 rs556523886 0.34998
22 43235978 rs9611930 1.2143999999999998e-183
22 43236128 rs5758977 3.471599999999999e-201
22 43236213 rs534563187 0.13076
22 43236413 rs9611931 0.63808
22 43236571 rs5751383 8.639099999999998e-184
22 43236737 rs184585930 0.1388
22 43237072 rs55653419 0.6387
22 43237269 rs79708417 9.9063e-14
22 43237276 rs8136252 1.6202999999999994e-183
22 43237453 rs147325645 0.38623
22 43237639 rs738534 1.2281999999999997e-183
22 43237717 rs17410352 0.61197
22 43238055 rs4820487 1.7769999999999994e-183
22 43239093 rs75198518 0.7361
22 43239139 rs116191710 0.74771
22 43239218 rs75602653 0.6704
22 43239745 rs191180907 0.13614
22 43239978 rs8139302 0.71202
22 43240013 rs549639466 0.17594
22 43240094 rs193079081 0.023288999999999997
22 43240255 rs185468042 0.9615
22 43240646 rs145864303 3.2706e-05
22 43240703 rs35343665 2.4581e-40
22 43240806 rs4822203 2.987599999999999e-183
22 43240908 rs17003390 0.019899
22 43240975 rs7293010 0.7121
22 43241003 rs4820489 2.836599999999999e-183
22 43241043 rs7284112 0.71244
22 43241067 rs141426783 0.54679
22 43241332 rs5758978 0.015524000000000001
22 43241351 rs180678518 0.13368
22 43241536 rs373919369 0.83585
22 43241623 rs151121120 0.022368
22 43241787 rs5751385 1.0916999999999997e-183
22 43241815 rs191447657 0.13614
22 43241903 rs143331192 0.74129
22 43241913 rs5758979 2.4218999999999996e-183
22 43242267 rs75024124 3.2117999999999998e-28
22 43242322 rs77133343 0.65346
22 43242442 rs142666519 0.11247
22 43242625 rs182323975 0.9751299999999999
22 43242904 rs74695072 0.55023
22 43242917 rs113914997 1.5152000000000002e-07
22 43243029 rs186635349 0.12729000000000001
22 43243204 rs4820490 4.4060999999999995e-184
22 43243231 rs117608236 1.8325999999999998e-06
22 43243757 rs56768706 0.46815
22 43243785 rs8140450 0.7673399999999999
22 43243956 rs5758980 1.4565999999999991e-201
22 43243972 rs764277565 0.30089
22 43243995 rs146710601 0.12240999999999999
22 43244238 rs4822204 4.5757999999999987e-184
22 43244269 rs5758981 0.016337
22 43244272 rs192847104 5.1470000000000005e-09
22 43244273 rs143813569 1.4006e-06
22 43244509 rs184183729 0.20734
22 43244571 rs56182766 1.9226e-05
22 43244723 rs5758982 1.6014999999999993e-184
22 43244928 rs80341319 1.9913e-07
22 43245026 rs138847503 0.73715
22 43245034 rs141767522 0.074366
22 43245345 rs5751386 8.062599999999997e-202
22 43245453 rs9607966 0.70494
22 43245600 rs117605098 1.7168e-06
22 43245786 rs80233834 0.39397
22 43245791 rs8141520 0.74205
