CHR BP SNP P
6 35091539 rs4628094 0.69957
6 35091940 rs80346324 0.28665999999999997
6 35091953 rs746216580 0.51866
6 35092135 rs1535815 0.0098574
6 35092658 rs60113507 9.9828e-15
6 35093981 rs181821067 0.26800999999999997
6 35094125 rs369115559 0.7921699999999999
6 35094150 rs2395609 0.72697
6 35094312 rs73745102 0.045535
6 35094515 rs116790986 0.38927
6 35094548 rs138508818 0.69493
6 35094576 rs34250961 0.6996600000000001
6 35094777 rs189678918 0.8468200000000001
6 35094836 rs76811926 0.39426
6 35095031 rs6926532 0.70404
6 35095037 rs6906666 0.7005
6 35095053 rs111487475 0.66862
6 35095260 rs114590655 0.21625
6 35095483 rs570259302 0.096354
6 35095484 rs531229796 0.096354
6 35095706 rs78379383 0.82844
6 35095866 rs960716 0.045586
6 35096175 rs76761637 0.38911
6 35096303 rs77353437 0.39416999999999996
6 35096689 rs192661127 0.082035
6 35097037 rs2234043 0.8202
6 35097129 rs116712730 0.8431700000000001
6 35097248 rs556152192 0.9923
6 35097358 rs142334617 0.45114
6 35097692 rs111899456 0.5787399999999999
6 35097789 rs114383685 0.83541
6 35098040 rs9380491 0.045514
6 35098276 rs115858810 0.27841
6 35098665 rs2395610 0.70005
6 35098941 rs2395611 0.7348100000000001
6 35098989 rs147754512 0.69493
6 35099094 rs34523546 0.43988
6 35099108 rs181193968 0.07398099999999999
6 35099116 rs187150826 0.8118
6 35099148 rs190598744 0.67343
6 35099205 rs2395612 0.73925
6 35099307 rs4711403 0.009629500000000001
6 35099483 rs74769066 0.044937
6 35099557 rs72897898 0.70024
6 35099563 rs72897901 0.60028
6 35099609 rs73405736 0.56682
6 35099631 rs66855816 0.7528100000000001
6 35100148 rs183400320 0.0022085
6 35100159 rs10947537 0.0092639
6 35100416 rs9380492 0.045502999999999995
6 35100497 rs73748003 0.31601999999999997
6 35100590 rs753654055 0.80445
6 35101046 rs6920196 0.38909
6 35101131 rs554436315 0.20574
6 35101198 rs13205738 0.010409999999999999
6 35101364 rs68074991 0.67693
6 35101546 rs558696900 0.7894800000000001
6 35101554 rs191902555 0.0030271
6 35102218 rs6457800 0.019872
6 35102347 rs9366878 0.030066000000000002
6 35102357 rs112037072 0.0085631
6 35102408 rs11969000 0.67203
6 35102523 rs11961798 0.67701
6 35102880 rs544952883 0.8841399999999999
6 35103026 rs6913150 0.71036
6 35103214 rs151301588 0.42421000000000003
6 35103436 rs34988108 0.67707
6 35103501 rs73405744 0.73139
6 35103661 rs73405745 0.73766
6 35104018 rs12661389 0.0095282
6 35104072 rs7756026 0.39373
6 35104278 rs569176507 0.042226
6 35105928 rs143159344 0.39355999999999997
6 35105942 rs10456429 0.79895
6 35106090 rs7766770 0.69806
6 35106110 rs114248569 0.29641
6 35106199 rs7767073 0.68619
6 35106830 rs138437692 0.8433
6 35107169 rs7772251 0.73728
6 35107245 rs9348964 0.70639
6 35107412 rs9348965 0.046515
6 35107491 rs66579470 0.70985
6 35107682 rs3777748 0.71763
6 35107774 rs34103100 0.7118899999999999
6 35107781 rs34715060 0.63926
6 35107820 rs113669475 0.39175
6 35107913 rs186279808 0.8605799999999999
6 35107942 rs189037043 0.71916
6 35107994 rs41270054 0.14774
6 35108352 rs182440153 0.7774
6 35108394 rs9380493 0.048137
6 35108417 rs190208504 0.99974
6 35108553 rs35693439 0.82345
6 35108561 rs199768438 0.45236000000000004
6 35109095 rs78614904 0.8350299999999999
6 35109212 rs561445063 0.69047
6 35109722 rs6908059 0.0455
6 35109831 rs183915872 0.11400999999999999
6 35109838 rs13196771 0.7939
6 35110180 rs760234453 0.22257
6 35110207 rs113572088 0.010855
6 35110705 rs3756856 0.71906
6 35110971 rs9469950 0.80897
6 35111215 rs138074806 0.68975
6 35111298 rs3756855 0.05437
6 35111434 rs73405753 0.9816299999999999
6 35111512 rs9462053 0.8106800000000001
6 35111647 rs6920194 0.61078
6 35111990 rs752502372 0.049736
6 35112011 rs112896257 0.76779
6 35112394 rs9462054 0.8346600000000001
6 35112517 rs116102702 0.29823
6 35112661 rs376470944 0.68394
6 35112835 rs114053768 0.11823
6 35112919 rs150818226 0.08035
6 35112953 rs9462055 0.9627700000000001
6 35113457 rs140104707 0.6996399999999999
6 35113642 rs9348966 0.059184
6 35113663 rs115031358 0.11750999999999999
6 35114542 rs2038740 0.90809
6 35114547 rs185269684 0.010048999999999999
6 35114624 rs78260619 0.45752
6 35114630 rs75620193 0.73601
6 35114850 rs77941631 0.83273
6 35114854 rs148633735 0.38419000000000003
6 35114911 rs9394274 0.93345
6 35114914 rs78973325 3.6953e-15
6 35114958 rs34902923 0.20763
6 35115246 rs544254896 0.6983699999999999
6 35115292 rs9296143 0.0014775
6 35115451 rs115880292 0.71118
6 35115526 rs763077948 0.031206
6 35115573 rs532021704 0.6949
6 35115701 rs6457801 0.09045299999999999
6 35115850 rs6935290 0.74984
6 35115939 rs112894043 0.013441
6 35115994 rs6457802 0.090324
6 35116221 rs9357194 0.074951
6 35116737 rs78768796 0.011112
6 35116938 rs113061291 0.01227
6 35117075 rs73405759 2.5263999999999998e-15
6 35117235 rs9348967 0.77879
6 35117251 rs9348968 0.004744399999999999
6 35117254 rs9357195 0.0048788
6 35117285 rs75287788 0.31911999999999996
6 35117300 rs114403656 0.0025653000000000004
6 35117363 rs6923951 0.0014705
6 35117399 rs1886243 0.00147
6 35117656 rs1886242 0.0050331
6 35117665 rs553198525 0.84524
6 35117867 rs115682429 0.029363
6 35117996 rs16872293 2.5324e-12
6 35118062 rs79274799 1.1337e-15
6 35118075 rs10456078 0.0050247
6 35118236 rs9368849 0.005027
6 35118390 rs17539666 0.001464
6 35118432 rs62404566 0.0014647
6 35118460 rs182003309 0.45032
6 35118468 rs112369699 0.012767
6 35118539 rs558978952 0.25196999999999997
6 35118715 rs773227649 0.53115
6 35118768 rs73405762 0.94239
6 35118804 rs17611877 0.14509
6 35118860 rs16872324 0.072326
6 35118973 rs180737579 0.94655
6 35119272 rs113834623 0.6603
6 35119287 rs10807147 0.0014607
6 35119463 rs111494304 0.013406
6 35119868 rs79728179 0.76246
6 35119891 rs72901705 0.13833
6 35120103 rs73405763 0.8538100000000001
6 35120225 rs6457803 0.071538
6 35120405 rs111370935 0.38811
6 35120443 rs6457805 0.005197600000000001
6 35120543 rs80281721 2.4042e-12
6 35120559 rs73405765 2.4971e-12
6 35120804 rs111723288 0.48786999999999997
6 35120950 rs6926978 0.74403
6 35120994 rs6904477 2.4593e-12
6 35121082 rs138971491 0.80487
6 35121147 rs189919094 0.28243
6 35121347 rs187786195 0.7415
6 35121366 rs12663320 0.0015583
6 35121501 rs112254293 0.09421900000000001
6 35121594 rs113056704 8.8016e-17
6 35121755 rs12191777 0.41807
6 35121773 rs565485175 0.34310999999999997
6 35122186 rs9462056 0.92579
6 35122236 rs75978535 0.25179
6 35122421 rs781530551 0.039494
6 35122422 rs145306086 0.70117
6 35122559 rs111315774 0.012426000000000001
6 35122689 rs9394276 0.43028999999999995
6 35122980 rs73405768 1.1488e-15
6 35123227 rs112450284 0.6217600000000001
6 35123575 rs144971210 0.63238
6 35123625 rs7764310 0.35072
6 35123815 rs7764636 0.79585
6 35124447 rs779906067 0.75505
6 35124480 rs4711404 0.85929
6 35124485 rs143768874 0.54394
6 35124526 rs191679913 0.87356
6 35124776 rs4711405 0.042336
6 35124826 rs150736608 0.42267
6 35124871 rs9380494 0.10587
6 35125141 rs181501307 0.42093
6 35125320 rs6940278 0.07144099999999999
6 35125755 rs528384637 0.28619
6 35125783 rs78721236 0.33689
6 35126060 rs72901725 0.52046
6 35126160 rs10947538 0.8123199999999999
6 35126161 rs190868178 0.74683
6 35126310 rs183002887 0.8430700000000001
6 35126723 rs12191117 0.8112199999999999
6 35126741 rs550109594 0.8774700000000001
6 35126813 rs12191184 0.8701200000000001
6 35126831 rs145026151 0.34431
6 35126876 rs12192566 0.0013792
6 35127208 rs9469952 0.7215199999999999
6 35127997 rs562607826 0.25931
6 35128212 rs73405773 0.35708
6 35128307 rs73748015 0.04322
6 35128330 rs6915627 0.009096
6 35128610 rs77716678 0.17820999999999998
6 35129265 rs147142066 0.80685
6 35129274 rs73405774 9.6573e-16
6 35129288 rs10807148 0.0011968
6 35129442 rs138600480 0.70343
6 35129816 rs9469953 0.008348000000000001
6 35129871 rs16872484 0.049010000000000005
6 35129914 rs760663071 0.44975
6 35129923 rs115891520 0.8508600000000001
6 35129992 rs12527639 0.0012155
6 35130027 rs566152462 0.33981999999999996
6 35130089 rs185890456 0.70462
6 35130421 rs9394277 0.17357999999999998
6 35130544 rs9380495 0.18795
6 35130865 rs1535814 0.0012058
6 35130949 rs145999315 0.49103
6 35130987 rs188920844 0.87895
6 35131093 rs140082525 0.21646999999999997
6 35131264 rs143645929 0.26168
6 35131325 rs73748020 0.33701
6 35131559 rs6933979 0.0036944000000000005
6 35131599 rs1408256 0.00096574
6 35131635 rs184605057 0.44977
6 35131737 rs6914081 0.1939
6 35131773 rs6934818 0.0036929000000000003
6 35131781 rs146794028 0.70544
6 35132049 rs6939132 0.17976
6 35132661 rs9469954 0.82083
6 35133074 rs3800406 0.52271
6 35133228 rs3800405 0.15747
6 35133475 rs77028364 0.00021537
6 35133485 rs117220244 0.024572999999999998
6 35133747 rs182006538 0.079309
6 35133768 rs4711406 0.0010105000000000001
6 35134221 rs113733617 0.38024
6 35134645 rs148072611 0.83688
6 35134720 rs4711407 0.15506
6 35134729 rs28522747 0.036788999999999995
6 35134810 rs755249300 0.054453999999999995
6 35134903 rs115856142 0.5985699999999999
6 35134907 rs76492253 0.19462000000000002
6 35134913 rs6457806 0.16327
6 35134939 rs113534688 0.0093286
6 35134971 rs56154344 0.0048631
6 35135027 rs6925406 0.15494000000000002
6 35135087 rs116443120 0.84946
6 35135453 rs116488966 0.1943
6 35135613 rs139903952 0.73955
6 35135672 rs56899642 0.33843
6 35135707 rs9394278 0.009446799999999998
6 35135714 rs1408255 0.15779
6 35135721 rs192513697 0.70786
6 35135780 rs557181746 0.56013
6 35135786 rs60529945 0.33839
6 35135883 rs183836255 0.77628
6 35135948 rs111508781 0.70786
6 35136130 rs6931790 0.15397
6 35136151 rs6911268 0.15684
6 35136224 rs149996378 0.6101300000000001
6 35136364 rs191232401 0.13805
6 35136596 rs113625924 0.0085414
6 35136638 rs78485823 0.28903
6 35136830 rs563217315 0.25239
6 35136990 rs62404583 0.00080336
6 35137006 rs55974914 0.0062911
6 35137021 rs117956642 0.9199700000000001
6 35137082 rs115358513 0.71501
6 35137160 rs140192934 0.09958600000000001
6 35137870 rs3800404 0.007443300000000001
6 35138243 rs148545318 0.70709
6 35138250 rs3800403 0.014313999999999999
6 35138373 rs9394279 1.9824e-09
6 35138449 rs4713839 0.81518
6 35138489 rs73748032 0.33789
6 35138664 rs188245023 0.00066479
6 35138762 rs770071677 0.48023999999999994
6 35138917 rs12191808 0.0037409999999999995
6 35139062 rs13195875 0.0083056
6 35139323 rs73405791 0.19918
6 35139480 rs2181795 0.0041148
6 35139729 rs9368851 2.075e-09
6 35140091 rs148852923 0.010282
6 35140574 rs73405794 0.41403999999999996
6 35140772 rs575281682 0.70792
6 35140861 rs942375 0.017089
6 35140992 rs55731338 0.32214
6 35141003 rs552480879 0.41008999999999995
6 35141209 rs12216410 0.84411
6 35141283 rs73748033 0.90071
6 35141371 rs73405795 8.221399999999999e-16
6 35141427 rs113873733 0.0083033
6 35141789 rs141843973 7.5575e-08
6 35141858 rs551098105 0.83472
6 35142086 rs186701754 0.10147
6 35142155 rs116070539 0.42786
6 35142235 rs9469955 1.2414e-09
6 35142253 rs77387363 0.074437
6 35142681 rs778943508 0.2522
6 35142899 rs6457807 1.2397000000000002e-09
6 35142934 rs188694509 0.032604
6 35143168 rs4713840 1.24e-09
6 35143327 rs189463781 0.8858
6 35143433 rs371884546 0.29999000000000003
6 35143437 rs113430480 0.41255
6 35143465 rs6457808 0.41048
6 35143581 rs183799849 0.98001
6 35143648 rs73405799 8.1657e-16
6 35143811 rs73405800 0.32415
6 35143892 rs942374 0.016898
6 35144158 rs79081965 0.63032
6 35144318 rs77533953 0.050776
6 35144423 rs149821101 0.24261
6 35144573 rs543003282 0.029079
6 35144633 rs62404586 0.86455
6 35144651 rs9366880 1.2248e-09
6 35144704 rs9462057 0.4097
6 35145312 rs114018214 0.73746
6 35145752 rs143590472 0.1751
6 35145810 rs765063 6.767e-14
6 35145946 rs76607987 0.8577299999999999
6 35146393 rs73748034 0.30257
6 35146915 rs79185127 0.40474
6 35146945 rs3800402 0.002624
6 35146962 rs72909036 0.15555
6 35147208 6:35147208_A_C 0.67786
6 35147429 rs187362755 0.9128200000000001
6 35147705 rs73405802 0.40962
6 35148575 rs9469956 0.9982200000000001
6 35148577 rs111997588 7.9543e-16
6 35149711 rs533797019 0.95026
6 35149735 rs2894400 1.5713e-15
6 35150077 rs9366881 0.0057561999999999995
6 35150638 rs186001523 0.72391
6 35150800 rs12189669 0.010079000000000001
6 35151144 rs142428189 0.07795
6 35151205 rs56809926 7.945199999999999e-16
6 35152334 rs531653464 0.78388
6 35152912 rs573586192 0.19737000000000002
6 35152988 rs942373 0.015155000000000002
6 35153400 rs562207418 0.12905
6 35153565 rs9348970 4.2467e-09
6 35153593 rs149874688 0.78515
6 35154495 rs6934246 0.31127
6 35154775 rs565963335 0.65281
6 35154776 rs536446291 0.65281
6 35154787 rs1590381 5.4509e-09
6 35154807 rs143154203 0.65281
6 35154968 rs73407610 3.9394e-12
6 35155075 rs530009675 0.054653
6 35155217 rs141650253 0.9016799999999999
6 35155233 rs73407613 5.2604e-12
6 35155250 rs3800401 4.5257e-09
6 35155339 rs73407614 0.31124
6 35155340 rs115395485 0.060485000000000004
6 35155500 rs147053326 0.60043
6 35155552 rs138379263 0.16327
6 35155610 rs3800400 0.030812
6 35155769 rs186905962 0.47403999999999996
6 35155772 rs113562817 8.546099999999999e-16
6 35155869 rs55941554 0.42321000000000003
6 35155894 rs150613868 0.9011299999999999
6 35155923 rs9469957 0.75562
6 35156273 rs182391199 0.8245600000000001
6 35156327 rs113396670 9.079e-16
6 35156827 rs116241898 0.8895200000000001
6 35157007 rs146224725 0.044788999999999995
6 35157078 rs148423987 0.8524799999999999
6 35157087 rs4713841 3.5074e-09
6 35157255 rs150929190 0.16539
6 35157326 rs9368852 0.019849000000000002
6 35157417 rs76175507 0.35034
6 35157480 rs139626994 0.75338
6 35157517 rs190550820 0.012369
6 35157583 rs112218159 0.6640699999999999
6 35157767 rs113823162 0.80625
6 35157979 rs141368457 0.9428
6 35158019 rs73748043 0.42643000000000003
6 35158065 rs751435450 0.94552
6 35158364 rs73407619 7.541800000000001e-16
6 35158663 rs9394280 0.49031
6 35158666 rs77023387 8.7005e-16
6 35158796 rs6916364 0.0022304
6 35158991 rs61076662 0.42722
6 35159411 rs68164647 0.0022362
6 35159510 rs73748047 0.42808999999999997
6 35159523 rs572121107 0.75331
6 35159695 rs3800399 0.0022308000000000002
6 35159805 rs3800398 0.0022368
6 35159889 rs115859065 0.67595
6 35159938 rs78984481 0.74733
6 35160008 rs3800397 0.61014
6 35160122 rs3800396 5.334399999999999e-09
6 35160377 rs142987752 0.83905
6 35160439 rs113521106 0.80565
6 35160470 rs6927730 0.0022852
6 35160639 rs6907795 6.519699999999999e-09
6 35160674 rs139116151 0.31053000000000003
6 35160680 rs73748049 0.42858999999999997
6 35160701 rs191664614 0.9018799999999999
6 35160940 rs76000395 0.59316
6 35161223 rs143874857 0.34443
6 35161425 rs6933596 0.4296
6 35161499 rs79398222 0.94479
6 35161588 rs60528357 0.42888999999999994
6 35161614 rs58796597 8.468899999999999e-16
6 35161629 rs9380497 4.4799999999999994e-09
6 35161688 rs150972774 0.49196999999999996
6 35161854 rs7751409 7.166e-09
6 35161855 rs60086237 9.0094e-16
6 35161947 rs140990610 0.16000999999999999
6 35162141 rs11755266 0.38061999999999996
6 35162557 rs145715896 0.7973899999999999
6 35162709 rs6940375 6.7779999999999995e-09
6 35162740 rs184727089 0.56393
6 35163010 rs73748057 0.43245
6 35163020 rs12193946 0.28504
6 35163288 rs143052615 0.60082
6 35163409 rs184767000 0.59444
6 35163537 rs181802937 0.72895
6 35163549 rs12201228 0.5512199999999999
6 35163602 rs113670165 0.0022515
6 35163725 rs148339036 0.43226000000000003
6 35163735 rs6913941 0.0022578000000000003
6 35163814 rs113285629 0.79692
6 35163949 rs116025241 0.337
6 35163974 rs75992606 0.30721
6 35164004 rs9357196 0.002235
6 35164219 rs112761476 0.78594
6 35164359 rs115269016 0.99121
6 35164524 rs7756412 0.7768
6 35164851 rs139775552 0.81242
6 35165036 rs77763610 0.7268899999999999
6 35165296 rs9368853 0.033674
6 35165444 rs547902268 0.28065
6 35166048 rs549632130 0.6129399999999999
6 35166157 rs9380498 0.0022853
6 35166477 rs73407639 0.5741
6 35166580 rs777909458 0.52184
6 35166701 rs9469958 4.2982e-09
6 35166726 rs77644897 0.5089600000000001
6 35166839 rs113895555 0.73763
6 35166888 rs9469959 0.77704
6 35167044 rs143761720 0.33852
6 35167078 rs73748060 0.72649
6 35167309 rs147352713 0.97178
6 35167410 rs137875562 0.20035999999999998
6 35167451 rs73407641 9.426700000000001e-15
6 35167756 rs7773319 9.424899999999999e-15
6 35167908 rs114636041 0.062816
6 35167942 rs530618018 0.45058000000000004
6 35168225 rs79183941 0.9848299999999999
6 35168288 rs536799652 0.9478700000000001
6 35168381 rs6900879 3.7775e-14
6 35168613 rs968828 2.8344999999999997e-09
6 35168771 rs60812576 0.70122
6 35168984 rs57794912 9.5401e-15
6 35168994 rs113786887 8.805400000000001e-16
6 35169043 rs72909059 0.17924
6 35169049 rs72909061 0.0019557000000000003
6 35169123 rs73407643 0.3205
6 35169131 rs578051533 0.39534
6 35169175 rs73748062 0.68855
6 35169344 rs73748063 0.78063
6 35169446 rs560533523 0.015155000000000002
6 35169708 rs2104332 0.7360300000000001
6 35169941 rs150458177 0.72949
6 35170780 rs17612516 0.76146
6 35170798 rs62404587 0.64183
6 35170888 rs73748065 0.78138
6 35170966 rs77903279 0.9848299999999999
6 35171003 rs137993211 0.348
6 35171059 rs529312658 0.5836600000000001
6 35171200 rs73407647 0.31901
6 35171690 rs114711587 0.86141
6 35171925 rs574177615 0.66581
6 35172032 rs113480378 9.3957e-16
6 35172076 rs577559897 0.4567
6 35172194 rs1108709 3.0345e-09
6 35172351 rs771002212 0.8749899999999999
6 35173003 rs112408103 0.7841100000000001
6 35173158 rs140075514 0.082528
6 35173196 rs542894999 0.72929
6 35173546 rs565517440 0.8548100000000001
6 35173757 rs3734252 0.0070812
6 35174440 rs142959574 0.14795999999999998
6 35174481 rs77925787 0.78396
6 35174630 rs6905732 9.6316e-15
6 35174642 rs1929846 0.024297
6 35174647 rs548228027 0.08963600000000001
6 35174698 rs77479509 0.7044199999999999
6 35174795 rs142571005 0.17865999999999999
6 35174858 rs6928769 0.0019760000000000003
6 35175003 rs556797744 0.82742
6 35175039 rs78712142 0.46813999999999995
6 35175806 rs9462061 0.70503
6 35175829 rs73407650 9.4418e-16
6 35175942 rs16868687 0.66425
6 35176029 rs150090838 0.44866999999999996
6 35176049 rs76431008 0.016485
6 35176149 rs4711408 0.15524000000000002
6 35176190 rs149330076 0.33198
6 35176371 rs138114530 0.1136
6 35176398 rs142592928 0.97129
6 35176524 rs114654977 0.8610200000000001
6 35176547 rs914547 5.252399999999999e-09
6 35176636 rs568720199 0.7156
6 35176682 rs74780904 0.95175
6 35176688 rs115473110 0.10765
6 35176724 rs539506048 0.10778
6 35176751 rs557510976 0.75112
6 35176862 rs561657883 0.50636
6 35176903 rs111277219 0.76959
6 35177071 rs6923025 8.7715e-16
6 35177330 rs115515491 0.2257
6 35177387 rs116370476 0.046186000000000005
6 35177605 rs141016134 0.70297
6 35177805 rs73748069 0.82788
6 35178288 rs528571689 0.56042
6 35178359 rs60414437 0.43904
6 35178459 rs147920061 0.80678
6 35178485 rs540034073 0.19997
6 35178626 rs10081044 0.7378600000000001
6 35178756 rs9469960 6.3346e-15
6 35179194 rs116275878 0.98272
6 35179541 rs3800393 4.200100000000001e-09
6 35179624 rs3800392 0.0019352
6 35179769 rs140127762 0.010222
6 35180065 rs138161330 0.80785
6 35180331 rs144779552 0.9310700000000001
6 35180781 rs3800391 0.48357
6 35181236 rs9368854 0.032552
6 35181321 rs73748070 0.78385
6 35181410 rs371587144 0.44893999999999995
6 35181455 rs9462062 6.3618e-15
6 35181966 rs34156110 4.597600000000001e-09
6 35182249 rs113302940 1.4405e-06
6 35182357 rs115040088 0.69098
6 35183149 rs1888822 1.7517e-08
6 35183743 rs79237951 0.59205
6 35184698 rs147516553 0.86018
6 35184925 rs113738673 0.6874399999999999
6 35184954 rs73748071 0.78461
6 35185681 rs6940626 0.78461
6 35185683 rs74965856 0.98559
6 35185694 rs116460601 0.00042406
6 35185901 rs190306771 0.029653
6 35186043 rs77478772 0.6644399999999999
6 35186149 rs3800388 0.031957
6 35186288 rs57229653 1.0171e-15
6 35186416 rs9469961 0.3938
6 35186501 rs3800387 0.032118
6 35186522 rs186018810 0.7045399999999999
6 35186549 rs145527807 0.20865999999999998
6 35186646 rs1987673 2.1915e-09
6 35186893 rs114422710 0.98559
6 35187050 rs75555320 0.79077
6 35187160 rs78510886 0.38814
6 35187227 rs115453475 0.26198
6 35187355 rs143993765 0.97846
6 35187477 rs3800386 0.031326
6 35188408 rs9469962 0.6029800000000001
6 35188520 rs138239764 0.37076
6 35188585 rs187851940 0.73151
6 35188778 rs531120592 0.50773
6 35188830 rs549357286 0.13867000000000002
6 35188925 rs9394282 0.006138800000000001
6 35189237 rs76956132 0.66293
6 35189577 rs1034449 0.9161
6 35189608 rs144858965 0.66037
6 35189636 rs9394283 2.8625e-10
6 35189655 rs142948112 0.007051300000000001
6 35189690 rs1034450 3.5851e-15
6 35189752 rs79651640 0.39835
6 35189999 rs3800385 2.891e-10
6 35190120 rs1041528 0.00037209
6 35190121 rs61089136 0.64968
6 35190313 rs115325486 0.8619399999999999
6 35190826 rs7763946 3.0541000000000003e-10
6 35190836 rs113149998 0.37745
6 35191040 rs79801750 0.47028000000000003
6 35191519 rs9469964 2.8188e-10
6 35191521 rs78714816 0.9855799999999999
6 35191823 rs142460287 0.60975
6 35192175 rs574377387 0.05728300000000001
6 35192527 rs138350175 0.36741
6 35193773 rs763155 0.023861
6 35194205 rs73407660 0.32406999999999997
6 35194287 rs9469965 0.80235
6 35194321 rs187372666 0.95791
6 35194516 rs191967657 0.6233
6 35194523 rs183329414 0.09811
6 35194575 rs59747635 0.5143800000000001
6 35194632 rs4713842 0.1157
6 35194640 rs6899724 0.703
6 35195008 rs77906502 0.31001
6 35195870 rs35723291 0.70526
6 35195882 rs193230099 0.49711000000000005
6 35196115 rs145011134 0.8410299999999999
6 35196146 rs187819097 0.72952
6 35196161 rs142205818 0.39079
6 35196781 rs78945000 0.8630200000000001
6 35196923 rs147916287 0.20839000000000002
6 35197035 rs4711409 0.0018204999999999999
6 35197227 rs765238673 0.7851899999999999
6 35197233 rs9469966 0.80101
6 35197470 rs6938138 7.953e-12
6 35197471 rs75378151 0.023038999999999997
6 35197520 rs148079127 7.8041e-16
6 35197814 rs3800383 0.04034
6 35198117 rs73407664 0.32287
6 35198167 rs544750525 0.80145
6 35198534 rs76962670 0.46813999999999995
6 35198629 rs113689514 0.82914
6 35198833 rs139003145 0.6421399999999999
6 35199478 rs73745128 0.44018
6 35199645 rs6907223 0.69025
6 35199858 rs9462063 0.36454000000000003
6 35200097 rs76563935 0.98613
6 35200102 rs112066238 0.41668999999999995
6 35200195 rs192090005 0.5098199999999999
6 35200350 rs1929848 0.01078
6 35200637 rs17854741 0.33879000000000004
6 35201057 rs79753406 0.10520999999999998
6 35201520 rs116817430 0.9854799999999999
6 35201746 rs184242158 0.43743999999999994
6 35201858 rs1013907 0.0018405000000000001
6 35201904 rs542041806 0.8026
6 35201905 rs201023682 0.8026
6 35202026 rs114716259 1.4237000000000001e-05
6 35202032 rs117061512 0.53779
6 35202751 rs73745130 0.78462
6 35202883 rs2395614 4.657600000000001e-09
6 35203149 rs537996309 0.7905800000000001
6 35203159 rs189232223 0.8522700000000001
6 35203203 rs13214290 3.7358e-09
6 35203213 rs180966540 0.00045048
6 35203546 rs113121062 0.38477
6 35203560 rs79677588 0.78828
6 35203650 rs78507852 0.80623
6 35203745 rs4713843 0.28664
6 35203959 rs141213754 0.23196
6 35204503 rs111815394 0.80687
6 35205149 rs73745132 0.78462
6 35205176 rs191653380 0.7192
6 35205287 rs78199774 0.03725
6 35205426 rs9469967 3.4844999999999997e-15
6 35205541 rs1929849 0.0016109000000000002
6 35205881 rs734538 0.022588
6 35206184 rs144485993 0.71622
6 35206346 rs73407670 0.33444
6 35206502 rs146766481 0.47381
6 35206529 rs541598519 0.8258200000000001
6 35206545 rs191917050 0.8164100000000001
6 35206553 rs732594 0.036101
6 35206628 rs61250266 0.86362
6 35206667 rs76760968 0.9302600000000001
6 35206920 rs62404594 0.77727
6 35207032 rs72909084 0.96109
6 35207128 rs9469968 0.8055899999999999
6 35207191 rs577188458 0.6005199999999999
6 35207193 rs9469969 0.90605
6 35207352 rs73407672 0.23804
6 35207648 rs35847323 0.89566
6 35207714 rs73407675 7.6647e-16
6 35207826 rs140983563 0.15281
6 35208414 rs528819372 0.70625
6 35208720 rs140730435 0.12070999999999998
6 35208863 rs57822793 0.57392
6 35209224 rs41270056 0.56384
6 35209225 rs3800382 0.053659000000000005
6 35209425 rs141661914 0.7229399999999999
6 35209441 rs57326139 0.57409
6 35209544 rs74734023 0.79479
6 35210123 rs147141309 0.72764
6 35210235 rs560474847 0.75173
6 35211211 rs9469972 3.5374e-09
6 35211221 rs116154175 0.98798
6 35211352 rs138619419 0.45401
6 35211864 rs41270058 0.35283000000000003
6 35211990 rs58925593 0.052972000000000005
6 35212276 rs571254545 0.37194
6 35212345 rs76559839 0.9845200000000001
6 35212596 rs73745133 0.78418
6 35212845 rs115886204 0.72407
6 35213540 rs73745134 0.20954
6 35213560 rs76392901 0.8357700000000001
6 35213571 rs115785254 0.9610799999999999
6 35214171 rs4711410 0.007811
6 35214476 rs550104093 0.0037064
6 35214525 rs570258670 0.17273
6 35214704 rs188230347 0.6494300000000001
6 35214725 rs192602895 0.60451
6 35214884 rs16868695 8.1569e-12
6 35214971 rs2018373 3.7441e-09
6 35215017 rs143663423 0.78492
6 35215254 rs16868699 9.1969e-12
6 35215297 rs115492176 0.66308
6 35215357 rs184293244 0.19114
6 35215711 rs187138187 0.212
6 35215904 rs4711411 3.5928000000000002e-09
6 35216023 rs9366882 3.1236e-09
6 35216235 rs541397615 0.60961
6 35216296 rs2071920 3.7232999999999997e-09
6 35216643 rs115973781 0.73453
6 35216740 rs9394287 0.0015101
6 35216876 rs144192317 0.44892
6 35217095 rs61738940 0.21036999999999997
6 35217438 rs182801333 0.018897
6 35217628 rs80048816 0.8893700000000001
6 35218057 rs60158914 0.57409
6 35218274 rs41270062 6.1011e-16
6 35218616 rs1055200 0.89741
6 35218696 rs145789682 0.24848
6 35218818 rs142081190 0.10355999999999999
6 35218872 rs113274178 0.36275
6 35219095 rs183984526 0.53193
6 35219183 rs527977990 0.82001
6 35219531 rs145899271 0.08681900000000001
6 35219754 rs142723180 0.8166100000000001
6 35220437 rs148062268 0.54364
6 35220505 rs9469973 0.71454
6 35220826 rs182058041 0.40247
6 35220861 rs11755332 0.8799
6 35220954 rs73745136 0.21024
6 35221077 rs35042518 0.0024116999999999997
6 35221085 rs35972856 0.0022028000000000004
6 35221218 rs558396094 0.8857299999999999
6 35221807 rs530395694 0.098072
6 35221813 rs9469974 0.7135199999999999
6 35221874 rs144229603 0.65663
6 35222010 rs9394288 3.7378e-09
6 35222079 rs59895076 2.8759e-15
6 35222278 rs148798396 0.86308
6 35222288 rs142443339 0.036287
6 35222485 rs57127611 0.71436
6 35222497 rs9469975 3.7543000000000006e-09
6 35222695 rs141780507 0.93476
6 35223040 rs78257380 0.93529
6 35223137 rs1929847 0.0018000999999999998
6 35223385 rs147808477 0.88605
6 35223432 rs141184004 0.8053600000000001
6 35223529 rs150297361 0.12594
6 35223690 rs111713423 0.80537
6 35224685 rs201294995 0.5394
6 35225168 rs552266733 0.096331
6 35225550 rs73745141 0.78492
6 35225551 rs78819073 0.8196
6 35225671 rs141797271 0.70612
6 35225682 rs146241202 0.8410799999999999
6 35225753 rs139629837 0.9908799999999999
6 35225873 rs550553128 0.20640999999999998
6 35225927 6:35225927_G_C 0.25139
6 35225959 rs142821002 0.89223
6 35226031 rs552014531 0.81852
6 35226052 rs73407680 0.31882
6 35226383 rs774680658 0.32494
6 35226678 rs74974724 0.44947
6 35226754 rs114956111 0.86359
6 35226871 rs182477260 0.70612
6 35226972 rs139675160 0.11890999999999999
6 35226985 rs115404886 0.85587
6 35227239 rs575796586 0.7098300000000001
6 35227354 rs73407681 8.6486e-12
6 35227442 6:35227442_C_T 0.65499
6 35227443 rs111472908 0.82032
6 35227892 rs188739971 0.0027878
6 35227901 rs115865960 0.86508
6 35227974 rs28613121 0.98114
6 35228215 rs9296144 0.0017057000000000003
6 35228217 rs192491910 0.63679
6 35228243 rs10080361 3.5282e-09
6 35228387 rs4713845 3.5285e-09
6 35228601 rs536633323 0.58162
6 35228775 rs145560714 0.35977
6 35228828 rs4713846 0.45903999999999995
6 35229429 rs115507183 0.85124
6 35229572 rs187992625 0.064217
6 35229647 rs77048827 0.53847
6 35230077 rs113646877 0.41393
6 35230540 rs1888825 3.5210999999999998e-09
6 35230676 rs528170775 0.9796100000000001
6 35230730 rs9462064 3.3476999999999996e-15
6 35231168 rs9462065 3.6403000000000003e-09
6 35232150 rs191190314 0.6702600000000001
6 35232274 rs73745145 0.44178
6 35232724 rs6936907 0.78588
6 35233239 rs569394671 0.027941000000000004
6 35233443 rs975496 0.0017917999999999999
6 35233501 rs137994396 6.0847e-16
6 35233536 rs11756875 0.42403
6 35233646 rs144299923 0.41889
6 35233729 rs148323955 0.0062491000000000005
6 35233772 rs62403573 0.8714799999999999
6 35233974 rs141436505 0.24006
6 35234015 rs28627111 3.9529e-15
6 35234225 rs188246221 0.81916
6 35234230 rs191146734 0.55382
6 35234302 rs17511800 6.827200000000001e-16
6 35234517 rs115363491 0.8625299999999999
6 35234646 rs538380637 0.1141
6 35234647 rs149819751 0.036662
6 35234784 rs185202989 0.00075086
6 35234798 rs113021585 0.00014442
6 35234831 rs572717938 0.6853899999999999
6 35235064 rs113755717 4.4617e-15
6 35235109 rs547987400 0.70916
6 35235241 rs16873902 7.0106e-16
6 35235709 rs755754634 0.009577
6 35235731 rs183121024 0.28187
6 35235858 rs2267657 3.5818e-09
6 35235871 rs2267658 0.0017092
6 35236282 rs149363880 0.86488
6 35236306 rs7746069 0.45074
6 35236329 rs187896902 0.72037
6 35236560 rs56229190 0.78686
6 35236680 rs184507173 0.78465
6 35236915 rs2006184 3.4546e-09
6 35237036 rs143817858 0.7763
6 35237153 rs6934083 4.659e-11
6 35237398 rs76400146 0.9770200000000001
6 35237575 rs141545193 0.028557
6 35237950 rs150867907 0.39053000000000004
6 35238148 rs112730352 7.9372e-12
6 35238154 rs3777742 3.9804e-10
6 35238158 rs3777743 3.5507e-09
6 35238183 rs114924505 0.15444000000000002
6 35238435 rs565340658 0.74588
6 35238576 rs112018202 0.35236
6 35238577 rs564483079 0.38405
6 35238623 rs6920747 0.0017832
6 35238626 rs6941471 3.6037e-09
6 35238758 rs74869516 0.78485
6 35238920 rs186005001 0.13953
6 35239099 rs75177976 0.25276
6 35239468 rs116613985 0.9612200000000001
6 35239480 rs9469977 0.8164100000000001
6 35239683 rs9469978 0.38989
6 35239710 rs138371736 0.10332000000000001
6 35239746 rs112230413 0.82962
6 35239831 rs190048335 0.79664
6 35239987 rs545412974 0.74298
6 35239994 rs7767150 0.022791
6 35240150 rs538355432 0.7056399999999999
6 35240286 rs556009096 0.90336
6 35240305 rs144798401 0.3114
6 35240673 rs148551304 0.7155100000000001
6 35240964 rs115170027 0.06781000000000001
6 35241028 rs187265604 0.78686
6 35241122 rs142942588 0.051530999999999993
6 35241239 rs62403575 0.0017375999999999997
6 35241255 rs184700100 0.785
6 35241703 rs554225744 0.70126
6 35241709 rs371308999 0.65295
6 35241714 rs146222328 0.9813299999999999
6 35242123 rs2267660 0.034825
6 35242181 rs2267661 0.034837
6 35242199 rs73745153 0.47268000000000004
6 35242416 rs113391263 0.5752
6 35242728 rs139638769 0.74249
6 35242827 rs189236016 0.9133
6 35242856 rs149736239 0.66855
6 35243257 rs10947540 3.2606e-09
6 35243566 rs142390654 0.67714
6 35243607 rs111798662 0.82844
6 35243670 rs17511835 0.0066322
6 35243684 rs766599404 0.77645
6 35243790 rs6940090 0.96335
6 35243980 rs141585837 0.67714
6 35243998 rs6901580 3.6419e-15
6 35244143 rs756763452 0.036808
6 35244232 rs73409710 7.8889e-12
6 35244398 rs114564367 0.07624299999999999
6 35244531 rs6902523 0.001678
6 35244533 rs71567491 0.25261999999999996
6 35244682 rs150492704 0.061163999999999996
6 35244782 rs111587195 3.6426000000000005e-15
6 35244787 rs113949611 3.6426000000000005e-15
6 35245055 rs146109088 0.7991699999999999
6 35245120 rs6457812 2.3328e-09
6 35245155 rs80177001 0.82926
6 35245216 rs73409718 0.57392
6 35245404 rs563613614 0.6761
6 35245667 rs62403577 0.74398
6 35245712 rs112123223 6.3842e-16
6 35245737 rs6931442 0.018883
6 35245761 rs774984218 0.8606799999999999
6 35246125 rs113200970 6.3883e-16
6 35246133 rs532300627 0.90876
6 35246193 rs188472939 0.6189600000000001
6 35246251 rs73745159 0.4416
6 35246319 rs10484578 0.006438800000000001
6 35246379 rs76249871 0.83139
6 35246844 rs147602693 0.16267
6 35246903 rs6919534 0.009195
6 35247015 rs549450791 0.057097
6 35247095 rs73745160 0.43982
6 35247264 rs148936892 0.016207
6 35247345 rs143655363 0.8292700000000001
6 35247479 rs2284195 3.3161e-09
6 35247822 rs141376099 0.0059391
6 35247904 rs9394289 3.1616e-09
6 35248022 rs6925326 0.9358700000000001
6 35248070 rs142127911 0.5154
6 35248095 rs77616910 0.83109
6 35248298 rs572526338 0.030081
6 35248319 rs9462066 0.8241200000000001
6 35248331 rs182076738 0.056299
6 35248449 rs73745161 0.7650100000000001
6 35249400 rs189747619 0.77909
6 35249633 rs55867804 0.44082
6 35249636 rs111744587 0.8310700000000001
6 35249908 rs7772212 0.0016890999999999998
6 35250440 rs2267662 0.0017235
6 35250654 rs115047502 0.92538
6 35250682 rs2267663 3.1721e-09
6 35251162 rs77099264 0.9533299999999999
6 35251195 rs16874062 0.8247
6 35251317 rs12203818 0.59143
6 35251494 rs3798342 0.03551
6 35251671 rs6902267 0.44082
6 35252182 rs60569490 3.7771e-15
6 35252298 rs184597392 0.00040423
6 35252725 rs140476407 0.051789999999999996
6 35252759 rs113969328 0.44033999999999995
6 35253039 rs79515116 0.31865
6 35253341 rs77000973 3.6088e-15
6 35253440 rs139004200 0.54142
6 35253677 rs534023907 0.19668
6 35253701 rs574197302 0.8936799999999999
6 35253806 rs79417302 0.8530200000000001
6 35253974 rs2228265 8.6719e-15
6 35254207 rs743965 3.6067e-15
6 35254408 rs76548663 0.25195
6 35254557 rs114389319 0.17362
6 35254608 rs755492018 0.9736100000000001
6 35254785 rs777952856 0.7028399999999999
6 35254870 rs186332008 0.35901
6 35255098 rs180973059 0.64564
6 35255546 rs34368976 0.9533299999999999
6 35255842 rs182783635 0.96104
6 35255879 rs115070362 0.9738600000000001
6 35255887 rs140610755 0.98474
6 35255925 rs188741898 0.59005
6 35256036 rs149308886 0.71082
6 35256042 rs114982491 0.67448
6 35256247 rs115778882 0.67448
6 35256476 rs2006185 0.93561
6 35256934 rs729925 0.019652
6 35257047 rs73409740 0.32014000000000004
6 35257400 rs57293389 0.014637
6 35257485 rs569504350 0.89276
6 35257587 rs6906117 0.82385
6 35257603 rs544007881 0.1437
6 35258138 rs115414373 0.6734399999999999
6 35258217 rs146571492 0.9604600000000001
6 35258263 rs77906070 0.25143000000000004
6 35258313 rs80220714 0.9533299999999999
6 35258539 rs763157 0.019562
6 35259164 rs150775750 0.95009
6 35259214 rs56289885 0.47226999999999997
6 35259261 rs1894650 3.2706000000000003e-09
6 35259365 rs149925131 0.83176
6 35259397 rs33959228 0.0028894000000000003
6 35259555 rs114260539 0.8668
6 35259646 rs9366883 3.3568000000000002e-09
6 35259685 rs145319691 0.9851200000000001
6 35260195 rs181903858 0.3332
6 35260503 rs1557567 2.4702e-09
6 35260530 rs1557568 2.4044e-09
6 35260615 rs4713848 0.050095
6 35260683 rs143469179 0.19172
6 35260700 rs35582935 0.00047882
6 35260720 rs34771695 0.25146999999999997
6 35260858 rs4711413 0.050082999999999996
6 35261111 rs181447949 0.76302
6 35261182 rs57977624 0.44197
6 35261268 rs9469980 0.81953
6 35261403 rs768970949 0.92269
6 35261407 rs7765510 0.33084
6 35261437 rs76527813 0.81995
6 35261542 rs140819346 0.60755
6 35261990 rs965272 2.3869e-09
6 35262191 rs45617037 0.069866
6 35262381 rs115211384 0.25177
6 35262650 rs78353848 0.078373
6 35262658 rs114708939 0.49483999999999995
6 35262704 rs143598863 0.70525
6 35262734 rs183654998 0.32938
6 35262984 rs73409749 0.58708
6 35263009 rs73745177 0.44211999999999996
6 35263057 rs73745179 0.44211999999999996
6 35263241 rs16874216 8.6424e-12
6 35263267 rs73745181 0.44233999999999996
6 35263555 rs1194 0.0016487000000000001
6 35263638 rs111803945 0.8127800000000001
6 35263677 rs8205 2.8949999999999996e-09
6 35263925 rs191774406 0.63494
6 35264030 rs1894651 2.8234000000000004e-09
6 35264037 rs1894652 0.046549
6 35264088 rs991145 0.0016519000000000002
6 35264150 rs188915879 0.41157
6 35264170 rs193273660 0.44942
6 35264219 rs1894653 0.047249
6 35264450 rs142023735 0.43813
6 35264497 rs185418048 0.72687
6 35264828 rs73745182 0.40395
6 35265093 rs73409754 0.57391
6 35265217 rs73409758 1.7214000000000003e-11
6 35265218 rs367563413 0.35395
6 35265227 rs78947853 0.81095
6 35265231 rs78058252 0.77248
6 35265294 rs528908108 0.7420399999999999
6 35265311 rs114012257 0.8579399999999999
6 35265418 rs4711414 0.0014355000000000001
6 35265471 rs148818940 0.85731
6 35265535 rs45482297 1.7064e-11
6 35265711 rs16874262 0.81925
6 35265972 rs9368857 0.046418
6 35266190 rs192209195 0.0799
6 35266231 rs9380500 2.3685000000000002e-09
6 35266806 rs9469981 0.79022
6 35266911 rs142012865 0.59853
6 35266972 rs57468283 7.7657e-16
6 35267116 rs149978467 0.63297
6 35267474 rs192969914 0.63188
6 35267548 rs9469982 3.0099000000000005e-09
6 35267580 rs77945592 0.9307799999999999
6 35267656 rs148795252 6.486e-16
6 35267667 rs754544729 0.67311
6 35267711 rs185196215 0.085302
6 35267991 rs549429627 0.71028
6 35268122 rs537997288 0.63198
6 35268265 rs73409765 8.5001e-16
6 35268324 rs74336218 0.8815299999999999
6 35268346 rs80056708 0.35541999999999996
6 35268360 rs543553049 0.63198
6 35268402 rs73745184 0.39866999999999997
6 35268410 rs1888823 0.0016742999999999999
6 35268432 rs376850751 0.49411000000000005
6 35268533 rs1888824 2.8051999999999998e-09
6 35268651 rs73409769 7.7408e-16
6 35269153 rs61534122 0.61314
6 35269189 rs151163047 0.59853
6 35269944 rs150294681 0.63075
6 35270213 rs10947541 0.7186
6 35270299 rs78295158 0.78938
6 35270333 rs538964140 0.925
6 35270382 rs144800257 0.7091
6 35270579 rs9380501 0.0013723
6 35270796 rs141729116 0.34247
6 35270884 rs113532352 0.80342
6 35271314 rs73745186 0.99593
6 35271834 rs111231283 6.1416e-16
6 35271936 rs112698914 0.78773
6 35272274 rs10807150 1.898e-09
6 35272603 rs140110228 0.34484000000000004
6 35272794 rs145548755 0.13775
6 35272910 rs148839766 0.4495
6 35272959 rs73409774 3.1096e-16
6 35273074 rs113415275 0.7854899999999999
6 35273261 rs562862836 0.023004
6 35273336 rs142512179 0.15095
6 35273592 rs144918663 0.3822
6 35273799 rs10947542 2.6141e-09
6 35274010 rs140368089 0.5679
6 35274025 rs150348333 0.034365
6 35274245 rs138225329 0.7744800000000001
6 35274260 rs553350498 0.55893
6 35274430 rs9469983 0.7155600000000001
6 35274599 rs9469984 0.81795
6 35274607 rs143244741 0.6464300000000001
6 35275106 rs190945053 0.13793
6 35275167 rs6907324 0.0016957
6 35275382 rs2187903 3.4720999999999998e-15
6 35275963 rs6913037 2.5145e-09
6 35276034 rs144939975 0.048393
6 35277396 rs9469987 0.71495
6 35277790 rs73409778 6.2612e-16
6 35277925 rs529992805 0.73711
6 35278355 rs150977102 0.8832700000000001
6 35278458 rs181798723 0.0072865
6 35278482 rs9469988 0.3326
6 35278796 rs10755687 2.4541999999999997e-09
6 35278924 rs12332985 0.8198700000000001
6 35279033 rs147025491 0.96324
6 35279294 rs113232315 0.43792
6 35279574 rs80314519 0.62742
6 35279603 rs77743942 0.71992
6 35280183 rs35395160 0.26028
6 35280607 rs187676919 0.9366700000000001
6 35280697 rs6938946 3.8537e-09
6 35280706 rs141509916 0.70654
6 35280785 rs9469989 0.72943
6 35280858 rs6939017 3.9678e-10
6 35280971 rs6900530 0.28981
6 35281220 rs59756313 0.24465
6 35281347 rs75533269 0.21154
6 35281866 rs182472710 0.69817
6 35281909 rs188443437 0.36715
6 35281911 rs9380502 0.049132999999999996
6 35282090 rs6906987 1.2919e-09
6 35282375 rs6907364 1.3717000000000001e-09
6 35282396 rs9462070 0.58585
6 35282463 rs6907573 0.0033566000000000004
6 35282504 rs149965790 0.5162
6 35282993 rs2183834 0.0032584000000000003
6 35283161 rs6924056 0.25415
6 35283341 rs9469993 0.9311299999999999
6 35283874 rs556833852 0.43285
6 35284066 rs569546883 0.86887
6 35284129 rs116225007 0.90079
6 35284441 rs73409793 9.5999e-16
6 35284939 rs36053978 5.3309e-06
6 35285005 rs552991843 0.74524
6 35285249 rs113032176 0.65225
6 35285270 rs140928151 0.046262
6 35285543 rs6937088 1.6877e-08
6 35285639 rs370174616 0.7076
6 35285719 rs61734579 0.36478
6 35285720 rs2395617 0.018605
6 35285780 rs115047813 0.9474299999999999
6 35285837 rs371476728 0.44738
6 35286075 rs61748597 0.29756
6 35286217 6:35286217_C_A 0.64298
6 35286295 rs6899744 0.29645
6 35286333 rs150278765 0.65404
6 35286969 rs116666828 0.98756
6 35287755 rs61734578 8.587799999999999e-16
6 35287811 rs114708018 1.992e-05
6 35288078 6:35288078_A_T 0.29104
6 35288696 rs34278260 6.6551e-16
6 35288911 rs76060165 0.61233
6 35289024 rs9296146 0.5169
6 35289153 rs6917127 0.5427
6 35289175 rs35277012 0.35886999999999997
6 35289446 rs707969 0.2307
6 35289823 rs73411706 7.146200000000001e-16
6 35290235 rs78905512 0.35731
6 35291025 rs111850745 0.07507799999999999
6 35291094 rs7764813 2.0461e-11
6 35291099 rs114764024 0.07488600000000001
6 35291155 rs573993060 0.9270200000000001
6 35291211 rs193084192 0.4834
6 35291457 rs80253741 1.4500999999999999e-05
