CHR BP SNP P
2 143789714 rs4662193 5.119e-17
2 143789771 rs150135958 0.38927
2 143789801 rs6709316 0.51184
2 143789861 rs564596462 0.26868000000000003
2 143790029 rs6709790 4.6988999999999995e-17
2 143790369 rs7564245 0.53535
2 143790546 rs79202002 0.10514000000000001
2 143790728 rs73961703 0.16521
2 143790793 rs17808482 0.2962
2 143791014 rs2304700 8.2349e-36
2 143791907 rs77286525 0.11463
2 143793004 rs75980500 0.11625
2 143793562 rs111798397 0.11819
2 143793701 rs6741488 5.0153e-17
2 143793814 rs12477146 1.3909e-23
2 143794952 rs181985951 0.8971600000000001
2 143795378 rs73961705 0.06729199999999999
2 143795681 rs2043931 0.52915
2 143795749 rs185463279 0.41288
2 143795881 rs73961706 0.24161
2 143796005 rs73961708 1.7777e-23
2 143796057 rs7598467 1.773e-23
2 143796424 rs146053968 0.8921399999999999
2 143796442 rs111857734 0.00014122
2 143796510 rs115055949 0.29408
2 143796606 rs114108375 0.98615
2 143796694 rs3768844 1.7748e-23
2 143797072 rs1027272 1.6814e-35
2 143797385 rs139541013 0.9880899999999999
2 143797657 rs2008533 1.8771e-23
2 143798189 rs9013 1.2002000000000002e-23
2 143798475 rs78679334 0.33383
2 143798921 rs61665191 1.8271e-23
2 143799003 rs3845642 1.1066000000000001e-16
2 143799084 rs78637163 0.57331
2 143799570 rs200895305 0.3042
2 143799907 rs3816193 2.0875000000000002e-23
2 143800263 rs114474168 0.12143
2 143800744 rs354687 1.0036e-16
2 143800796 rs16858549 2.0724e-23
2 143801205 rs73961713 2.0733000000000002e-23
2 143801438 rs114819412 0.62121
2 143801670 rs59980912 5.8058e-23
2 143801675 rs59441438 5.825999999999999e-35
2 143801763 rs183375973 0.12615
2 143801840 rs58855556 1.9174e-23
2 143801859 rs354686 0.53152
2 143802071 rs354685 0.52162
2 143802102 rs60882035 1.7845999999999997e-35
2 143802163 rs140965778 0.40433
2 143802187 rs145056720 0.12344000000000001
2 143802337 rs138801417 0.12274000000000002
2 143802347 rs62169950 0.15672
2 143802407 rs116637449 0.6802600000000001
2 143802594 rs148939584 0.11432
2 143802616 rs112826713 1.9127e-23
2 143802979 rs184786994 0.5864699999999999
2 143802992 rs13002787 0.41686000000000006
2 143803070 rs112211045 1.9128e-23
2 143803535 rs74408629 0.001247
2 143803627 rs78164218 0.15008
2 143803847 rs73961715 2.0229999999999999e-35
2 143803943 rs115952468 0.63944
2 143803990 rs185447321 0.12615
2 143804349 rs57940394 1.9215e-23
2 143804561 rs56195913 0.42394
2 143804572 rs76098248 0.39095
2 143804665 rs115932761 0.9698
2 143804747 rs56284949 0.30269
2 143804941 rs377039224 0.0064536
2 143804986 rs75710639 2.4924e-24
2 143805008 rs187134 0.041462
2 143805017 rs354684 0.51598
2 143805164 rs56099642 2.5636e-24
2 143806859 rs78488599 0.13055999999999998
2 143807168 rs78972426 0.69524
2 143807214 rs144154963 0.47358999999999996
2 143807520 rs57762046 1.144e-23
2 143807883 rs76544182 0.2002
2 143807934 rs827214 1.1904000000000001e-09
2 143808066 rs151282890 0.098237
2 143808067 rs35647509 1.3424e-23
2 143808134 rs71423258 0.7087899999999999
2 143808142 rs79256641 0.47908999999999996
2 143808241 rs113618344 0.10775
2 143808750 rs977033 1.4714e-23
2 143809278 rs77265032 1.3767e-23
2 143809543 rs78700147 1.4909e-23
2 143810459 rs56716593 1.6562000000000003e-23
2 143810499 rs12478430 1.5736e-23
2 143810757 rs12474320 1.0792999999999999e-23
2 143811374 rs2083370 4.900899999999999e-23
2 143811375 rs188127033 0.097927
2 143811550 rs78593548 0.23126
2 143812558 rs12470521 0.39104
2 143812661 rs79173487 0.030558999999999996
2 143812673 rs184805048 0.9424799999999999
2 143813057 rs114621676 0.9980399999999999
2 143813214 rs185939462 0.996
2 143813298 rs79874456 0.86103
2 143813456 rs75142225 0.7685
2 143814008 rs113181226 0.72858
2 143814106 rs76488053 0.79583
2 143814132 rs115457883 0.5463100000000001
2 143814134 rs74496645 0.85036
2 143814516 rs115648715 0.8576600000000001
2 143814626 rs1101163 1.6247e-23
2 143814696 rs113372450 0.26887
2 143814728 rs114960420 0.51718
2 143814864 rs116653336 0.98519
2 143814957 rs80037713 0.78719
2 143815468 rs354688 1.5435e-18
2 143815756 rs61711347 0.7854
2 143816332 rs59301729 0.85451
2 143816362 rs354689 0.02478
2 143816772 rs115348863 0.083222
2 143816899 rs55942223 0.86214
2 143816902 rs61158639 0.86214
2 143816911 rs60041239 0.20611
2 143817222 rs60694119 0.20207
2 143817242 rs56372214 0.84359
2 143817392 rs76943043 0.9053
2 143817411 rs16858551 0.006312300000000001
2 143817718 rs354690 3.4519e-11
2 143817896 rs149179080 0.52225
2 143817947 rs143523227 0.82421
2 143818661 rs78855654 0.92309
2 143818766 rs77071755 0.92309
2 143819081 rs184884507 0.625
2 143819105 rs80055389 0.51032
2 143819141 rs73961727 0.85498
2 143819201 rs73961728 0.8836200000000001
2 143819448 rs182408356 0.51726
2 143819665 rs73961730 0.88776
2 143820009 rs73961731 0.88956
2 143820022 rs576146059 0.64291
2 143820473 rs73961732 0.19609000000000001
2 143820689 rs73961733 0.8844200000000001
2 143821137 rs113659757 0.28713
2 143821332 rs73961734 0.8427600000000001
2 143821817 rs827217 3.1554e-11
2 143822016 rs73961735 0.86792
2 143822050 rs76089189 0.51081
2 143822213 rs114629464 0.43896999999999997
2 143822381 rs73961737 0.8719600000000001
2 143822403 rs73961738 0.8727799999999999
2 143822480 rs78776446 0.50769
2 143822728 rs56194624 0.32850999999999997
2 143822784 rs73961739 0.8749899999999999
2 143823024 rs73961740 0.8031699999999999
2 143823585 rs75601517 0.8748
2 143823730 rs75241114 0.52672
2 143823837 rs141065955 0.87366
2 143824661 rs1095653 1.2655e-23
2 143825002 rs1095654 1.1502000000000001e-23
2 143825240 rs193183819 0.022338
2 143825618 rs60794081 0.8898299999999999
2 143825655 rs116839828 0.13491
2 143826112 rs73961742 0.85235
2 143826139 rs73961744 0.88608
2 143826143 rs78706927 0.34565
2 143826219 rs73961748 0.87375
2 143826418 rs73961750 0.87718
2 143826440 rs74742573 0.25842
2 143826808 rs827215 1.3792000000000002e-23
2 143827300 rs73961753 0.87172
2 143827356 rs73961754 0.84273
2 143827444 rs144733648 0.83081
2 143827666 rs73961755 0.80591
2 143827910 rs76525597 0.83081
2 143828317 rs115592566 0.64827
2 143828345 rs547213341 0.19912
2 143828517 rs35055777 0.11631
2 143828803 rs73961759 0.28472
2 143829692 rs140641504 0.24688000000000002
2 143829736 rs73961760 0.81642
2 143829803 rs7560037 0.1282
2 143829921 rs73961761 0.8164100000000001
2 143830118 rs354693 1.3826e-23
2 143830331 rs73961763 0.86262
2 143830386 rs354692 3.1874000000000004e-11
2 143830848 rs73961764 0.8398
2 143830888 rs115303564 0.82016
2 143831050 rs73961765 0.8537399999999999
2 143831152 rs148530277 0.49911000000000005
2 143831185 rs183054524 0.052146000000000005
2 143831354 rs73961768 0.8839100000000001
2 143831599 rs74847330 4.020899999999999e-42
2 143832285 rs143910373 0.53533
2 143832447 rs79836088 0.50856
2 143832548 rs146863519 0.042684
2 143832550 rs76660174 0.79005
2 143832763 rs111832298 0.81106
2 143832956 rs187593320 0.49041
2 143832988 rs144390204 0.8783700000000001
2 143833041 rs190725327 0.12108
2 143833109 rs143481094 0.49913
2 143833217 rs75362454 0.90143
2 143833219 rs34948175 0.17295
2 143833279 rs111399178 0.8267399999999999
2 143833589 rs78611773 0.8588600000000001
2 143833829 rs115144186 0.87635
2 143833865 rs58893125 0.87936
2 143833974 rs55952258 0.90686
2 143834895 rs141951751 0.81092
2 143835023 rs77017598 0.32211999999999996
2 143835051 rs139749056 5.838400000000001e-06
2 143835110 rs75492985 0.25095
2 143835208 rs74478510 0.5022300000000001
2 143835581 rs61669982 0.62761
2 143835748 rs79916852 0.25101999999999997
2 143835769 rs73961769 0.85254
2 143836327 rs73961770 0.7883100000000001
2 143836333 rs73961772 0.7883100000000001
2 143836343 rs73961774 0.76448
2 143836830 rs77805831 0.43956000000000006
2 143836948 rs78646668 0.22787
2 143837013 rs116762623 0.13468
2 143837459 2:143837459_C_A 0.9023100000000001
2 143837720 rs73961776 0.8207200000000001
2 143837902 rs113475403 0.25118
2 143838359 rs114260278 0.5211600000000001
2 143838780 rs10202197 0.12478
2 143838888 rs73961777 0.86793
2 143838977 rs79298849 0.80389
2 143839231 rs77160060 0.35419
2 143839343 rs75797182 0.8003899999999999
2 143839564 rs114081378 0.5463899999999999
2 143839962 rs73961778 0.88679
2 143840543 rs72849177 0.49577
2 143840696 rs73961780 0.8812
2 143840897 rs79256433 0.5915600000000001
2 143841276 rs75119581 0.3355
2 143841398 rs182486350 0.060719
2 143841531 rs73961783 0.8782200000000001
2 143841612 rs73961784 0.8781899999999999
2 143841637 rs79246999 0.5018100000000001
2 143842250 rs56842062 0.8810399999999999
2 143842341 rs56137702 0.8906299999999999
2 143842410 rs55732204 0.88945
2 143842441 rs74593959 0.457
2 143842922 rs1579688 0.12204000000000001
2 143843207 rs79711045 0.78901
2 143843212 rs73961786 0.8624700000000001
2 143843248 rs73961787 0.86318
2 143843363 rs73961788 0.8686299999999999
2 143843461 rs73961789 0.8221799999999999
2 143843963 rs747537774 0.35065999999999997
2 143844179 rs181187879 0.63702
2 143844201 rs548549495 0.042373
2 143844480 rs2099716 0.1245
2 143844703 rs73961790 0.87797
2 143844825 rs74523633 0.0089602
2 143845195 rs78532751 0.73475
2 143845288 rs78689738 0.029216000000000002
2 143845576 rs185178309 0.62861
2 143845584 rs1561543 0.068107
2 143845749 rs1561542 0.50826
2 143846005 rs58765319 0.61087
2 143846125 rs354691 3.163e-11
2 143846534 rs61462063 0.82405
2 143846840 rs143989356 0.8825
2 143846912 rs147388398 0.59307
2 143846939 rs367791517 0.015757
2 143846979 rs192464646 0.84535
2 143847119 rs112836283 0.88287
2 143847357 rs116072987 0.55476
2 143847517 rs112030120 0.8243
2 143847602 rs148601577 3.5747e-07
2 143847624 rs73961793 0.88887
2 143847771 rs73961794 0.8326
2 143847835 rs73961795 0.8891700000000001
2 143848328 rs13426030 0.11961
2 143848543 rs111391199 0.8446899999999999
2 143848951 rs73961796 0.88665
2 143849094 rs34619098 0.11615999999999999
2 143849155 rs77001588 0.8123600000000001
2 143849166 rs73961797 0.8828600000000001
2 143849224 rs73961798 0.8896299999999999
2 143849404 rs73961799 0.8889299999999999
2 143849693 rs61408060 0.92106
2 143849878 rs58329784 0.84304
2 143850026 rs73961801 0.86771
2 143850173 rs2600376 5.595700000000001e-18
2 143850459 rs148343124 0.61479
2 143850526 rs73961802 0.90522
2 143850529 rs75964748 0.24023000000000003
2 143850542 rs533743112 0.31451
2 143850577 rs73962303 0.94785
2 143850733 rs56791798 0.90133
2 143851129 rs2600375 0.028714
2 143851145 rs2600374 1.1743e-23
2 143851472 rs73962304 0.19438
2 143851506 rs73962305 0.89894
2 143851705 rs73962307 0.92086
2 143851717 rs34191337 0.1142
2 143851769 rs76316276 0.84009
2 143852011 rs73962308 0.7369
2 143852411 rs2923862 1.1117e-23
2 143852465 rs58134709 0.9004
2 143852732 rs57665232 0.93875
2 143852799 rs59089964 0.9083100000000001
2 143853088 rs55796050 0.87279
2 143853136 rs77807050 0.40486
2 143853228 rs56324306 0.90935
2 143853307 rs61465793 0.9197799999999999
2 143853545 rs73962310 0.83641
2 143853621 rs73962311 0.8639100000000001
2 143853652 rs73962313 0.74479
2 143853970 rs354679 5.409399999999999e-11
2 143854603 rs77501529 0.44476000000000004
2 143854827 rs73962314 0.32947
2 143854859 rs73962316 0.9591299999999999
2 143854872 rs73962317 0.94205
2 143854934 rs73962318 0.94076
2 143854963 rs60858440 0.45035
2 143855035 rs80026250 0.24184
2 143855046 rs146894318 0.8770700000000001
2 143855070 rs58625827 0.94035
2 143855074 rs56354403 0.70772
2 143855228 rs183786531 0.66918
2 143855293 rs354680 3.1413e-23
2 143855609 rs114399000 0.718
2 143855625 rs115459399 0.6973699999999999
2 143855627 rs116747410 0.6973699999999999
2 143855793 rs73962322 0.6752600000000001
2 143855941 rs79942666 0.88126
2 143856012 rs34143526 0.00075638
2 143856255 rs113004050 0.83504
2 143856283 rs146189211 0.8201
2 143856297 rs137865418 0.33345
2 143856352 rs77453860 0.8654299999999999
2 143856550 rs112633902 0.87416
2 143856739 rs111239935 0.7558199999999999
2 143856948 rs77234069 0.76075
2 143856949 rs537470641 0.039554
2 143856956 rs62169954 0.11546
2 143857372 rs761989606 0.28245
2 143857736 rs73962323 0.2522
2 143858041 rs80301765 0.87771
2 143858058 rs6729034 0.73643
2 143858470 rs79387517 0.85119
2 143858563 rs78937909 0.8391200000000001
2 143858577 rs114042525 0.72611
2 143858653 rs115070609 0.47825
2 143858871 rs12474604 1.3343e-11
2 143859248 rs116291234 0.93575
2 143859431 rs76393898 0.9366899999999999
2 143860086 rs75233812 0.15734
2 143860146 rs137886167 0.18045999999999998
2 143860311 rs77067920 0.9471799999999999
2 143860403 rs13019434 9.833e-24
2 143860506 rs79489223 0.79471
2 143860515 rs74317040 0.89604
2 143860781 rs148268120 0.5070100000000001
2 143860802 rs116384154 0.5617300000000001
2 143861212 rs141271890 0.49408
2 143861246 rs113445335 0.23064
2 143861334 rs77783535 0.7331
2 143861866 rs75691606 0.89294
2 143862067 rs75080944 0.55072
2 143862120 rs2043930 1.2045999999999998e-23
2 143862219 rs75360761 0.8835
2 143862401 rs13387566 0.10312
2 143862465 rs76067208 0.50732
2 143862571 rs10192949 0.16984000000000002
2 143862584 rs79291778 0.55205
2 143862790 rs17203002 0.76727
2 143863330 rs75755330 0.9219299999999999
2 143863639 rs76098216 0.25914
2 143864454 rs115335869 0.90969
2 143864609 rs116764821 0.9238200000000001
2 143865069 rs77587856 0.81305
2 143865149 rs116547589 0.56248
2 143865191 rs77538260 0.91141
2 143865242 rs75119788 0.91409
2 143865251 rs115647575 0.4486
2 143865442 rs79173084 0.91204
2 143865804 rs75846441 0.8334799999999999
2 143865902 rs547929783 0.4486
2 143865915 rs78746990 0.86966
2 143866031 rs114835648 0.32587
2 143866399 rs11693448 0.44155
2 143866884 rs185613635 0.38632
2 143867025 rs75035267 0.99269
2 143867383 rs827231 0.027405000000000002
2 143867593 rs62169955 0.50973
2 143867726 rs7570023 0.49191
2 143868121 rs79056368 0.18015
2 143868223 rs6750969 0.1019
2 143868450 rs751703430 0.94815
2 143868563 rs827230 0.021899000000000002
2 143868915 rs1561541 1.3145e-23
2 143869401 rs79264017 0.93689
2 143869618 rs73962325 0.66319
2 143869783 rs73962327 0.62241
2 143869882 rs190060181 0.7821899999999999
2 143869938 rs79709305 0.96052
2 143870194 rs566513705 0.085505
2 143870304 rs79392618 0.9587700000000001
2 143870399 rs78856443 0.9258200000000001
2 143870416 rs150829579 0.5231
2 143870509 rs79893068 0.9161799999999999
2 143870558 rs112677008 0.95926
2 143870767 rs72849192 0.33883
2 143870854 rs372687726 0.52976
2 143870919 rs76321126 0.8226899999999999
2 143871302 rs539427437 0.61295
2 143871366 rs80055268 0.72759
2 143872079 rs541637603 0.5957600000000001
2 143872176 rs80075877 0.9500200000000001
2 143872311 rs114885313 0.0016488
2 143872515 rs114114425 0.45416000000000006
2 143872585 rs151145372 0.20644
2 143872689 rs78718315 0.9182799999999999
2 143872693 rs12691667 0.10386
2 143872699 rs150387341 0.7448199999999999
2 143873205 rs78116228 0.92201
2 143873570 rs138795245 0.6824899999999999
2 143873706 rs116708648 0.94614
2 143873976 rs114411723 0.52894
2 143874043 rs75079575 0.9300299999999999
2 143874068 rs114404054 0.80016
2 143874154 rs111819027 0.67087
2 143874252 rs75359539 0.54751
2 143874485 rs79343963 0.47768
2 143875024 rs78054958 0.8508700000000001
2 143875214 rs78637756 0.9025200000000001
2 143875538 rs149693285 0.56396
2 143875725 rs16858573 8.258400000000001e-43
2 143875889 rs545618484 0.082249
2 143876136 rs77220968 0.25679
2 143876416 rs74965418 0.92089
2 143876423 rs11898889 1.6966999999999997e-23
2 143876537 rs113750360 0.23681
2 143876852 rs34309631 0.23663
2 143876948 rs147555151 0.58002
2 143876965 rs12479321 7.976800000000001e-11
2 143877071 rs114481838 0.5718300000000001
2 143877341 rs116084709 0.79604
2 143877626 rs183455155 0.86121
2 143877706 rs113487158 0.77971
2 143877714 rs111449932 0.9063899999999999
2 143877738 rs116162564 0.5672699999999999
2 143877862 rs112439605 0.23611999999999997
2 143877984 rs189961060 0.77705
2 143878347 rs115133403 0.7918
2 143878354 rs6741856 0.094819
2 143878479 rs114048695 0.56079
2 143878525 rs76398547 0.54532
2 143878965 rs76095091 0.67988
2 143879176 rs13028706 0.095061
2 143879241 rs76711755 0.45607
2 143879266 rs75385560 0.84415
2 143879323 rs13029116 0.20032
2 143879683 rs79257562 0.9208
2 143879769 rs115599990 0.44913000000000003
2 143879861 rs146380011 0.25079
2 143879864 rs77029662 0.843
2 143880258 rs75081524 0.88126
2 143880321 rs113664389 0.80488
2 143880392 rs116655137 0.36322
2 143880575 rs73962328 0.57397
2 143880626 rs77397694 0.44753000000000004
2 143880631 rs116270325 0.0041103
2 143880692 rs73962329 0.20142000000000002
2 143880967 rs77631611 0.40371999999999997
2 143881071 rs540626398 0.60528
2 143881083 rs144568479 0.25926
2 143881574 rs6732786 0.091603
2 143881841 rs74602428 0.8306899999999999
2 143881877 rs76275934 0.96159
2 143881907 rs112764176 0.41118000000000005
2 143881926 rs76395355 0.53654
2 143881968 rs79641455 0.9354600000000001
2 143882355 rs77450033 0.14736
2 143882526 rs62169956 0.89681
2 143882594 rs4662313 3.9181e-10
2 143882605 rs11889348 5.0671e-10
2 143883854 rs79392337 0.13723
2 143883855 rs354702 5.5809e-12
2 143883952 rs354703 5.7986e-12
2 143884050 rs148759683 0.4212
2 143884188 rs73962332 0.57157
2 143884297 rs72992640 8.329700000000001e-43
2 143884607 rs116008055 0.11980999999999999
2 143884693 rs535732920 0.88084
2 143884871 rs354704 6.9727e-12
2 143885131 rs77931581 0.24748
2 143886037 rs116656610 0.60575
2 143886039 rs61263941 0.20801999999999998
2 143886180 rs354705 7.1776e-12
2 143886216 rs354706 7.1106e-12
2 143886437 rs354707 7.39e-12
2 143886535 rs354708 7.143e-12
2 143886805 rs185796613 0.42744
2 143886819 rs79716587 4.7876e-44
2 143886953 rs354709 6.4461e-12
2 143887084 rs354710 6.9152e-12
2 143887106 rs3754598 7.289300000000001e-24
2 143887163 rs354711 7.3865e-12
2 143887164 rs146812539 0.54603
2 143887356 rs73962339 0.19771
2 143887424 rs143668684 0.20518000000000003
2 143887757 rs115873544 0.28292
2 143888040 rs181227438 0.9783299999999999
2 143888559 rs7608650 3.8868999999999994e-24
2 143888612 rs6732489 0.74331
2 143888822 rs77452381 0.041128
2 143888823 rs354712 9.0378e-12
2 143889098 rs189560 2.6129000000000004e-10
2 143889126 rs181371 1.2747e-11
2 143889284 rs534488488 0.42655
2 143889304 rs354713 1.2752e-12
2 143889539 rs116820855 0.67987
2 143889749 rs354714 1.8797e-12
2 143889856 rs112416588 0.9316
2 143889939 rs148391577 0.39279000000000003
2 143890281 rs16858596 0.26224000000000003
2 143890583 rs17809535 0.84114
2 143890614 rs532013840 0.15941
2 143890615 rs354715 2.1598e-12
2 143890639 rs354716 1.4272e-10
2 143890805 rs116418891 0.46734
2 143890978 rs574787957 0.6452600000000001
2 143891026 rs189816 2.2919e-12
2 143891054 rs77060272 0.8176899999999999
2 143891450 rs354717 2.4076e-12
2 143891853 rs73962340 0.6581
2 143892088 rs80197491 0.2825
2 143892139 rs354719 0.082153
2 143892200 rs75595996 0.6552899999999999
2 143892317 rs149998982 0.16050999999999999
2 143892794 rs827219 1.0354000000000001e-08
2 143893628 rs77724346 0.56392
2 143893820 rs354720 0.39791
2 143893978 rs354721 0.0005871
2 143894118 rs2068395 1.2262e-05
2 143894359 rs13390053 2.0924e-06
2 143894523 rs114055834 0.9857
2 143894573 rs114992633 0.71533
2 143894656 rs354722 0.8322200000000001
2 143894702 rs16858624 0.12042
2 143894826 rs80323087 0.9246700000000001
2 143895259 rs354724 0.81847
2 143895878 rs9917392 2.9611000000000003e-06
2 143896230 rs79803163 0.728
2 143896500 rs10189773 3.8612e-06
2 143896575 rs78455389 0.5373100000000001
2 143896588 rs78479820 0.9660200000000001
2 143896997 rs193285 1.3305e-05
2 143897254 rs78281892 0.25782
2 143897255 rs79515447 0.6792600000000001
2 143897827 rs114151613 0.35158
2 143898036 rs77666804 0.12318
2 143898274 rs75432225 0.72812
2 143898781 rs10173270 2.7718e-06
2 143899118 rs115901686 0.026179
2 143899176 rs533423356 0.026733999999999997
2 143899318 rs3845643 2.1478e-06
2 143899419 rs3910609 0.6485
2 143899648 rs62171670 0.21065
2 143899675 rs79798422 0.65715
2 143900159 rs78389360 0.39778
2 143900939 rs79390648 0.68881
2 143901434 rs144633254 0.73803
2 143901860 rs60289175 3.3669e-06
2 143902188 rs16858636 0.7296199999999999
2 143902317 rs2580859 7.3696000000000006e-06
2 143902457 rs74437552 0.93778
2 143902460 rs76132509 0.35186
2 143902489 rs75607656 0.0016660999999999998
2 143902539 rs183978477 0.014846000000000002
2 143902663 rs3856363 2.9201e-06
2 143902692 rs16858638 0.12029000000000001
2 143902992 rs116219733 0.52345
2 143903715 rs73962349 2.3032e-06
2 143903982 rs7568188 0.78791
2 143904480 rs16858642 0.19976
2 143904553 rs75611966 0.33434
2 143904815 rs6705990 1.6909e-05
2 143905367 rs77853964 0.089771
2 143905694 rs3845644 1.2489e-05
2 143905715 rs3910608 0.6583899999999999
2 143906473 rs13426177 2.6424e-06
2 143907127 rs79284789 0.76312
2 143907283 rs74952437 0.95035
2 143907412 rs4662314 0.62785
2 143907446 rs35120339 0.12473
2 143907450 rs185600591 0.40242
2 143907997 rs140549813 0.8986200000000001
2 143908646 rs827229 0.00010823
2 143908730 rs140250609 0.96268
2 143908842 rs115798070 0.66923
2 143909200 rs58458356 1.7722e-05
2 143909399 rs2600377 0.86165
2 143909400 rs2581261 0.8639
2 143909542 rs114289130 0.29443
2 143909719 rs827228 0.84086
2 143909767 rs114572342 0.11420999999999999
2 143911147 rs861167 2.2201e-05
2 143911349 rs543304837 0.75441
2 143911355 rs562123630 0.75441
2 143911977 rs2581263 0.84995
2 143912019 rs140298684 0.9843299999999999
2 143912095 rs115563728 0.49738999999999994
2 143912173 rs776892066 0.4813
2 143912204 rs116314802 0.41807
2 143912630 rs113323647 0.9064200000000001
2 143913004 rs2580857 0.8282700000000001
2 143913027 rs116163210 0.8066800000000001
2 143914267 rs62171671 0.46948999999999996
2 143914450 rs76865124 0.8733700000000001
2 143915301 rs570545147 0.25975
2 143915578 rs706633 0.56788
2 143916311 rs827227 2.4104e-05
2 143916458 rs541000077 0.21916
2 143917232 rs78429249 0.65278
2 143919451 rs75829455 0.93625
2 143919827 rs114352177 0.00010277
2 143920385 rs13406460 3.0121999999999997e-05
2 143920386 rs187133 0.00010832
2 143920481 rs11904419 1.4856e-05
2 143921204 rs115990027 0.67533
2 143921534 rs354682 0.84159
2 143921828 rs79039564 0.091075
2 143922243 rs115610962 0.38123
2 143922284 rs12620962 1.4411e-05
2 143922613 rs827226 0.84119
2 143922646 rs76942456 0.87064
2 143923328 rs77243363 0.79303
2 143923754 rs77653235 0.55842
2 143923917 rs12995863 0.11400999999999999
2 143924347 rs139003249 0.25134
2 143924501 rs6715046 0.00020343
2 143925517 rs354694 0.8035899999999999
2 143926626 rs72992668 0.29918
2 143927574 rs6713802 0.15963
2 143927596 rs72992670 0.30896
2 143927682 rs6756021 0.15027000000000001
2 143927752 rs6756152 0.15070999999999998
2 143927785 rs72992671 0.30783
2 143929378 rs3738947 0.16094
2 143929525 rs10199581 0.70329
2 143929917 rs10176686 0.00024347
2 143930610 rs10203011 0.15715
2 143931196 rs354695 0.16668
2 143931200 rs115180450 0.10934
2 143931505 rs354696 0.1667
2 143932011 rs73962361 0.8910799999999999
2 143932223 rs354698 0.16452
2 143932323 rs354699 0.16649
2 143932431 rs12691668 0.16660999999999998
2 143932834 rs16858721 0.97039
2 143933159 rs72849979 0.94411
2 143933230 rs16858724 0.44498000000000004
2 143933598 rs354700 0.16884000000000002
2 143934549 rs1869009 0.15928
2 143936045 rs142667528 0.9682200000000001
2 143937096 rs10184671 0.5476800000000001
2 143937322 rs354678 0.1539
2 143937548 rs354677 0.16112
2 143937830 rs191637 0.15944
2 143938311 rs112309802 0.33555999999999997
2 143938335 rs147951869 0.045349
2 143938336 rs141778545 0.79392
2 143938368 rs354676 0.0062172
2 143938400 rs35443988 0.82836
2 143938496 rs111351135 0.34248
2 143938821 rs4405691 0.15165
2 143939266 rs532088292 0.28174
2 143940078 rs1866602 0.16014
2 143940330 rs12691669 0.16137
2 143940558 rs16858734 0.1538
2 143940599 rs13001653 0.1677
2 143940642 rs55758769 0.3495
2 143941205 rs114199315 0.62447
2 143941953 rs6713092 0.16975
2 143942227 rs12691670 0.16802999999999998
2 143942863 rs13028667 0.018754
2 143943158 rs10496941 0.018256
2 143943337 rs752692938 0.33681
2 143943446 rs10496942 0.018378
2 143943789 rs6749243 0.018261000000000003
2 143944078 rs6749607 0.01831
2 143944364 rs546033859 0.5602
2 143944454 rs183515987 0.96457
2 143944571 rs115732039 1.9874e-05
2 143944581 rs354729 0.033195999999999996
2 143944633 rs187965121 0.11535
2 143944775 rs354728 0.033638999999999995
2 143944868 rs16858757 0.018275
2 143945257 rs62171673 0.017702000000000002
2 143945796 rs13025980 0.018253
2 143946407 rs189593796 0.5937
2 143946495 rs173310 0.032271
2 143946523 rs535258229 0.19630999999999998
2 143947527 rs17811194 0.016872
2 143947652 rs354726 0.35689
2 143947804 rs187538868 0.1065
2 143948355 rs35713119 0.016872
2 143948710 rs72851508 0.07979
2 143948720 rs62171677 0.018328
2 143948823 rs16858762 0.018351
2 143948954 rs16858765 0.018238
2 143949237 rs10183448 0.44325
2 143949458 rs16858775 0.90976
2 143949619 rs114875403 0.15320999999999999
2 143949956 rs6716653 0.017623
2 143949961 rs148830756 0.91961
2 143950005 rs545905915 0.79295
2 143951268 rs7607443 0.016707
2 143951325 rs7595079 0.42827
2 143951865 rs16858783 0.39542
2 143952266 rs62171696 0.016986
2 143952304 rs17205833 0.016394
2 143952408 rs16858786 0.016946
2 143952636 rs16858788 0.01623
2 143952777 rs9287348 0.51539
2 143952778 rs9287349 0.5104
2 143952935 rs13012536 0.016499
2 143953158 rs10496943 0.016729
2 143953182 rs186787830 0.13838
2 143953691 rs71423262 0.35669
2 143954658 rs6758942 0.01854
2 143954690 rs6743877 0.017136000000000002
2 143954986 rs6744232 0.017088
2 143955229 rs16858800 0.35775999999999997
2 143955490 rs13032320 0.017124
2 143955626 rs71350021 0.016666
2 143955732 rs11695388 0.44331000000000004
2 143956207 rs116382092 0.52073
2 143956267 rs6751487 0.017137
2 143956699 rs6709690 0.016386
2 143957079 rs147846490 0.8496600000000001
2 143957109 rs568016745 0.45615
2 143957144 rs6755501 0.016916999999999998
2 143957235 rs6726717 0.016916999999999998
2 143957389 rs16858815 0.016939
2 143957797 rs114519881 0.042883
2 143957889 rs76894109 0.48201000000000005
2 143957918 rs113998830 0.54393
2 143958213 rs16858818 0.017998
2 143958341 rs36103269 0.018268
2 143958348 rs34360547 0.018203999999999998
2 143958373 rs16858822 0.018268
2 143958589 rs7607591 0.018062
2 143958620 rs74735256 0.15299000000000001
2 143958745 rs2034604 0.00022635
2 143958855 rs7568927 0.016538999999999998
2 143958864 rs7581335 0.015568
2 143959096 rs62171698 0.017763
2 143959151 rs62171699 0.016843
2 143959305 rs112956848 0.48396000000000006
2 143959317 rs12467227 0.42503
2 143959863 rs62171700 0.016758000000000002
2 143959892 rs34183792 0.01686
2 143960018 rs34583638 0.016903
2 143960031 rs62171701 0.016843
2 143960080 rs34228828 0.016843
2 143960448 rs139777321 0.9688
2 143960528 rs77049407 0.9747399999999999
2 143960593 rs6710871 0.016916
2 143960812 rs6711010 0.016862000000000002
2 143960839 rs6711023 0.016873
2 143960933 rs6711340 0.017165
2 143961019 rs6711472 0.016835
2 143961096 rs115735078 0.084781
2 143961104 rs6750140 0.016895
2 143961287 rs7598630 0.016631
2 143961344 rs7598904 0.016631
2 143961414 rs12987047 0.015885
2 143961934 rs12988287 0.015912
2 143962134 rs34720301 0.016641999999999997
2 143962373 rs12994078 0.016616
2 143962409 rs16858835 0.016559
2 143962477 rs12994310 0.88587
2 143962537 rs116778170 0.12385
2 143963191 rs145237096 0.13122999999999999
2 143963549 rs62171703 0.029855
2 143963766 rs16858839 0.005211100000000001
2 143963839 rs112536826 0.32185
2 143964536 rs1869010 0.016455
2 143964540 rs1869011 0.016488
2 143964623 rs1869013 0.018628
2 143965332 rs10201629 0.019463
2 143965823 rs78593159 0.9245
2 143966272 rs78807768 2.5534e-05
2 143966458 rs146562155 0.064433
2 143966485 rs6713381 0.017062
2 143966611 rs6728893 0.016465999999999998
2 143967392 rs1376749 0.016326
2 143967594 rs74438226 0.9772799999999999
2 143967800 rs530879009 0.48355
2 143967840 rs113998367 0.045083
2 143967920 rs1376750 0.031682999999999996
2 143968708 rs1869014 0.019446
2 143969046 rs16858857 0.00020544
2 143969511 rs11895997 0.43766000000000005
2 143969849 rs4662316 0.78598
2 143970341 rs116237013 0.74745
2 143970342 rs115432728 0.68176
2 143970667 rs6729942 0.016166999999999997
2 143970898 rs6430005 0.015463999999999999
2 143970901 rs6430006 0.016374
2 143971124 rs78121090 0.9120299999999999
2 143971326 rs6430007 0.016057
2 143971339 rs6430008 0.016057
2 143971643 rs17206835 0.028935000000000002
2 143971679 rs16858876 0.030343000000000002
2 143971849 rs6727972 0.030647000000000004
2 143972020 rs17812380 0.53477
2 143972222 rs115509182 0.25331
2 143972554 rs6430010 0.03145
2 143972641 rs547357710 0.55801
2 143972755 rs72851526 0.46836000000000005
2 143972823 rs16858878 0.031379000000000004
2 143972880 rs35028264 0.030616
2 143973129 rs78337100 0.36782
2 143973348 rs6430011 0.031278
2 143973565 rs2304728 0.01615
2 143973860 rs1451805 0.0039116
2 143973872 rs115775033 0.18959
2 143974087 rs116131399 0.30304000000000003
2 143975144 rs7592156 0.031495
2 143975173 rs7592165 0.03137
2 143975472 rs114174835 0.74697
2 143975909 rs7579060 0.042779000000000005
2 143976074 rs191468387 0.057739
2 143976229 rs76176114 0.6778
2 143976382 rs6430012 0.031441000000000004
2 143976480 rs13032052 0.02963
2 143977200 rs35165674 0.030836000000000002
2 143977568 rs12475800 0.62241
2 143978043 rs36086239 0.8897200000000001
2 143978094 rs745909337 0.47878000000000004
2 143978362 rs16858895 0.016303
2 143979250 rs76836120 0.23199
2 143979391 rs7593373 0.016544
2 143979458 rs138559862 0.39024000000000003
2 143979753 rs148515034 0.58896
2 143979926 rs13027764 0.01544
2 143980869 rs74616875 0.68192
2 143980944 rs62171736 0.17714000000000002
2 143980969 rs17812607 0.030168
2 143981010 rs7597991 0.015343
2 143981258 rs7580937 0.015503
2 143981267 rs6430013 0.016577
2 143981529 rs17812661 0.015578999999999999
2 143981603 rs13004383 0.015465000000000001
2 143981836 rs17207319 0.015465000000000001
2 143981906 rs111400159 0.35895
2 143981909 rs35904384 0.015465000000000001
2 143982018 rs17812739 0.5933
2 143982051 rs17812769 0.015434999999999999
2 143982370 rs10496944 0.01889
2 143982501 rs57720556 0.016636
2 143983038 rs7599572 0.032617
2 143983040 rs11900820 0.00060765
2 143983502 rs760063099 0.94783
2 143983664 rs16858902 0.029388
2 143983909 rs115080370 0.07874400000000001
2 143984256 rs4662317 0.043183
2 143984854 rs77403171 0.085982
2 143984887 rs7606846 0.030093
2 143985280 rs116696074 0.5488
2 143985906 rs7421045 0.14886
2 143985917 rs16858911 0.53662
2 143986002 rs12691671 0.15465
2 143986671 rs34115462 0.015556
2 143986972 rs769092950 0.45853
2 143988014 rs79781181 0.08782999999999999
2 143988118 rs10195682 0.00011132
2 143988477 rs10172663 0.00053672
2 143988492 rs7607384 0.030012
2 143988585 rs114647768 0.17887
2 143988843 rs7581236 0.030216000000000003
2 143988993 rs73962379 0.5071
2 143989099 rs11888606 0.59212
