CHR BP SNP P
16 89687377 rs62068711 0.59606
16 89687407 rs2280374 0.0024346999999999997
16 89687422 rs2280373 0.41548999999999997
16 89687652 rs2280372 0.33363000000000004
16 89687703 rs2280371 0.3495
16 89687812 rs79172130 0.0023519
16 89687948 rs3794636 0.32907
16 89687956 rs561700438 0.30206
16 89687957 rs58307147 0.16097
16 89688132 rs76465900 0.69296
16 89688184 rs762234440 0.3799
16 89688213 rs185943751 0.57106
16 89688411 rs28742039 0.36928
16 89688617 rs62068712 0.55401
16 89689025 rs145536259 0.38341
16 89689053 rs192325916 0.11554
16 89689139 rs576913269 0.18072
16 89689153 rs113446726 0.64377
16 89689161 rs542118232 0.6889
16 89689427 rs78021403 0.36244
16 89689490 rs72805582 0.14612
16 89689786 rs62068713 0.6449699999999999
16 89689895 rs745707364 0.38773
16 89689939 rs74033806 0.31651
16 89690011 rs8044610 0.39327
16 89690079 rs4968054 0.0027883
16 89690089 rs76712522 0.8397700000000001
16 89690277 rs144895364 0.33463000000000004
16 89690413 rs77924978 0.36284
16 89690543 rs74033807 0.64367
16 89690688 rs154665 0.10992
16 89690899 rs560381556 0.012823
16 89690990 rs75923656 0.005550899999999999
16 89690991 rs79138604 0.0056244
16 89691045 rs34323930 0.0031545
16 89691142 rs258341 0.5818800000000001
16 89691159 rs568089530 0.41611000000000004
16 89691310 rs11641525 0.64713
16 89691344 rs80182204 0.9199799999999999
16 89691375 rs74033808 0.31636
16 89691384 rs258340 0.31011
16 89691399 rs7192264 0.012106
16 89691408 rs114049788 0.8195399999999999
16 89691557 rs76527868 0.28665999999999997
16 89691651 rs537272008 0.125
16 89691717 rs149906294 0.88045
16 89691769 rs12930346 0.9322799999999999
16 89691798 rs7197490 0.1391
16 89692298 rs164741 0.5899800000000001
16 89692480 rs76317501 0.33308000000000004
16 89692607 rs74251526 0.64608
16 89692729 rs76971140 0.46203
16 89693057 rs116885385 7.4378999999999995e-06
16 89693099 rs4248913 0.00303
16 89693149 rs79068217 0.46478
16 89693190 rs444964 0.090839
16 89693191 rs112233725 0.00064583
16 89693201 rs62068714 3.7568e-06
16 89693295 rs140804312 0.15855
16 89693387 rs534766515 0.21975999999999998
16 89693630 rs188182541 0.41655
16 89693756 rs383027 0.29786999999999997
16 89693761 rs453528 0.20326
16 89694029 rs79550794 0.44573
16 89694035 rs540735461 0.64764
16 89694122 rs185423 0.66027
16 89694149 rs145983790 0.43158
16 89694169 rs9673694 0.023795
16 89694294 rs184864883 0.9054399999999999
16 89694353 rs139854318 0.61958
16 89694431 rs194479 0.89543
16 89694620 rs258342 0.92771
16 89694907 rs75666264 0.43915
16 89695266 rs75670182 0.48991
16 89695477 rs186191933 0.0049048
16 89695659 rs116491212 0.7758
16 89695892 rs573726404 0.013034
16 89696046 rs78459708 0.73726
16 89696127 rs150916456 0.5223800000000001
16 89696209 rs3794635 0.29305
16 89696397 rs74662972 0.094278
16 89696438 rs3794633 0.10109
16 89696475 rs192959752 0.44308000000000003
16 89696519 rs116180822 0.43127
16 89696798 rs77276101 0.8549
16 89697222 rs375288105 0.9585
16 89697625 rs908951 0.14725
16 89697668 rs28440078 0.8917200000000001
16 89697792 rs2460451 0.15001
16 89697891 rs76878855 0.5616899999999999
16 89698070 rs2250598 0.26592
16 89698078 rs11649482 0.65566
16 89698283 rs2434858 0.28774
16 89698360 16:89698360_A_C 0.23826999999999998
16 89698532 rs146571760 0.88149
16 89698683 rs8045575 0.76062
16 89698752 rs420332 0.29927
16 89698760 rs55950592 0.27393
16 89698782 rs552797727 0.0022039
16 89698793 rs117586265 0.27152
16 89698821 rs148176834 0.28785
16 89698970 rs79799075 0.50955
16 89698986 rs78961851 8.4955e-06
16 89699147 rs138964437 0.49556999999999995
16 89699420 rs542641969 0.53199
16 89699424 rs142099578 0.29508
16 89699442 rs74033811 0.41915
16 89699480 rs528826239 0.0016705
16 89699523 rs12920969 0.40188
16 89699528 rs4785580 0.31354
16 89699664 rs4785581 0.25656
16 89699766 rs56339220 0.39024000000000003
16 89699954 rs79260591 0.46048999999999995
16 89700212 rs72805588 0.2607
16 89700284 rs140260882 0.18738
16 89700495 rs382429 0.28886
16 89700611 rs139707391 0.70522
16 89700612 rs61217159 2.8196999999999998e-05
16 89700677 rs78426260 0.5806399999999999
16 89700737 rs61024711 0.28861
16 89700747 rs2460449 0.34051
16 89700871 rs115712101 0.43162
16 89700881 rs2460448 0.30968
16 89701664 rs77689478 0.28918
16 89701702 rs73265357 0.28879
16 89701755 rs77117947 0.59758
16 89701787 rs182343803 0.24455
16 89701971 rs78306418 0.64094
16 89702093 rs115379853 0.24466
16 89702124 rs449882 0.2887
16 89702203 rs74736114 0.67265
16 89702204 rs463938 0.29159
16 89702331 rs145919154 0.75136
16 89702522 rs76196537 0.32321
16 89702620 rs2070992 2.5663e-05
16 89702653 rs2070993 0.71831
16 89702668 rs13338827 0.17902
16 89702743 rs145941460 0.48452
16 89703208 rs113241892 0.5505899999999999
16 89703349 rs528898063 0.006727899999999999
16 89703424 rs445537 0.01234
16 89703797 rs34422500 0.88394
16 89704221 rs73265365 0.23753000000000002
16 89704365 rs1126464 0.35636
16 89704390 rs111417123 0.39461999999999997
16 89704442 rs182592284 0.66902
16 89704665 rs199753095 0.52832
16 89704797 rs76820443 0.39647
16 89704931 rs78545310 0.48276
16 89704953 rs74033816 0.9688899999999999
16 89704977 rs79283723 0.39763000000000004
16 89705543 rs138283357 0.6098899999999999
16 89706015 rs190440570 0.9111
16 89706125 rs137873456 0.0016509
16 89706213 rs141800165 0.75627
16 89706265 rs181828361 0.61566
16 89706311 rs116458197 0.31335999999999997
16 89706692 rs531995877 0.40752
16 89706886 rs139573276 0.48023999999999994
16 89706887 rs72491952 0.60475
16 89706931 rs115773273 0.7351
16 89706992 rs2052868 0.3567
16 89707093 rs2052867 0.5169600000000001
16 89707099 rs2139455 0.098477
16 89707279 rs6500436 0.46463000000000004
16 89707383 rs80002339 0.5969300000000001
16 89707399 rs553083644 0.12178
16 89707493 rs55839877 0.16912
16 89707608 rs545234163 0.12159
16 89707644 rs114742156 0.36391999999999997
16 89707653 rs164750 0.8702700000000001
16 89707716 rs185948647 0.1198
16 89707743 rs74768453 0.56247
16 89707783 rs58290281 0.10727
16 89707842 rs112757812 0.631
16 89707952 rs192037431 0.8886200000000001
16 89708003 rs154656 0.14790999999999999
16 89708037 rs12921177 0.0011759000000000001
16 89708096 rs154657 0.15688
16 89708121 rs74033817 0.9893
16 89708224 rs164749 0.12449
16 89708267 rs77651727 1.341e-07
16 89708292 rs164748 0.15929000000000001
16 89708456 rs58865804 0.60605
16 89708528 rs74527172 0.50147
16 89708673 rs74251528 0.33857
16 89708680 rs164747 0.16664
16 89708682 rs187492937 0.49533
16 89708849 rs149447366 0.14851
16 89708873 rs143205938 0.34033
16 89709019 rs164746 0.16035
16 89709129 rs116633883 0.32766
16 89709478 rs77407400 0.25743
16 89709513 rs146317604 0.9284100000000001
16 89709516 rs34656869 0.1531
16 89709664 rs164745 0.014888
16 89710188 rs58860475 0.6056
16 89710378 rs352939 0.16325
16 89710511 rs55653732 0.28641
16 89710657 rs57641885 0.42048
16 89710793 rs148793097 0.13030999999999998
16 89711085 rs75779036 0.7206100000000001
16 89711120 rs6860 0.17328
16 89711169 rs146960250 0.85005
16 89711237 rs77979076 0.33295
16 89711259 rs114424524 0.20112
16 89711552 rs117784048 0.18697
16 89711597 rs562274974 0.48041999999999996
16 89711777 rs138665956 0.43244
16 89711920 rs115450693 0.72122
16 89711979 rs74679687 0.52855
16 89711980 rs79171694 0.62369
16 89712010 rs138025964 0.096606
16 89712038 rs78208987 0.59801
16 89712082 rs73265376 0.96209
16 89712138 rs3751692 0.52376
16 89712260 rs78321617 0.22630999999999998
16 89712379 rs61747591 0.74042
16 89712380 rs116954456 0.5797899999999999
16 89712440 rs201259282 0.12605
16 89712515 rs57359584 0.9969299999999999
16 89712623 rs141857967 0.94311
16 89712630 rs76686120 0.0011106
16 89712781 rs115187185 0.21393
16 89712889 rs460879 0.10719000000000001
16 89712997 rs61730918 0.26413000000000003
16 89713130 rs116634240 0.47513999999999995
16 89713174 rs460984 0.14561
16 89713394 rs74033818 0.20605
16 89713423 rs118148658 0.56402
16 89713563 rs79284383 0.58675
16 89713765 rs72805593 0.3632
16 89713841 rs145548836 0.7863600000000001
16 89713938 rs11648089 0.92948
16 89714874 rs4968050 4.0393e-07
16 89714925 rs74033820 0.44004
16 89714978 rs8061010 0.55871
16 89714981 rs4968051 0.0013199000000000002
16 89715214 rs138257725 0.6247
16 89715375 rs8055347 0.099575
16 89715648 rs2437957 0.17789000000000002
16 89715664 rs72805595 0.087056
16 89715671 rs2303774 0.58678
16 89715696 rs2303773 0.60228
16 89715813 rs201479143 0.34758
16 89715916 rs3815949 0.61335
16 89715947 rs199772076 0.44953000000000004
16 89716007 rs146429852 0.5411100000000001
16 89716047 rs139789687 0.22146999999999997
16 89716084 rs149748642 0.50963
16 89716176 rs148889674 0.61334
16 89716221 rs143538264 0.60295
16 89716222 rs4785699 0.27794
16 89716251 rs2437956 0.0041387
16 89716275 rs2437955 0.18603
16 89716440 rs61627041 0.32208000000000003
16 89716493 rs35749174 0.00068704
16 89716747 rs72805596 0.089189
16 89716820 rs669563 0.36635999999999996
16 89716883 rs645019 0.18095999999999998
16 89716915 rs2434872 0.1847
16 89717133 rs34179535 0.056062
16 89717163 rs764677700 0.70096
16 89717232 rs571078479 0.67482
16 89717397 rs467357 0.18384
16 89717452 rs568898544 0.57515
16 89717492 rs78582372 0.45413000000000003
16 89717518 rs76537256 0.30630999999999997
16 89717560 rs11643471 0.13826
16 89717590 rs78987932 0.5786399999999999
16 89717670 rs2162944 0.001719
16 89717711 rs407863 0.18784
16 89717744 rs139835877 3.2791e-06
16 89717872 rs8052569 0.82844
16 89718031 rs187184327 0.8759999999999999
16 89718091 rs73262929 0.033642
16 89718126 rs538195129 0.86055
16 89718208 rs572530034 0.44143999999999994
16 89718222 rs115217261 0.62355
16 89718223 rs12599306 0.57715
16 89718427 rs76319088 0.58478
16 89718446 rs186680223 0.43956000000000006
16 89718449 rs73262930 0.13965999999999998
16 89718621 rs393741 0.29578000000000004
16 89718638 rs149948027 0.43138999999999994
16 89718797 rs190249647 0.5130399999999999
16 89719120 rs76493153 0.57618
16 89719276 rs76311593 0.5808
16 89719298 rs77884786 0.6399100000000001
16 89719407 rs533801543 0.67871
16 89719426 rs563605920 0.055822000000000004
16 89719777 rs111769707 0.21971
16 89719842 rs145984132 0.26993
16 89719955 rs56397046 0.051179
16 89719956 rs2056311 0.57568
16 89720195 rs188544425 0.68967
16 89720302 rs140547967 0.7836
16 89720409 rs258338 0.34997
16 89720475 rs371721171 0.5390699999999999
16 89720496 rs74408258 0.2576
16 89720518 rs369689406 0.77103
16 89720587 rs181086975 0.7502300000000001
16 89720710 rs258337 0.61139
16 89720724 rs35850949 0.00086008
16 89720730 rs183714907 0.006511
16 89720831 rs258336 0.59026
16 89720909 rs11647958 0.64575
16 89720944 rs258335 0.59336
16 89721116 rs140999200 0.6968300000000001
16 89721129 rs258334 0.6293
16 89721135 rs113974432 0.0017904
16 89721212 rs555991846 0.006635600000000001
16 89721223 rs374741205 0.27633
16 89721319 rs113494649 0.9132
16 89721513 rs114869430 0.81345
16 89721577 rs552152567 0.79771
16 89721605 rs145918576 0.061533000000000004
16 89721655 rs78751799 0.48294
16 89721667 rs79681023 0.5768399999999999
16 89722137 rs56262611 0.88759
16 89722176 rs258333 0.312
16 89722256 rs148341329 0.017268000000000002
16 89722309 rs11862014 0.17006
16 89722390 rs164752 0.0029159000000000003
16 89722511 rs7203947 0.011722
16 89722558 rs114902812 0.43951
16 89722583 rs373046047 0.78456
16 89722902 rs147230894 0.11763
16 89722961 rs116659957 0.20865
16 89722973 rs117894636 0.84405
16 89723134 rs144481712 0.24594000000000002
16 89723235 rs77936256 0.5855199999999999
16 89723602 rs76762453 0.011833
16 89723704 rs76607656 0.6100800000000001
16 89723729 rs115266903 0.19322
16 89723870 rs34878706 0.0018340999999999997
16 89723872 rs62067100 0.0012669
16 89724027 rs73262948 0.38829
16 89724163 rs202019177 0.96129
16 89724166 rs201134136 0.33535
16 89724268 rs35415928 0.0018245000000000002
16 89724313 rs11545432 0.5645600000000001
16 89724572 rs154664 0.26399
16 89724590 rs151272435 0.50561
16 89724661 rs114844459 0.5403100000000001
16 89724703 rs74033824 0.35009
16 89724755 rs13329897 0.28402
16 89725002 rs62067101 0.25538
16 89725019 rs191765702 0.38176
16 89725077 rs8061722 0.031256
16 89725150 rs144192291 0.76664
16 89725341 rs74033825 0.25625
16 89725895 rs9934821 0.28485
16 89725971 rs148970073 0.96854
16 89726035 rs154663 0.00089965
16 89726336 rs78809963 0.58935
16 89726414 rs188625200 0.75064
16 89726475 rs138628022 0.69123
16 89726484 rs7188458 0.6816800000000001
16 89726550 rs71396950 0.00084088
16 89726593 rs71396951 0.00081663
16 89726819 rs13332449 0.34307
16 89726871 rs79088174 0.33266
16 89727122 rs144748682 0.9396200000000001
16 89727147 rs11861615 0.31944
16 89727286 rs117185371 0.81681
16 89727368 16:89727368_T_C 0.076176
16 89727392 rs55836749 5.8153e-10
16 89727439 rs144259907 0.76804
16 89727496 rs79095988 0.37335999999999997
16 89727595 rs164753 0.0012314
16 89727683 rs258332 0.25503000000000003
16 89727846 rs115722732 0.90065
16 89727901 rs154662 0.56321
16 89728292 rs114050820 0.58495
16 89728333 rs72807503 0.23725
16 89728389 rs72807504 0.27035
16 89728475 rs34526810 0.0018147999999999999
16 89728620 rs258331 0.00068401
16 89728653 rs138670827 0.76804
16 89728656 rs180688779 0.9307700000000001
16 89728679 rs143628861 0.76804
16 89728788 rs78110338 0.24939
16 89728881 rs79172145 0.2498
16 89729025 rs2010623 0.51049
16 89729125 rs11645271 0.586
16 89729169 rs11640702 0.5825199999999999
16 89729248 rs139902569 0.79327
16 89729288 rs114072876 0.77004
16 89729295 rs142852300 0.9788600000000001
16 89729327 rs11645355 0.009385899999999999
16 89729336 rs187283 2.0803e-06
16 89729574 rs258330 0.21585
16 89729738 rs258329 2.2297e-06
16 89729758 rs777561864 0.7801600000000001
16 89729844 rs4785701 0.57697
16 89730084 rs11646741 0.01009
16 89730106 rs78534595 0.56789
16 89730314 rs258328 0.21671999999999997
16 89730387 rs117075095 0.6533100000000001
16 89730453 rs4785583 0.57765
16 89730459 rs115807933 0.42123
16 89730461 rs114419635 0.33942
16 89730479 rs13332439 0.0087419
16 89730528 rs7191576 0.43027
16 89730654 rs58208647 0.53518
16 89730827 rs459920 0.22125
16 89730870 rs534406971 0.08395599999999999
16 89731155 rs74033827 0.06229199999999999
16 89731185 rs166297 0.00075581
16 89731238 rs141158218 0.23005
16 89731374 rs575806704 0.7871
16 89731430 rs150293531 0.97119
16 89731803 rs149542938 0.92348
16 89732024 rs258319 0.2172
16 89732050 rs258318 0.0011762
16 89732068 rs141733380 0.16933
16 89732238 rs258317 0.1622
16 89732239 rs180926922 0.4293
16 89732443 rs183472021 0.52437
16 89732668 rs8062346 0.0010136000000000001
16 89733046 rs532058078 0.40646
16 89733206 rs4785702 0.0015007
16 89733287 rs7206000 0.16885999999999998
16 89733424 rs258316 2.673e-05
16 89733613 rs144803455 0.54789
16 89733614 rs171805 0.7518600000000001
16 89733657 rs148855233 0.58063
16 89733780 rs142550533 0.89266
16 89733891 rs192702929 0.0389
16 89733926 rs2081984 0.036898
16 89733927 rs115227600 0.64591
16 89733975 rs140661505 0.31953000000000004
16 89734088 rs464586 2.2834000000000002e-05
16 89734093 rs460319 0.012067
16 89734349 rs447735 0.33009
16 89734417 rs185050340 0.29529
16 89734448 rs149382947 0.7660399999999999
16 89734455 rs144711128 0.59553
16 89734457 rs13335420 0.31595
16 89734458 rs141838589 0.23838
16 89734788 rs16965913 0.0078866
16 89734831 rs2377058 0.008286100000000001
16 89734917 rs80164364 0.015027
16 89735021 rs369060435 0.76403
16 89735071 rs117418297 5.8055e-06
16 89735072 rs59863025 0.14774
16 89735101 rs116769882 0.3361
16 89735500 rs551538787 0.23904
16 89735871 rs116541495 0.44616000000000006
16 89735923 rs9937322 0.011354000000000001
16 89736157 rs35063026 0.00086643
16 89736301 rs2437952 0.59243
16 89736352 rs2434871 0.57405
16 89736517 rs74033828 0.26142
16 89736520 rs7197444 0.21795
16 89736913 rs17177787 0.66946
16 89737082 rs61249005 0.38947
16 89737200 rs199509857 0.34915999999999997
16 89737329 rs3751680 0.52665
16 89737407 rs189100952 0.92786
16 89737463 rs16965941 0.20569
16 89737836 rs560081714 0.089165
16 89737872 rs34756295 0.49953000000000003
16 89738046 rs145529449 0.22478
16 89738450 rs138201123 0.38386
16 89738728 rs146401975 0.7538199999999999
16 89738785 rs60626519 0.5124
16 89738817 rs139008739 0.39876999999999996
16 89738890 rs73262975 0.44895
16 89739029 rs112878263 0.70929
16 89739206 rs74033829 0.7448100000000001
16 89739341 rs74033830 0.28576999999999997
16 89739482 rs553853308 0.06447
16 89739850 rs12445808 0.0053166
16 89739864 rs150543054 0.00049954
16 89739903 rs2118193 0.065024
16 89739990 rs143232103 0.50058
16 89740029 rs139044379 0.59611
16 89740233 rs145089739 0.65562
16 89740285 rs467035 0.63263
16 89740544 rs74033831 0.28333
16 89740573 rs187335597 0.6070300000000001
16 89740609 rs2115401 0.36677
16 89740633 rs2115402 0.58168
16 89740769 rs550004456 0.29425999999999997
16 89740823 rs34344257 0.061572
16 89741019 rs382045 0.47972
16 89741146 rs185462907 0.0060016
16 89741151 rs12596604 0.58772
16 89741285 rs59839010 0.57244
16 89741403 rs12918773 0.0012744000000000002
16 89741420 rs115583885 0.40348
16 89741496 rs12443954 0.59843
16 89741527 rs12446791 0.59346
16 89741652 rs148762678 0.38071
16 89741658 rs574577433 0.61012
16 89741717 rs112814883 0.44783
16 89741731 rs370828781 0.26807
16 89741790 rs12445225 0.57995
16 89741818 rs12444581 0.6464300000000001
16 89741909 rs12444609 0.55292
16 89742215 rs189905401 0.11934000000000002
16 89742430 rs60990680 0.55855
16 89742547 rs34404057 0.4367
16 89742670 rs551857952 0.97324
16 89742979 rs35414122 0.0017454
16 89743000 rs57364768 0.49904
16 89743083 rs34057012 0.008107
16 89743219 rs437625 0.45511999999999997
16 89743278 rs568006430 0.39150999999999997
16 89743363 rs115588084 0.57323
16 89743371 rs79470883 0.37551
16 89743619 rs141109228 0.5323100000000001
16 89743627 rs116927526 0.9902299999999999
16 89743731 rs150258746 0.00979
16 89743949 rs138968573 0.37444
16 89744169 rs535478001 0.25461
16 89744339 rs137928491 0.4529
16 89744464 rs142423273 0.51362
16 89744494 rs67632157 0.013052000000000001
16 89744591 rs62067106 0.013336
16 89744672 rs9673489 0.20642
16 89744756 rs9673945 0.030047000000000004
16 89744809 rs12922197 0.0012132
16 89744857 rs543679874 0.5526399999999999
16 89745013 rs76702242 0.20528000000000002
16 89745051 rs12709090 0.61446
16 89745135 rs572127794 0.38416999999999996
16 89745220 rs186741135 0.16689
16 89745421 rs11641469 0.60214
16 89745521 rs116691922 0.6331100000000001
16 89745753 rs147912006 0.56724
16 89745893 rs74542380 0.27697
16 89745995 rs62067107 0.6301899999999999
16 89746038 rs451671 0.62792
16 89746126 rs143414491 0.46113999999999994
16 89746237 rs68092778 0.57493
16 89746277 rs417323 0.33687
16 89746435 rs12929965 0.36265
16 89746522 rs62067108 0.01425
16 89746568 rs373991837 0.8954799999999999
16 89746638 rs186402353 0.17865999999999999
16 89746902 rs2377233 0.016604
16 89746965 rs550377647 0.4258
16 89746979 rs760105416 0.27924
16 89747144 rs62067109 0.014319
16 89747259 rs9939860 0.70021
16 89747265 rs74390593 0.49168999999999996
16 89747442 rs149245010 0.27634000000000003
16 89747781 rs12598543 0.014801
16 89747878 rs11645553 0.48249
16 89747907 rs60601085 0.015871
16 89747987 rs424691 0.78045
16 89748037 rs56858519 0.013876
16 89748051 rs573278598 0.10294
16 89748239 rs187800086 0.87372
16 89748287 rs192905899 0.90659
16 89748403 rs60220118 0.017706
16 89748430 rs57276429 0.013535
16 89748453 rs180693513 0.9173100000000001
16 89748627 rs547682054 0.17543
16 89748736 rs12924572 0.76735
16 89748833 rs78268033 0.4186
16 89748933 rs114138144 0.045247
16 89749120 rs117666384 0.59005
16 89749244 rs11641963 0.010933
16 89749436 rs648548 0.31437
16 89749547 rs59210737 0.10770999999999999
16 89749615 rs111799976 0.2546
16 89749672 rs11076611 0.65172
16 89749707 rs74913082 0.9521700000000001
16 89749762 rs191050539 0.59229
16 89749943 rs187829219 0.51525
16 89750322 rs188058104 0.39588
16 89750339 rs146935637 0.6786300000000001
16 89750381 rs75019069 0.78752
16 89750489 rs567199468 0.64494
16 89750528 rs116633372 0.9089700000000001
16 89750549 rs184357436 0.010237999999999999
16 89750596 rs147208528 0.33146
16 89750671 rs79912848 0.8201200000000001
16 89750672 rs464873 0.39828
16 89750733 rs144012718 0.16602999999999998
16 89751061 rs146787815 0.83999
16 89751327 rs457708 0.014502000000000001
16 89751350 rs116920300 0.7542800000000001
16 89751368 rs62067112 0.013609999999999999
16 89751433 rs118161768 0.40700000000000003
16 89751573 rs116374469 0.5494899999999999
16 89751640 rs12149178 0.25435
16 89751844 rs188719114 0.28373000000000004
16 89751861 rs3751698 0.013363
16 89751920 rs3751699 0.0026538
16 89752194 rs3751700 0.013054
16 89752310 rs466001 0.70635
16 89752345 rs461192 0.72588
16 89752501 rs2277905 0.013269999999999999
16 89752571 rs2277906 0.012884999999999999
16 89752787 rs62067113 0.011911
16 89752810 rs113766952 0.15979000000000002
16 89752911 rs182623827 0.7085100000000001
16 89752912 rs62067158 0.012990999999999999
16 89752965 rs62067159 0.012471
16 89753031 rs397891 0.44059
16 89753130 rs192221267 0.25535
16 89753169 rs201507040 0.65905
16 89753214 rs8062701 0.51308
16 89753232 rs144189225 0.44805
16 89753246 rs192559231 0.082121
16 89753436 rs3794638 0.42878999999999995
16 89753446 rs564949467 0.13501
16 89753474 rs258326 0.7628199999999999
16 89753570 rs3794637 0.012925999999999998
16 89753691 rs541210516 0.8879600000000001
16 89753971 rs258325 0.72318
16 89754255 rs258324 0.012342
16 89754335 rs72807518 0.80286
16 89754417 rs17784285 0.011323999999999999
16 89754444 rs12924138 0.5049
16 89754560 rs3764256 0.012496
16 89754647 rs140530410 0.88707
16 89754694 rs258323 0.29871
16 89755000 rs191985005 0.011815
16 89755078 rs78764795 0.11528
16 89755216 rs2075880 0.54446
16 89755903 rs258322 0.0059897
16 89755917 rs16964566 0.24278000000000002
16 89755934 rs191707454 0.23016
16 89756069 rs58374338 0.010137
16 89756171 rs61665209 0.010622
16 89756185 rs62068362 0.011824
16 89756344 rs142556882 0.53922
16 89756349 rs11076612 0.008986399999999999
16 89756370 rs185481764 0.62188
16 89756473 rs258321 0.43178
16 89756768 rs164744 0.47798
16 89756789 rs150621304 0.73226
16 89756790 rs62068363 0.00090602
16 89757132 rs12598665 0.012268000000000001
16 89757199 rs62068364 0.0083983
16 89757371 rs186729232 0.63802
16 89757431 rs164743 0.62831
16 89757618 rs113318878 0.12918
16 89757725 rs164742 0.50917
16 89757905 rs55819627 0.7380800000000001
16 89757977 rs376178897 0.22376999999999997
16 89758023 rs62068365 0.0030434999999999998
16 89758973 rs187282 0.8739299999999999
16 89759183 rs352938 0.84911
16 89759195 rs114558240 0.40894
16 89759240 rs114999605 0.9403299999999999
16 89759478 rs138074265 0.82626
16 89759908 rs201101178 0.39287
16 89760250 rs74962884 0.74647
16 89760299 rs34026287 0.19193
16 89760384 rs189610369 0.45125
16 89760474 rs12595968 0.08551
16 89760492 rs465507 0.87051
16 89760552 rs460057 0.9239
16 89760553 rs142858377 0.91559
16 89760652 rs2162943 3.1124e-06
16 89760712 rs2115400 3.0556e-06
16 89760818 rs115163557 0.95032
16 89760840 rs141413508 0.4131
16 89760959 rs56380063 0.18665
16 89761328 rs115807561 0.16075
16 89761591 rs2235129 0.94626
16 89761704 rs61740483 0.19197
16 89762090 rs56242003 0.16680999999999999
16 89762366 rs115190598 0.44972
16 89762380 rs116743290 0.44404
16 89762410 rs1946482 0.5009100000000001
16 89762432 rs79948219 0.6709
16 89762438 rs111709034 0.39892
16 89762460 rs79381229 0.011634
16 89762647 rs8404 4.8929e-06
16 89762683 rs74033834 0.37027
16 89762691 rs74873294 0.5988
16 89762834 rs549778751 0.36159
16 89762864 rs80345107 0.63266
16 89762915 rs1045814 6.8251e-08
16 89762921 rs465552 0.20124
16 89762942 rs74490382 0.59441
16 89763045 rs460367 0.87235
16 89763214 rs4247353 1.7862e-06
16 89763263 rs462769 6.8905e-05
16 89763344 rs550548888 0.5870000000000001
16 89763359 rs3803690 1.6161e-06
16 89763619 rs3751696 1.7466e-06
16 89763651 rs544331742 0.018392
16 89763681 rs8051433 0.083326
16 89763973 rs61752579 0.14899
16 89764042 rs55645629 0.00046669999999999996
16 89764190 rs11541226 0.9113899999999999
16 89764237 rs11866038 0.14869000000000002
16 89764261 rs115962904 0.15202000000000002
16 89764357 rs150653847 0.15185
16 89764549 rs3751695 1.2938e-06
16 89764597 rs146721452 0.24475
16 89764679 rs150968298 0.66171
16 89764865 rs77733277 0.77551
16 89764982 rs9972861 0.64103
16 89765046 rs35432452 0.00053942
16 89765144 rs62068366 1.2800999999999998e-06
16 89765258 rs781715232 0.082582
16 89765453 rs35754755 0.4488
16 89765484 rs778358684 3.4035e-05
16 89766008 rs191464587 0.16794
16 89766063 rs8047204 0.19183
16 89766133 rs141508959 0.24884
16 89766228 rs77389910 0.5656399999999999
16 89766531 rs139100233 0.48168999999999995
16 89766638 rs117963037 0.98644
16 89766666 rs117568059 0.8710399999999999
16 89766871 rs143526993 0.8304799999999999
16 89767250 rs146755681 0.66732
16 89767905 16:89767905_C_T 0.69084
16 89767992 rs148884480 0.99897
16 89768056 rs396742 0.23026999999999997
16 89768506 rs140499892 0.5876399999999999
16 89768517 rs147051633 0.90422
16 89768558 rs13330285 0.065847
16 89768560 rs13335097 0.063345
16 89768599 rs564498367 0.30516
16 89768650 rs419151 0.77556
16 89768694 rs8047951 0.10378
16 89768881 rs73260716 0.46315
16 89769098 rs73260718 0.5526300000000001
16 89769378 rs74412556 0.5350699999999999
16 89769548 rs79240237 0.23929
16 89769645 rs149420825 0.8458600000000001
16 89769725 rs34265416 0.0029736999999999997
16 89769839 rs74998196 0.8891399999999999
16 89769866 rs77528309 0.54138
16 89770296 rs76460453 0.9570700000000001
16 89770428 rs538367445 0.084195
16 89770815 rs8059845 0.1628
16 89770963 rs112126489 0.0048099
16 89771385 rs74924950 0.57601
16 89771467 rs77198845 0.55442
16 89771516 rs78259905 0.53104
16 89771521 rs187805361 0.95044
16 89771629 rs74852073 0.30429
16 89771644 rs76042350 0.55213
16 89772062 rs190095781 0.39107
16 89772137 rs182681401 0.44254
16 89772203 rs75542821 0.5533
16 89772252 16:89772252_C_T 0.54714
16 89772265 rs149082870 0.73952
16 89772452 rs145978480 0.072277
16 89772578 rs146189280 0.059289999999999995
16 89772619 rs4785587 0.79575
16 89772727 rs117025646 0.23267
16 89772734 rs72807524 0.04537
16 89772750 rs4785588 0.32889
16 89772906 rs2016968 0.11202000000000001
16 89773160 rs745710 0.40021
16 89773386 rs74033837 0.39810999999999996
16 89773676 rs891107 0.70289
16 89773886 rs3751694 0.50434
16 89774396 rs1110331 0.21516999999999997
16 89774411 rs11860230 0.95973
16 89774536 rs147814642 0.36862
16 89774640 rs117316142 0.38193
16 89774711 rs112198345 0.55955
16 89775053 rs775415990 0.49241
16 89775064 rs145715813 0.19476
16 89775149 rs533298115 0.38683
16 89775427 rs540412044 0.8294600000000001
16 89775946 rs72807526 0.08054700000000001
16 89776510 rs117570427 0.36549
16 89776763 rs554773044 0.67219
16 89777078 rs56288641 0.27455
16 89777123 rs148694296 0.09826599999999999
16 89777592 rs74033838 0.13112000000000001
16 89777654 rs74033839 0.14022
16 89777670 rs73260725 0.38363
16 89777700 rs147405003 0.15929000000000001
16 89777757 rs201577505 0.19562000000000002
16 89777761 rs12920315 0.46938
16 89777945 rs116196681 0.31193000000000004
16 89778224 rs7206836 0.80401
16 89778290 rs201251363 0.17099
16 89778723 rs73260730 0.8424200000000001
16 89778906 rs200351986 0.49227
16 89779363 rs193247693 0.31634
16 89779418 rs577590340 0.31034
16 89779865 rs149979653 0.19528
16 89779957 rs766915270 0.79351
16 89780014 rs74769176 0.9682
16 89780065 rs74251537 0.68948
16 89780087 rs757564582 0.6134
16 89780090 rs12149952 0.011637999999999999
16 89780565 rs140661981 0.5103800000000001
16 89780672 rs34133162 0.526
16 89780911 rs35699836 0.8006
16 89780947 rs116850253 0.073996
16 89781032 rs141663035 0.9261299999999999
16 89781043 rs62068368 0.10649000000000002
16 89781167 rs139714289 0.11492999999999999
16 89781175 rs544867072 0.17786
16 89781488 rs117358117 0.31537
16 89781617 rs11645903 0.64217
16 89781756 rs34714188 0.00084682
16 89781899 rs566815755 0.89236
16 89781931 rs183214036 0.48675
16 89781975 rs117952314 0.72769
16 89782164 rs111656189 0.79259
16 89782399 rs543048903 0.11392000000000001
16 89782504 rs151037656 0.6150800000000001
16 89782556 rs140019243 1.1996e-08
16 89782666 rs183955776 0.5835600000000001
16 89782790 rs74033841 0.49467
16 89782976 rs191271054 0.060945000000000006
16 89782989 rs7206570 0.9217200000000001
16 89783187 rs4785706 0.7420399999999999
16 89783205 rs118114589 0.55691
16 89783663 rs56855688 0.7507699999999999
16 89783674 rs60607545 0.74502
16 89783937 rs192948350 0.8183699999999999
16 89784065 rs76378121 0.75757
16 89784521 rs10468304 0.49385
16 89784646 rs12597095 0.76149
16 89784942 rs12928364 0.94211
16 89784992 rs57119673 1.956e-05
16 89785010 rs12929943 0.72148
16 89785107 rs62068372 3.5075e-08
16 89785132 rs141769068 0.8227200000000001
16 89785146 rs186294289 0.75857
16 89785235 rs79871914 0.74526
16 89785242 rs113661672 0.039368
16 89785279 rs550177801 0.38101999999999997
16 89785603 rs79957186 0.77718
16 89785628 rs200959734 0.28764
16 89785763 rs143570565 0.57787
16 89785820 rs56112321 4.1257000000000003e-08
16 89785826 rs532527371 0.49135
16 89785888 rs111671315 0.95606
16 89785974 rs34533004 0.26759
16 89786121 rs34141697 4.6195000000000004e-08
16 89786278 rs186732884 0.11275999999999999
16 89786349 rs151091874 0.68307
16 89786373 rs568223816 0.81852
16 89786406 rs115382442 0.60454
16 89786556 rs78278442 0.66456
16 89786691 rs117849137 0.060397
16 89786761 rs56283750 0.004868600000000001
16 89786855 rs3809646 0.042700999999999996
16 89787028 rs183162634 0.6582100000000001
16 89787040 rs4785589 0.038146
16 89787052 16:89787052_C_A 0.22098
16 89787083 rs149705807 0.40906
16 89787340 rs117990130 8.9439e-10
16 89787479 rs193027303 0.41334
16 89787528 rs116143382 0.45446000000000003
16 89787962 rs115025067 2.5164e-09
16 89787968 rs147792551 0.58233
16 89788420 rs141164555 0.12821
16 89788759 rs919368 0.56799
16 89788957 rs577117352 0.29796999999999996
16 89789073 rs79631587 0.10643
16 89789311 rs8056353 1.6332e-08
16 89789491 rs141245262 0.7599199999999999
16 89789506 rs28557782 0.47826
16 89789565 rs141480299 0.77189
16 89789569 rs111481299 0.15012
16 89789898 rs6500437 0.0019507
16 89790020 rs34629175 0.47935
16 89790059 rs4516230 0.21361
16 89790167 rs4785590 0.0606
16 89790297 rs56048434 1.3559999999999999e-08
16 89790382 rs16965990 0.70194
16 89790484 rs180945946 0.53387
16 89791020 rs7189711 0.0012416999999999999
16 89791108 rs188367173 0.9484100000000001
16 89791126 rs12924124 0.00090769
16 89791205 rs144809411 0.007077
16 89791210 rs62068387 1.1457000000000001e-07
16 89791218 rs112342624 0.59146
16 89791268 rs79733648 0.5767100000000001
16 89791270 rs76393429 0.1456
16 89791272 rs77771970 0.70996
16 89791279 rs35026726 0.00089013
16 89791307 rs8048663 0.61293
16 89791343 rs72807538 3.2472e-09
16 89791431 rs114815490 0.8744
16 89791487 rs62068388 1.5272e-07
16 89791526 rs8047788 0.56708
16 89791596 rs145476034 0.9476899999999999
16 89791597 rs137971708 1.4522e-08
16 89792132 rs112359874 0.90389
16 89792154 rs114718522 0.47003
16 89792164 rs111746983 0.77498
16 89792228 rs8059398 0.065028
16 89792308 rs116374647 0.5231600000000001
16 89792452 rs150702216 0.47065
16 89792491 rs12051515 0.0018758
16 89792647 rs34239762 0.7837
16 89792827 rs8049197 9.940600000000001e-09
16 89792856 rs12925026 0.0010677
16 89793023 rs145174828 0.70867
16 89793042 rs8048331 0.053821
16 89793115 rs9934785 0.043752
16 89793181 rs781187933 0.25436
16 89793473 rs112341340 0.71628
16 89793539 rs544104618 0.11894
16 89793555 rs2099105 7.9376e-08
16 89793731 rs17719249 0.013227000000000001
16 89793788 rs558666248 0.092486
16 89793826 rs576743427 0.42196999999999996
16 89794051 rs72807539 6.4383e-09
16 89794052 rs72807540 6.2339e-09
16 89794179 rs79583181 0.58527
16 89794768 rs868545331 0.38671
16 89794781 rs74795317 0.70468
16 89794819 rs35034309 0.91569
16 89794828 rs143250644 0.8157300000000001
16 89794932 rs9941108 0.005361100000000001
16 89794965 rs564690324 0.17119
16 89794994 rs9941129 0.029263
16 89795092 rs9933498 0.73447
16 89795100 rs187529599 0.067701
16 89795144 rs55729849 1.6433000000000001e-09
16 89795203 rs184040074 0.41903
16 89795205 rs139526547 0.54294
16 89795305 rs74606487 0.022456
16 89795360 rs79139787 0.0066113
16 89795380 rs145464437 0.5230600000000001
16 89795381 rs13339414 0.011502
16 89795485 rs7204478 0.14222
16 89795760 rs114201780 0.84596
16 89795768 rs114747140 0.90527
16 89795797 rs11640734 0.67929
16 89795813 rs34120897 0.46692
16 89795859 rs11640450 0.54479
16 89796010 rs7185737 7.2238e-05
16 89796017 rs34659644 0.0010496
16 89796357 rs71396953 0.8860399999999999
16 89796569 rs4785708 0.09574500000000001
16 89796665 rs4785709 0.073168
16 89796679 rs35178175 0.90497
16 89796756 rs4785710 0.10855999999999999
16 89796761 rs71396954 0.89328
16 89796879 rs117090085 0.7749699999999999
16 89797079 rs78150584 0.35152
16 89797210 rs117468530 0.08123999999999999
16 89797337 rs12709092 0.96105
16 89797365 rs188037652 0.8983399999999999
16 89797513 rs4785591 0.0023043000000000004
16 89797515 rs4785592 0.002309
16 89797627 rs4785593 6.0218e-07
16 89797798 rs71396955 0.88035
16 89797946 rs4785711 0.0015168
16 89797954 rs4785712 0.0015279000000000002
16 89797987 rs549322302 0.77936
16 89798076 rs55865486 0.023903
16 89798081 rs11643713 5.0512e-07
16 89798098 rs4785713 0.0018139
16 89798113 rs553998263 0.9588899999999999
16 89798179 rs11649100 0.71845
16 89798183 rs11639906 0.7219
16 89798239 rs28512400 0.8801200000000001
16 89798375 rs56296040 6.9908e-07
16 89798400 rs76488136 0.71775
16 89798516 rs4785594 5.9543e-07
16 89798667 rs4293383 0.76698
16 89798901 16:89798901_G_T 0.3622
16 89798923 rs144339696 0.7860699999999999
16 89798964 rs16965992 0.9304
16 89799045 rs12446555 0.17137
16 89799079 rs7206546 0.10027
16 89799104 rs115461039 0.9060799999999999
16 89799118 rs111843959 0.47067
16 89799171 rs34320608 0.3488
16 89799463 rs556989425 0.96875
16 89799478 rs111443517 0.0019928
16 89799804 rs76023376 0.18357
16 89799862 rs114904746 0.28456
16 89799950 rs17177891 0.74328
16 89800058 rs3803689 0.037214
16 89800135 rs4785715 0.0016776
16 89800259 rs34745216 0.9375700000000001
16 89800335 rs78778151 0.79523
16 89800458 rs113797466 0.02675
16 89800529 rs9935559 0.15653
16 89800550 rs7189734 5.988300000000001e-07
16 89800568 rs28419274 0.42882
16 89800704 rs72807545 0.029869
16 89800887 rs3764257 3.0978e-07
16 89801014 rs3764258 0.7874399999999999
16 89801127 rs4785716 0.09483
16 89801133 rs4785717 0.096861
16 89801171 rs28413533 0.78079
16 89801233 rs181202484 0.92691
16 89801436 rs191455979 0.92125
16 89801536 rs76423324 0.91966
16 89801569 rs72807546 3.5354e-09
16 89801704 rs77069894 0.023816999999999998
16 89801706 rs186294522 0.28202
16 89801771 rs111718397 0.79719
16 89801886 rs74033847 0.92909
16 89801892 rs11649155 4.7133e-07
16 89801952 rs11649196 0.50493
16 89802090 rs2077001 0.11269000000000001
16 89802396 rs7202427 2.5588e-07
16 89802659 rs147607286 0.057072000000000005
16 89802719 rs8054492 0.95434
16 89802784 rs71396956 0.9364100000000001
16 89802854 rs71396957 0.94768
16 89802895 rs147677230 0.9527700000000001
16 89802987 rs112788776 0.8063
16 89803246 rs72807547 0.9440200000000001
16 89803286 rs2003522 0.001091
16 89803629 rs17233868 0.78674
16 89803670 rs2077155 0.07309700000000001
16 89803705 rs8062319 0.92409
16 89803762 rs1961556 0.00095925
16 89803836 rs17227459 0.9399
16 89803998 rs17227452 0.52275
16 89804023 rs16966023 0.77063
16 89804330 rs17233833 0.99429
16 89804624 rs17227424 9.5476e-09
16 89804722 rs17227417 0.55575
16 89804757 rs17233797 0.7604
16 89804855 rs1230 0.0034389000000000004
16 89804871 rs775549018 0.7317
16 89805074 rs74977201 0.61456
16 89805261 rs1800359 0.071407
16 89805301 rs17227403 0.39918000000000003
16 89805351 rs149851163 0.9393299999999999
16 89805719 rs74033848 0.61154
16 89805794 rs9282682 0.78472
16 89805914 rs9282681 0.8144399999999999
16 89805970 rs9282680 0.54479
16 89805977 rs1061646 0.0014715
16 89806063 rs1061647 0.77108
16 89806081 rs74033849 0.9880899999999999
16 89806106 rs145860920 0.68528
16 89806343 rs11647746 0.80109
16 89806347 rs7195906 0.004275500000000001
16 89806477 rs17227354 0.11794
16 89806614 rs11644967 0.78945
16 89806687 rs148216409 0.08380599999999999
16 89806732 rs11648689 0.77118
16 89806961 rs17227347 0.9352299999999999
16 89807131 rs11649162 0.77412
16 89807233 rs11649210 0.78872
16 89807360 rs115396613 0.5202399999999999
16 89807392 rs147217309 0.50254
16 89807416 rs17227326 0.9594600000000001
16 89807543 rs11639788 0.7662399999999999
16 89807705 rs11076618 0.061237
16 89807732 rs11640188 0.77085
16 89807785 rs11640198 2.0999000000000002e-07
16 89807808 rs34515284 0.98708
16 89807828 rs11640209 0.7692899999999999
16 89807955 rs75774327 0.48008999999999996
16 89808241 rs75092208 0.85354
16 89808252 rs764609814 0.61274
16 89808275 rs6500439 0.0049911
16 89808377 rs192301846 0.8809799999999999
16 89808412 rs34645134 0.98105
16 89808434 rs150827825 0.5152
16 89808467 rs139250372 0.16233
16 89808831 rs113782771 0.88415
16 89808850 rs62054599 0.7923899999999999
16 89808871 rs111447642 0.6007899999999999
16 89808939 rs34027607 0.7581600000000001
16 89809147 rs112352458 0.7357899999999999
16 89809171 rs34420680 0.80371
16 89809319 rs1800358 0.75738
16 89809465 rs17233706 0.16530999999999998
16 89809549 rs2286392 0.7985899999999999
16 89809693 rs17227312 0.13597
16 89809902 rs2238525 0.76365
16 89809962 rs17233678 0.79632
16 89810186 rs12445480 0.002623
16 89810220 rs12448600 1.6666000000000002e-08
16 89810327 rs62054600 0.74585
16 89810337 rs12445695 0.002602
16 89810598 rs17227263 0.8147300000000001
16 89810628 rs17233664 0.8045399999999999
16 89810653 rs17233657 0.9106700000000001
16 89810717 rs17233651 0.86025
16 89810774 rs17227249 0.60853
16 89810823 rs6500440 0.069549
16 89810826 rs138944849 0.5468
16 89810941 rs12917681 0.7742899999999999
16 89811037 rs57344490 0.36149000000000003
16 89811151 rs12918575 0.7751399999999999
16 89811196 rs9923733 0.0075604
16 89811209 rs17233623 0.76699
16 89811402 rs55773634 0.88097
16 89811409 rs138013482 0.87871
16 89811546 rs2074904 0.79686
16 89811629 rs35611562 0.8627100000000001
16 89811663 rs2074903 0.79469
16 89811695 rs56085228 0.79807
16 89811751 rs62054601 0.79592
16 89811785 rs74033852 0.9853700000000001
16 89811796 rs4785718 0.002537
16 89812158 rs532642947 0.1922
16 89812283 rs12922302 0.006515300000000001
16 89812299 rs72807553 2.7089e-08
16 89812582 rs113548871 0.09679299999999999
16 89812617 rs12102290 0.0081678
16 89812631 rs62054606 0.26834
16 89812761 rs150861094 0.98005
16 89812762 rs12102297 0.008095399999999999
16 89812778 rs45524337 3.3607e-08
16 89812809 rs17233609 0.17202
16 89812830 rs74033853 0.95226
16 89812930 rs34019730 2.1202e-06
16 89812935 rs17233595 0.5462
16 89813078 rs61753269 0.9013399999999999
16 89813194 rs1800355 0.7873600000000001
16 89813206 rs17227191 0.6582100000000001
16 89813456 rs17227170 0.50313
16 89813560 rs17233581 0.042443
16 89813589 rs11641147 0.79232
16 89813663 rs55881981 0.17028
16 89813755 rs79084002 0.8451200000000001
16 89813759 rs56215405 0.84588
16 89813794 rs114552133 0.6025
16 89813821 rs17233567 0.82275
16 89813932 rs2003521 0.99931
16 89813966 rs1029673 1.0009e-06
16 89813972 rs2003520 0.0079322
16 89813988 rs17227149 0.76062
16 89814064 rs2011925 0.074626
16 89814110 rs17233546 0.49591999999999997
16 89814188 rs4420527 0.0085296
16 89814525 rs45440396 0.83357
16 89814594 rs71396959 0.9912200000000001
16 89814604 rs45567439 0.79365
16 89814807 rs8058895 8.0405e-08
16 89814889 rs17227113 0.042473000000000004
16 89814983 rs760018537 1.3575999999999998e-05
16 89815049 rs1800347 0.83821
16 89815152 rs17233497 0.77031
16 89815210 rs17227106 0.55292
16 89815217 rs1800345 0.002373
16 89815321 rs17227085 0.7929999999999999
16 89815454 rs55662549 0.32599
16 89815566 rs45558939 0.93494
16 89815568 rs17233483 0.75492
16 89815569 rs55835251 0.72442
16 89815656 rs2283564 0.78763
16 89815781 rs8043882 0.0090309
16 89815799 rs8044026 0.0031921999999999996
16 89815824 rs45524643 0.78692
16 89815983 rs36078611 0.7915300000000001
16 89816314 rs17227064 0.78428
16 89816333 rs17227057 0.7863
16 89816367 rs1800344 0.78462
16 89816407 rs17233455 0.76578
16 89816424 rs17233448 0.76494
16 89816512 rs112307457 0.96531
16 89816569 rs62054609 0.78127
16 89816745 rs142519821 0.7796
16 89816815 rs150924516 0.69553
16 89817017 rs62054611 0.77573
16 89817452 rs150164003 0.71329
16 89817569 rs12599002 0.7732399999999999
16 89817777 rs2377043 0.0037067
16 89817872 rs7191937 0.2011
16 89817937 rs7192793 0.47753999999999996
16 89817998 rs17233441 0.77628
16 89818089 rs9926296 0.77336
16 89818265 rs11646910 0.028188
16 89818322 rs17227036 0.49404
16 89818340 rs3743861 0.9319799999999999
16 89818429 rs147325340 0.9314899999999999
16 89818491 rs3743860 0.8867200000000001
16 89818701 rs56125166 0.93163
16 89818703 rs534547915 0.84444
16 89818732 rs12931267 0.0021820999999999998
16 89818908 rs12599846 0.76193
16 89818970 rs17227022 0.26671999999999996
16 89819009 rs183141281 0.18014000000000002
16 89819033 rs149893055 0.034730000000000004
16 89819243 rs17227001 2.1209e-07
16 89819305 rs17233392 0.76198
16 89819427 rs17233385 0.7658
16 89819640 rs111269812 0.9398200000000001
16 89819702 rs7203255 0.0038163000000000003
16 89819737 rs7203281 0.0037199
16 89819816 rs7205519 0.0038380000000000003
16 89819836 rs534128764 0.016869
16 89819881 rs7203511 0.003107
16 89819932 rs11649642 2.6173000000000003e-06
16 89820070 rs76801538 0.22466
16 89820149 rs7206120 0.0033260999999999994
16 89820185 rs7206308 0.0038542000000000003
16 89820200 rs55691337 0.5634899999999999
16 89820202 rs7205604 0.0035556999999999993
16 89820323 rs147511590 0.9289200000000001
16 89820416 rs7206721 0.0034838
16 89820441 rs7205993 0.0033705
16 89820675 rs181591669 0.9494
16 89820751 rs115756714 0.30457
16 89820922 rs111428528 0.8821399999999999
16 89820969 rs146695588 0.27985
16 89821028 rs146174645 0.75664
16 89821080 rs12923946 0.10926
16 89821131 rs62054638 0.76279
16 89821155 rs139414522 0.97934
16 89821210 rs74033856 0.91969
16 89821252 rs145028526 0.6594399999999999
16 89821260 rs12924254 0.8559
16 89821261 rs12923129 0.8561
16 89821489 rs62054639 0.76551
16 89821509 rs112130233 0.8833200000000001
16 89821565 rs182588634 0.41093
16 89821767 rs187301102 0.31001
16 89821960 rs7195752 0.0031971
16 89822099 rs74904896 0.8582799999999999
16 89822102 rs187781320 0.80555
16 89822118 rs7201028 0.0032671999999999996
16 89822150 rs74033857 0.4069
16 89822320 rs116454119 0.31243000000000004
16 89822329 rs115875856 0.94771
16 89822331 rs12597296 0.7672800000000001
16 89822364 rs12597299 0.7673
16 89822580 rs117186138 0.51785
16 89822757 rs11646229 1.2162e-07
16 89822793 rs76784033 0.7664300000000001
16 89823157 rs62054640 0.76699
16 89823393 rs7191144 0.11481
16 89823439 rs113367126 0.3582
16 89823521 rs143322380 0.044161
16 89823688 rs113050642 0.056057
16 89823780 rs532882688 0.89013
16 89823951 rs56126256 2.6625e-07
16 89824072 rs55862934 2.0132e-07
16 89824100 rs142711179 0.51398
16 89824189 rs55857437 0.045603
16 89824263 rs3785281 0.7659199999999999
16 89824348 rs4490003 0.0029227
16 89824384 rs3785280 0.0033458
16 89824562 rs3785279 0.7652
16 89824713 rs17233378 0.7772100000000001
16 89824753 rs12709093 0.0029386
16 89825065 rs17226980 0.76805
16 89825248 rs17226973 0.7669100000000001
16 89825338 rs17226966 0.76478
16 89825464 rs17233364 1.4186e-07
16 89825495 rs7204328 0.09413200000000001
16 89825519 rs17233350 0.019142
16 89825650 rs187574289 0.5888100000000001
16 89825651 rs17226960 0.018667
16 89825662 rs17226953 0.5969899999999999
16 89825672 rs145342307 0.86356
16 89825714 rs17226946 0.93306
16 89825723 rs189027224 0.9527700000000001
16 89825857 rs3819567 0.0025995999999999997
16 89825970 rs3819568 0.0027664
16 89826118 rs76221962 0.6332300000000001
16 89826253 rs142337471 0.78959
16 89826336 rs3819569 0.8221200000000001
16 89826342 rs3819570 0.84204
16 89826363 rs17233329 0.40114
16 89826394 rs3819573 0.7268399999999999
16 89826630 rs3819574 0.74665
16 89826723 rs2238526 0.17042000000000002
16 89826857 rs17233315 0.71603
16 89826892 rs4785720 0.0013090999999999999
16 89826901 rs2376885 0.0013218
16 89826922 rs2376884 0.098327
16 89826926 rs2376883 0.08938600000000001
16 89827002 rs2376882 0.10013999999999999
16 89827011 rs2376881 0.088607
16 89827239 rs2239356 0.7618699999999999
16 89827251 rs2239357 0.7608
16 89827293 rs74033860 0.79984
16 89827330 rs2239358 0.74958
16 89827350 rs11642111 0.44245
16 89827435 rs12599473 0.7508
16 89827452 rs563914014 0.23967
16 89827556 rs2283565 0.7653300000000001
16 89827610 rs2283566 0.76525
16 89827663 rs11643505 0.54594
16 89827755 rs11648879 0.7672800000000001
16 89827878 rs146861165 0.013758000000000001
16 89827885 rs140653030 0.31889
16 89828024 rs145385064 0.3089
16 89828043 rs78904586 0.5581
16 89828220 rs12933317 0.76881
16 89828437 rs17233253 0.7726
16 89828483 rs17233239 0.9214600000000001
16 89828484 rs17226841 0.77393
16 89828485 rs17226834 0.86767
16 89828669 rs6500441 0.004661600000000001
16 89828862 rs6500442 0.0053457
16 89829049 rs78009699 0.9388700000000001
16 89829195 rs147184552 0.6802699999999999
16 89829196 rs12598276 0.7512
16 89829201 rs9806894 0.0015149
16 89829422 rs868304749 0.033058
16 89829455 rs62054643 0.75337
16 89829518 rs111548255 0.028137
16 89829539 rs12924011 0.54991
16 89829595 rs186972609 0.14498
16 89829717 rs142849661 0.31982
16 89829849 rs191004625 0.25321
16 89829863 rs117555146 0.9313100000000001
16 89829864 rs116953717 0.9390200000000001
16 89829895 rs12447465 0.004587600000000001
16 89830072 rs149859047 0.88469
16 89830086 rs146873780 0.86819
16 89830168 rs570227393 0.082686
16 89830169 rs537683838 0.082686
16 89830314 rs55869863 0.85075
16 89830357 rs140699868 0.86392
16 89830462 rs12925427 0.0013785
16 89830493 rs12929831 0.0013607
16 89830851 rs17226820 0.92435
16 89831243 rs11076619 0.77245
16 89831510 rs2159116 1.4914e-08
16 89831520 rs11076620 0.7781
16 89831558 rs12600151 0.78171
16 89831620 rs17226806 0.12587
16 89831630 rs12600047 0.77784
16 89831747 rs17226792 0.4021
16 89831819 rs2159115 0.18581
16 89831841 rs2159114 0.096616
16 89831940 rs72807569 2.4361000000000002e-08
16 89831958 rs148726588 0.47794
16 89832083 rs2159113 0.0012813
16 89832263 rs17233190 0.15579
16 89832364 rs2376880 0.0010508
16 89832544 rs17226771 0.18312
16 89832693 rs17226757 0.8237700000000001
16 89832704 rs8054306 0.40399999999999997
16 89832751 rs17233176 0.8244299999999999
16 89832848 rs8055825 0.0034975
16 89832855 rs182855420 0.58362
16 89832927 rs17233162 0.99551
16 89832989 rs564088623 0.21388000000000001
16 89833097 rs8061447 0.0011317
16 89833155 rs111421235 0.6128100000000001
16 89833243 rs17226750 0.71441
16 89833355 rs191378298 0.78651
16 89833382 rs114612137 0.65047
16 89833456 rs36110837 0.76828
16 89833466 rs17226729 0.057762
16 89833576 rs17233141 0.13618
16 89833715 rs17233134 0.31751
16 89833774 rs7203907 0.0039546
16 89833881 rs6500443 0.0029295000000000002
16 89834002 rs59288225 0.26069000000000003
16 89834025 rs6500444 0.00094859
16 89834076 rs6500445 0.0029441
16 89834270 rs76075456 0.84775
16 89834443 rs57718983 0.46636000000000005
16 89834661 rs11860203 0.00099125
16 89834731 rs74605393 0.93242
16 89834759 rs17233106 0.17053
16 89834971 rs1974583 0.0010022
16 89835021 rs577068692 0.30931
16 89835048 rs147574446 0.70076
16 89835097 rs1010356 0.0010203
16 89835118 rs11641220 0.33605
16 89835227 rs17226673 0.91851
16 89835234 rs11645916 0.80435
16 89835289 rs3890534 4.7023999999999996e-05
16 89835341 rs17233064 0.36199000000000003
16 89835401 rs17226666 0.84644
16 89835521 rs4785595 0.0031964000000000003
16 89836084 rs17233050 0.35964
16 89836163 rs55646310 0.10468
16 89836323 rs7195066 0.35207
16 89836359 rs138248569 0.96404
16 89836507 rs7200990 0.32882
16 89836509 rs1800343 0.37237
16 89836526 rs34072481 0.42336
16 89836781 rs886952 0.0038415
16 89836865 rs886951 0.0046055
16 89836872 rs886950 0.0039908
16 89836899 rs1800341 1.186e-06
16 89836908 rs17233022 0.77818
16 89836978 rs45441106 0.26174000000000003
16 89837138 rs7199740 0.22785999999999998
16 89837326 rs11645240 0.86646
16 89837367 rs11644213 0.8529200000000001
16 89837491 rs11645321 0.85372
16 89837623 rs147162242 0.8558399999999999
16 89837894 rs151130727 0.41945
16 89837927 rs11076621 0.85805
16 89837951 rs11076622 0.90961
16 89837960 rs558590607 0.07601799999999999
16 89837988 rs17232994 0.35407
16 89838078 rs1800340 0.0019138999999999998
16 89838086 rs1131660 0.18533
16 89838216 rs17232973 0.94224
16 89838363 rs74033864 0.9278200000000001
16 89838373 rs17226575 0.33391
16 89838430 rs74033865 0.7418100000000001
16 89838541 rs1007932 0.83354
16 89838578 rs11646766 0.85269
16 89838603 rs74033866 0.7175199999999999
16 89838685 rs7190403 1.1498e-08
16 89838700 rs11641552 0.84914
16 89838834 rs1007931 0.0060543
16 89838862 rs17226554 0.82701
16 89839120 rs17226540 0.92151
16 89839142 rs3785277 0.85456
16 89839306 rs12599180 0.0044551
16 89839637 rs1800339 0.85616
16 89839752 rs17232917 0.8303
16 89839765 rs34592408 0.70097
16 89839766 rs17232910 0.8792
16 89839854 rs17226519 0.85603
16 89839915 rs117477270 0.25063
16 89839939 rs115497452 0.98477
16 89839948 rs189314139 0.54187
16 89839976 rs17226512 0.85924
16 89839997 rs4785721 0.0036478
16 89840045 rs140405888 0.35531999999999997
16 89840250 rs373547883 0.6513899999999999
16 89840291 rs149682305 0.59353
16 89840453 rs17232903 0.86651
16 89840631 rs17226498 0.86882
16 89840708 rs2238527 0.8690399999999999
16 89840766 rs148402548 0.31882
16 89840774 rs74033867 0.53486
16 89840785 rs185278771 0.37968
16 89840856 rs2190808 0.8688600000000001
16 89840965 rs1974573 0.005201600000000001
16 89841055 rs2190806 0.87055
16 89841239 rs12596415 0.0054113
16 89841278 rs146712728 0.9864200000000001
16 89841374 rs12596429 0.062583
16 89841402 rs141318071 0.18495
16 89841424 rs12598214 0.86824
16 89841552 rs8046872 0.063917
16 89841605 rs12596934 0.8711700000000001
16 89841627 rs76032826 0.66201
16 89841793 rs3785276 0.0018826000000000001
16 89841999 rs138562629 0.27192
16 89842029 rs3785275 0.001963
16 89842374 rs1558184 0.005051399999999999
16 89842479 rs17232840 0.86513
16 89842576 rs575874466 0.010633
16 89842733 rs191718441 0.28664
16 89842749 rs1974572 0.0018265999999999998
16 89842784 rs17232826 5.0093e-07
16 89842818 rs576073971 0.11892
16 89842824 rs1974571 0.0019843
16 89842884 rs17226428 0.86185
16 89842903 rs1558151 0.024444
16 89842961 rs17226414 0.8695299999999999
16 89843074 rs17232819 0.83049
16 89843095 rs146739821 0.58659
16 89843136 rs17232812 0.6631600000000001
16 89843189 rs17232805 0.8745700000000001
16 89843347 rs142368710 0.13096
16 89843504 rs147037153 0.091349
16 89843907 rs185523352 0.26882
16 89844043 rs1006548 0.26414
16 89844062 rs17226407 0.50927
16 89844101 rs17226393 0.8259700000000001
16 89844120 rs11076623 0.8848
16 89844229 rs1006547 0.0018237000000000001
16 89844251 rs9282687 0.046275
16 89844276 rs2016571 0.0018082
16 89844675 rs11640714 0.68661
16 89844835 rs149400301 0.79779
16 89845110 rs7187436 0.0038576
16 89845194 rs1800337 0.0038781999999999996
16 89845197 rs183513839 0.93032
16 89845287 rs2302162 0.92776
16 89845566 rs2302161 0.8503299999999999
16 89845615 rs55827051 0.48373999999999995
16 89845626 rs17226351 0.88659
16 89845739 rs74033870 0.47858999999999996
16 89845797 rs117832232 0.24403000000000002
16 89845805 rs74033871 0.47686999999999996
16 89845963 rs556073315 0.027199
16 89846050 rs3743859 0.0038152
16 89846081 rs17232756 0.41768
16 89846195 rs1800335 0.0037131
16 89846397 rs17226337 0.86082
16 89846673 rs537166467 0.050838999999999995
16 89846677 rs75570604 0.00096984
16 89846690 rs74033872 0.46068000000000003
16 89846975 rs184780938 0.36673
16 89846987 rs8058179 0.08534
16 89847010 rs12932130 0.8616299999999999
16 89847232 rs115649789 0.34628000000000003
16 89847309 rs140590604 0.26444
16 89847420 rs62052660 0.9276399999999999
16 89847502 rs7198982 0.0020111
16 89847521 rs9939756 0.0041967
16 89847631 rs7201321 0.0041515
16 89847876 rs141546500 0.018284
16 89847891 rs7206398 0.060062
16 89848052 rs540318412 0.56319
16 89848071 rs146174535 0.5271399999999999
16 89848203 rs7206317 1.1866e-08
16 89848268 rs141765689 0.99424
16 89848372 rs145479355 0.12468
16 89848455 rs528329532 0.047021
16 89848559 rs6500446 0.007069499999999999
16 89848565 rs181829527 0.86725
16 89848603 rs140783116 0.4308
16 89848625 rs144642421 0.7401
16 89848867 rs191118539 0.050838999999999995
16 89849082 rs142972042 0.16278
16 89849104 rs17232735 0.9733799999999999
16 89849141 rs554184963 0.027275
16 89849228 rs151096851 0.22446
16 89849244 rs34988812 0.6356
16 89849480 rs2239359 0.003628
16 89849583 rs2239360 0.0028244
16 89849629 rs12448860 0.004993
16 89849735 rs12928089 0.0025447
16 89849740 rs12929129 0.0026000999999999997
16 89849914 rs12928256 0.004633600000000001
16 89849918 rs192627753 0.49456999999999995
16 89849968 rs112225320 0.99626
16 89849977 rs2283567 0.47896000000000005
16 89850005 rs17232686 0.88431
16 89850083 rs17226288 0.72006
16 89850117 rs8054489 0.006572
16 89850170 rs17226274 0.92386
16 89850382 rs17232665 0.9605600000000001
16 89850415 rs17232658 0.00014298
16 89850617 rs34953216 0.89792
16 89850677 rs60828994 0.0024955
16 89850957 rs11649501 0.9403100000000001
16 89851004 rs11649510 0.93876
16 89851033 rs16966142 0.00011055
16 89851179 rs17232630 0.9431200000000001
16 89851195 rs17232623 0.88371
16 89851379 rs17232616 0.56223
16 89851574 rs17226232 4.3969999999999996e-06
16 89852133 rs8046243 0.004938199999999999
16 89852249 rs143800989 0.37246
16 89852348 rs78257517 0.61878
16 89852624 rs111445110 0.48876000000000003
16 89852985 rs143496635 0.045535
16 89853017 rs12709094 0.0047961
16 89853065 rs55798234 1.6304e-08
16 89853117 rs2238529 0.0020762
16 89853232 rs74033874 0.6077
16 89853307 rs4522419 0.087615
16 89853363 rs12935366 0.90538
16 89853833 rs4785596 0.0024581
16 89853915 rs146986891 0.8116899999999999
16 89854025 rs8047486 0.00502
16 89854134 rs144723221 0.26975
16 89854501 rs12709095 0.0023456999999999996
16 89854520 rs114499269 0.33716999999999997
16 89854745 rs148524655 0.63072
16 89854762 rs141850725 2.5368e-08
16 89854829 rs1968109 0.00029854
16 89854893 rs62052710 0.8786700000000001
16 89854973 rs113104191 0.85935
16 89854977 rs1476761 0.0024944000000000003
16 89855065 rs146861995 0.27114
16 89855100 rs62052711 0.88339
16 89855169 rs6500447 0.0025586
16 89855192 rs6500448 0.0025103
16 89855614 rs113401304 0.78338
16 89855749 rs11076624 0.87511
16 89855885 rs543138898 0.13842000000000002
16 89856001 rs2238530 0.8730700000000001
16 89856032 rs80006713 2.4788e-06
16 89856177 rs116037910 0.26982
16 89856217 rs2238531 0.8639600000000001
16 89856393 rs6500449 0.0048826
16 89856481 rs17746039 2.3185e-08
16 89856539 rs7200111 0.0026119
16 89856671 rs369265863 0.37861999999999996
16 89856674 rs116824178 0.47118999999999994
16 89856694 rs71396963 0.84388
16 89856702 rs76924017 0.87666
16 89856706 rs563732338 0.12630999999999998
16 89856763 rs7205053 0.0048985
16 89856779 rs72807596 5.418500000000001e-09
16 89856797 rs11076625 0.0026159000000000004
16 89856934 rs62052713 0.88546
16 89857007 rs56718348 0.14758
16 89857008 rs11640316 0.062030999999999996
16 89857045 rs140013110 0.26638
16 89857066 rs78713889 0.47648999999999997
16 89857180 rs62052714 0.86949
16 89857212 rs34665267 0.0020775
16 89857250 rs113347696 0.71014
16 89857369 rs8044210 0.0019024
16 89857498 rs56324411 0.8825700000000001
16 89857524 rs545200198 0.81553
16 89857548 rs8045232 0.0046271
16 89857622 rs1057042 0.0027947
16 89857700 rs8049660 0.0023081
16 89857707 rs17232595 0.039497000000000004
16 89857801 rs34159559 0.61573
16 89857880 rs1800332 0.9980700000000001
16 89857935 rs11646374 0.83678
16 89857964 rs1800330 0.0024876
16 89858024 rs6500450 0.005437300000000001
16 89858037 rs35933909 0.47248
16 89858045 rs55784278 0.07228899999999999
16 89858059 rs35122933 0.47248
16 89858184 rs6500451 0.38464
16 89858221 rs74033875 0.62367
16 89858287 rs74033876 0.47412
16 89858302 rs74033877 0.47412
16 89858417 rs1800331 0.84725
16 89858505 rs6500452 0.0019265
16 89858525 rs1800287 0.0052229
16 89858530 rs147784669 0.31008
16 89858622 rs74033878 0.19380999999999998
16 89858657 rs6500453 0.0051418
16 89858684 rs141117933 0.22465
16 89858695 rs7196411 0.76053
16 89858737 rs146920936 0.027075
16 89858759 rs17226159 1.6641e-08
16 89859035 rs17232533 0.8500700000000001
16 89859059 rs75682340 0.11855
16 89859074 rs186677967 0.07358200000000001
16 89859103 rs17232526 0.8907299999999999
16 89859254 rs17226138 0.87951
16 89859292 rs6500454 0.09235800000000001
16 89859435 rs58558674 0.62225
16 89859462 rs17232512 0.33855
16 89859536 rs538196889 0.088764
16 89859600 rs138338287 0.034821
16 89859617 rs17232498 0.94762
16 89859649 rs12600229 0.8477399999999999
16 89859663 rs58748198 0.18736
16 89859682 rs575344389 0.45056
16 89859720 rs144352354 0.5888899999999999
16 89859753 rs12921383 0.0019687999999999997
16 89859953 rs2159227 0.0021934999999999997
16 89860042 rs71396964 0.9139
16 89860399 rs145589787 0.12000999999999999
16 89860424 16:89860424_C_G 0.079347
16 89860584 rs62053701 0.8834700000000001
16 89860688 rs62053702 0.8651
16 89860697 rs34689166 0.8735700000000001
16 89860723 rs148874140 1.9063e-09
16 89860829 rs188025103 0.25173
16 89860842 rs375772235 0.48413999999999996
16 89860997 rs76302112 0.52228
16 89861024 rs115227806 0.48311000000000004
16 89861060 rs71396965 0.9770399999999999
16 89861081 rs71396966 0.9517
16 89861222 rs531014272 0.02419
16 89861331 rs115817286 0.24952
16 89861430 rs17226103 0.73147
16 89861491 rs112992887 0.92064
16 89861521 rs17226096 0.4553
16 89861569 rs142022150 0.48976000000000003
16 89861570 rs17232491 1.0774e-05
16 89861650 rs17232484 0.020972
16 89861891 rs17232477 0.9983799999999999
16 89861902 rs17232470 0.75717
16 89862029 rs759383642 0.7116399999999999
16 89862132 rs8051231 0.00094101
16 89862155 rs17226082 9.6377e-06
16 89862202 rs17226075 1.5941e-08
16 89862388 rs75501942 0.24816999999999997
16 89862434 rs11648881 0.71824
16 89862571 rs117114665 0.2367
16 89862612 rs17232463 0.1664
16 89862635 rs140351998 0.47091000000000005
16 89862716 rs759424112 0.8911399999999999
16 89862719 rs73266600 0.73197
16 89862805 rs571699347 0.55586
16 89862906 rs12924101 0.25509
16 89862961 rs12709096 0.0014306
16 89862982 rs9933901 0.0013536
16 89863061 rs74033879 0.66959
16 89863089 rs573446279 0.17032
16 89863110 rs4785722 0.0011801
16 89863174 rs113217055 0.83611
16 89863231 rs145218591 0.23298000000000002
16 89863385 rs112443034 0.48421000000000003
16 89863516 rs57096025 0.6290399999999999
16 89863586 rs117653913 1.4252000000000001e-08
16 89863672 rs2238532 0.69412
16 89863750 rs8051915 0.18879
16 89863789 rs148382975 0.045850999999999996
16 89864833 rs17226033 0.8864799999999999
16 89864841 rs139494359 0.7630600000000001
16 89864980 rs17232435 0.054592999999999996
16 89865015 rs17232428 0.8794
16 89865075 rs74033880 0.86018
16 89865103 rs11076626 0.0047354
16 89865154 rs56030313 0.41553
16 89865242 rs10852623 0.0046329
16 89865311 rs17226026 0.025388
16 89865332 rs45446001 0.04612
16 89865359 rs142146246 0.12229000000000001
16 89865437 rs374042585 0.1072
16 89865490 rs35912722 0.6359899999999999
16 89865610 rs13336566 0.84252
16 89865671 rs150197645 0.43567
16 89865804 rs17232407 0.8651
16 89866043 rs7190823 0.0050344
16 89866160 rs7186192 0.31351999999999997
16 89866177 rs34427386 0.012408
16 89866327 rs33938852 0.92976
16 89866371 rs143317127 0.47298
16 89866731 rs142707179 0.31428
16 89866941 rs116594675 0.84206
16 89867030 rs17225998 0.91846
16 89867033 rs17225991 0.78774
16 89867110 rs187516938 0.27867
16 89867198 rs60760906 0.8621700000000001
16 89867339 rs8051712 0.11968
16 89867368 rs12599799 0.0020597
16 89867618 rs150248936 0.40096
16 89867668 rs138883678 0.8621700000000001
16 89867797 rs9938865 0.0017259
16 89868022 rs188661115 0.6048
16 89868141 rs138768769 0.025747000000000003
16 89868188 rs572246359 0.07848
16 89868210 rs530420254 0.3026
16 89868535 rs11644521 0.5451199999999999
16 89868536 rs17232379 0.30476
16 89868558 rs17232372 0.38366999999999996
16 89868587 rs17232365 0.073779
16 89868606 rs17232358 0.38471
16 89868910 rs139927204 0.32534
16 89868911 rs180879450 0.076305
16 89868930 rs111291895 0.38324
16 89869047 rs149227385 0.86156
16 89869083 rs142444561 0.45803
16 89869105 rs71396967 0.8793799999999999
16 89869162 rs77989737 0.7905300000000001
16 89869179 rs17225964 0.37838
16 89869404 rs17225957 0.8626299999999999
16 89869550 rs17225950 0.020391
16 89869564 rs35506335 0.033623
16 89869584 rs772292788 0.8045100000000001
16 89869704 rs17225943 0.17901
16 89869761 rs1800286 0.090568
16 89870038 rs138518105 0.1635
16 89870143 rs17232330 3.8619000000000005e-09
16 89870170 rs17225936 0.64123
16 89870706 rs17225929 0.23858000000000001
16 89870913 rs12932620 0.91515
16 89871018 rs12929001 0.9388299999999999
16 89871168 rs8053979 0.095197
16 89871344 rs2238533 0.00010077
16 89871376 rs17232309 0.6351899999999999
16 89871630 rs34010191 0.041781
16 89871942 rs61234051 0.38747
16 89872174 rs17225901 0.46613000000000004
16 89872445 rs6500455 0.002333
16 89873173 rs138804614 0.55178
16 89873213 rs12445478 0.30588000000000004
16 89873246 rs147269542 0.13992000000000002
16 89873377 rs9927381 0.0010245
16 89873413 rs9927395 0.0010241
16 89873481 rs565803241 0.44931000000000004
16 89873632 rs12934275 0.8953899999999999
16 89873787 rs144485040 0.7135699999999999
16 89873817 rs17232281 0.38829
16 89873844 rs17232274 0.03558
16 89874001 rs4313809 0.002302
16 89874073 rs17225873 0.94052
16 89874085 rs17225866 0.14347000000000001
16 89874090 rs112814034 0.18857000000000002
16 89874152 rs17225859 0.39198
16 89874476 rs563639487 0.35896
16 89874559 rs11076627 0.0018454
16 89874628 rs1800285 0.0023823
16 89874756 rs17232246 0.08288200000000001
16 89874860 rs17232239 0.62815
16 89874874 rs17225845 0.048191000000000005
16 89874941 rs35734641 0.60177
16 89874990 rs142301122 0.37078
16 89875033 rs7185013 0.11459000000000001
16 89875246 rs11076628 0.0023943000000000002
16 89875259 rs11076629 0.11762
16 89875302 rs71396968 0.87576
16 89875345 rs556439541 0.12912
16 89875377 rs11645893 0.11710999999999999
16 89875438 rs11642136 0.10355
16 89875448 rs180850339 0.93773
16 89875475 rs143104083 0.97946
16 89875547 rs189527111 0.48367
16 89875571 rs146156398 0.9023399999999999
16 89875621 rs113650446 0.5918100000000001
16 89875638 rs143821102 0.052715
16 89875710 rs11861084 0.10879000000000001
16 89875736 rs77050845 0.44851
16 89875874 rs139111518 0.63903
16 89876249 rs189674200 0.48425
16 89876330 rs9928953 0.0022534000000000005
16 89876638 rs551412695 0.6250899999999999
16 89876647 rs569901074 0.6250899999999999
16 89876765 rs111387982 0.39618000000000003
16 89876828 rs74033881 0.6169399999999999
16 89876963 rs11648309 0.43175
16 89876999 rs17225810 0.0056189
16 89877235 rs9282685 0.40501
16 89877269 rs2074963 0.82729
16 89877546 rs17232190 0.43978999999999996
16 89877630 rs12935638 0.5594100000000001
16 89877647 rs17232176 0.8596600000000001
16 89877720 rs11859183 0.0018237000000000001
16 89877892 rs17225789 0.9046
16 89877975 rs11076631 0.0022853
16 89878177 rs115532303 0.20897
16 89878325 rs78929077 0.6781
16 89878430 rs530977167 0.34893
16 89878461 rs113896117 0.42677
16 89878481 rs183574158 0.21206999999999998
16 89878670 rs538046003 0.461
16 89878697 rs192599344 0.43013999999999997
16 89879291 rs562812885 0.42404
16 89879318 rs71396971 0.5965
16 89879331 rs150537908 0.5802
16 89879332 rs140348799 0.5917100000000001
16 89879472 rs186284450 0.6804399999999999
16 89879698 rs141470414 0.62937
16 89879713 rs12709099 0.002262
16 89879896 rs544914364 0.43809
16 89879916 rs9937925 0.17375
16 89880140 rs138343149 0.41239
16 89880249 rs17225775 9.111899999999999e-09
16 89880258 rs9927089 0.0017280000000000002
16 89880278 rs17232162 0.53475
16 89880384 rs17232155 0.51808
16 89880478 rs17225768 0.84841
16 89880534 rs74033882 0.6257199999999999
16 89880537 rs11076632 0.0023232
16 89880570 rs147291147 0.67597
16 89880571 rs74033883 0.6257199999999999
16 89880596 rs74033884 0.61938
16 89880634 rs17225747 3.7062e-09
16 89880661 rs115186003 0.9034700000000001
16 89880682 rs117939833 0.8733700000000001
16 89880793 rs74033885 0.61938
16 89880822 rs17232127 0.38025
16 89880844 rs17232120 0.027933
16 89881076 rs1800284 0.37134
16 89881308 rs78690507 0.61543
16 89881443 rs115137442 0.97824
16 89881486 rs11640549 0.0013374
16 89881612 rs9925181 0.0013871999999999999
16 89881696 rs529413959 0.033497000000000006
16 89881822 rs117449907 0.9198200000000001
16 89881853 rs78823704 0.6230100000000001
16 89881911 rs17225726 0.677
16 89881927 rs17225719 0.45911
16 89881932 rs139608200 0.6189100000000001
16 89882102 rs17232098 0.46913
16 89882529 rs148931307 0.6189100000000001
16 89882558 rs111818726 0.21259
16 89882594 rs554702040 0.40353
16 89882609 rs34411624 0.49196999999999996
16 89882722 rs191926922 0.61637
16 89882807 rs78004870 0.1943
16 89882826 rs72631431 0.1405
16 89883000 rs76275444 0.43658
16 89883003 rs115856189 0.61638
16 89883007 rs1800282 9.7685e-07
16 89883181 rs36233287 0.43578999999999996
16 89883208 rs7186980 0.033891000000000004
16 89883224 rs7204250 0.033652
16 89883227 rs34098327 0.5330600000000001
16 89883335 rs34784792 0.5202399999999999
16 89883473 rs36233291 0.43941
16 89883479 rs542367719 0.48271000000000003
16 89883550 rs36233292 0.45598999999999995
16 89883635 rs189191156 0.62565
16 89883811 rs66803677 0.54964
16 89883924 rs12921408 0.53856
16 89883982 rs74033886 0.61995
16 89884027 rs74033887 0.57924
16 89884127 rs36233537 0.31199
16 89884310 rs76888998 2.2059e-06
16 89884492 rs77060767 0.41042
16 89884502 rs8047581 0.50244
16 89884649 rs116190892 0.41397
16 89884697 rs113234026 0.9262100000000001
16 89884822 rs2376879 0.032647
16 89884917 rs2079672 0.47723000000000004
16 89884981 rs2079671 0.2631
16 89885141 rs780822849 0.03877
16 89885161 rs2376878 0.43443999999999994
16 89885215 rs143459716 0.39071999999999996
16 89885223 rs2376877 0.4323
16 89885415 rs139296050 0.39338
16 89885479 rs144075458 0.46968999999999994
16 89885489 rs190552927 0.50547
16 89885545 rs59280844 0.5519
16 89885606 rs575192800 0.033977
16 89885725 rs74033888 0.62138
16 89885740 rs753991324 0.80004
16 89885920 rs57947212 0.15414
16 89885955 rs753234598 0.093419
16 89886018 rs187724024 0.77531
16 89886195 rs145177994 0.35199
16 89886208 rs149231511 0.68806
16 89886290 rs67107788 0.53654
16 89886392 rs11076633 0.028973000000000002
16 89886519 rs34357723 0.0038664000000000003
16 89886573 rs150517393 0.62085
16 89886754 rs77737312 0.5242399999999999
16 89886882 rs112011608 0.67814
16 89886905 rs9932307 0.58517
16 89886924 rs139360017 0.6211399999999999
16 89886947 rs144107392 0.87575
16 89887109 rs111531543 0.50503
16 89887126 rs188236660 0.30451999999999996
16 89887176 rs77769794 0.62115
16 89887207 rs562934134 0.98618
16 89887249 rs35096708 0.0035509
