CHR BP SNP P
7 105824105 rs148936890 0.15628
7 105824289 rs12536352 0.0006796
7 105824562 rs6969425 0.71187
7 105825066 rs10257691 0.2891
7 105825350 rs176583 0.022316
7 105825737 rs176584 0.057128
7 105825777 rs139454514 0.046316
7 105825956 rs560603856 1.6002e-05
7 105826019 rs144481168 0.026146
7 105826561 rs10265412 0.4299
7 105826838 rs10266015 0.00055735
7 105826929 rs176585 0.053748000000000004
7 105826939 rs145512055 0.10962000000000001
7 105826947 rs176586 0.053746
7 105827121 rs176587 0.055949
7 105827335 rs535807674 0.016472
7 105827361 rs176588 0.04807
7 105827449 rs4727648 0.00072014
7 105827642 rs565631743 0.9660700000000001
7 105827736 rs10263364 0.5511
7 105827913 rs563786509 0.1533
7 105828274 rs10248549 0.63473
7 105828432 rs10251665 0.60722
7 105828561 rs571735965 0.22248
7 105828588 7:105828588_C_T 0.010535
7 105829280 rs118103811 0.88302
7 105829633 rs10256211 0.66893
7 105829941 rs114943723 0.036327
7 105829953 rs115928116 0.037448
7 105830390 rs558320436 0.61023
7 105830551 rs116663646 0.041152
7 105830761 rs17152734 0.0022225
7 105831262 rs142995634 0.57418
7 105831774 rs6979063 0.0017762999999999998
7 105832336 rs116795691 0.041007
7 105832522 rs140978144 0.29381
7 105832925 rs116656722 0.041081
7 105833030 rs76755022 0.12797999999999998
7 105833537 rs73723532 0.86164
7 105833542 rs6951857 0.6767
7 105833577 rs6951604 0.66328
7 105833674 rs11972123 0.0079241
7 105833806 rs143456671 0.92127
7 105834025 rs13226405 0.010409999999999999
7 105834325 rs176591 0.14668
7 105834632 rs4730149 0.0025846
7 105834761 rs4727649 0.0079066
7 105834825 rs114237133 0.061426999999999995
7 105834997 rs117963768 0.79773
7 105835187 rs17152742 0.18354
7 105835283 rs887882 0.15191
7 105835298 rs534487249 0.054429
7 105835639 rs188496501 0.49666000000000005
7 105835705 rs562601175 0.38414
7 105835719 rs76993862 0.07013899999999999
7 105835806 rs58804846 0.06365900000000001
7 105835946 rs57359336 0.06352999999999999
7 105835948 rs113858327 0.0074896
7 105836141 rs114757465 0.073159
7 105836686 rs116652526 0.8604200000000001
7 105837397 rs7778295 0.10941
7 105837700 rs10808149 0.49195
7 105837747 rs115342931 0.055546000000000005
7 105838305 rs1029980 0.53469
7 105839769 rs10276055 0.51672
7 105840026 rs76723532 0.30104000000000003
7 105840520 rs568547666 0.67305
7 105840533 rs17152765 0.0016351
7 105840608 rs10236515 0.31994
7 105840939 rs117025836 0.043223000000000004
7 105841082 rs117481973 0.055598
7 105841739 rs114082749 0.18732000000000001
7 105842228 rs35010167 0.065221
7 105842348 rs12534175 0.10636
7 105842390 rs9656122 0.014377000000000001
7 105842968 rs35447353 0.68809
7 105843081 rs10245392 0.20781999999999998
7 105843681 rs117581799 0.016243
7 105843715 rs7809471 0.28573000000000004
7 105844779 rs116325677 0.017809000000000002
7 105844904 rs142804987 0.028737000000000002
7 105844934 rs76552602 0.12548
7 105845028 rs117537216 0.54798
7 105845033 rs77811272 0.02169
7 105845657 rs67647440 0.10843
7 105845808 rs10156140 0.034208999999999996
7 105845867 rs16872148 0.43541
7 105846054 rs539735740 0.70878
7 105846441 rs6955160 0.030193
7 105846719 rs13241266 0.4051
7 105846859 rs140769169 0.90825
7 105847289 rs67753082 0.21765
7 105847379 rs10156023 0.033175
7 105847712 rs573930654 0.52383
7 105847727 rs142185477 0.92911
7 105848638 rs10247849 0.95865
7 105848910 rs11762248 0.97651
7 105849229 rs6976345 0.13965
7 105849333 rs12705360 0.9831799999999999
7 105849661 rs186116545 0.7279899999999999
7 105849736 rs73186469 0.13499
7 105850361 rs140638530 0.7609999999999999
7 105850694 rs12668365 0.14677
7 105852726 rs142686879 0.26041
7 105852982 rs4366009 0.48727
7 105853924 rs191064639 0.00046007
7 105855146 rs530900136 0.36735
7 105855586 rs9719408 0.35945
7 105855618 rs9719404 0.38848
7 105855658 rs754488010 0.11679
7 105856140 rs59370070 0.37021
7 105856422 rs186848466 0.95383
7 105856471 rs4433065 0.31385
7 105856510 rs1985374 0.80983
7 105856514 rs1985373 0.48313999999999996
7 105856771 rs371837105 0.8962600000000001
7 105856997 rs372126253 0.8962600000000001
7 105857098 rs142559415 0.49401000000000006
7 105857472 rs532144266 0.039257
7 105857509 rs138753195 0.84045
7 105857560 rs118077852 0.074824
7 105858211 rs3926927 0.1703
7 105858812 rs12535465 0.18182
7 105859516 rs571359710 0.34308
7 105859965 rs12536243 0.18564
7 105860188 rs2192383 0.082218
7 105860537 rs2215815 0.9152399999999999
7 105860629 rs7805922 0.03386
7 105862150 rs35738500 0.1978
7 105862180 rs34149188 0.2018
7 105862454 rs116573690 0.026786
7 105862631 rs7799046 0.0075702
7 105863046 rs11770629 0.034297
7 105863250 rs2215816 0.033579000000000005
7 105863347 rs140910037 0.30625
7 105863368 rs79550195 0.069838
7 105863530 rs537872911 0.22295
7 105863544 rs767685371 0.41048999999999997
7 105863565 rs76840219 0.74884
7 105863746 rs35245358 0.7399600000000001
7 105863890 rs2215817 0.037486
7 105864236 rs10953500 0.058267
7 105864248 rs10085550 0.033456
7 105865194 rs7791378 0.042223000000000004
7 105865217 rs17372176 4.7242e-07
7 105865261 rs117831812 0.9073899999999999
7 105865388 rs12532932 0.0013638
7 105865405 rs12535322 0.0017619
7 105865607 rs6962583 0.003714
7 105865658 rs1861068 0.025204
7 105866067 rs10085621 0.03084
7 105866446 rs775374245 0.26771
7 105866558 rs11760790 0.27011999999999997
7 105866781 rs116480784 0.042832
7 105866933 rs113147483 0.6729999999999999
7 105867862 rs6944744 1.3072000000000001e-05
7 105868272 rs35109442 0.17893
7 105868408 rs11764363 1.4385999999999999e-05
7 105868496 rs535845646 0.8375100000000001
7 105868592 rs2891876 0.00020273
7 105868635 rs148191241 0.15234
7 105868683 rs6949927 0.0024163
7 105868792 rs77427427 0.4181
7 105869259 rs2215818 0.29456
7 105869850 rs34686105 0.31073
7 105870021 rs531796298 0.23226999999999998
7 105870265 rs80129816 0.98024
7 105870397 rs192406807 0.82681
7 105870870 rs745367754 0.71759
7 105871769 rs7799001 0.29059
7 105871950 rs7799554 0.27278
7 105872420 rs4451226 0.00014022
7 105873261 rs181717584 0.026777999999999996
7 105873568 rs2160065 0.00019617
7 105873615 rs2110383 0.0023305
7 105873651 rs781083377 0.0032891999999999995
7 105873690 rs2110384 1.0439000000000001e-05
7 105873747 rs35992105 0.34653
7 105873822 rs36101390 0.31974
7 105874987 rs753820870 0.57914
7 105875367 rs151212598 0.16526
7 105875690 rs28605264 7.6209e-06
7 105875903 rs11764463 0.0002483
7 105876653 rs12534383 0.00024537
7 105876691 rs12534393 0.00025471
7 105877708 rs4382396 7.5189e-05
7 105878109 rs17372266 0.69433
7 105878412 rs1013734 0.00021489
7 105878586 rs2016555 0.00025635
7 105879061 rs10261830 8.7943e-06
7 105879186 rs116735537 0.57915
7 105879467 rs17372315 0.9678
7 105879713 rs62483196 0.8922899999999999
7 105879904 7:105879904_T_G 0.27341
7 105879906 7:105879906_C_T 0.27341
7 105879974 rs7776987 0.00014277
7 105880890 rs887881 0.00039807
7 105880915 rs13236748 0.35963
7 105881251 rs138405691 0.50265
7 105881273 rs4236582 0.00036961
7 105881383 rs142968242 0.68101
7 105881398 rs4730152 0.00027677
7 105881556 rs2891846 0.00030903
7 105881725 rs139027148 0.62184
7 105882075 rs12112516 0.20032
7 105882123 rs75502437 0.33542
7 105882174 rs539298683 0.36498
7 105883505 rs117733369 0.09976499999999999
7 105883804 rs12674432 4.1962e-06
7 105883917 rs187152760 0.28647
7 105884462 rs77896626 0.023056
7 105884848 rs13224516 0.40563
7 105885069 rs7456187 4.8175e-06
7 105887369 rs61674485 0.037274
7 105887447 rs117017270 2.1834e-05
7 105887559 rs10487820 0.00021482
7 105887632 rs10953501 0.00010351
7 105888295 rs117553887 0.068239
7 105890056 rs9034 4.3285e-06
7 105890298 rs1065322 0.00010449999999999999
7 105890390 rs73720614 0.95991
7 105891647 rs70937087 0.51793
7 105891834 rs10279997 0.32234
7 105892185 rs28445927 0.88069
7 105892431 rs10953502 0.0012287
7 105893681 rs531431132 0.23589000000000002
7 105893763 rs772930876 0.54205
7 105894481 rs28694382 0.2173
7 105894543 rs115780215 0.11667000000000001
7 105894732 rs148167342 0.31595
7 105895375 rs115288891 0.44156000000000006
7 105896527 rs3801272 6.400599999999999e-06
7 105896742 rs3801270 0.00013008
7 105896778 rs73720616 0.9017
7 105896807 rs149298604 0.9521299999999999
7 105896813 rs10953503 1.1949e-05
7 105897170 rs74367214 0.63115
7 105897448 rs113222854 0.50349
7 105897514 rs79267862 0.79942
7 105897655 rs6466096 0.15666
7 105898066 rs10224373 0.00017276
7 105898079 rs57491916 0.05167000000000001
7 105898144 rs549973097 0.58373
7 105898355 rs74523234 0.77547
7 105898474 rs3801269 0.00017326
7 105898547 rs73720618 0.8547600000000001
7 105898579 rs539703437 0.31513
7 105898630 rs3801268 0.00016115
7 105898760 rs73422711 0.025513
7 105898874 rs10271556 0.34626999999999997
7 105899073 rs13237989 0.47542
7 105899086 rs73720620 0.47951000000000005
7 105899405 rs10275206 0.00014671
7 105899442 rs116722128 0.019809
7 105899562 rs76296058 0.80009
7 105899881 rs111337068 0.42028999999999994
7 105900104 rs113263823 0.80208
7 105900663 rs2098291 0.41491999999999996
7 105900831 rs34427010 0.20099
7 105901154 rs76239059 0.4051
7 105901292 rs10808150 6.1522e-05
7 105901526 rs117832949 0.44828999999999997
7 105901555 rs191534830 0.96439
7 105901699 rs2041681 0.00013805
7 105901982 rs114044586 0.36185
7 105902124 rs137878255 0.74998
7 105903789 rs144888107 0.16747
7 105904113 rs377332361 0.021022
7 105904150 rs4730153 0.00011698
7 105904339 rs10252562 0.48178999999999994
7 105904376 rs145213708 0.69815
7 105904382 rs149158652 0.7136600000000001
7 105904544 rs74382409 0.20357
7 105904567 rs56944913 0.42286999999999997
7 105904754 rs143313369 0.92881
7 105905331 rs185753157 0.53112
7 105905344 rs115083247 0.64986
7 105905592 rs73720628 0.48996999999999996
7 105905861 rs73720629 0.46666
7 105906054 rs76860510 0.8095899999999999
7 105906055 rs115318131 0.51461
7 105906370 rs10447822 7.673100000000001e-05
7 105906494 rs116847305 0.87064
7 105906576 rs534632262 0.15869
7 105906643 rs929604 0.067041
7 105906653 rs56170978 0.66466
7 105906827 rs770173710 0.6462600000000001
7 105907011 rs117906534 0.00022835
7 105907311 rs711438 0.00015088
7 105907549 rs112836677 1.8116e-05
7 105907727 rs73720631 0.46897
7 105908010 rs116021871 0.45268
7 105908059 rs371739400 0.47106000000000003
7 105908113 rs561214274 0.048167
7 105908270 rs565981518 0.044942
7 105908425 rs118179925 0.062238
7 105909890 rs2072457 0.00017923
7 105910061 rs10487818 0.13785
7 105910408 rs4730154 0.59008
7 105910666 rs6947766 0.00016544
7 105911161 rs193183567 0.065203
7 105911876 rs28537611 0.009240799999999999
7 105912050 rs13240452 0.55687
7 105912217 rs34056375 0.4716
7 105912444 rs28454100 0.9051
7 105912635 rs148704779 0.032356
7 105912865 rs112487390 0.83016
7 105913155 rs41430346 0.015707
7 105913215 rs189230830 0.52058
7 105913494 rs7796610 0.78271
7 105914414 rs753573632 0.5090600000000001
7 105914897 rs183758883 6.1564e-05
7 105915192 rs41276169 0.44414
7 105915674 rs112975745 0.10687
7 105915680 rs182665277 0.1884
7 105915749 rs186995657 0.052939
7 105915780 rs17152828 0.00047924
7 105915805 rs62481378 0.78879
7 105916056 rs73186489 0.00083402
7 105916087 rs7807469 0.00036041
7 105916203 rs79411191 1.8670999999999998e-05
7 105916637 rs2058539 0.00067043
7 105916708 rs2058540 0.6523100000000001
7 105917178 rs554576297 0.29416
7 105918862 rs117310079 0.32711
7 105918922 rs3801267 4.0703e-06
7 105919100 rs73422741 0.022133
7 105919425 rs3779204 0.0001465
7 105919651 7:105919651_C_T 0.46105
7 105919754 rs146081205 0.029593
7 105920059 rs12667674 0.00010011
7 105920214 rs57524611 0.8901399999999999
7 105921571 rs147850470 9.598e-06
7 105921572 rs7785238 0.30804000000000004
7 105921577 rs6466097 3.4274999999999997e-07
7 105921631 rs146935036 0.39226
7 105921685 rs74371608 0.8539399999999999
7 105922523 rs1319313 2.3274e-07
7 105922548 rs73720637 0.57557
7 105922681 rs73720638 0.5475
7 105922800 rs6957743 0.5656
7 105922963 rs115447043 0.085586
7 105923355 rs6466098 4.5215e-08
7 105923476 rs6466099 8.943999999999999e-08
7 105923534 rs116650369 0.15207
7 105923947 rs6963243 4.1521e-08
7 105924143 rs4730155 0.000123
7 105924250 rs3801266 0.39748
7 105924294 rs115201749 0.28641
7 105924802 rs3823744 6.1231e-05
7 105925753 rs1319501 7.601300000000001e-08
7 105926278 rs59744560 9.211900000000001e-10
7 105926331 rs9770242 8.7304e-08
7 105926734 rs114382471 0.2902
7 105926865 rs61330082 0.00017329
7 105927464 rs74520261 0.086649
7 105927626 rs116647506 0.010136
7 105927752 rs7789066 0.050325
7 105927987 rs71564771 0.15880999999999998
7 105928515 rs11977021 0.00015117
7 105928960 rs112698708 0.0034482
7 105929287 rs58408940 0.067674
7 105929559 rs35387655 6.9664e-05
7 105929614 rs142680997 0.2992
7 105929797 7:105929797_G_A 0.5717
7 105930019 rs2110385 7.4864e-05
7 105930388 rs6971643 1.3747e-07
7 105930628 rs73186492 0.81176
7 105930794 rs113631249 8.7542e-06
7 105930839 rs77321848 0.0013584
7 105930984 rs35533454 0.27702
7 105931280 rs4730156 0.4727
7 105931391 rs148381842 0.1231
7 105931473 rs75278900 0.10092999999999999
7 105931744 rs6977685 7.598300000000001e-06
7 105931839 rs114984083 0.14829
7 105931877 rs12537455 0.57899
7 105931945 rs150397840 0.00014826
7 105932158 rs112482132 0.9294899999999999
7 105932262 rs73186494 0.8395299999999999
7 105932462 rs7455265 0.00017152
7 105932723 rs75188539 0.24697
7 105933008 rs118022244 0.36972
7 105933203 rs17152854 0.68718
7 105933228 rs35609712 0.68966
7 105933402 rs10953504 0.44788
7 105934360 rs184394378 0.66957
7 105934803 rs4730157 0.00010154
7 105934987 rs4730158 1.3224e-06
7 105935026 rs571258661 0.9365100000000001
7 105935125 rs10953505 0.00062158
7 105935207 rs34692346 0.69491
7 105935385 rs7793332 0.00058184
7 105935637 rs144021450 0.41911000000000004
7 105935892 rs6961275 1.2898e-06
7 105936054 rs17314507 1.9214e-09
7 105936643 rs10953506 0.00011312
7 105937001 rs190887765 0.024250999999999998
7 105937009 rs112286849 0.16934000000000002
7 105937337 rs2192382 1.2767e-06
7 105937884 rs191420754 0.00098402
7 105938038 rs183510574 0.31798000000000004
7 105938112 rs189415618 0.16425
7 105938466 rs149322236 0.34481999999999996
7 105940965 rs35178138 0.69206
7 105940995 rs142325075 0.94936
7 105941597 rs148799199 0.77525
7 105942023 rs143733249 0.073469
7 105942433 rs7785140 8.5399e-06
7 105942607 rs7802373 7.180800000000001e-06
7 105943332 rs138414439 0.16842000000000001
7 105943718 rs35450052 0.66905
7 105943719 rs190134800 2.06e-08
7 105943862 rs191139082 0.10819000000000001
7 105944299 rs2080182 2.8120999999999997e-06
7 105944308 rs2080183 4.5681e-06
7 105944471 rs2098290 0.85545
7 105944677 rs151246292 0.0076154
7 105944787 rs74963061 0.11996
7 105945348 rs7781229 2.1863e-06
7 105945352 rs138052069 0.38847
7 105945576 rs11981398 0.00039426
7 105945712 rs192747018 0.48485
7 105946411 rs76331344 0.79523
7 105946493 rs66993466 0.8865299999999999
7 105946846 rs144888144 0.0080312
7 105947162 rs10245249 0.9905
7 105948114 rs59067128 0.9951
7 105948276 rs143434908 0.00017868
7 105949393 rs2110382 1.0480999999999998e-05
7 105950275 rs6466100 0.00084943
7 105950490 rs2385703 0.0016834
7 105950622 rs76608531 0.018856
7 105951509 rs997980 0.52564
7 105951551 rs998153 0.30448000000000003
7 105951665 rs10953507 0.0073579
7 105951666 rs60409240 0.046674
7 105951720 rs2539847 0.11657000000000001
7 105951894 rs727397 0.00034596
7 105952088 rs10259506 0.7544
7 105952099 rs1029982 0.009043
7 105952105 rs10244215 0.76076
7 105952369 rs10953508 0.00064926
7 105952541 rs112969549 0.4398
7 105952687 rs7790395 0.49948000000000004
7 105952738 rs10277029 0.40121999999999997
7 105952836 rs7791001 0.42788999999999994
7 105953830 rs7778847 0.19719
7 105953985 rs11980958 2.8181999999999997e-07
7 105954189 rs76266011 0.014133000000000001
7 105954740 rs2704966 0.52551
7 105954741 rs115171134 0.62776
7 105954750 rs6968033 0.001297
7 105954932 rs79020967 0.5229699999999999
7 105954989 rs9692084 0.080415
7 105955022 rs76480748 0.095559
7 105955179 rs147647908 0.78806
7 105955950 rs76827877 0.46862
7 105956055 rs17315097 0.09156
7 105956199 rs73186502 0.08348
7 105956378 rs28492865 0.42372
7 105956455 rs73424839 0.60733
7 105956526 rs10263924 0.42351000000000005
7 105956623 rs79996601 0.49925
7 105956739 rs73424842 0.65968
7 105956904 rs6466101 4.0006999999999996e-07
7 105956953 rs113248941 0.48901999999999995
7 105957369 rs73424847 0.78918
7 105957457 rs2539850 0.19599
7 105957703 rs73424851 0.59143
7 105957754 rs115891759 0.43588999999999994
7 105957796 rs73424852 0.79643
7 105957850 rs77965983 0.48116000000000003
7 105958048 rs12534579 1.6486000000000002e-06
7 105958557 rs79751113 0.25411
7 105958582 rs77740204 0.00041982
7 105958583 rs10487817 0.0070055000000000004
7 105958591 rs73720647 0.90907
7 105958706 rs73409403 0.90269
7 105959395 rs79599770 0.026726999999999997
7 105959413 rs76875344 0.024131
7 105959715 rs112505412 0.36967
7 105959867 rs7799409 0.64832
7 105959951 rs75388520 0.09662899999999999
7 105959978 rs7799564 0.60963
7 105960117 rs7800105 0.68174
7 105960280 rs114641543 0.79272
7 105960666 rs117343736 0.0007092
7 105960852 rs113521869 0.41975
7 105960930 rs56253202 0.82386
7 105960964 rs188700545 0.1021
7 105960984 rs111770921 0.43159
7 105961027 rs112563624 0.59675
7 105961652 rs57964926 0.19239
7 105961693 rs571552560 0.75175
7 105961789 rs144472286 0.94829
7 105961801 rs61062597 0.60645
7 105961914 rs139005494 0.09890299999999999
7 105961923 rs149882069 0.54892
7 105961931 rs10263199 0.44041
7 105962020 rs10233823 0.44832
7 105962135 rs190921894 0.20348
7 105962221 rs140666418 0.40581
7 105962441 rs138749460 0.998
7 105962460 rs2519703 0.089768
7 105962821 rs188865881 0.17886
7 105963035 rs138777335 0.57565
7 105963110 rs73188503 0.081081
7 105963118 rs77393597 0.007660600000000001
7 105963592 rs113536961 0.60368
7 105965335 rs547100913 0.42427
7 105965514 rs149218313 0.09678099999999999
7 105965990 rs117323910 0.12480999999999999
7 105966217 rs114558378 0.68762
7 105966223 rs114575204 0.49568999999999996
7 105966609 rs113266020 0.94004
7 105966799 rs60487347 2.7158e-07
7 105967098 rs10225772 0.44181000000000004
7 105967269 rs57156208 0.64807
7 105967337 rs116247153 0.54179
7 105967907 rs116458093 0.40246
7 105967916 rs139798905 0.23581999999999997
7 105967919 rs2704961 0.0078534
7 105968096 rs28462107 0.44532
7 105968408 rs73188505 0.070268
7 105968604 rs28522657 0.55758
7 105968930 rs116973981 0.74431
7 105969189 rs10499961 3.5288e-07
7 105969219 rs17152917 0.6111800000000001
7 105969291 rs10230525 0.64402
7 105969323 rs10273881 0.83854
7 105969659 rs2704960 0.01369
7 105969787 rs118006714 0.0013424
7 105969912 rs2519699 0.013121
7 105970085 rs11543783 0.44693
7 105970115 rs2519697 0.012027
7 105970668 rs2704959 0.011858
7 105970988 rs2106303 0.0084894
7 105971333 rs12533201 2.5276e-07
7 105971434 rs2704958 0.2262
7 105971716 rs2704957 0.099872
7 105971879 rs76724202 0.10939000000000002
7 105971930 rs61580675 0.49983999999999995
7 105972007 rs2704956 0.011014
7 105972102 rs2704955 0.011806
7 105972206 rs10224661 0.66287
7 105972209 rs10224662 0.7603
7 105972309 rs117203430 0.42252
7 105972427 rs561931389 0.10141
7 105972439 rs10227581 0.58096
7 105972663 rs11532737 0.41495
7 105972840 rs2704953 0.10480999999999999
7 105972932 rs4730163 0.030498
7 105972965 rs78328941 0.10670999999999999
7 105973193 rs2392836 0.012142
7 105973316 rs2392837 0.095289
7 105973339 rs73188508 0.086826
7 105973489 rs2704952 0.011623999999999999
7 105973540 rs79936310 0.43856000000000006
7 105973710 rs113603183 0.19224000000000002
7 105973847 rs6975444 0.2946
7 105973848 rs7807815 1.623e-05
7 105974057 rs6975772 0.28383
7 105974283 rs55980636 0.7984
7 105974467 rs112291438 0.39434
7 105975126 rs57556908 2.057e-07
7 105975132 rs60457547 0.025919
7 105975671 rs28882146 0.88077
7 105975746 rs113044438 0.34891
7 105975833 rs56124810 0.7875800000000001
7 105976079 rs767615230 0.80584
7 105976130 rs145574645 0.0063894
7 105977371 rs2106302 0.39516
7 105978216 rs56743758 0.38884
7 105978418 rs2392838 0.54972
7 105978501 rs566278689 0.09689299999999999
7 105978702 rs7805807 8.6335e-08
7 105979378 rs142265510 0.58128
7 105979524 rs151255930 0.7248399999999999
7 105979893 rs2188283 0.01026
7 105979917 rs2519690 0.01123
7 105980096 rs2214007 0.011427
7 105980192 rs2214006 0.011781999999999999
7 105980412 rs2188282 0.01174
7 105980667 rs2519688 0.012115
7 105980775 rs79529876 0.37801999999999997
7 105980801 7:105980801_G_A 0.015258
7 105980920 rs146959651 0.11819
7 105980934 rs138455373 0.11728
7 105981075 rs12672517 6.2639e-08
7 105981270 rs548300756 0.09915399999999999
7 105981369 rs111720114 0.10424000000000001
7 105981599 rs144674954 0.064489
7 105981618 rs535083143 0.10465999999999999
7 105981988 rs2519687 0.6539699999999999
7 105982143 rs2519686 0.011662
7 105982243 rs10244233 0.47553
7 105982447 rs112333581 0.33702
7 105983698 rs115874445 0.062966
7 105983728 rs2519683 0.39434
7 105984036 rs766242276 0.82719
7 105984141 rs6963256 0.52467
7 105984187 rs2014402 0.0082812
7 105984496 rs2519681 0.0074053
7 105984526 rs7800530 0.026479000000000003
7 105985078 rs2014669 0.037518
7 105985177 rs2188281 0.36863
7 105985314 rs2188280 0.0061243
7 105985813 rs9649281 0.15671
7 105985944 rs6973843 0.34815
7 105986115 rs9649282 0.17339000000000002
7 105987153 rs79596042 0.10488
7 105987931 rs77911229 0.10725
7 105988084 rs75819131 0.10604000000000001
7 105988129 rs79324010 0.00062501
7 105988628 rs2519679 0.095954
7 105988640 rs2519678 0.62815
7 105988748 rs2519677 0.57243
7 105988843 rs28862667 0.45966
7 105988903 rs2519676 0.11029000000000001
7 105989062 rs28832913 0.4541
7 105989381 rs10224651 0.45679
7 105989414 rs2704938 0.11375999999999999
7 105989480 rs2704937 0.55285
7 105990115 rs4538930 0.075063
7 105990439 rs2078806 0.011951999999999999
7 105990752 rs2078805 0.14010999999999998
7 105990996 rs188686941 0.15187
7 105991173 rs570786129 0.089474
7 105992124 rs74405435 0.18554
7 105992881 rs12672293 4.2239000000000005e-08
7 105993069 rs2214005 0.008347499999999999
7 105993135 rs2188279 0.0067266
7 105993479 rs2214004 0.107
7 105993480 rs141915749 0.87981
7 105993567 rs2214003 0.008255
7 105993597 rs10227862 0.32347
7 105993674 rs117123867 0.8968200000000001
7 105993818 rs62481438 1.8266e-08
7 105994040 rs564190087 0.9195
7 105994190 rs2705015 0.0064952
7 105994512 rs7788116 3.8503e-08
7 105994669 rs76651933 0.058026
7 105994726 rs2519673 0.010515
7 105994898 rs2157819 0.12122000000000001
7 105995428 rs2246682 0.10970999999999999
7 105995437 rs28661082 0.64281
7 105995670 rs2040542 0.011404000000000001
7 105996272 rs778327924 0.67466
7 105996686 rs2705013 0.76156
7 105996934 rs79906806 0.12397000000000001
7 105996974 rs117903466 0.0041798
7 105997053 rs79989001 0.24781
7 105997164 rs2519672 0.089398
7 105997172 rs75965127 0.10042000000000001
7 105997232 rs79893653 0.24253000000000002
7 105997424 rs2519671 0.11861
7 105997889 rs2519670 0.45865
7 105997946 rs17356935 0.079059
7 105998703 rs2705011 0.12713
7 105998889 rs17152960 0.013618
7 105999186 rs11543784 1.5012e-07
7 105999229 rs2705010 0.012397
7 105999233 rs111581063 0.44086000000000003
7 105999405 rs75100271 0.13103
7 105999473 rs2519668 0.010376
7 105999523 rs10274234 0.43935
7 105999539 rs59505189 0.12866
7 105999650 rs10230810 0.47494
7 105999955 rs78399191 0.29602
7 106000201 rs79532871 0.5501
7 106000604 rs2705009 1.6457e-07
7 106001549 rs6466105 0.10668
7 106001842 rs112004198 0.17015999999999998
7 106001968 rs2705005 1.0989000000000001e-07
7 106002071 rs7797637 0.14458
7 106002444 rs141678145 0.66767
7 106002806 rs181605537 0.008674600000000001
7 106003347 rs191169813 0.075076
7 106004070 rs113988912 0.11369000000000001
7 106004341 rs187764852 0.084966
7 106004827 rs112653080 0.11109000000000001
7 106004927 rs2705002 0.11709000000000001
7 106005410 rs113031955 0.50583
7 106005729 rs189820220 0.00031473
7 106005837 rs2705001 0.058485
7 106006593 rs11526273 6.926100000000001e-07
7 106006692 rs179860 0.010469
7 106006894 rs118090381 0.0056803
7 106006952 rs179861 0.010654
7 106007011 rs17285121 0.037177999999999996
7 106007074 rs179862 0.011134
7 106007557 rs719917 0.005640600000000001
7 106007820 rs2704999 2.3295e-09
7 106008197 rs10227252 0.27116
7 106009372 rs7810565 3.9591e-06
7 106009721 rs179863 0.17285
7 106009871 rs79371937 0.003006
7 106010432 rs79015167 0.1186
7 106011758 rs56844330 0.00037396
7 106014361 rs182699899 0.5415300000000001
7 106015506 rs117919903 0.68313
7 106016015 rs28697201 0.2993
7 106016311 rs2188278 0.05821900000000001
7 106016486 rs10279408 0.32532
7 106017156 rs117749660 0.042206
7 106017159 rs1071963 0.0368
7 106017413 rs75749149 0.46134
7 106017414 rs1986970 0.0013901
7 106018205 rs7800250 0.037106
7 106018358 rs179869 0.055203999999999996
7 106018362 rs7787156 0.035884
7 106018427 rs179870 0.052826
7 106018494 rs179871 0.056449
7 106018549 rs179873 0.05924600000000001
7 106018804 rs179875 0.060222000000000005
7 106018910 rs6954864 8.8148e-11
7 106018959 rs179877 0.058066
7 106019002 rs59322752 0.037765
7 106019443 rs79923539 0.0016069000000000003
7 106019586 rs9986838 0.24361
7 106019929 rs179880 0.00049831
7 106020320 rs146231827 0.006584100000000001
7 106020601 rs17153002 0.022668
7 106020632 rs79576923 3.3633000000000005e-07
7 106020791 rs538229196 0.97854
7 106020877 rs179881 0.12675
7 106020924 rs7779417 0.023165
7 106021207 rs179882 0.08969099999999999
7 106021254 rs179883 0.0032641999999999997
7 106021572 rs120432 0.0985
7 106021673 rs756488 0.0020039999999999997
7 106021856 rs179884 0.14243
7 106021948 rs179885 0.013621000000000001
7 106021970 rs77652963 0.0087074
7 106022142 rs77724261 0.0067627
7 106022210 rs116035468 0.42308
7 106022524 rs179888 0.013652000000000001
7 106023429 rs138226667 0.0077048
7 106023511 rs111751107 0.95386
7 106023623 rs146098675 0.71346
7 106023642 rs139130201 0.77232
7 106023827 rs179891 0.9032
7 106023839 rs179892 0.23828000000000002
