CHR BP SNP P
8 21681076 rs141812868 0.9235399999999999
8 21681089 rs10107278 0.020197
8 21681208 rs73219575 0.030676
8 21681270 rs17060598 0.41362
8 21681548 rs34778424 0.31629
8 21682011 rs140628236 0.9136700000000001
8 21682044 rs922504 0.14331
8 21682234 rs56333799 0.36799
8 21682714 rs143583483 0.054568
8 21682741 rs55852349 0.034878
8 21682743 rs187604423 0.080085
8 21683033 rs114877250 0.059692999999999996
8 21683074 rs182282958 0.40435
8 21683165 rs9644129 0.5653199999999999
8 21683395 rs142734153 0.11364
8 21683534 rs4464968 0.31854
8 21683619 rs112724812 0.56045
8 21684298 rs150868293 0.018050999999999998
8 21685074 rs570997293 0.48263
8 21687100 rs576993687 0.44387
8 21689012 rs34918907 0.42828
8 21689134 rs149121598 0.44542
8 21689839 rs12545619 0.44748999999999994
8 21690109 rs11993628 0.7276100000000001
8 21690406 rs7017274 0.30044
8 21690409 rs115685875 0.42773999999999995
8 21690533 rs186015948 0.24641
8 21690630 rs57042073 0.25024
8 21690668 rs59124558 0.10163
8 21690864 rs58306298 0.16931
8 21690926 rs548831360 0.11738
8 21690947 rs187268373 0.14524
8 21691048 rs1842130 0.36919
8 21691056 rs140094127 0.43148000000000003
8 21691493 rs1479058 0.22674
8 21691614 rs4872494 0.016686000000000003
8 21691883 rs7015198 0.23462
8 21691891 rs7011394 0.21477
8 21691999 rs776677663 0.5766899999999999
8 21692046 rs7011606 0.23067
8 21692229 rs4872498 0.2351
8 21692454 rs4872500 0.099884
8 21692498 rs4872501 0.23299
8 21692501 rs4872502 0.22949
8 21692573 rs7016340 0.23595
8 21692630 rs10085988 0.10167000000000001
8 21692683 rs149050007 0.42386999999999997
8 21692978 rs11781506 0.24314000000000002
8 21692999 rs11785570 0.24124
8 21693120 rs116018179 0.42504
8 21693163 rs76971531 0.61963
8 21693221 rs17060602 0.019456
8 21693782 rs10099547 0.60046
8 21693998 rs11997629 0.27399
8 21694008 rs7464201 0.11652
8 21694645 rs189027577 0.38905
8 21694782 rs148505099 0.33
8 21695207 rs59111294 0.8095100000000001
8 21695958 rs57850896 0.67032
8 21696395 rs9644146 0.4506
8 21696441 rs9644147 0.44501999999999997
8 21696655 rs9644150 0.029358
8 21696657 rs9644053 0.57134
8 21696665 rs78613403 0.0071289000000000005
8 21696839 rs536558091 0.21391999999999997
8 21697124 rs56124037 0.9451700000000001
8 21697125 rs57909105 0.9481
8 21697228 rs35111449 0.80314
8 21697323 rs35610687 0.84298
8 21697444 rs34001159 0.80488
8 21697503 rs35414330 0.8133
8 21698270 rs2309092 0.8293299999999999
8 21698733 rs73219581 0.022888
8 21699477 rs899430 0.8947
8 21699777 rs899429 0.75694
8 21699950 rs6991814 0.18516
8 21699960 rs7003813 0.8362799999999999
8 21700358 rs55913591 0.023834
8 21700403 rs189959342 4.4969e-09
8 21700767 rs4872507 0.8341200000000001
8 21701106 rs146457275 0.3142
8 21701375 rs4872508 0.42427
8 21701508 rs79371289 0.072559
8 21701528 rs74513527 0.32924000000000003
8 21701551 rs140796298 0.00011012
8 21701641 rs80049864 0.54215
8 21701708 rs1564306 0.087751
8 21701742 rs188679570 0.70392
8 21702141 rs116608761 0.66352
8 21702151 rs113157568 0.33681
8 21702204 rs73537678 0.87615
8 21702285 rs73537682 0.30508
8 21702303 rs11783101 0.022985
8 21702429 rs115891042 0.74951
8 21702460 rs73537684 0.21065
8 21703045 rs7813762 0.02341
8 21703055 rs10096313 0.59173
8 21703346 rs7834394 0.9291200000000001
8 21703388 rs10086967 0.24193
8 21703664 rs552399522 0.34019
8 21704078 rs10090515 0.46305
8 21704169 rs6558133 0.020286000000000002
8 21704356 rs10090862 0.48706000000000005
8 21704433 rs6988045 0.018486000000000002
8 21704488 rs572677305 0.63694
8 21704520 rs10103748 0.36409
8 21704760 rs13438826 0.55716
8 21704772 rs78448060 0.27138
8 21705507 rs75083640 0.55688
8 21705562 rs28374176 0.65413
8 21705777 rs10105254 0.55481
8 21705834 rs75048938 0.57722
8 21705874 rs10086869 0.87136
8 21705910 rs17581453 0.9277299999999999
8 21706074 rs4872002 0.020196000000000002
8 21706270 rs751760794 0.16308
8 21706297 rs7017249 0.07495399999999999
8 21706299 rs6558160 0.015861
8 21706301 rs9314384 0.37382
8 21706867 rs1547451 0.018103
8 21706985 rs4872513 0.9776299999999999
8 21706992 rs111714476 1.1628e-08
8 21707158 rs10109591 0.37584
8 21707189 rs1547450 0.012343999999999999
8 21707357 rs4872519 0.011065
8 21707455 rs11786608 0.013493999999999999
8 21707530 rs4872520 0.013243000000000001
8 21707682 rs74768980 0.041942
8 21707713 rs4872521 0.0013812000000000002
8 21707728 rs6558161 0.0027373000000000002
8 21707844 rs4872522 0.0011863
8 21707954 rs79382570 0.069995
8 21708266 rs180973637 3.0821e-05
8 21708285 rs6558163 0.01259
8 21708371 rs6558164 0.012622
8 21708670 rs10095905 0.14323
8 21708680 rs11984491 0.07193200000000001
8 21708824 rs10098807 0.0010585999999999998
8 21708915 rs10110561 0.0010809
8 21709085 rs73219593 0.015972
8 21709347 rs71513845 5.4726000000000004e-05
8 21709384 rs76377026 0.20584000000000002
8 21709388 rs60926748 0.24578000000000003
8 21709512 rs17428027 3.1817e-05
8 21710081 rs7462715 0.0085485
8 21710146 rs11774105 0.0014494000000000002
8 21710233 rs13263462 0.0013492
8 21710276 rs79536284 0.20294
8 21710517 rs12541179 0.07434400000000001
8 21710741 rs117342529 0.58514
8 21711031 rs59697321 0.62748
8 21711191 rs13260283 0.9519700000000001
8 21711236 rs11989879 0.089415
8 21711431 rs17428041 0.0012061
8 21711580 rs17615364 0.0011674
8 21711651 rs11776842 0.0011855000000000001
8 21712019 rs144872790 0.29875
8 21712293 rs6990439 0.09132
8 21712401 rs12545534 0.0013209
8 21712590 rs13249393 9.6851e-05
8 21712659 rs147167498 0.6270899999999999
8 21713010 rs6991454 0.21811999999999998
8 21713047 rs59565964 0.81994
8 21713119 rs17499933 0.0036203000000000003
8 21713527 rs61579557 0.0032719999999999997
8 21713544 rs59553233 0.0031493000000000003
8 21713662 rs11781144 0.034361
8 21713919 rs7462141 0.03193
8 21714698 rs111390455 0.073029
8 21715192 rs148894328 0.00018725
8 21715323 rs556370969 0.2205
8 21716606 rs7846429 0.009573100000000001
8 21716861 rs12550574 0.80565
8 21717529 rs12545347 0.0064971000000000004
8 21717661 rs7001447 0.050879
8 21717790 rs1000443 0.023966
8 21717805 rs1001827 0.024503
8 21717841 rs11780601 0.007123899999999999
8 21717979 rs1968839 0.024477000000000002
8 21718017 rs142191706 0.31165
8 21718149 rs12545945 0.0016684999999999998
8 21718157 rs139642386 0.42613
8 21718314 rs76909595 0.27721
8 21718750 rs13263662 0.007543300000000001
8 21718819 rs36118525 0.026781
8 21719161 rs13257642 0.016009
8 21719196 rs58890005 0.003169
8 21719203 rs13268715 0.015709
8 21719230 rs17428125 0.0031941999999999995
8 21719386 rs12542213 0.015075999999999999
8 21719613 rs77815463 0.26582
8 21719625 rs748496091 0.55986
8 21719693 8:21719693_G_T 0.47065
8 21720054 rs12545642 0.017735
8 21720262 rs11782684 0.0042941
8 21720974 rs192635188 1.6096000000000002e-20
8 21720975 rs12547943 0.015639
8 21721085 rs7835700 0.018733
8 21721499 rs118162192 0.9111899999999999
8 21721583 rs7461602 0.1794
8 21721681 rs184735486 0.25385
8 21721928 rs12546970 0.19307
8 21721937 rs141650822 0.005406899999999999
8 21722264 rs34398804 0.16904
8 21722353 rs17615394 0.0033094
8 21722474 rs11784721 0.0038602
8 21722998 rs13255951 0.014113999999999998
8 21723108 rs10105719 0.052422
8 21723367 rs1120739 0.010884999999999999
8 21723561 rs1574957 0.014292
8 21723980 rs12548339 0.17171
8 21724063 rs547485595 0.19537000000000002
8 21724365 rs11786578 0.0030163
8 21724708 rs12680122 0.16437000000000002
8 21725259 rs4872551 0.019666
8 21725651 rs17581540 0.30489
8 21725986 rs17615413 0.0028893
8 21726350 rs74602857 0.3069
8 21726388 rs11785770 0.017190999999999998
8 21726608 rs190597198 0.15137
8 21726907 rs990998 0.017575
8 21727234 rs13273985 0.010824
8 21727290 rs148454334 0.0028421999999999996
8 21727352 rs140759014 0.59108
8 21727423 rs62494157 0.24688000000000002
8 21727459 rs13253312 0.026157
8 21727608 rs13282403 0.9347200000000001
8 21727884 rs4872014 0.011290999999999999
8 21727918 rs4872015 0.15034
8 21728329 rs4872017 0.01199
8 21728788 rs1564307 0.010543
8 21728888 rs755423 0.66287
8 21728926 rs80325047 0.78873
8 21729434 rs79822883 0.29475
8 21729561 rs113957502 0.02511
8 21729843 rs78649902 0.005863800000000001
8 21729996 rs2127207 0.0041746000000000005
8 21730068 rs146632036 0.00012736
8 21730423 rs4871837 0.14662999999999998
8 21730466 rs4871838 0.0053791
8 21730892 rs13265067 0.15947
8 21731158 rs759498392 0.76603
8 21731213 rs544580810 0.17537
8 21731417 rs55839625 0.0054871
8 21731549 rs1564308 0.004935
8 21732437 rs7459979 0.0055309
8 21732458 rs4871839 0.84601
8 21732636 rs186208530 0.12037
8 21732696 rs7461877 0.0056518
8 21732731 rs12542456 0.0031585999999999997
8 21733239 rs79873016 0.26500999999999997
8 21733339 rs76347355 0.006273399999999999
8 21733692 rs57900606 0.0022917
8 21733693 rs4872032 0.012004
8 21733768 rs4872033 0.005278499999999999
8 21734415 rs79356244 0.004608699999999999
8 21734472 rs73539688 0.35111
8 21734560 rs4871840 0.073262
8 21735005 rs11780658 0.0048311000000000005
8 21735169 rs113806526 0.27168000000000003
8 21735271 rs79509635 0.085493
8 21735470 rs57046853 0.24186
8 21735788 rs35271616 0.024196000000000002
8 21736058 rs544435613 0.18004
8 21736214 rs62495261 0.16341
8 21736398 rs62492062 0.1605
8 21736946 rs13249567 0.24295
8 21737564 rs111864325 0.087144
8 21737718 rs10113203 0.3059
8 21737730 rs11778338 0.2611
8 21738365 rs78741566 0.36483000000000004
8 21738478 rs75792506 0.30538000000000004
8 21738597 rs57467221 0.0020762
8 21738826 rs57694721 0.0020814
8 21739131 rs112206117 0.59488
8 21739338 rs112671403 0.13871
8 21739373 rs112240975 0.59825
8 21739402 rs111533857 0.59904
8 21739528 rs112615928 0.59925
8 21739832 rs13266435 0.0094977
8 21739953 rs113871652 0.69753
8 21740232 rs13252558 0.58717
8 21740514 rs34370747 0.021011000000000002
8 21740541 rs115944416 0.72612
8 21740546 rs73539691 0.011831
8 21740594 rs73539692 0.0037409999999999995
8 21740895 rs13267965 0.53403
8 21741039 rs766636790 0.13191
8 21741203 rs12547402 0.0029528
8 21741430 rs12546473 0.5541
8 21741531 rs12548071 0.0040709000000000006
8 21741964 rs113689557 0.51615
8 21742307 rs67083652 0.53435
8 21742689 rs75280249 0.011385
8 21742767 rs10112974 0.30906
8 21742784 rs13280734 0.017366999999999997
8 21743004 rs11783333 0.5364899999999999
8 21743116 rs113562752 0.63768
8 21743378 rs75090622 0.37844
8 21743864 rs13255897 0.023356000000000002
8 21744745 rs111324435 0.61085
8 21744894 rs17581589 0.0031094
8 21744911 rs17615468 0.0060013
8 21745847 rs36049659 0.050901
8 21745942 rs56166743 0.005444600000000001
8 21746015 rs17615486 0.43511000000000005
8 21746050 rs34308947 0.0003686
8 21746529 rs11778497 0.27971
8 21746706 rs17581624 0.70535
8 21747788 rs117710778 0.00033608
8 21747834 rs147320248 0.65475
8 21747875 rs34882211 0.028293000000000002
8 21747917 rs35997911 0.026143
8 21748225 rs150870975 0.033446
8 21748228 rs139361665 0.029594
8 21748514 rs188099465 0.28713
8 21748685 rs61369318 0.19389
8 21748689 rs17615498 0.7579
8 21748797 rs28398141 0.65325
8 21748877 rs28494556 0.56471
8 21748964 rs4872043 0.025268000000000002
8 21749429 rs11781377 0.023191999999999997
8 21749505 rs181758744 0.0023906999999999995
8 21749550 rs185100619 0.45438
8 21749554 rs9886396 0.20065
8 21750331 rs34015011 0.00086069
8 21750629 rs143404527 0.5755899999999999
8 21750822 rs186851405 5.6518e-05
8 21750834 rs11783175 0.022904
8 21750981 rs138395858 0.63989
8 21751006 rs11774438 0.02302
8 21751142 rs80327219 0.59136
8 21751225 rs77191457 0.71899
8 21751244 rs13254115 0.023982
8 21751378 rs13266920 0.023383
8 21751770 rs17500142 0.023637000000000002
8 21752031 rs11986026 0.011071
8 21752291 rs17500163 0.021951
8 21752313 rs141959947 0.5416300000000001
8 21752513 rs113840475 0.6954
8 21752591 rs13250024 0.022012999999999998
8 21752742 rs899427 0.014918
8 21752982 rs34754468 0.022506
8 21753087 rs2009872 0.018474
8 21753270 rs111508405 0.023058000000000002
8 21753465 rs58778743 0.022886
8 21753530 rs114833043 0.83819
8 21753537 rs549180973 0.24197
8 21753550 rs139258392 0.16465
8 21753686 rs17615529 0.6269600000000001
8 21753757 rs13282342 0.019280000000000002
8 21753770 rs57370167 0.01908
8 21753864 rs142036175 0.5523100000000001
8 21753869 rs899425 1.5157e-05
8 21753933 rs11777307 0.022687
8 21754166 rs11786152 0.022179
8 21754542 rs148183579 0.79467
8 21754580 rs58363278 0.022316
8 21754731 rs141173889 0.96799
8 21755018 rs192923146 0.8458899999999999
8 21755122 rs1806942 0.00080334
8 21755155 rs3847188 0.0042369
8 21755220 rs146108453 0.00046112
8 21755356 rs2016229 0.014750999999999998
8 21755391 rs6986507 0.034213
8 21755503 rs10104686 0.6311100000000001
8 21756929 rs28625425 0.58735
8 21756943 rs13280016 0.020803
8 21757637 rs147607065 0.24950999999999998
8 21758103 rs145525884 0.00022933
8 21758111 rs559790992 0.87015
8 21758119 rs17581722 0.6826800000000001
8 21758438 rs76569200 0.61293
8 21758476 rs11774029 0.020207
8 21758823 rs11774798 0.020155000000000003
8 21758871 rs535827978 0.88451
8 21759403 rs145171333 0.40393
8 21759493 rs11785978 0.032879000000000005
8 21759974 rs138240784 0.21608000000000002
8 21760026 rs7017582 7.1294e-05
8 21760448 rs552260347 2.2106999999999997e-05
8 21760633 rs35460187 0.016843
8 21760967 rs140480006 0.23325
8 21761044 rs144457914 0.016441
8 21761187 rs151198779 0.48717
8 21761327 rs76066988 0.32749
8 21761333 rs182417450 0.63048
8 21761443 rs11135701 0.0005067
8 21761533 rs80141843 0.2932
8 21761603 rs4872056 0.046102
8 21761681 rs77133047 0.7024600000000001
8 21761722 rs74548176 0.49401999999999996
8 21761863 rs56012248 0.015255000000000001
8 21762115 rs117041671 4.2839e-15
8 21762265 rs899424 0.046051999999999996
8 21762317 rs1809362 0.00017909
8 21762567 rs68045403 0.01426
8 21763362 rs1479057 0.0004391
8 21763393 rs1479056 0.00050776
8 21763811 rs77036142 0.22966
8 21764007 rs7461577 0.00096786
8 21764482 rs191384533 0.1423
8 21764531 rs9886420 0.085367
8 21764616 8:21764616_G_A 0.21201
8 21764740 rs12545858 0.12597
8 21764743 rs12543924 0.0014301
8 21764947 rs186871113 0.66479
8 21764954 rs191528196 0.8222200000000001
8 21765044 rs79156581 0.11382
8 21765122 rs77235392 0.077592
8 21765198 rs59635982 0.54686
8 21765211 rs7006847 0.0020915
8 21765259 rs35854285 0.0066736
8 21765524 rs73221532 0.0010542
8 21766101 rs17581764 3.1230999999999994e-31
8 21766416 rs548995517 0.27988
8 21766733 rs149522722 0.6554300000000001
8 21766900 rs17853066 8.1233e-42
8 21767240 rs34215892 0.01374
8 21767275 rs2242240 1.2043e-55
8 21767395 rs61752038 0.564
8 21767809 rs118162691 0.43891
8 21768200 rs113214277 0.7984600000000001
8 21768370 rs149080191 0.13139
8 21768765 rs59181113 5.543099999999999e-44
8 21769008 rs184786340 0.00049353
8 21769432 rs56094005 0.44866999999999996
8 21769556 rs138692748 0.2369
8 21769599 rs189506695 0.5040399999999999
8 21769697 rs182205822 0.9794700000000001
8 21770241 rs377285214 0.5198699999999999
8 21770296 rs77691887 0.23517
8 21770372 rs4872083 0.0096283
8 21770763 rs899428 1.5815999999999997e-08
8 21770796 rs3758156 1.1188e-08
8 21771080 rs142660088 0.0079645
8 21771731 rs6557640 1.3582e-08
8 21772514 rs562288113 0.31965
8 21773302 rs185267768 0.54208
8 21773384 rs11783414 0.016446000000000002
8 21773500 rs11784816 1.3133e-08
8 21773577 rs77222063 5.4737e-06
8 21773798 rs141773712 0.55556
8 21773853 rs34802507 2.8018e-08
8 21774291 rs4872096 3.537e-08
8 21774324 rs4871861 2.4431e-08
8 21774886 rs116940352 0.082026
8 21774936 rs6993540 0.7971699999999999
8 21775114 rs376319216 0.55935
8 21775121 rs369934922 0.55767
8 21775314 rs7009693 5.7098e-10
8 21775618 rs140080996 0.39645
8 21775741 rs145600299 0.4511
8 21775838 rs56317071 3.6354000000000004e-06
8 21776531 rs185100348 0.7429600000000001
8 21776590 rs189208181 0.98744
8 21776681 rs61494024 1.3428e-08
8 21776751 rs61649210 4.0539e-12
8 21776895 rs144859226 2.4256e-17
8 21777070 rs371438646 0.54669
8 21777251 rs555927662 0.35712
8 21777355 rs181353050 0.7542800000000001
8 21777476 rs4357289 2.5332000000000002e-20
8 21777595 rs4379446 2.2744e-08
8 21777755 rs146770260 0.10693
8 21777791 rs35643944 2.1553999999999997e-06
8 21777965 rs182157659 0.49896999999999997
8 21778082 rs13439690 2.9721000000000002e-08
8 21778157 rs140334909 0.033046
8 21778339 rs534185699 0.50747
8 21778628 rs138047402 0.81696
8 21779480 rs150659728 0.79093
8 21779673 rs145775323 0.5499
8 21779937 rs80207740 3.0078e-63
8 21779953 rs79534329 1.4428e-06
8 21780096 rs117456168 1.4961000000000002e-06
8 21780397 rs116960979 1.1643e-06
8 21780744 rs4872104 2.7586e-21
8 21781383 rs118037454 0.033202999999999996
8 21781629 rs10866823 5.707100000000001e-09
8 21782631 rs75282742 0.037665
8 21782635 rs190823286 0.5344
8 21782959 rs376634922 0.53508
8 21783176 rs182840503 0.52459
8 21784560 rs6557659 8.341e-11
8 21784797 rs140043225 0.092503
8 21784916 rs184635708 0.54451
8 21784989 rs4872110 2.7927e-07
8 21785287 rs189500638 0.10203999999999999
8 21786440 rs62492074 1.1519e-07
8 21786633 rs137890021 0.54106
8 21786989 rs2127206 6.746e-07
8 21787179 rs77066597 0.034181
8 21787753 rs17428439 0.4753
8 21788267 rs146100688 0.22163000000000002
8 21788364 rs140023562 0.22075999999999998
8 21788600 rs55918560 3.9688e-06
8 21788725 rs149751251 0.71628
8 21788865 rs11785750 0.23242
8 21788934 rs1031882 3.0705e-08
8 21788936 rs1031883 4.6045999999999997e-20
8 21788984 rs1031884 2.7359e-08
8 21789779 rs190524095 0.0001401
8 21790295 rs192248884 0.4928
8 21790479 rs11778097 0.00066184
8 21790538 rs111423483 0.73241
8 21791136 rs114182642 0.7584
8 21791517 rs145915470 0.2635
8 21791557 rs11135735 7.952199999999999e-07
8 21791772 rs58141407 4.196399999999999e-64
8 21791883 rs186935422 0.43072
8 21792167 rs17500365 0.45421000000000006
8 21792568 rs148512354 0.44838
8 21792631 rs141331174 0.51594
8 21792983 rs7839925 1.2755e-06
8 21793189 rs139661400 0.38345
8 21793349 rs188153583 0.50595
8 21793380 rs548825256 0.20534000000000002
8 21793608 rs6996493 1.291e-10
8 21794041 rs11779655 3.5043000000000005e-08
8 21794130 rs145441399 0.00018048
8 21794379 rs68023663 1.8718e-16
8 21794948 rs148356579 0.50893
8 21796007 rs143882070 1.3502000000000001e-18
8 21796438 rs139721708 0.52666
8 21796478 rs183442635 0.8678100000000001
8 21798316 rs7818254 3.6982e-08
8 21798429 rs7818430 6.278e-08
8 21798537 rs779609858 0.58618
8 21798899 rs182203716 0.33055999999999996
8 21799245 rs28640935 1.6932e-08
8 21799626 rs17581910 7.050300000000001e-20
8 21799693 rs118131592 1.2316e-06
8 21799737 rs13278159 6.359e-20
8 21799941 rs62492076 1.1529000000000002e-07
8 21800414 rs146271659 0.21741
8 21800740 rs111528013 1.5958000000000003e-14
8 21800800 rs17500386 2.5977e-08
8 21800852 rs117385473 0.9357700000000001
8 21800974 rs149308920 0.85165
8 21801091 rs11135741 5.1353e-20
8 21801141 rs10866827 3.8826e-08
8 21801632 rs118188651 0.75946
8 21802197 rs4289811 6.2083e-08
8 21802272 rs76008177 1.7897999999999998e-63
8 21802276 rs4311656 1.0832000000000001e-19
8 21802290 rs4626596 6.1193e-20
8 21802432 rs7824244 1.0778e-08
8 21802686 rs146579370 0.22136
8 21802837 rs7814195 1.0759e-08
8 21802910 rs11135742 1.9913e-19
8 21803008 rs11135743 1.0070000000000001e-07
8 21803550 8:21803550_A_G 0.52956
8 21803725 rs116850511 9.843e-07
8 21803735 rs7846485 4.183300000000001e-09
8 21803816 rs1564305 2.1964000000000004e-19
8 21804989 rs9314269 1.5409e-19
8 21805265 rs6998692 4.7881e-09
8 21805447 rs145978441 0.97431
8 21805620 rs62492077 9.3233e-08
8 21806803 rs56372765 2.7282999999999998e-06
8 21807757 rs17581959 6.154899999999999e-62
8 21808155 rs118063801 0.0015873
8 21808716 rs80075910 0.058236
8 21808743 rs143620992 0.21394000000000002
8 21809015 rs116694849 1.469e-06
8 21809098 rs117475883 0.024883000000000002
8 21809173 rs117773229 0.5765399999999999
8 21809997 rs117190054 1.6837e-08
8 21810093 rs181338282 0.63381
8 21810377 rs11785043 5.1725e-08
8 21810603 rs13439474 1.4655e-08
8 21810624 rs35342845 0.21149
8 21811087 rs147931797 0.43866000000000005
8 21811530 rs7821592 9.8588e-20
8 21811871 rs578228660 0.3552
8 21811993 rs56177941 7.4143e-09
8 21812002 rs183690488 0.21313000000000001
8 21813018 rs11775444 1.732e-19
8 21813051 rs188214307 2.8361000000000003e-06
8 21813140 rs17060677 8.4216e-09
8 21813962 rs11135763 1.2876e-19
8 21814004 rs11135764 5.2608e-08
8 21814574 rs117580531 0.66637
8 21814732 rs188698468 0.51861
8 21814734 rs141653698 0.0022429999999999998
8 21814739 rs17615788 1.2994000000000002e-19
8 21814744 rs113696983 0.94634
8 21815009 rs28372085 4.3051e-06
8 21815170 rs147501171 0.36751999999999996
8 21815204 rs139376379 0.5895699999999999
8 21815314 rs118115798 1.0381e-06
8 21815378 rs6996876 6.644399999999999e-09
8 21815425 rs66824050 1.1133e-19
8 21815685 rs73221570 0.31901
8 21816403 rs746283719 0.38288
8 21816509 rs144899254 0.055510000000000004
8 21816878 8:21816878_T_C 0.73174
8 21816908 rs191455025 9.6295e-05
8 21817130 rs191693126 0.25732
8 21817245 rs729180 4.7042e-08
8 21817373 rs137962622 0.020608
8 21817390 rs757308153 0.14289000000000002
8 21817615 rs6557707 0.40145
8 21817806 rs76612304 1.9262e-06
8 21817807 rs117136361 0.086172
8 21818060 rs2054711 1.821e-19
8 21818168 rs148139592 9.8873e-12
8 21818210 rs116963953 7.9537e-09
8 21818928 rs184327403 0.36754000000000003
8 21819010 rs28558543 0.51762
8 21819285 rs76129401 2.768e-06
8 21820025 rs77545491 1.556e-06
8 21820479 rs1032094 1.9087e-19
8 21820813 rs7843479 9.1237e-20
8 21821778 rs7834729 6.4912e-09
8 21821803 rs145670566 0.21366
8 21821849 rs115623459 0.8567899999999999
8 21822026 rs117367913 8.6829e-06
8 21822073 rs575593319 0.09639400000000001
8 21822178 rs117280280 0.5147
8 21822364 rs142030193 0.52155
8 21823025 rs13269198 2.206e-19
8 21823149 rs186187245 0.5028100000000001
8 21823173 rs58725593 3.5917e-09
8 21823184 rs13276082 1.5949999999999997e-19
8 21823206 rs4636204 1.4400000000000001e-19
8 21823866 rs73221580 0.41673999999999994
8 21823994 rs777668128 0.4727
8 21824502 rs370251493 0.003426
8 21824547 rs4872191 7.8098e-08
8 21824757 rs139510353 0.07291
8 21825085 rs185237524 0.22921999999999998
8 21825479 rs73221582 0.020788
8 21826018 rs144303448 0.52517
8 21826103 rs117172307 0.5385800000000001
8 21826297 rs117123298 0.080866
8 21826421 rs6557712 7.8933e-08
8 21826939 rs181756303 0.046862
8 21827162 rs2291317 1.8563e-19
8 21827391 rs17060681 2.9021999999999998e-09
8 21827833 rs4871903 2.3414999999999997e-19
8 21828431 rs149594796 0.47326999999999997
8 21829302 rs118152747 0.21519000000000002
8 21829755 rs190121331 0.21156
8 21829948 rs10109521 7.4616e-08
8 21830158 rs10101881 1.4234000000000002e-07
8 21830295 rs17060685 5.6828e-09
8 21830380 rs77185442 0.265
8 21830530 rs111533390 0.7999
8 21830538 rs34798542 0.35146
8 21830843 rs140721625 0.20157
8 21830996 rs190171463 0.41586999999999996
8 21831249 rs117531561 7.7742e-16
8 21831376 rs17060688 3.3327999999999997e-06
8 21831385 rs1484162 1.1892e-19
8 21831510 rs17060689 3.3331e-06
8 21831806 rs192020759 1.2052999999999998e-11
8 21832494 rs3816788 9.5814e-05
8 21832816 rs182337023 0.53579
8 21833086 rs372187077 0.48985
8 21833374 rs1807953 7.101300000000001e-09
8 21833645 rs118118945 0.02568
8 21833965 rs2306641 6.902199999999999e-19
8 21834344 rs139697754 0.20649
8 21834366 rs2002941 8.118299999999999e-08
8 21834404 rs184318757 0.49448000000000003
8 21834456 rs878871 7.342999999999999e-09
8 21834567 rs878872 2.9214000000000004e-19
8 21834581 rs878873 7.7343e-08
8 21834814 rs59650417 3.7268e-06
8 21835465 rs733543 3.0434e-19
8 21835554 rs117794497 0.47028000000000003
8 21835628 rs733544 2.2186999999999996e-19
8 21835720 rs541122138 0.83957
8 21835907 rs900778 9.5032e-09
8 21836020 rs2076940 9.1553e-46
8 21836384 rs1809498 1.7839000000000002e-19
8 21836728 rs1809499 1.2113e-07
8 21837566 rs375096878 0.41911000000000004
8 21837672 rs35396759 0.010183
8 21837827 8:21837827_G_A 0.7381800000000001
8 21837994 rs28583947 6.3494e-09
8 21838342 rs184823198 0.43948999999999994
8 21838670 rs11780532 7.3675e-08
8 21838789 rs56057561 1.6349e-08
8 21838868 rs73543505 0.0187
8 21839020 rs2306642 1.5786e-08
8 21839093 rs2306643 1.8119e-08
8 21839668 rs7843147 4.7688e-09
8 21839997 rs112089344 0.63718
8 21840410 rs146648248 0.51358
8 21840534 rs2054713 1.7809e-19
8 21840573 rs145825486 0.19813
8 21840899 rs192263472 0.096913
8 21841033 rs117004936 5.173e-09
8 21841177 rs17060706 0.74111
8 21841396 rs4872204 5.2920999999999995e-08
8 21841863 rs11781959 5.950300000000001e-08
8 21842063 rs13248727 1.9183e-19
8 21842728 rs17060709 2.2104e-08
8 21842751 rs4872207 6.63e-08
8 21843006 rs184288491 0.25040999999999997
8 21843251 rs117854420 0.27460999999999997
8 21843735 rs117950502 0.62257
8 21844096 rs4871908 0.00038439999999999997
8 21844265 rs4422769 6.005499999999999e-08
8 21845428 rs2306645 8.1659e-08
8 21845619 rs3943207 1.7455e-08
8 21845855 rs117177873 8.710700000000001e-07
8 21846586 rs2306646 5.4843000000000003e-08
8 21846867 rs188688915 0.4783
8 21846970 rs191641630 0.079539
8 21847235 rs10453141 8.0327e-08
8 21847735 rs145596615 0.15899000000000002
8 21847855 rs56062629 3.8563e-05
8 21847879 rs17060715 0.7177100000000001
8 21848832 rs4872209 5.0067e-08
8 21849566 rs17296501 1.9673999999999997e-63
8 21849605 rs141170270 0.14942
8 21849716 rs117761121 0.025490000000000002
8 21849962 rs727694 2.4539000000000003e-19
8 21850116 rs727693 4.1137e-08
8 21850656 rs10503714 1.3192e-08
8 21850687 rs10503715 1.8715999999999998e-19
8 21850705 rs111746730 2.7889999999999995e-12
8 21851566 rs768516134 0.9284100000000001
8 21852262 rs190012751 0.44993999999999995
8 21852633 rs17500724 0.17883
8 21853733 rs67385415 1.7869e-18
8 21853765 rs148851211 0.14726
8 21854070 rs117106707 0.037334
8 21854188 rs12056476 6.7805e-08
8 21854477 rs34180791 9.9493e-20
8 21855124 rs182613761 0.65641
8 21855780 rs6993874 4.3117999999999996e-08
8 21855900 rs560488746 0.20814000000000002
8 21856263 rs193210796 0.5453899999999999
8 21857011 rs188669792 0.54135
8 21857267 rs17616085 2.0875e-19
8 21857579 rs17060729 0.64869
8 21857787 rs11784535 1.5286e-19
8 21857994 rs28404198 0.025289
8 21858619 rs6998644 4.3495e-08
8 21858742 rs544772327 0.20764000000000002
8 21858999 8:21858999_A_T 0.78472
8 21859084 rs6988010 4.3017e-08
8 21859117 rs191608715 0.49541
8 21859271 rs73223710 0.4568
8 21859315 rs11774629 2.2861e-08
8 21859445 rs148462581 0.0054987
8 21859485 rs11785657 1.8077000000000002e-19
8 21859907 rs117097240 0.026261000000000003
8 21859991 rs11775479 1.5717e-19
8 21860007 rs9969551 4.1676e-08
8 21860425 rs3816786 2.3719e-19
8 21861663 rs10866837 5.7759e-08
8 21861887 rs56742663 0.87792
8 21861941 rs3061 0.20168
8 21862551 rs1058486 2.9598e-08
8 21863290 rs7220 5.5825e-08
8 21863776 rs529802110 0.26055
8 21863930 rs117086926 0.8581799999999999
8 21864540 rs3824338 2.523e-08
8 21865390 rs188259109 0.50422
8 21866084 rs7813420 0.00037196
8 21866108 rs75848377 1.0869e-06
8 21866135 rs112827144 0.17113
8 21866275 rs7012565 0.85961
8 21866505 rs7013005 0.9976700000000001
8 21866662 rs10503716 3.002e-57
8 21866933 rs17060733 1.4636e-08
8 21867803 rs117826746 8.3774e-07
8 21867834 rs748350 1.5516e-05
8 21868307 rs4626597 0.27479000000000003
8 21868358 rs11779558 2.7037e-06
8 21868573 rs184816696 0.22738000000000003
8 21869024 rs7013323 1.4518e-06
8 21869727 rs13282562 3.0391999999999997e-17
8 21870528 rs56397354 8.158899999999999e-06
8 21870719 rs117692280 0.018484
8 21870966 rs537325448 0.63883
8 21870967 rs10086975 8.8414e-09
8 21871403 rs56098086 0.38503000000000004
8 21872328 rs10097055 5.245499999999999e-06
8 21872415 rs74411728 0.70813
8 21872853 rs13257744 6.0688e-06
8 21873243 rs536330886 0.9369299999999999
8 21874839 rs117151310 3.5015e-06
8 21875084 rs118101506 5.6458999999999996e-05
8 21875465 rs150340513 0.34231
8 21875470 rs138051493 0.051870000000000006
8 21875764 rs11782010 0.6454
8 21876381 rs111590006 1.1275999999999999e-21
8 21876673 rs151084230 5.4526000000000006e-05
8 21876939 rs12548175 2.5036e-05
8 21877382 rs77473749 3.7737999999999996e-22
8 21877942 rs143616945 5.4208e-05
8 21878048 rs148032965 0.21634
8 21878049 rs141755631 1.1776e-13
8 21878607 rs11135789 2.3946e-07
8 21879063 rs77090166 0.00011652
8 21879087 rs4872220 0.03337
8 21879094 rs118116121 5.9228e-05
8 21879263 rs144413005 6.449e-05
8 21879882 rs35046879 0.41223000000000004
8 21880642 rs116904664 7.091e-05
8 21880741 rs55798233 7.0675e-05
