CHR BP SNP P
1 51117124 rs4926866 8.598799999999999e-10
1 51117943 rs140664261 0.22157
1 51118077 rs74080039 0.77992
1 51118103 rs115014241 0.07459600000000001
1 51118253 rs10788930 0.00021227
1 51118527 rs72900938 7.1609e-07
1 51118670 rs181979872 0.57613
1 51118706 rs10888703 0.63293
1 51118741 rs563958020 0.15458
1 51119340 rs111605271 0.9040600000000001
1 51119448 rs147011128 0.012273000000000001
1 51119658 rs185984425 0.44625
1 51119681 rs147204850 0.060270000000000004
1 51119755 rs747835058 0.7972600000000001
1 51119769 rs12746642 0.019216999999999998
1 51119943 rs192416931 0.39598
1 51120183 rs116622504 0.14508
1 51120312 rs74080040 0.8249700000000001
1 51121024 rs114103441 0.13548
1 51121039 rs11585301 0.027027999999999996
1 51121198 rs11205753 0.24326
1 51121244 rs41292699 0.004043199999999999
1 51121439 rs146876470 0.81074
1 51121526 rs76852824 6.772e-07
1 51121616 rs28733658 0.23895999999999998
1 51122249 rs115108083 8.4257e-07
1 51122303 rs151099649 0.061066999999999996
1 51122642 rs12078334 0.8631
1 51122643 rs189638933 0.5226
1 51122656 rs115110771 0.071564
1 51122847 rs11205754 0.64076
1 51123246 rs138201581 0.8952
1 51123262 rs143759148 0.25828
1 51123315 rs12117653 0.64758
1 51123323 rs17106350 0.8241299999999999
1 51123395 rs533383948 0.78688
1 51124579 rs72900940 6.3795e-07
1 51124580 rs764024880 0.20075
1 51124802 rs184243664 0.13708
1 51124902 rs116553800 0.07313
1 51125045 rs139669408 0.036017
1 51125160 rs6588391 0.28104
1 51125211 rs77549435 0.055522
1 51125399 rs557682570 0.24535
1 51125690 rs114005606 0.62229
1 51125952 rs146311731 0.18542999999999998
1 51126280 rs113348171 0.033991
1 51126309 rs113042024 0.10202
1 51126319 rs61781026 0.68712
1 51126380 rs142093012 0.047809
1 51126807 rs9970556 0.92653
1 51126870 rs116247810 0.072773
1 51126914 rs72900944 6.314e-07
1 51127211 rs116502428 0.45403999999999994
1 51127301 rs12077720 0.13532
1 51127456 rs142235669 0.23706
1 51127524 rs12098132 4.8679e-07
1 51128177 rs79649764 0.010614
1 51128777 rs10493152 0.1339
1 51129072 rs143013782 0.7005100000000001
1 51129203 rs113611542 6.0078e-07
1 51129277 rs150695399 0.89891
1 51129356 rs12086040 0.86498
1 51129366 rs113053576 0.25299
1 51129500 rs181802533 0.24531
1 51130149 rs543230534 0.33641
1 51130191 rs12038502 0.00012835
1 51130339 rs112810143 0.03718
1 51130860 rs141961380 0.68348
1 51130887 rs74080041 0.8249200000000001
1 51131367 rs35993240 0.010181
1 51131487 rs192625570 0.53604
1 51131874 rs115691951 0.073051
1 51131886 rs7543414 0.56066
1 51131985 rs369124654 0.37818
1 51132312 rs12090250 0.15986
1 51132706 rs75937768 0.01821
1 51133358 rs116644005 0.065167
1 51133500 rs78553659 0.2402
1 51134032 rs148370934 0.099525
1 51134336 rs12759925 4.6445e-10
1 51134521 rs74080042 0.8233600000000001
1 51135653 rs527401506 0.5553100000000001
1 51135737 rs185950290 0.010781
1 51135789 rs191272134 0.8212799999999999
1 51136102 rs12125732 0.35903
1 51136123 rs569368474 0.8115100000000001
1 51136273 rs116692933 5.8942e-07
1 51136876 rs12070594 2.6664e-07
1 51136954 rs114810178 0.07977100000000001
1 51137149 rs74080043 0.8279
1 51137189 rs576751620 0.13585
1 51137380 rs17106353 0.25375
1 51137599 rs148473203 0.18667999999999998
1 51137906 rs113389179 6.2362e-07
1 51138014 rs112488983 0.9541
1 51138382 rs79695896 0.8208
1 51138685 rs113581235 0.15969
1 51138704 rs141021155 0.072448
1 51139001 rs57254915 5.833600000000001e-07
1 51139759 rs146576083 0.070899
1 51140436 rs58818877 0.25458000000000003
1 51140636 rs12091972 2.9677e-07
1 51141177 rs4477329 0.25397
1 51141238 rs147114445 0.30483000000000005
1 51141654 rs78293456 0.76693
1 51141833 rs61419821 0.23949
1 51141894 rs114623137 0.39066
1 51142164 rs577327236 0.96716
1 51142368 rs79070772 0.8154899999999999
1 51142409 rs12084673 0.22255999999999998
1 51142556 rs17384367 0.42778
1 51142792 rs187050313 0.13893
1 51143393 rs2896887 0.036404
1 51143665 rs72900956 5.7472e-07
1 51143908 rs143353186 0.18292
1 51144281 rs12567376 0.38504
1 51144507 rs185168247 0.23865
1 51144661 rs143300969 0.23865
1 51144676 rs181175566 0.07534
1 51145085 rs74080045 0.6338
1 51145267 rs147046071 0.9007299999999999
1 51145352 rs11205756 0.2368
1 51145421 rs116156264 0.07233300000000001
1 51145527 rs144135319 0.037252
1 51145808 rs72900957 5.7389e-07
1 51145873 rs78877224 0.9224
1 51145901 rs114950434 0.072375
1 51146121 rs138905171 0.070255
1 51147198 rs142350045 0.81325
1 51147241 rs111978716 0.6411
1 51147454 rs112982684 0.6452899999999999
1 51147507 rs115332164 0.56735
1 51147801 rs79980292 0.059453
1 51147855 rs76508122 0.63832
1 51148711 rs12354253 2.6538e-07
1 51149155 rs148966927 0.45929
1 51149342 rs535805328 0.012865000000000001
1 51149663 rs41478350 0.25272
1 51149668 rs574640175 0.019644
1 51149861 rs114047537 0.12844
1 51150222 rs76743923 0.63364
1 51150288 rs12088577 0.15947
1 51150341 rs182010424 0.86131
1 51150455 rs12057573 0.16697
1 51150573 rs74621392 0.69109
1 51150672 rs142493892 0.30999
1 51150743 rs11587750 0.037326
1 51151070 rs74080046 0.81557
1 51151084 rs182052385 0.60992
1 51152165 rs142348468 0.072163
1 51152222 rs74925918 0.81557
1 51152366 rs74780881 0.62385
1 51152444 rs183648100 0.015546
1 51152557 rs144660505 0.81557
1 51153121 rs750493726 0.12955
1 51153149 rs77540857 0.81557
1 51153293 rs190733745 0.8231700000000001
1 51153604 rs141517606 0.00055176
1 51154058 rs113541449 0.63771
1 51154376 rs138074417 0.2371
1 51154575 rs182914214 0.4482
1 51155027 rs191577953 0.24933000000000002
1 51155057 rs182874665 0.30426
1 51155182 rs144011555 0.0055073
1 51155953 rs539357805 0.65075
1 51156204 rs541812774 0.009243099999999999
1 51156276 rs113923006 0.382
1 51156526 rs140865715 0.8728600000000001
1 51156804 rs116293605 0.4006
1 51156822 rs562942229 0.092377
1 51157420 rs181585468 0.45438
1 51157618 rs11205759 0.64176
1 51157659 rs145130327 0.62424
1 51157758 rs746518740 0.58272
1 51157805 rs115675951 0.07063
1 51157826 rs34941566 0.049510000000000005
1 51158243 rs769966653 0.50035
1 51158612 rs568029004 0.51642
1 51158652 rs79649808 0.12682000000000002
1 51159302 rs192304831 0.37638
1 51159347 rs7515597 0.45455
1 51159666 rs559105552 0.31277
1 51159684 rs75525604 0.62541
1 51160217 rs533801359 0.13792000000000001
1 51160281 rs115739604 0.9123700000000001
1 51160385 rs12403073 0.71304
1 51160858 rs545562763 0.65047
1 51161263 rs78884406 0.12112
1 51161432 rs188772090 0.60533
1 51161791 rs561672629 0.89979
1 51162128 rs58029717 5.4565e-07
1 51162144 1:51162144_T_C 0.11889000000000001
1 51163503 rs75482411 0.23829
1 51163509 rs190231155 0.36263
1 51163616 rs144662449 0.00081518
1 51163779 rs553462988 0.79794
1 51163951 rs12133203 0.40153
1 51164305 rs115023655 0.072175
1 51164424 rs140204530 0.45438
1 51164776 rs114669264 0.27323000000000003
1 51165316 rs544251027 0.44422
1 51166302 rs12063007 2.8671e-07
1 51166431 rs6678881 0.8876200000000001
1 51167106 rs562308489 0.38929
1 51167319 rs77283227 0.63562
1 51167555 rs12067210 0.10934
1 51168199 rs143053121 0.89386
1 51168853 rs17106356 0.12642
1 51168892 rs12726772 5.342e-10
1 51168919 rs116057146 0.054344
1 51168969 rs57092469 0.25206999999999996
1 51169080 rs74329106 0.6319600000000001
1 51169270 rs114240567 0.30251999999999996
1 51169708 rs374665574 0.22105999999999998
1 51169788 rs116765752 0.054341999999999994
1 51169889 rs115295033 0.37046
1 51170844 rs55721112 0.035825
1 51170863 rs77657858 0.63318
1 51172358 rs186944076 0.0047106000000000006
1 51172368 rs74080048 0.8136
1 51172469 rs112446754 0.037542
1 51172613 rs140172049 0.38104
1 51172703 rs779827759 0.33225
1 51173032 rs187934351 0.45505
1 51173358 rs116452151 0.9076799999999999
1 51173556 rs192423535 0.44711999999999996
1 51173603 rs12086130 2.2465999999999997e-07
1 51173762 rs60403650 0.25001999999999996
1 51173938 rs74080049 0.80812
1 51173981 rs60638627 0.24054
1 51174045 rs113011203 0.6879
1 51174158 rs77206138 0.07068200000000001
1 51174330 rs11205760 0.011528
1 51174757 rs115230564 0.054603
1 51174964 rs12406390 0.7115
1 51175247 rs149083180 0.1264
1 51176091 rs12090147 0.062805
1 51176431 rs142207006 0.3866
1 51176509 rs112922656 0.61026
1 51176566 rs115661914 0.69116
1 51177133 rs150030844 0.29194000000000003
1 51177247 rs148629086 0.80582
1 51177383 rs571079471 0.45532
1 51177989 rs147759484 0.26538
1 51178067 rs151009110 0.7330800000000001
1 51178079 rs113884055 0.10524000000000001
1 51178202 rs150135599 0.19282
1 51178550 rs192714874 0.010493
1 51178559 rs71651154 5.4942e-10
1 51178747 rs145572120 0.014461000000000002
1 51178931 rs114907757 0.68925
1 51179031 rs532372240 0.44706
1 51179144 rs141282082 0.37379
1 51179311 rs114745413 6.1899e-05
1 51179515 rs115100714 6.0265e-07
1 51179573 rs535858049 0.3454
1 51180168 rs576069534 0.011936
1 51180513 rs750727902 0.71246
1 51180660 rs17384533 0.0050542
1 51180704 rs77935192 0.8258200000000001
1 51181099 rs6693790 0.48978999999999995
1 51181374 rs774242721 0.67606
1 51181499 rs112597061 0.45174
1 51181666 rs769773685 0.36538000000000004
1 51181697 rs185821147 0.8391700000000001
1 51181874 rs766674812 0.56797
1 51181961 rs556157538 0.38194
1 51181994 rs74080052 0.13677999999999998
1 51182142 rs181199474 0.56324
1 51183257 rs11205761 0.47956000000000004
1 51183930 rs190247930 0.8138
1 51183967 rs182504681 0.015212999999999999
1 51184538 rs74080053 0.81401
1 51184980 rs151182822 0.27015
1 51185323 rs116545733 0.07184299999999999
1 51185380 rs12085455 0.6088600000000001
1 51185914 rs61386942 0.28731
1 51186045 rs116307259 0.071779
1 51186158 rs11205762 0.13045
1 51186463 rs11205763 0.13034
1 51186704 rs11205764 0.049083
1 51186802 rs112573893 0.6088600000000001
1 51186824 rs186630166 0.018984
1 51186848 rs115136563 0.27746
1 51187044 rs11205765 0.077096
1 51187134 rs116081157 0.012093000000000001
1 51187185 rs113157291 0.63167
1 51188116 rs61781033 0.34371
1 51188150 rs149734277 0.06847400000000001
1 51188181 rs112568996 0.60975
1 51188290 rs139442663 0.90541
1 51188594 rs6672112 0.016461
1 51188615 rs74080067 0.049074
1 51188674 rs6680846 0.45182
1 51188928 rs61781034 0.36869
1 51189496 rs112452014 0.10296
1 51189556 rs35072907 0.14126
1 51189588 rs140930161 0.001458
1 51189651 rs150205043 0.24374
1 51189701 rs113177430 0.61465
1 51190041 rs77460775 0.6096
1 51190270 rs191455587 0.23328000000000002
1 51190314 rs72900979 5.6042e-07
1 51190459 rs72900982 5.451e-07
1 51190594 rs149471119 0.028824000000000002
1 51190595 rs188756099 0.026607
1 51190932 rs59318346 2.3081e-07
1 51191137 rs56014400 0.037836
1 51191159 rs189957147 0.17912
1 51191247 rs182601963 0.45443
1 51191325 rs56037430 0.8356600000000001
1 51191380 rs141140231 0.07228899999999999
1 51191574 rs76606504 0.035293
1 51191696 rs150728465 0.052438
1 51191820 rs111632161 0.017932
1 51191935 rs11205766 2.3008000000000003e-07
1 51191958 rs6698050 0.82289
1 51192287 rs182947373 0.18178
1 51192756 rs72900983 5.6312e-07
1 51193086 rs183488860 0.45527
1 51193204 rs76566467 0.9028
1 51193335 rs111445808 0.60778
1 51193555 rs6668519 0.45546000000000003
1 51193640 rs778704073 0.6772
1 51193738 rs748625758 0.98525
1 51193984 rs12090545 2.9574e-07
1 51194111 rs774299720 0.517
1 51194804 rs545756889 0.24241999999999997
1 51194992 rs181815853 0.25133
1 51195072 rs77177523 0.018811
1 51195322 rs141828142 0.3887
1 51195737 rs79531247 0.8028
1 51195738 rs551299209 0.39876999999999996
1 51195739 rs116505675 0.8028
1 51196493 rs146174806 0.61768
1 51197165 rs572963415 0.45443
1 51197315 rs111580012 5.310300000000001e-07
1 51198637 rs147740076 0.70765
1 51198806 rs192343518 0.45523
1 51199018 rs143324329 0.6580600000000001
1 51199116 rs12085479 0.46313999999999994
1 51199193 rs10127531 0.45538
1 51199254 rs78109153 0.87815
1 51199567 rs188045100 0.45495
1 51199917 rs115746354 0.053860000000000005
1 51200052 rs12091622 0.6085
1 51200136 rs12091670 4.8133e-07
1 51200171 rs140150203 0.8008
1 51200598 rs12087177 0.47589
1 51201102 rs11589343 0.015842
1 51201176 rs11810489 0.1297
1 51201272 rs112618522 0.9759
1 51201424 rs57793888 5.0381e-07
1 51201457 rs115886313 0.44195
1 51201679 rs114889462 0.11980999999999999
1 51201693 rs137963015 0.18164
1 51202155 rs112527145 0.87123
1 51202161 rs113026235 0.25636
1 51202235 rs144618410 0.88375
1 51202663 rs75876848 0.033095
1 51203021 rs74080069 0.80356
1 51203745 rs12141256 0.45995
1 51203900 rs113454428 0.6068899999999999
1 51203924 rs148456195 0.038133
1 51204034 rs12408547 0.028362000000000002
1 51204036 rs12097419 0.24674000000000001
1 51204039 rs186835490 0.47802
1 51204488 rs79710143 0.00031251
1 51204557 rs140027012 0.00081135
1 51204729 rs116827723 0.18243
1 51204932 rs112479181 0.8373200000000001
1 51204992 rs145793666 0.67608
1 51205007 rs148979307 0.46257
1 51205008 rs145846654 0.65805
1 51205014 rs146446625 0.9193100000000001
1 51205110 rs114066875 0.93261
1 51205168 rs148198646 0.96788
1 51205246 rs78770042 0.61093
1 51205685 rs75378640 0.79666
1 51205760 rs72900998 5.1243e-07
1 51206091 rs115953838 0.27281
1 51206199 rs147201928 0.41446000000000005
1 51206421 rs74080070 0.80425
1 51207449 rs192055903 0.65087
1 51207663 rs58686129 0.6272
1 51207772 rs112090968 0.6165
1 51208009 rs111628348 0.81663
1 51208027 rs144383412 0.57302
1 51208069 rs182326655 0.9416200000000001
1 51208094 rs72901000 0.2537
1 51208213 rs140872563 0.071201
1 51208512 rs80299389 0.88723
1 51208570 rs543697809 0.31445
1 51208574 rs76589723 5.182500000000001e-07
1 51209146 rs189985388 0.47321
1 51209147 rs143270508 0.24638000000000002
1 51209148 rs79090772 5.5886e-07
1 51209947 rs142290898 0.0093113
1 51210092 rs375872069 0.90561
1 51210763 rs116402191 0.05443099999999999
1 51211046 rs191475201 0.06890399999999999
1 51211120 rs78113118 0.8075600000000001
1 51211176 rs79692441 0.60944
1 51211233 rs77339514 0.07061100000000001
1 51211314 rs188763859 0.45795
1 51211439 rs543770877 0.37623
1 51211851 rs181473840 0.074369
1 51212377 rs114244145 0.37456
1 51212404 rs80286553 0.00040763
1 51212407 rs115470382 0.45795
1 51212473 rs144696218 0.67033
1 51212572 rs764777245 0.07990900000000001
1 51212739 rs74396767 0.19342
1 51212746 rs146107170 0.73537
1 51212796 rs72902706 5.681e-07
1 51213676 rs140222545 0.46248999999999996
1 51213677 rs72902708 2.2898000000000003e-07
1 51213834 rs72690484 0.33164
1 51214215 rs142225020 0.39374000000000003
1 51214379 rs116534888 0.16158
1 51214486 rs72690485 0.40833
1 51214608 rs56266143 0.8024600000000001
1 51214913 rs34480629 0.9491700000000001
1 51214951 rs146184283 0.70035
1 51215271 rs76023676 0.018175
1 51215875 rs193169521 0.13807
1 51216484 rs111810191 0.12347999999999999
1 51216509 rs78660165 0.80085
1 51216584 rs12565378 0.01634
1 51216616 rs12565379 0.46026000000000006
1 51217029 rs144803915 0.069142
1 51217065 rs113899460 0.48548
1 51217085 rs113730976 2.1283e-07
1 51217558 rs61782360 0.83834
1 51217792 rs112247206 0.034260000000000006
1 51217839 rs2137676 4.818899999999999e-07
1 51218131 rs116412718 0.8933200000000001
1 51218217 rs115759686 0.40283
1 51218357 rs11205767 0.60746
1 51218695 rs28787109 0.62957
1 51219166 rs12561912 0.016333
1 51219188 rs12073283 6.492699999999999e-07
1 51219334 rs187335896 0.43275
1 51219606 rs148942124 0.37817
1 51219781 rs566857100 0.37659000000000004
1 51219840 rs12058334 0.24038
1 51219984 rs35751338 0.022956
1 51220017 rs72690486 0.41431
1 51220073 rs74080072 0.79792
1 51220127 rs11205768 0.48308999999999996
1 51220291 rs12064411 7.0355e-07
1 51220482 rs184200728 0.13210999999999998
1 51220680 rs111352324 1.0767e-06
1 51220850 rs112833436 0.60487
1 51221001 rs145015687 0.21429
1 51221103 rs113611257 7.484999999999999e-07
1 51221165 rs12048510 0.010037
1 51221406 rs112282787 7.442199999999999e-07
1 51221445 rs191859606 0.187
1 51221608 rs187547777 0.38859
1 51221615 rs12076316 0.067423
1 51221955 rs544570074 0.08328200000000001
1 51222142 rs12067373 0.23690999999999998
1 51222153 rs114720739 0.067023
1 51222161 rs114191600 0.9343299999999999
1 51222359 rs373601259 0.9118799999999999
1 51222492 rs112130452 0.6138100000000001
1 51222710 rs74683936 0.82789
1 51222790 rs189145197 0.10114
1 51222829 rs568120249 0.50221
1 51223002 rs72902722 5.8864e-07
1 51223263 rs12063943 5.5033e-07
1 51223290 rs184193694 0.27431
1 51223480 rs11205769 0.45185
1 51223500 rs72902726 5.9353e-07
1 51224137 rs141314967 0.0010578
1 51224242 rs74080073 0.79418
1 51224270 rs780859522 0.51877
1 51224319 rs116519860 0.066726
1 51224643 rs143813643 0.09117
1 51224729 rs12065676 0.5987
1 51225401 rs550493502 0.34504
1 51226170 rs149888453 0.87185
1 51226227 rs11488180 0.23137
1 51226506 rs548572841 0.57447
1 51226654 rs183874349 0.26458000000000004
1 51226932 rs12061923 0.6802199999999999
1 51226963 rs141272453 0.80565
1 51227087 rs546477489 0.8807299999999999
1 51228210 rs12063435 0.60524
1 51228326 rs531918262 0.7793800000000001
1 51228362 rs12078669 0.79527
1 51228436 rs111728302 0.13324
1 51228550 rs191714897 0.1346
1 51228708 rs139244188 0.06589500000000001
1 51228799 rs112717424 7.4298e-07
1 51229489 rs115719045 0.048407
1 51229999 rs528919610 0.37245
1 51230050 rs78848190 0.22537
1 51230072 rs188857835 0.45171000000000006
1 51230171 rs115328949 0.37116
1 51230189 rs111538500 0.59512
1 51230299 rs139603682 0.14611
1 51230428 rs78345609 0.99193
1 51231031 rs143505387 0.0065557
1 51231279 rs12741763 4.698e-10
1 51231444 rs139298043 0.59649
1 51231714 rs12742410 6.4069e-10
1 51231935 rs72902729 7.436700000000001e-07
1 51231988 rs189685402 0.068437
1 51232253 rs55916309 0.7760100000000001
1 51232595 rs58415078 0.77717
1 51232628 rs77701130 5.9473e-07
1 51232629 rs12069673 0.59113
1 51233343 rs116274820 0.10805
1 51233391 rs111278364 0.46681999999999996
1 51233469 rs562392760 0.044061
1 51234531 rs150463444 0.89365
1 51234566 rs58544593 0.7749699999999999
1 51234660 rs115310990 0.049481
1 51235019 rs6691061 0.63
1 51235086 rs189879225 0.10876
1 51235539 rs149487599 0.048329000000000004
1 51235542 rs188071745 0.5073
1 51235582 rs143011339 0.36706
1 51235651 rs138532669 0.066995
1 51235816 rs113119450 7.4214e-07
1 51236416 rs114292605 0.053121
1 51236592 rs11588333 0.010736
1 51236679 rs60014462 0.22155
1 51236967 rs113040481 0.99479
1 51237061 rs139293519 0.22155
1 51237185 rs13375149 0.9767899999999999
1 51237194 rs10888708 0.63202
1 51237236 rs150011115 0.61197
1 51237245 rs74863417 0.77717
1 51237302 rs112095647 6.597499999999999e-07
1 51237311 rs145151337 0.22155
1 51237331 rs555713419 0.065407
1 51237409 rs12569177 0.62251
1 51237445 rs547599670 0.46033999999999997
1 51237491 rs112134442 0.59324
1 51237504 rs147950430 0.80537
1 51237757 rs577843556 0.13618
1 51238094 rs57421400 0.1357
1 51238159 rs77154528 0.77754
1 51238213 rs181259205 0.89144
1 51238312 rs553723942 0.22716999999999998
1 51238893 rs61782361 0.90023
1 51239670 rs116052205 0.052627
1 51239725 rs12132842 0.08318099999999999
1 51239976 rs72902736 6.8143e-07
1 51240213 rs111970654 0.071835
1 51240547 rs17106365 0.26811999999999997
1 51240851 rs80326064 5.4209e-07
1 51240864 rs12071258 0.59367
1 51241057 rs17384696 0.018884
1 51241116 rs17106366 0.95709
1 51241119 rs12082582 0.5938399999999999
1 51241620 rs17384731 0.015997
1 51241668 rs115694526 0.048568
1 51242141 rs12084054 6.2944e-07
1 51242258 rs550025187 0.54987
1 51242674 rs12084257 0.59442
1 51242789 rs184504954 0.46171999999999996
1 51242942 rs180682889 0.31414000000000003
1 51242975 rs184209086 0.19960999999999998
1 51243080 rs74508207 0.052166
1 51243343 rs72902742 0.13505999999999999
1 51243374 rs1416685 0.45588
1 51243642 rs72902744 6.8178e-07
1 51243698 rs113371078 0.9498200000000001
1 51243776 rs1513640 0.81307
1 51243943 rs74080076 0.7706
1 51244733 rs75971201 0.93826
1 51245060 rs79556689 0.8793700000000001
1 51245772 rs191728979 0.54101
1 51246155 rs12089747 2.3594e-07
1 51246172 rs111867300 0.6106699999999999
1 51246178 rs146690968 0.56958
1 51246356 rs554811224 0.062891
1 51247120 rs72690488 0.40319
1 51247350 rs72902751 0.27142
1 51248095 rs116704217 0.045936000000000005
1 51248316 rs12074850 3.8496000000000003e-07
1 51248421 rs72690489 0.30564
1 51248534 rs147413451 0.16497
1 51248992 rs12076155 0.21454
1 51249263 rs186154214 0.33019
1 51249315 rs112299817 5.823699999999999e-07
1 51249493 rs12076381 0.2141
1 51249518 rs12066286 0.060226999999999996
1 51249528 rs111701872 5.825100000000001e-07
1 51249713 rs78056587 0.064993
1 51249833 rs75926355 0.82276
1 51250063 rs12127714 0.40965
1 51250262 rs574488502 0.63702
1 51250317 rs77104022 0.76874
1 51250468 rs74777408 0.10122
1 51250908 rs72902755 5.7067e-07
1 51251090 rs140024044 0.044661
1 51251133 rs78731777 0.40163000000000004
1 51251402 rs72690490 0.40379
1 51251753 rs113565430 0.054565999999999996
1 51252031 rs140264335 0.29123000000000004
1 51252051 rs144048870 0.016443
1 51252105 rs35491793 7.5004e-10
1 51252471 rs72902760 5.9536e-07
1 51252618 rs12075991 5.8864e-07
1 51252629 rs78288854 0.80487
1 51253152 rs115797810 0.049005
1 51253501 rs72690491 0.5657800000000001
1 51254510 rs185064638 0.46171999999999996
1 51254606 rs12093909 0.6221399999999999
1 51255320 rs72902763 6.783700000000001e-07
1 51255613 rs188155794 0.46171999999999996
1 51255677 rs80297338 5.409300000000001e-07
1 51255686 rs17384759 0.91102
1 51256091 rs58432198 1.8103e-05
1 51256173 rs74734499 0.77187
1 51256429 rs74080078 0.76825
1 51256572 rs116691517 0.009050299999999999
1 51256698 rs72902765 6.776899999999999e-07
1 51256948 rs75242859 0.91955
1 51257052 rs55859203 0.76437
1 51257608 rs7522611 0.63575
1 51257892 rs187700875 0.08232
1 51258130 rs150951014 0.12684
1 51258213 rs555953134 0.9275
1 51258663 rs12077045 0.2151
1 51258737 rs75880632 0.61826
1 51258780 rs114518631 0.06488300000000001
1 51259041 rs6656410 0.00078348
1 51259092 rs72690492 0.39068
1 51259519 rs540041116 0.8964799999999999
1 51259523 rs74080079 0.76177
1 51259579 rs72690493 0.008315399999999999
1 51259645 rs6671962 0.6451399999999999
1 51259958 rs185434570 0.79069
1 51260599 rs116779014 0.34017
1 51260668 rs1015085 5.3917e-07
1 51260678 rs78348653 0.6225
1 51260874 rs776770669 0.22043000000000001
1 51260968 rs115021828 0.047548
1 51260999 rs72902767 5.1625e-07
1 51261037 rs148104846 0.46507
1 51261251 rs141904163 0.12744
1 51261473 rs12081305 0.62192
1 51261629 rs74080080 0.76515
1 51261965 rs72902768 5.3956e-07
1 51262653 rs60788683 5.5013e-07
1 51262664 rs59430062 5.101399999999999e-07
1 51262665 rs139773059 0.20831
1 51262960 rs7552837 0.57097
1 51263057 rs144345054 0.7724
1 51263071 rs79589671 0.95637
1 51263097 rs114854195 0.93071
1 51263244 rs77353808 0.7923100000000001
1 51263582 rs76195937 0.8548600000000001
1 51263714 rs151132239 0.21758000000000002
1 51263766 rs12084323 0.6208899999999999
1 51263905 rs6670461 0.2369
1 51264130 rs78096537 0.21791
1 51264933 rs78091876 0.084825
1 51265096 rs79065881 0.17103
1 51265284 rs17106369 0.37808
1 51265368 rs72902772 6.7466e-07
1 51265440 rs187861622 0.1318
1 51266223 rs115131550 0.2836
1 51266474 rs3789587 2.3414e-07
1 51266523 rs3789588 5.3816e-07
1 51266685 rs527672469 0.05393200000000001
1 51266738 rs74683556 0.21861
1 51267284 rs12082253 0.62098
1 51267665 rs12087238 0.8725799999999999
1 51268139 rs74080082 0.7589600000000001
1 51268190 rs72690494 0.39138
1 51268637 rs11807587 0.2692
1 51268864 rs75392349 0.21961999999999998
1 51268893 rs74539268 0.54719
1 51268897 rs114199486 0.18118
1 51269018 rs12085022 6.3034e-07
1 51269268 rs139890165 0.17507
1 51269444 rs149414735 0.35807
1 51269766 rs370038178 0.6409699999999999
1 51269847 rs112522393 0.6214
1 51269954 rs72902776 5.0943e-07
1 51270530 rs12086756 0.21998
1 51270547 rs77082692 0.035779000000000005
1 51270883 rs115973355 0.24020999999999998
1 51270900 rs61643320 0.43725
1 51271069 rs55743332 0.76979
1 51271659 rs531879822 0.8886299999999999
1 51271784 rs183690639 0.17069
1 51272278 rs72902777 5.363399999999999e-07
1 51272736 rs180981540 0.45376000000000005
1 51273291 rs766504375 0.73021
1 51273357 rs6588392 0.010221
1 51273607 rs74942898 0.094988
1 51273664 rs763583837 0.45779
1 51273913 rs75599831 0.015319
1 51274030 rs61673645 0.76873
1 51274279 rs12097096 0.22041
1 51274330 rs12097122 0.2197
1 51274818 rs141384042 0.5894
1 51274830 rs143388511 0.46653999999999995
1 51274847 rs12087317 0.21996
1 51274953 rs564254450 0.17958
1 51275667 rs148388865 0.39442
1 51275701 rs192943045 0.58406
1 51275822 1:51275822_G_C 0.09094400000000001
1 51275913 rs141513680 0.11559000000000001
1 51276223 rs11205770 0.22061999999999998
1 51276410 rs771284710 0.9712
1 51276490 rs11205771 5.6852e-07
1 51276715 rs72902778 6.6807e-07
1 51277682 rs12139500 0.38197
1 51277715 rs188082129 0.8479899999999999
1 51278039 rs543848398 0.45177
1 51278747 rs559836988 0.095195
1 51279349 rs111440287 0.9394899999999999
1 51280093 rs77616477 0.46028
1 51280132 rs6692340 0.45216999999999996
1 51280288 rs71651160 5.78e-08
1 51280703 rs115851210 0.068844
1 51280717 rs77428412 0.062412
1 51281113 rs115735855 0.069043
1 51281418 rs144037382 0.9789
1 51282338 rs113351536 0.44586000000000003
1 51282935 rs775698639 0.47784
1 51282978 rs34726026 8.7477e-10
1 51283510 rs58795848 6.6781e-07
1 51283868 rs149536787 0.33565
1 51283888 rs189453566 0.84949
1 51283991 rs59885358 0.84072
1 51284105 rs75796439 0.41248999999999997
1 51284115 rs55770483 0.8423700000000001
1 51284446 rs111701702 7.296899999999999e-07
1 51284511 rs12073442 0.28528000000000003
1 51284557 rs12058197 6.6748e-07
1 51284709 rs74080093 0.8443299999999999
1 51284905 rs11205773 6.670900000000001e-07
1 51284966 rs115439921 0.11069000000000001
1 51285186 rs77270042 0.28517
1 51285451 rs367553866 0.20276
1 51285790 rs115532843 0.095334
1 51286155 rs12096626 6.680899999999999e-07
1 51286801 rs58215354 0.8443299999999999
1 51286941 rs184069837 0.31768
1 51286954 rs11205777 4.0308e-07
1 51287010 rs112309008 0.70691
1 51287084 rs192753252 0.46319
1 51287175 rs114656273 0.48863
1 51287618 rs184215775 0.62575
1 51287749 rs115344987 0.74431
1 51288435 rs145376218 0.85203
1 51289054 rs11800919 0.1537
1 51289912 rs185024542 0.2341
1 51289932 rs140152043 0.00046618
1 51290034 rs190273048 0.4625
1 51290129 rs78625523 0.027723
1 51290517 rs115462138 0.068863
1 51290705 rs77256302 0.8443299999999999
1 51290830 rs72902785 4.4802e-07
1 51291620 rs111438623 0.81405
1 51291726 rs537007233 0.65123
1 51291891 rs116056817 0.068797
1 51292060 rs7518633 0.80771
1 51292399 rs12077230 0.28725
1 51292414 rs768404443 0.042744
1 51292736 rs186779756 0.06880800000000001
1 51292843 rs184206917 0.00052845
1 51292892 rs145330378 0.84715
1 51292893 rs544639179 0.84715
1 51293463 rs17391220 0.00076419
1 51293606 rs72902789 5.250500000000001e-07
1 51293851 rs28576204 0.28799
1 51293990 rs145888025 0.88228
1 51294102 rs545877857 0.77876
1 51294132 rs112931784 6.5524e-07
1 51294144 rs112444485 0.8780700000000001
1 51294236 rs11584612 0.032642000000000004
1 51294531 rs142938304 0.46953999999999996
1 51295487 rs114040389 0.22529000000000002
1 51295793 rs59786222 2.9481e-07
1 51295893 rs140921630 0.40071
1 51296074 rs74080094 0.90814
1 51296629 rs17106371 0.29499000000000003
1 51296907 rs12062764 2.3695999999999997e-07
1 51297259 rs780903802 0.67471
1 51297327 rs74080095 0.83367
1 51297383 rs138531815 0.18012
1 51297583 rs113893923 0.29215
1 51298144 rs112036959 0.8134399999999999
1 51298205 rs138364069 0.7279899999999999
1 51298289 rs12078213 0.28893
1 51298637 rs11205778 0.45737
1 51298828 rs6684901 0.6531600000000001
1 51299014 rs75240124 0.8345899999999999
1 51299270 rs80337531 0.83075
1 51299597 rs2095864 5.1433e-07
1 51299687 rs2095865 5.1452e-07
1 51299810 rs2105211 2.4141e-07
1 51300135 1:51300135_G_A 0.083105
1 51300403 rs573669823 0.72982
1 51300512 rs114477070 0.006205
1 51300713 rs115436027 0.47548
1 51301053 rs12082477 0.4564
1 51301186 rs188109139 0.27391
1 51301340 rs753340548 0.85083
1 51301657 rs60483827 7.3223e-07
1 51301776 rs146708827 0.46691000000000005
1 51301960 rs79184820 0.963
1 51302140 rs115996771 0.06905900000000001
1 51302672 rs189179824 0.07197
1 51302916 rs7522853 0.027648000000000002
1 51303345 rs78461690 0.43477
1 51303605 rs111655515 6.408199999999999e-07
1 51303706 rs11205779 0.72592
1 51303714 rs60832780 6.0666e-07
1 51304184 rs11205780 0.45596000000000003
1 51304232 rs11205781 0.45596000000000003
1 51304834 rs12239279 0.8166100000000001
1 51304844 rs192696921 0.4425
1 51306002 rs72904709 6.6637e-07
1 51306273 rs57839936 5.3275e-07
1 51306329 rs12089749 4.8493e-07
1 51306958 rs17391311 0.030049
1 51308068 rs74080096 0.8443799999999999
1 51308763 rs79543493 0.45486000000000004
1 51309363 rs779635051 0.47601000000000004
1 51309468 rs115111623 0.37392
1 51310062 rs12067513 5.950699999999999e-07
1 51310136 rs76361776 0.069138
1 51310327 rs57412341 6.5194e-07
1 51310413 rs146146318 0.024262
1 51311961 rs148416073 0.46533
1 51312334 rs187428134 0.53667
1 51312516 rs147846559 0.61074
1 51312615 rs191391491 0.7961699999999999
1 51312619 rs3747997 0.48686999999999997
1 51312836 rs183656423 0.33405
1 51312992 rs72904713 4.9511e-07
1 51313942 rs80019068 0.29753
1 51314018 rs2048636 0.0074006
1 51314531 rs59390962 5.2647e-07
1 51314649 rs12083647 4.9032e-07
1 51314782 rs10888709 0.69055
1 51315456 rs72904718 5.2748e-07
1 51315637 rs139000074 0.38988
1 51315743 rs142246777 0.18642
1 51316873 rs12096836 0.44061999999999996
1 51317039 rs72690501 0.40601
