CHR BP SNP P
17 19509916 rs145835947 0.6509199999999999
17 19509922 rs149006964 0.11323
17 19510262 rs111283539 0.15406
17 19510662 rs146420025 0.05784299999999999
17 19511102 rs181193806 0.47323999999999994
17 19511107 rs12945345 0.13234
17 19511219 rs567697725 0.79008
17 19511274 rs150139612 0.27663000000000004
17 19511567 rs74548714 0.047802
17 19511900 rs142329643 0.16179000000000002
17 19511950 rs143897105 0.27726
17 19511999 rs148636079 0.9407
17 19512046 rs11656773 4.0385999999999996e-05
17 19512513 rs147739250 0.12864
17 19512875 rs144607697 0.12322999999999999
17 19513243 rs78170247 0.075287
17 19513362 rs8071025 0.27505
17 19513770 rs72840392 0.44475
17 19514479 rs143687839 0.36558
17 19514559 rs34290836 0.73202
17 19514646 rs140326689 0.85711
17 19514756 rs7342960 0.6111300000000001
17 19514794 rs68066777 0.14694000000000002
17 19515344 rs28672208 0.23685
17 19515559 rs188163300 0.78181
17 19515695 rs11650399 0.0036287
17 19515709 rs111572638 0.23938
17 19516216 rs12604069 0.1382
17 19517727 rs8080984 0.22345
17 19517768 rs2120274 5.2032e-05
17 19517930 rs147309659 0.11550999999999999
17 19518046 rs141016403 0.1306
17 19518196 rs117033460 0.38722
17 19518283 rs16960251 0.12376
17 19518610 rs4273101 7.165100000000001e-05
17 19518621 rs2453608 5.022e-05
17 19518889 rs141316119 0.00090141
17 19518923 rs117847290 0.35898
17 19519053 rs145444992 0.74371
17 19519331 rs557754273 0.6915
17 19519444 rs7405862 5.0063000000000005e-05
17 19519493 rs141015296 0.054826
17 19520456 rs57341889 0.71055
17 19520686 rs141137352 0.77289
17 19521600 rs7502992 5.5518999999999995e-05
17 19521667 rs12941194 4.9693999999999996e-05
17 19522024 rs74389977 0.32921999999999996
17 19522222 rs182605261 0.99372
17 19523055 rs968012 0.16113
17 19523392 rs1596362 0.11714000000000001
17 19523519 rs113981969 0.42436
17 19523770 rs116778535 0.42471000000000003
17 19524447 rs113182683 0.23368000000000003
17 19524624 rs34774438 0.15908
17 19524710 rs144825178 0.80205
17 19524972 rs111360461 0.27189
17 19525299 rs6587199 2.29e-06
17 19525430 rs143647772 0.36753
17 19525492 rs2891952 0.00010039
17 19525505 rs190880833 0.32721999999999996
17 19526112 rs117285978 0.3335
17 19526125 rs6587200 6.6652e-05
17 19526411 rs150147297 0.61132
17 19526851 rs73981567 0.7589
17 19527213 rs116897165 0.33049
17 19527886 rs12150145 2.2306e-06
17 19528641 rs9914765 0.16058
17 19528674 rs114707731 0.15050999999999998
17 19528923 rs73981568 0.71053
17 19529128 rs73981569 0.76466
17 19529913 rs8074784 7.149600000000001e-05
17 19530080 rs146808890 0.15056
17 19530216 rs113980441 0.24383000000000002
17 19530454 rs9906306 0.12080999999999999
17 19532513 rs9904172 0.12685
17 19532928 rs61397315 0.79287
17 19532955 rs115397975 0.093943
17 19533008 rs528779027 0.7795
17 19533081 rs59997043 0.25456
17 19533554 rs57138841 0.04742
17 19533629 rs8079648 3.1405000000000003e-06
17 19534434 rs9903027 3.0706e-06
17 19534625 rs113562325 0.27958
17 19534820 rs9909440 0.00010656
17 19535433 rs546669435 0.6400600000000001
17 19535644 rs775697845 0.044584
17 19535920 rs28672254 0.17515
17 19535979 rs76314819 0.33065
17 19536179 rs566718325 0.92725
17 19536539 rs114340620 0.1808
17 19537002 rs191599443 0.007992399999999998
17 19537470 rs7225451 0.23346
17 19537754 rs7210433 2.2652e-06
17 19538042 rs7223468 0.00010390000000000002
17 19538082 rs72840394 0.83752
17 19538125 rs62065946 2.3424000000000002e-06
17 19538213 rs117506823 0.33013000000000003
17 19538531 rs188366529 0.19775
17 19538541 rs148446283 0.24314000000000002
17 19538832 rs145256932 0.19305
17 19538912 rs115394522 0.20051
17 19539114 rs144192767 0.19408
17 19539242 rs12601634 0.1678
17 19539255 rs57366502 0.8413
17 19539272 rs150313400 0.19524
17 19539291 rs114116267 0.19255
17 19539369 rs115123265 0.19167
17 19539418 rs141336690 0.75738
17 19539963 rs2120271 0.17069
17 19540158 rs145126075 0.19177
17 19540160 rs139009054 0.31695
17 19540167 rs7208792 0.076938
17 19540190 rs2891951 0.09589199999999999
17 19540206 rs112877820 0.73921
17 19540443 rs116669290 0.19196
17 19540456 rs370241712 0.031148000000000002
17 19540641 rs114643131 0.20019
17 19540897 rs117507362 0.33045
17 19541011 rs9989447 0.19138
17 19542292 rs557327600 0.069011
17 19542302 rs114411085 0.1928
17 19542346 rs145219371 0.77909
17 19543111 rs113265104 0.10941
17 19543162 rs11871420 3.8970999999999995e-06
17 19543228 rs78342773 0.30778
17 19543254 rs28495827 3.8018e-06
17 19543397 rs12940877 0.1712
17 19543943 rs144469971 0.59435
17 19544009 rs73981572 0.76079
17 19544040 rs112429231 0.079205
17 19544138 rs9889632 7.634899999999999e-07
17 19544149 rs185388976 0.80604
17 19544172 rs113143256 0.06994299999999999
17 19544370 rs8064748 0.00010933
17 19544724 rs111999306 0.079181
17 19545229 rs117669520 0.32850999999999997
17 19545479 rs117638063 0.0036094
17 19545766 rs140944220 0.18711
17 19545834 rs8074500 7.5306e-07
17 19546100 rs4925026 0.16858
17 19546421 rs116131422 0.19075
17 19546487 rs145105902 0.19017
17 19546559 rs182976228 0.86365
17 19546703 rs138916164 0.61911
17 19546748 rs114475665 0.1903
17 19546855 rs115385803 0.19382
17 19546978 rs115787108 0.1923
17 19547245 rs185758408 0.045889
17 19547286 rs8065688 0.72175
17 19547493 rs6587201 8.0012e-07
17 19547665 rs143255804 0.19179000000000002
17 19547786 rs551799144 0.08067200000000001
17 19547798 rs74548649 0.1908
17 19547901 rs72840399 0.048054
17 19547988 rs76162455 0.19037
17 19548002 rs111855170 0.19021
17 19548143 rs377192235 0.05859299999999999
17 19548146 rs75781619 0.46862
17 19548151 rs112237064 0.075157
17 19548174 rs60885323 0.75325
17 19548190 rs75043231 0.19174000000000002
17 19548197 rs79267020 0.26584
17 19548269 rs116752618 0.17118
17 19548458 rs116657422 0.18233
17 19548607 rs113892089 0.066673
17 19548704 rs115028015 0.10209
17 19549261 rs143159723 0.52393
17 19549575 rs543231656 0.8615299999999999
17 19550144 rs77689406 0.18679
17 19550216 rs149874928 0.15858
17 19550270 rs4621031 0.17279
17 19550458 rs113382244 0.075369
17 19550554 rs192659124 0.11945
17 19550714 rs79930302 0.18691
17 19550762 rs139813418 0.46513000000000004
17 19550958 rs116750348 0.18767999999999999
17 19551012 rs114579037 0.12186
17 19551157 rs117637451 0.33403
17 19551226 rs3888642 0.021245
17 19551311 rs114851144 0.18823
17 19551388 rs562248753 0.19222
17 19551877 rs151112259 0.11528
17 19552040 rs116904992 0.34491
17 19552136 rs557068998 0.078544
17 19552312 rs72547554 0.064114
17 19552476 rs4646793 0.16225
17 19552485 rs150192527 0.17972
17 19552660 rs117553817 0.010325
17 19552719 rs11204407 0.15971
17 19552818 rs115628652 0.066751
17 19553122 rs9901895 0.21315
17 19553248 rs8069478 1.6715e-06
17 19553382 rs8073053 0.00012257
17 19553659 rs4925036 7.233099999999999e-06
17 19553779 rs115176599 0.8811399999999999
17 19554302 rs117635668 0.33821
17 19554368 rs116659717 0.1776
17 19554514 rs149292613 0.9800200000000001
17 19555567 rs79102935 0.33821
17 19555725 rs1004490 0.18045
17 19555854 rs117330764 0.18686
17 19555976 rs1004491 0.18037
17 19556708 rs146688300 0.13393
17 19556751 rs566322269 0.15656
17 19556880 rs139236769 0.18527000000000002
17 19556934 rs192725812 0.4864
17 19556976 rs145378590 0.76813
17 19557156 rs376695951 0.41718999999999995
17 19557310 rs537436150 0.6632899999999999
17 19557396 rs149190519 0.1094
17 19557505 rs142478273 0.80587
17 19557794 rs7215552 0.072899
17 19557956 rs116879117 0.18325999999999998
17 19557959 rs75103987 0.18322
17 19558015 rs141572154 0.7178
17 19558370 rs115256372 0.17415999999999998
17 19558422 rs114278965 0.14284000000000002
17 19558438 rs4646794 0.012235
17 19558542 rs4646795 0.016056
17 19558971 rs112996084 0.07410900000000001
17 19559095 rs962801 0.1765
17 19559362 rs146171081 0.088502
17 19559468 rs962800 7.294099999999999e-06
17 19559529 rs76113935 0.17471
17 19559620 rs117135285 0.33866
17 19559623 rs2072332 0.17614000000000002
17 19560368 rs4646797 0.00010545
17 19560656 rs4646798 0.00012748
17 19560755 rs73981575 0.72418
17 19560852 rs1034897 0.17594
17 19560899 rs114872380 0.17219
17 19561429 rs4646800 0.16773
17 19561434 rs111858353 0.18252000000000002
17 19561543 rs78025218 0.52993
17 19561831 rs113910896 0.77582
17 19561947 rs114624073 0.4609
17 19562182 rs116432422 0.18344000000000002
17 19562433 rs117023321 0.3365
17 19562545 rs145353907 0.76479
17 19562816 rs115790498 0.17874
17 19562837 rs9910300 0.48226
17 19563018 rs2386145 6.2818e-06
17 19563020 rs143308945 0.5684
17 19563334 rs138764693 0.47921
17 19563451 rs566742667 0.10106
17 19563648 rs61631401 0.17943
17 19563766 rs16960280 0.62224
17 19563923 rs181216713 0.7026600000000001
17 19564034 rs115324545 0.14724
17 19564046 rs76917348 0.17023
17 19564634 rs1800869 0.00012604
17 19564718 rs4646801 0.013000999999999999
17 19564813 rs114819899 0.61507
17 19565228 rs78128821 0.29252
17 19565504 rs4646802 0.020089
17 19565522 rs148630105 0.035601999999999995
17 19565738 rs58851845 0.6320899999999999
17 19565851 rs144836063 0.5667800000000001
17 19565945 rs2108971 6.7853e-06
17 19567020 rs8073767 0.075343
17 19568225 rs117240123 0.33555
17 19568812 rs73981592 0.70832
17 19569003 rs4646804 0.014283
17 19569026 rs4244600 0.17519
17 19569125 rs146740264 0.61054
17 19570003 rs4925037 0.17637
17 19570146 rs148054385 0.15754
17 19570182 rs774825109 0.8728299999999999
17 19570267 rs141640491 0.28836999999999996
17 19570320 rs8069576 7.224199999999999e-06
17 19570931 rs142725139 0.067357
17 19571135 rs35797108 0.00012471
17 19571236 rs143972739 0.75847
17 19571269 rs12937946 0.17761
17 19571550 rs181035768 0.43718999999999997
17 19571583 rs114034513 0.18061
17 19571631 rs144403597 0.14832
17 19572071 rs116413888 0.17465
17 19572146 rs139514139 0.3303
17 19572484 rs140355377 0.16627999999999998
17 19572602 rs145106093 0.57902
17 19572631 rs149100504 0.0554
17 19573052 rs148205244 0.24636999999999998
17 19573059 rs1034896 0.00012428
17 19573085 rs188396842 0.031501999999999995
17 19573124 rs191087590 0.17264000000000002
17 19573318 rs76051665 0.95515
17 19573473 rs137985095 0.033752
17 19573519 rs111763459 0.07272
17 19573909 rs187587499 0.33115
17 19573990 rs150656841 0.32273
17 19574032 rs149443575 0.011899
17 19575096 rs61737992 0.0029333000000000002
17 19575630 rs533583615 0.8587799999999999
17 19575721 rs2072331 0.00012803
17 19575860 rs115463362 0.17305
17 19576003 rs78763758 0.013288999999999999
17 19576078 rs4925038 0.15835
17 19576113 rs150970989 0.11017
17 19576278 rs66462929 0.00012007
17 19576291 rs71369434 0.00012389
17 19576784 rs141152001 0.33688
17 19577018 rs11204408 6.217899999999999e-06
17 19577070 rs35364675 0.16397
17 19577408 rs3786038 0.1525
17 19577474 rs115587787 0.13948
17 19578140 rs7503517 0.00012392
17 19578175 rs57430594 0.75317
17 19578312 rs115069582 0.075129
17 19578325 rs78376159 0.18579
17 19578395 rs150912282 0.33884000000000003
17 19578409 rs77691916 0.013559
17 19578427 rs77873347 0.16334
17 19578563 rs113071176 0.15650999999999998
17 19578646 rs80002713 0.17625
17 19578873 rs7216 7.4335e-06
17 19578921 rs138462610 0.046265
17 19579732 rs140077586 0.019825
17 19579858 rs117561472 0.18975999999999998
17 19580347 rs76846683 0.013412
17 19580494 rs7215 6.1626999999999995e-06
17 19581009 rs3760489 5.3319000000000006e-06
17 19581067 rs73981595 0.71483
17 19581237 rs76182388 0.17925
17 19581257 rs73981597 0.33935
17 19581281 rs111469559 0.073767
17 19581363 rs116277190 0.17898
17 19581392 rs73981599 0.79586
17 19582128 rs35526408 0.22826999999999997
17 19582223 rs113019207 0.57516
17 19582330 rs148986386 0.18889
17 19582338 rs143744645 0.78579
17 19582350 rs115425408 0.18003
17 19582361 rs114343604 0.18811
17 19582485 rs74663806 0.21893
17 19582533 rs4646807 0.0098745
17 19582800 rs545305754 0.13297
17 19582944 rs564907134 0.27101
17 19583119 rs117381090 0.68181
17 19583177 rs60425436 0.07468
17 19584085 rs12937179 0.00013696
17 19584179 rs559174094 0.09057
17 19584512 rs139661773 0.27171
17 19584543 rs1812051 0.00038339999999999994
17 19584619 rs148618921 0.17109000000000002
17 19584752 rs34416664 0.029943
17 19584896 rs139110700 0.3815
17 19584971 rs34399035 0.46721
17 19585122 rs567295224 0.64225
17 19585228 rs115655489 0.18731
17 19585816 rs146619591 0.51945
17 19586088 rs59986676 0.9168299999999999
17 19586534 rs78819872 0.18068
17 19586625 rs78025555 0.74674
17 19586635 rs78713688 0.007366299999999999
17 19586657 rs80221837 0.009070100000000001
17 19586792 rs114551401 0.10393
17 19586805 rs72841907 0.049679
17 19586840 rs16960302 0.16278
17 19586865 rs112086579 0.18204
17 19587041 rs143635256 0.7260300000000001
17 19587074 rs73981601 0.743
17 19587346 rs560788147 0.75544
17 19587358 rs141917453 0.045335
17 19587603 rs2386144 0.00015007
17 19587967 rs139700049 0.19697
17 19588306 rs149668771 0.34148
17 19588355 rs9902636 0.17711
17 19588367 rs71317749 0.18692999999999999
17 19588490 rs61420595 0.18204
17 19588583 rs536323443 0.84521
17 19588658 rs150482427 0.18632
17 19588674 rs138176373 0.15548
17 19588683 rs114687129 0.80061
17 19588757 rs143819926 0.33588
17 19588774 rs12603959 0.00014214
17 19588800 rs4924791 0.17914000000000002
17 19588922 rs143644940 0.21076999999999999
17 19588985 rs7225274 0.075866
17 19589524 rs150794800 0.18800999999999998
17 19589750 rs115259861 0.18624000000000002
17 19589975 rs2386143 9.608e-06
17 19590247 rs145975133 0.089034
17 19590340 rs11653348 0.00013319999999999999
17 19590350 rs112016037 0.18131
17 19590488 rs139845010 0.50267
17 19590583 rs117668862 0.32488
17 19590615 rs74893002 0.011340000000000001
17 19590735 rs112817542 0.07363
17 19590878 rs76022370 0.013685
17 19591146 rs34943952 0.00015078
17 19591291 rs185999776 0.14396
17 19591519 rs7502080 0.17257
17 19591524 rs77329853 0.8115399999999999
17 19591689 rs117605567 0.32226
17 19592002 rs533900391 0.9042100000000001
17 19592199 rs146305226 0.027214999999999996
17 19592292 rs117157292 0.32682
17 19592797 rs9909886 0.17325
17 19592912 rs76418519 0.74845
17 19593206 rs118131131 0.18220999999999998
17 19593533 rs138611751 0.91556
17 19593696 rs76785216 0.17747000000000002
17 19593769 rs144635877 0.32125
17 19594008 rs2386142 0.00014268
17 19594207 rs182749537 0.17299
17 19594360 rs145924867 0.18567999999999998
17 19594423 rs9797254 0.00014722
17 19594840 rs4925041 0.18503
17 19595008 rs56262978 0.18889
17 19595317 rs150741377 0.11285
17 19595335 rs139373539 0.17662
17 19595370 rs150028705 0.18487
17 19595400 rs145415101 0.17515999999999998
17 19595456 rs142596171 0.11022
17 19595585 rs12602112 0.00012777
17 19595925 rs79722626 0.2994
17 19595926 rs112534696 0.18097
17 19595936 rs2386141 0.00012712
17 19596211 rs79753042 0.53052
17 19596270 rs8068713 0.00015004
17 19596362 rs8080672 0.00015045
17 19596425 rs140317140 0.13554000000000002
17 19596435 rs189710116 0.8023100000000001
17 19596463 rs117392257 0.16931
17 19596584 rs150339834 0.29812
17 19596669 rs115648003 0.15972999999999998
17 19597087 rs2108969 0.13848
17 19597114 rs114628531 0.16577
17 19597373 rs80256521 0.16426
17 19597621 rs79580614 0.016263999999999997
17 19597924 rs116957001 0.059422
17 19598055 rs149239657 0.16021
17 19598085 rs12453452 4.6676000000000005e-05
17 19598132 rs148419948 0.83214
17 19598203 rs12453474 4.6228999999999994e-05
17 19598483 rs111233471 0.17084000000000002
17 19598488 rs77711074 0.31051
17 19599275 rs111481197 0.00014046
17 19599328 rs147951902 0.14238
17 19599423 rs28537694 0.00013807
17 19599849 rs76485783 0.10799
17 19599884 rs75315357 0.13505
17 19600280 rs12938816 4.3698e-05
17 19600376 rs183117921 0.94583
17 19600493 rs190933548 0.80788
17 19600535 rs35852749 0.00013262
17 19600905 rs75936794 0.14406
17 19601051 rs118124052 0.14685
17 19601153 rs149975534 0.053138
17 19601175 rs145253907 0.83959
17 19601475 rs115284473 0.23016
17 19601795 rs56901260 0.20457
17 19601935 rs11658227 1.1823e-08
17 19601959 rs112805985 0.75512
17 19602221 rs76316125 0.35419
17 19602282 rs75107549 0.33641
17 19602336 rs552922996 0.67462
17 19602413 rs72841912 0.042081
17 19602603 rs78414095 0.28199
17 19602644 rs117842509 0.24971999999999997
17 19602859 rs183543279 0.8652
17 19603060 rs8081130 1.4435e-06
17 19603810 rs9906049 9.565100000000001e-07
17 19603847 rs11655302 8.4551e-08
17 19604106 rs147163843 0.55387
17 19604217 rs117132739 0.61217
17 19604234 rs112178094 0.33166999999999996
17 19604246 rs112980308 0.18388
17 19604459 rs113389786 0.74021
17 19604614 rs117130005 0.00052214
17 19604795 rs35244631 0.58944
17 19604929 rs538887076 0.97224
17 19605165 rs111299371 0.77157
17 19605195 rs117285179 0.62326
17 19605371 rs151049769 0.14045
17 19605409 rs182402094 0.96465
17 19605438 rs113359120 0.18144000000000002
17 19605563 rs75970676 0.27735
17 19605569 rs76119305 0.00022850000000000002
17 19605884 rs116896332 0.27817
17 19606128 rs112969357 0.35233000000000003
17 19606377 rs16960349 0.39085
17 19606727 rs8064572 1.0599e-06
17 19606819 rs867037349 0.9051
17 19606930 rs117547100 0.26743
17 19606980 rs111301691 0.35017
17 19607012 rs8079509 0.1034
17 19607026 rs75793204 0.18882000000000002
17 19607432 rs34169093 0.93174
17 19608100 rs116936141 0.26892
17 19608120 rs113548008 0.0049837
17 19608164 rs144742705 0.2077
17 19608354 rs148890404 0.52993
17 19608374 rs112089583 0.20468
17 19608411 rs887238 0.37214
17 19608648 rs58045813 0.89566
17 19608713 rs140619422 0.55024
17 19608773 rs4925042 0.42236
17 19608952 rs12601430 4.8172e-11
17 19608974 rs11204410 5.3919e-11
17 19608981 rs56344696 0.68092
17 19609194 rs112079196 0.33742
17 19609382 rs115408935 0.61216
17 19609464 rs113839821 0.42499
17 19609467 rs16960357 0.2403
17 19609595 rs111570661 0.43156000000000005
17 19609622 rs113933120 0.4316
17 19609790 rs111402725 0.44137
17 19609885 rs147060684 0.93466
17 19609947 rs12942065 0.00089898
17 19610104 rs35263947 0.033151
17 19610328 rs111495859 0.44073999999999997
17 19610385 rs138271364 0.088247
17 19610403 rs112282281 0.53459
17 19610509 rs188862935 0.92299
17 19610704 rs9901772 0.14235
17 19610769 rs113598171 0.62443
17 19610881 rs148420462 0.08357
17 19610990 rs145977756 0.074388
17 19611514 rs35250332 0.39542
17 19611984 rs117788366 0.27555999999999997
17 19612454 rs190134656 0.10805
17 19612489 rs11649705 0.45779
17 19612496 rs4925043 5.353e-05
17 19612502 rs117490850 0.25911
17 19612503 rs149038159 0.0073402
17 19612580 rs117800395 0.25856999999999997
17 19612873 rs146955588 0.37521
17 19612945 rs11657623 0.46945
17 19613258 rs114344257 0.7347
17 19613357 rs4925044 0.0091256
17 19613501 rs112801890 0.49175
17 19613601 rs16960360 0.03866
17 19613603 rs12325921 0.95319
17 19614062 rs113690031 0.45214
17 19614323 rs184296415 0.039035
17 19614414 rs141966773 0.038743
17 19614465 rs12948209 0.001281
17 19614580 rs185453910 0.19919
17 19614725 rs146288641 0.67618
17 19614850 rs532585037 0.8879799999999999
17 19615096 rs112284366 0.39836
17 19615223 rs113074430 0.50153
17 19615411 rs116950159 0.29009
17 19615427 rs141124974 0.052455999999999996
17 19615678 rs7212752 0.0014114000000000002
17 19616153 rs118148051 0.55208
17 19616245 rs9897570 0.049919
17 19616340 rs116433092 0.58746
17 19616432 rs9898022 0.0011876
17 19616788 rs142293636 0.32054
17 19616808 rs78909192 0.82368
17 19616907 rs7222445 0.9298799999999999
17 19617047 rs111228075 0.49175
17 19617236 rs4924792 0.06676699999999999
17 19617254 rs115261507 0.93773
17 19617350 rs113841991 0.69324
17 19617393 rs9900497 0.005932
17 19617510 rs145889531 0.092244
17 19617612 rs576645223 0.5595100000000001
17 19617709 rs11653791 0.0025361999999999997
17 19618012 rs142741029 5.9526000000000006e-05
17 19618108 rs79960553 0.068549
17 19618240 rs113331269 0.48058
17 19618408 rs201770807 0.88136
17 19618436 rs147915236 0.99095
17 19618447 rs149511988 0.32164
17 19618582 rs117483482 0.75447
17 19618850 rs112897586 0.49485
17 19619060 rs144554627 0.39006
17 19619112 rs142492534 0.8308399999999999
17 19619441 rs4925045 0.088812
17 19619998 rs12943590 0.087051
17 19620264 rs34834489 6.2568e-10
17 19620363 rs756467639 0.70415
17 19620477 rs758427 0.10538
17 19620624 rs758426 0.09045299999999999
17 19620971 rs117410450 0.82531
17 19621055 rs146859478 0.44322
17 19621647 rs116202639 0.16835
17 19621929 rs74786588 0.41521
17 19622192 rs117127319 0.39142
17 19622255 rs577715002 0.07162
17 19622305 rs7213030 0.92555
17 19622324 rs11655989 8.0161e-10
17 19622506 rs7213388 0.9041799999999999
17 19622643 rs11656096 5.814299999999999e-10
17 19622729 rs76214496 0.090452
17 19622762 rs60994312 0.098997
17 19622812 rs59939658 0.34233
17 19622917 rs117292227 0.42871000000000004
17 19622986 rs58983099 0.25515
17 19623023 rs11657205 2.8869e-10
17 19623106 rs9910370 1.4084000000000001e-05
17 19623232 rs34768592 0.027598
17 19623323 rs116724938 0.15329
17 19623351 rs2010744 2.0744e-06
17 19623433 rs79923285 0.093106
17 19623469 rs147435350 0.6121800000000001
17 19623515 rs146688339 0.59949
17 19623521 rs140675590 0.5435800000000001
17 19623533 rs2010728 7.1632e-05
17 19623537 rs144361745 0.66576
17 19623544 rs201068594 0.62454
17 19623607 rs117587087 0.60468
17 19623836 rs192916863 0.067227
17 19623902 rs11204411 1.581e-05
17 19623971 rs11204412 1.8698e-05
17 19624282 rs75423696 0.53151
17 19624292 rs115366566 0.50745
17 19624502 rs185912480 0.82057
17 19624838 rs7209418 1.6157e-05
17 19624858 rs375414187 0.30269
17 19625115 rs115766892 0.41628999999999994
17 19625223 rs139477200 0.62174
17 19625298 rs57629792 0.67384
17 19625325 rs118094570 0.53095
17 19625360 rs191326183 0.83036
17 19625427 rs149659114 0.043627
17 19625896 rs78582673 0.53598
17 19626325 rs192906922 0.77365
17 19626546 rs183772501 0.35041
17 19626625 rs12945122 1.587e-05
17 19626732 rs114742533 0.69302
17 19627156 rs140455553 0.67503
17 19627641 rs147025711 0.040877
17 19627754 rs9915956 0.72013
17 19627822 rs12945000 8.5651e-11
17 19627907 rs11869558 0.14039000000000001
17 19627956 rs115010056 0.097759
17 19628039 rs543747714 0.069786
17 19628185 rs142484742 0.09666799999999999
17 19628403 rs9901778 0.7219300000000001
17 19628463 rs7222877 1.3797999999999999e-05
17 19628753 rs72841920 0.36873
17 19628937 rs76974068 0.09373
17 19628939 rs149504217 0.096603
17 19629007 rs144165227 0.046172000000000005
17 19629208 rs112688366 0.005605399999999999
17 19629547 rs144064587 0.09300599999999999
17 19629804 rs11655457 1.3225e-10
17 19629863 rs115047970 0.50635
17 19629979 rs76849840 0.11439
17 19630015 rs535610310 0.25578
17 19630282 rs117907425 0.54009
17 19630353 rs11204413 9.5035e-06
17 19630619 rs73310768 0.9496399999999999
17 19630633 rs114237899 0.7075199999999999
17 19630679 rs77501653 0.13146
17 19630698 rs112838669 0.0046074
17 19630711 rs117232886 0.53932
17 19630797 rs186735510 0.071072
17 19631071 rs573802685 0.43108
17 19631103 rs115826389 0.25278
17 19631347 rs59204628 0.50222
17 19631420 rs1989379 1.2493e-09
17 19631429 rs117891180 0.94542
17 19631915 rs7214841 1.4202e-05
17 19632059 rs181345934 0.021330000000000002
17 19632103 rs184026867 0.67065
17 19632216 rs116955768 0.57125
17 19632264 rs76347179 0.092667
17 19632479 rs375916955 0.37153
17 19633014 rs117643694 0.54478
17 19633055 rs80066936 7.1698e-08
17 19633060 rs17720157 1.4624e-10
17 19633457 rs11651480 1.2344e-08
17 19633465 rs74893144 0.23755
17 19633824 rs530015708 0.45228999999999997
17 19633963 rs12948735 3.8322e-05
17 19634048 rs144582435 0.24123000000000003
17 19634102 rs186778869 0.09204
17 19634213 rs145764856 0.3251
17 19634222 rs73310783 0.88655
17 19634225 rs80055686 0.49509
17 19634239 rs148942794 0.37153
17 19634268 rs762369523 0.5072
17 19634336 rs371860618 0.13427999999999998
17 19634437 rs114346364 0.8657799999999999
17 19634469 rs182589508 0.021156
17 19634707 rs2016823 1.184e-09
17 19634894 rs78478066 0.8992600000000001
17 19635060 rs187712642 0.025087
17 19635066 rs118018631 0.059164
17 19635560 rs111378894 0.85215
17 19635635 rs192299328 0.11370999999999999
17 19635761 rs4924793 4.516e-05
17 19636212 rs111886452 0.071272
17 19636269 rs114808840 0.19535999999999998
17 19636554 rs1006554 4.2743e-05
17 19636596 rs144488517 0.97229
17 19636655 rs113665582 0.0058591
17 19636719 rs1006553 9.4975e-09
17 19636986 rs116360934 0.51275
17 19636999 rs115650095 0.56266
17 19637111 rs144620996 0.5433399999999999
17 19637215 rs11653719 1.1105999999999999e-09
17 19637493 rs72841924 0.14625
17 19637540 rs12948881 1.0969e-09
17 19637551 rs11650088 9.620999999999999e-09
17 19637648 rs533931549 0.47192
17 19637653 rs114179052 0.8176399999999999
17 19637721 rs185818583 0.024723
17 19637785 rs146518314 0.10115
17 19638153 rs2108967 4.6598000000000003e-05
17 19638566 rs148203360 0.5050899999999999
17 19639188 rs11204414 4.2508999999999996e-05
17 19639191 rs150328857 0.5118
17 19639237 rs188008653 0.15145
17 19639254 rs137974670 0.7529100000000001
17 19639387 rs113425014 0.071482
17 19639405 rs118069092 0.34006
17 19639494 rs114288517 0.14529
17 19639621 rs116443220 0.85701
17 19639715 rs1006556 0.018318
17 19639823 rs561961423 0.0047059
17 19639841 rs149441634 0.09597699999999999
17 19640116 rs114812243 0.93773
17 19640169 rs117089792 0.081795
17 19640260 rs117445432 0.48403999999999997
17 19640396 rs115384677 0.6472399999999999
17 19640531 rs111396967 0.058508000000000004
17 19640934 rs116948535 0.344
17 19640989 rs116269339 0.16439
17 19641120 rs552045562 0.9181
17 19641143 rs28552545 0.6545
17 19641321 rs1042183 1.3773e-09
17 19641322 rs112263426 0.072749
17 19641447 rs917520 0.5854699999999999
17 19641477 rs115563042 0.8895200000000001
17 19641614 rs116087608 0.8398200000000001
17 19641744 rs57555435 0.079329
17 19642075 rs117317042 0.48432
17 19642273 rs200453129 0.32654
17 19642348 rs114721010 0.8384
17 19642910 rs138305312 0.32836
17 19642952 rs2228100 0.012561
17 19643016 rs3744695 0.51395
17 19643339 rs72841925 0.13666
17 19643359 rs3744694 0.47818
17 19643551 rs116066736 0.74549
17 19643658 rs140881083 0.23037
17 19643672 rs3744692 0.48403
17 19643699 rs142078447 0.8664700000000001
17 19643789 rs141568499 0.35136999999999996
17 19643810 rs3826507 8.919299999999999e-10
17 19644032 rs3786037 0.4839
17 19644226 rs3786036 5.4832e-09
17 19644325 rs58072200 0.099521
17 19644472 rs2072330 8.8779e-10
17 19644516 rs140108064 0.051298
17 19644655 rs117687479 0.48261000000000004
17 19644776 rs191097564 0.010102
17 19644881 rs2072329 4.4470999999999996e-10
17 19645009 rs78316825 0.48261000000000004
17 19645076 rs553268659 0.058517999999999994
17 19645139 rs9895030 0.5384399999999999
17 19645245 rs4646790 0.31947
17 19645412 rs57633837 0.29938000000000003
17 19645623 rs2072328 0.11283
17 19645938 rs887241 4.3943e-05
17 19645986 rs116962241 0.4097
17 19646005 rs117306414 0.48867
17 19646114 rs887240 0.72077
17 19646136 rs116992290 0.50198
17 19646218 rs115899325 0.015936000000000002
17 19646506 rs145896313 0.21836
17 19646521 rs117328009 0.48767
17 19646681 rs61279095 0.79876
17 19646750 rs59102760 0.083486
17 19646980 rs192673104 0.57497
17 19647002 rs79994225 0.12109
17 19647042 rs115292854 0.74787
17 19647094 rs143739303 0.43032
17 19647476 rs3786035 0.47676999999999997
17 19647495 rs148139496 0.56643
17 19647756 rs114457153 0.16871
17 19647984 rs77823659 0.10692
17 19648066 rs28531080 0.9347799999999999
17 19648220 rs539635463 0.45113000000000003
17 19648302 rs116754663 0.023246
17 19648316 rs57485106 0.7762399999999999
17 19648465 rs374854383 0.18538
17 19648600 rs118057522 0.48761000000000004
17 19648629 rs4646789 0.047089
17 19648715 rs73984110 0.9742200000000001
17 19648745 rs141928580 0.33824
17 19649073 rs4646788 0.2798
17 19649099 rs117700665 0.58022
17 19649249 rs4646787 5.8366e-05
17 19649884 rs118186183 0.49215
17 19649897 rs114473912 0.81507
17 19650005 rs560832752 0.68385
17 19650010 rs118106687 0.27992
17 19650041 rs12939864 0.0026736999999999998
17 19650112 rs117318955 0.49253
17 19650233 rs188206464 0.38948
17 19650331 rs191423134 0.51057
17 19650392 rs561719546 0.56593
17 19650561 rs140244873 0.40604
17 19650598 rs60309529 0.099247
17 19650870 rs552996105 0.059383000000000005
17 19651119 rs75819168 0.18317999999999998
17 19651370 rs117690879 0.34293
17 19651383 rs58060020 0.46637
17 19651425 rs12951039 0.70095
17 19651482 rs2072327 0.010542000000000001
17 19651611 rs4646786 0.11882999999999999
17 19651902 rs4646785 0.01321
17 19652475 rs3760488 0.4813
17 19652512 rs150636822 0.20185
17 19652575 rs3760487 4.8611e-10
17 19652676 rs7221211 8.719600000000001e-05
17 19652736 rs16960382 0.90666
17 19652894 rs3760486 5.108e-10
17 19653115 rs58349304 0.5738800000000001
17 19653310 rs12949049 0.011772
17 19653810 rs117387151 0.54404
17 19653838 rs142579551 0.54483
17 19653945 rs117555087 0.52664
17 19654405 rs114520495 0.063587
17 19654608 rs79355209 0.10497000000000001
17 19654855 rs115556068 0.52389
17 19655077 rs143756200 0.9088299999999999
17 19655800 rs111751055 0.9204700000000001
17 19656093 rs9901906 0.10664000000000001
17 19656202 rs4925046 0.75144
17 19656273 rs571521620 0.90515
17 19656452 rs536034977 0.052311
17 19656536 rs372040791 0.13327999999999998
17 19656700 rs16960384 0.51034
17 19657040 rs182441704 0.051289999999999995
17 19657832 rs147205360 0.71159
17 19657847 rs56191443 3.3812e-10
17 19657881 rs8078167 0.12059
17 19657961 rs118003582 0.34552
17 19658029 rs117541158 0.36376
17 19658081 rs8075157 0.12372000000000001
17 19658349 rs9900430 0.44393
17 19658529 rs16960386 0.63823
17 19658853 rs11204415 0.1357
17 19658917 rs11870332 0.19982
17 19659184 rs543735100 0.56315
17 19659249 rs116661926 0.77304
17 19659299 rs9898251 0.13288
17 19659351 rs17793620 0.10425999999999999
17 19659747 rs115621147 0.26893
17 19659749 rs2052052 0.023205
17 19659970 rs78106656 0.36096999999999996
17 19660074 rs112384906 0.81872
17 19660091 rs539509171 0.30266
17 19660236 rs73312721 0.76984
17 19660614 rs77620783 0.35378000000000004
17 19660789 rs61738931 0.9287200000000001
17 19660819 rs114943928 0.06300399999999999
17 19660937 rs141690275 0.42715
17 19661100 rs117809068 0.36533000000000004
17 19661119 rs7225305 0.023631
17 19661139 rs147058275 0.12679
17 19661287 rs115778243 0.4427
17 19661338 rs117137596 0.35196
17 19661949 rs114990829 0.92932
17 19661995 rs141629816 0.74352
17 19662218 rs34348836 0.063497
17 19662241 rs34350173 0.099864
17 19662310 rs141672873 0.62036
17 19662335 rs191342791 0.10375999999999999
17 19662381 rs146206185 0.14732
17 19662460 rs111679534 0.00037731
17 19662476 rs115352402 0.090388
17 19662549 rs4924795 0.090625
17 19662597 rs4924796 0.085287
17 19662709 rs75618411 0.75029
17 19662791 rs8073143 0.062613
17 19662959 rs114667296 0.25406999999999996
17 19663005 rs75265217 0.85719
17 19663019 rs74861768 0.24993
17 19663029 rs118008713 0.32506
17 19663055 rs76288979 0.67445
17 19663309 rs56794428 0.6372800000000001
17 19663524 rs72841933 0.72837
17 19663536 rs8070544 0.017537
17 19663587 rs9904352 0.013062
17 19663747 rs8067794 0.018723
17 19664304 rs77012836 0.71034
17 19664318 rs56150213 0.067893
17 19664458 rs55722139 0.056782000000000006
17 19664542 rs56348370 0.038103
17 19664930 rs35999898 0.37947
17 19665039 rs12938201 1.1871e-12
17 19665399 rs73984115 0.23305
17 19665437 rs115590747 0.20348
17 19665473 rs116067168 0.8609
17 19665804 rs73984117 0.71637
17 19665935 rs73984120 0.81043
17 19665936 rs73984121 0.50071
17 19666001 rs10432059 0.049844
17 19666417 rs117643595 0.14048
17 19666501 rs34767575 0.76431
17 19666632 rs115201248 0.094983
17 19666681 rs74369436 0.49178
17 19666893 rs139891113 0.17190999999999998
17 19667620 rs1812053 0.086017
17 19667626 rs1812052 0.084994
17 19668460 rs7225417 0.08451
17 19668618 rs12949972 0.6463300000000001
17 19668813 rs56404508 0.76677
17 19668924 rs72841936 0.038106
17 19669708 rs12600409 2.2094e-09
17 19670262 rs917519 0.078363
17 19671458 rs6587203 0.076119
17 19671532 rs73312743 0.9922700000000001
17 19672409 rs57944836 0.9557700000000001
17 19672844 rs7222910 0.68279
17 19672974 rs9906263 0.22482
17 19673880 rs205113 0.076544
17 19674057 rs205112 0.076771
17 19674148 rs72841944 0.034515
17 19674730 rs572102102 0.5523899999999999
17 19675013 rs9900160 0.52792
17 19675104 rs205111 0.045439999999999994
17 19675547 rs9895806 0.11227000000000001
17 19675588 rs205110 0.075614
17 19675775 rs17720618 0.85665
17 19676691 rs118943 0.075659
17 19676830 rs115417923 0.079963
17 19677749 rs115326 0.073213
17 19678308 rs205108 0.089227
17 19678475 rs205107 0.07279400000000001
17 19679067 rs117345841 0.16075
17 19679901 rs205100 0.074652
17 19680089 rs205099 0.07536799999999999
17 19680567 rs112392185 0.014496
17 19681638 rs205098 0.073297
17 19682206 rs205097 0.087646
17 19682327 rs205096 0.073297
17 19682992 rs9905570 0.19557
17 19683215 rs563149788 0.0012040999999999998
17 19683454 rs205095 0.13798
17 19683564 rs205094 0.07534099999999999
17 19684338 rs146758486 0.18843
17 19684401 rs144113406 0.82925
17 19684415 rs62636615 0.18397
17 19684481 rs16960425 0.10916
17 19684942 rs118170215 0.13094
17 19685380 rs199558748 0.75965
17 19685668 rs116361168 0.094601
17 19685713 rs205093 0.074224
17 19686090 rs9889660 0.10935
17 19686503 rs9912443 0.10935
17 19686658 rs205092 0.08291799999999999
17 19686659 rs191382938 0.022463999999999998
17 19686662 rs9891047 0.11317
17 19686703 rs205091 0.021528
17 19687307 rs205090 0.076932
17 19687641 rs748303462 0.67395
17 19688182 17:19688182_T_C 0.029229
17 19688513 rs205089 0.074002
17 19688629 rs149690183 0.23078
17 19688945 rs176098 0.06918400000000001
17 19688969 rs115223212 0.10927
17 19689041 rs184006 0.07306
17 19689236 rs116445793 0.09212200000000001
17 19689559 rs205088 0.35276
17 19689749 rs169512 0.07522999999999999
17 19689975 rs205087 0.073275
17 19692495 rs577651296 0.46688
17 19692809 rs11656704 0.18098
17 19693828 rs9894723 0.39969
17 19694511 rs111731243 0.10683
17 19694634 rs117577265 0.28468000000000004
17 19695061 rs7223574 0.090793
17 19695449 rs148102227 0.012087
17 19695921 rs379703 0.075249
17 19696022 rs138104434 0.20437
17 19696747 rs148441870 0.12891
17 19696793 rs34331207 1.8832e-07
17 19696933 rs188211871 0.35297
17 19697247 rs367383 0.087105
17 19697852 rs113763700 0.1092
17 19697976 rs17794370 0.0081761
17 19698012 rs150389749 0.83972
17 19698252 rs113582065 0.60325
17 19699121 rs157386 0.09149
17 19699358 rs192511 0.083692
17 19700650 rs117970647 0.13046
17 19700850 rs62636609 0.8928
17 19701348 rs157387 0.07320399999999999
17 19701680 rs8078025 0.9761799999999999
17 19701686 rs157388 0.07238
17 19701883 rs117239147 0.13046
17 19702046 rs148597492 0.9791200000000001
17 19702197 rs116477704 0.51858
17 19702919 rs115358400 0.15945
17 19703074 rs142330894 0.9791200000000001
17 19703284 rs146596826 0.6198100000000001
17 19703855 rs157389 0.046657
17 19704301 rs60693525 0.9468200000000001
17 19704656 rs112494287 0.53899
17 19704720 rs157390 0.073789
17 19704949 rs118115109 0.12480999999999999
17 19706000 rs73980707 0.5915699999999999
17 19706083 rs73312778 0.9826299999999999
17 19706155 rs157391 0.060561000000000004
17 19706480 rs157392 0.060496
17 19706526 rs157393 0.060511
17 19706655 rs7216958 0.5390199999999999
17 19706741 rs73312783 0.61506
17 19706791 rs11204416 0.20198
17 19707152 rs117422125 0.9349
17 19707266 rs116746844 0.39939
17 19707289 rs28721943 0.82409
17 19707318 rs157394 0.14431
17 19707472 rs117825714 0.12787
17 19707524 rs183366480 0.11020999999999999
17 19707740 rs3095125 0.072559
17 19707895 rs73980711 0.9257799999999999
17 19707968 rs186492149 0.50878
