CHR BP SNP P
6 41813985 rs375479390 0.15796
6 41814009 rs2249566 4.626099999999999e-196
6 41814690 rs76542757 0.22691999999999998
6 41814760 rs2249703 1.5154999999999995e-175
6 41814942 rs116330884 0.62065
6 41815192 rs9471676 1.0e-300
6 41815383 rs71558770 1.0e-300
6 41815391 rs139979610 0.23543000000000003
6 41815497 rs78885160 0.22191
6 41816134 rs68017625 1.0e-300
6 41816256 rs115330009 0.77479
6 41816279 rs9462746 1.0e-300
6 41816732 rs573997928 0.17968
6 41816796 rs181613052 3.1749999999999996e-28
6 41816802 rs75474382 7.940599999999998e-114
6 41817144 rs184227965 0.15796
6 41817148 rs549459581 0.17887
6 41817277 rs138457968 0.65863
6 41817495 rs2479721 2.2246999999999992e-154
6 41817532 rs146108634 3.0789000000000004e-07
6 41817556 rs116732142 0.21958000000000003
6 41817570 rs188691822 0.5425399999999999
6 41817577 rs117348925 2.3506999999999997e-08
6 41817956 rs550003045 0.94668
6 41818125 rs180717616 0.65515
6 41818156 rs187188280 0.37225
6 41818591 rs147249701 0.95641
6 41818599 rs143449355 0.21452
6 41819036 rs73424094 0.30162
6 41819068 rs9471677 0.66962
6 41819387 rs115854812 0.95357
6 41819407 rs2265139 2.5373e-13
6 41819588 rs149726130 0.71506
6 41819647 rs13203658 0.00064981
6 41819786 rs192350878 0.69312
6 41819994 rs149626718 0.23519
6 41820091 rs113053001 0.27964
6 41820654 rs6458247 3.5768e-29
6 41820749 rs146425043 0.037068000000000004
6 41820838 rs145158792 0.69347
6 41820963 rs139035291 2.4464999999999998e-08
6 41821034 rs761992254 0.5151100000000001
6 41821096 rs564220799 0.14045
6 41821137 rs9381096 1.0e-300
6 41821505 rs138190496 0.06663
6 41821538 rs149591112 0.53698
6 41821645 rs184814180 0.039074
6 41821669 rs140703558 1.0809999999999999e-08
6 41821823 rs180948036 3.3634e-07
6 41822683 rs116062566 0.62336
6 41823062 rs9462749 0.6530100000000001
6 41823631 rs144041787 0.6501399999999999
6 41823735 rs146467072 0.037854
6 41823883 rs144269193 0.21478000000000003
6 41823941 rs182718738 0.69347
6 41824038 rs12175469 1.0e-300
6 41824076 rs567210727 0.7743399999999999
6 41824087 rs150245727 0.21363000000000001
6 41824138 rs9471680 0.67806
6 41824218 rs2395789 3.4911000000000003e-07
6 41824220 rs143742432 0.2203
6 41824259 rs148139193 0.15796
6 41824816 rs146517043 0.67775
6 41825004 rs187570217 0.15732000000000002
6 41825053 rs16895040 3.028e-05
6 41825111 rs12209885 2.1754000000000004e-53
6 41825211 rs142967198 0.61683
6 41825521 rs549706187 0.095997
6 41825590 rs6901756 2.2324999999999998e-45
6 41825640 rs551819269 3.0513e-16
6 41826391 rs183894022 0.025952
6 41826423 rs560917593 0.0206
6 41827011 rs2253961 3.805899999999998e-196
6 41827193 rs2025951 8.863499999999997e-178
6 41827250 rs186458452 0.78078
6 41827336 rs61466555 1.0e-300
6 41827403 rs2025950 0.78194
6 41827423 rs16895043 0.67175
6 41827839 rs570310640 0.47062
6 41828070 rs2243605 4.3778999999999993e-29
6 41828093 rs9471681 0.5997399999999999
6 41828244 rs116146047 0.7717
6 41828288 rs541796256 0.0979
6 41828465 rs548481625 0.019367
6 41828508 rs185232065 0.78056
6 41828780 rs140579057 0.78784
6 41829235 rs115277686 0.9254600000000001
6 41829267 rs4526183 4.3583e-29
6 41829512 rs75717345 0.5352399999999999
6 41829970 rs34073739 1.0e-300
6 41830014 rs114385328 0.69347
6 41830210 rs114924247 0.06655499999999999
6 41830269 rs148085384 0.53768
6 41830637 rs150794701 0.77454
6 41830645 rs2254454 9.127599999999996e-178
6 41830797 rs113294832 0.24677
6 41830900 rs11965174 3.6154e-05
6 41830927 rs73733044 0.47600000000000003
6 41831143 rs2254479 1.7627999999999995e-149
6 41831186 rs77438137 0.52992
6 41831252 rs79374916 0.28746
6 41831418 rs77947436 0.28694000000000003
6 41831428 rs115522854 0.30191999999999997
6 41832099 rs143272958 0.38781
6 41832280 rs372782144 0.28203
6 41832695 rs148398695 5.4816e-58
6 41832772 rs2250428 2.623299999999999e-196
6 41832839 rs2479722 8.8697e-29
6 41832973 rs112806071 5.5437e-08
6 41833417 rs191903600 0.47777
6 41833713 rs147930223 3.5906e-05
6 41833823 rs9357370 1.7379e-53
6 41833857 rs191731989 6.815200000000001e-50
6 41834037 rs7739064 1.4034999999999995e-178
6 41834184 rs76902860 0.26454
6 41834324 rs190201626 0.64093
6 41834336 rs529937872 0.016738
6 41834369 rs77568424 0.79359
6 41834557 rs78260632 0.79825
6 41834819 rs138238956 0.41798
6 41835193 rs115740142 3.0151e-05
6 41835208 rs113897244 0.26177
6 41835421 rs187388376 6.107e-47
6 41835446 rs536831515 0.46037
6 41835483 rs191863765 0.0979
6 41835574 rs114139849 0.7946
6 41835812 rs143250584 4.2948e-05
6 41836040 rs187452016 0.207
6 41836071 rs148943831 0.26313000000000003
6 41836074 rs138201879 0.18106
6 41836182 rs190439931 0.21336999999999998
6 41836225 rs138666700 0.27155
6 41836344 rs141781940 0.82545
6 41837088 rs149448268 0.0057428
6 41837347 rs544251129 0.010523000000000001
6 41837361 rs377118740 0.2262
6 41838119 rs2251084 5.050899999999998e-196
6 41838797 rs113738228 0.49482
6 41838817 rs2251168 1.9274e-53
6 41839092 rs2149274 2.140199999999999e-177
6 41839268 rs2149275 2.9279e-53
6 41839402 rs75554582 3.7638000000000004e-07
6 41839438 rs2251274 2.0482999999999995e-177
6 41839996 rs115117969 3.5459000000000005e-07
6 41840593 rs2769934 1.2038e-28
6 41841132 rs11965953 1.0e-300
6 41841535 rs9369312 1.0e-300
6 41842116 rs77265088 0.23066
6 41842263 rs116802565 0.020503
6 41842277 rs371977553 0.50146
6 41842808 rs6907878 0.031712
6 41843044 rs2254474 3.855999999999999e-196
6 41843620 rs530254341 0.9254600000000001
6 41843812 rs111595888 0.24720999999999999
6 41844041 rs150027395 0.8079
6 41844081 rs180703173 0.0065867
6 41844189 rs145358513 9.6702e-06
6 41844293 rs148731673 0.71082
6 41844386 rs186455975 0.025419
6 41845254 rs773109829 0.099854
6 41845613 rs114730940 0.062074000000000004
6 41845685 rs35793815 3.7228e-05
6 41845743 rs56662537 0.53228
6 41846045 rs545664164 0.46324
6 41846090 rs558938567 0.17529
6 41846110 rs2254805 1.4477999999999992e-195
6 41846271 rs79615955 0.26306
6 41846285 rs114948253 3.4626999999999994e-07
6 41846422 rs72867166 3.8196999999999986e-238
6 41846433 rs77725024 0.86388
6 41846569 rs2254936 2.778999999999999e-177
6 41846701 rs540160828 8.648100000000001e-23
6 41846876 rs182053911 0.0979
6 41846954 rs140397631 0.7138800000000001
6 41846986 rs193031593 0.69366
6 41847065 rs9369313 1.0e-300
6 41847515 rs114900665 0.70328
6 41847534 rs10456505 3.9557e-46
6 41847541 rs149095822 0.095937
6 41847673 rs73733047 0.49359
6 41847740 rs184813830 0.20976999999999998
6 41847800 rs9381097 1.0e-300
6 41848061 rs34718512 5.050699999999999e-83
6 41848088 rs9394837 1.0e-300
6 41848115 rs529789679 0.043789
6 41848116 rs549550156 0.043789
6 41848189 rs139364374 0.1803
6 41848244 rs11756859 3.4927e-08
6 41848555 rs374117167 1.0691e-12
6 41848820 rs148156689 0.061988
6 41849080 rs149832379 0.28979
6 41849189 rs182016170 0.7296100000000001
6 41849478 rs76147393 0.54562
6 41849701 rs79475640 0.6049
6 41849875 rs74542078 6.3202e-08
6 41850242 rs74763719 6.324e-08
6 41850547 rs180896762 0.96088
6 41850965 rs1192241 3.4974999999999987e-177
6 41851436 rs113702796 0.16165
6 41851466 rs140818773 0.85059
6 41851512 rs760543374 0.5523100000000001
6 41851772 rs137902626 0.325
6 41851887 rs144382454 2.6284000000000004e-07
6 41851975 rs9471685 3.551999999999999e-177
6 41852041 rs10456112 1.8842999999999998e-45
6 41852187 rs2395792 3.299499999999999e-79
6 41852198 rs146367132 0.09254
6 41852329 rs114603190 0.70186
6 41852616 rs1319012 8.670499999999999e-91
6 41852681 rs555458726 0.097919
6 41852720 rs115914904 0.325
6 41852755 rs1536703 5.414599999999999e-149
6 41852934 rs149778870 0.80574
6 41852964 rs77280896 0.24391999999999997
6 41852990 rs530948921 0.00081399
6 41853776 rs190435292 0.024212
6 41853870 rs543225034 0.010518000000000001
6 41853889 rs112493807 0.24536999999999998
6 41854157 rs9462751 0.5768
6 41854386 rs146955196 0.8406
6 41854401 rs150966945 0.028089999999999997
6 41854682 rs140675873 0.0011322
6 41856002 rs35085306 1.0e-300
6 41856251 rs369332790 0.47053999999999996
6 41856255 rs144273780 0.71734
6 41857151 rs140564499 0.039944
6 41857265 rs115458954 2.9244e-07
6 41857482 rs116360833 1.2910999999999998e-87
6 41857487 rs115553027 5.717999999999998e-90
6 41857575 rs74985576 3.5796e-05
6 41857606 rs116392806 3.5737e-05
6 41857691 rs1887718 3.405799999999999e-177
6 41857836 rs56307633 0.11700999999999999
6 41857868 rs34992963 1.0e-300
6 41857958 rs9462752 0.72204
6 41858171 rs115716218 3.1946e-07
6 41858377 rs184328386 0.71467
6 41858860 rs115165644 0.58213
6 41858903 rs75473338 0.24541
6 41859794 rs59141089 0.57189
6 41859975 rs140255356 3.612e-07
6 41860063 rs138492340 0.039938
6 41860252 rs11964516 1.0e-300
6 41860288 rs181918777 0.63298
6 41860313 rs72867173 0.035092
6 41860451 rs535201489 0.010459999999999999
6 41860715 rs115607183 3.6165e-07
6 41860888 rs77569607 0.8411
6 41860988 rs138766169 0.00065727
6 41861052 rs74771274 0.71599
6 41861481 rs114079336 0.09044400000000001
6 41862474 rs187775897 0.084439
6 41863743 rs12195503 2.0009000000000001e-53
6 41863875 rs374470378 0.24114000000000002
6 41864068 rs16895071 3.3723e-07
6 41864135 rs12174903 3.8065999999999994e-61
6 41864181 rs60167942 0.5030399999999999
6 41864441 rs2031847 1.9597e-07
6 41864504 rs9471686 0.81563
6 41864580 rs149689499 2.4776e-23
6 41864760 rs574262374 0.051651
6 41864763 rs9471687 0.72297
6 41865040 rs189342608 0.7329
6 41865407 rs6907404 3.3154999999999988e-195
6 41865412 rs148350770 0.060549
6 41865430 rs146289066 0.27493
6 41865799 rs762423502 0.2306
6 41865926 rs116561666 0.66976
6 41866024 rs773658566 3.7400999999999996e-05
6 41866575 rs2395791 3.0886999999999995e-29
6 41866650 rs115520429 0.042817
6 41866729 rs182111838 0.019562
6 41866950 rs11753039 1.0e-300
6 41867173 rs187820736 0.75545
6 41867348 rs148659546 0.32492
6 41867585 rs115216716 0.45248
6 41869240 rs371548396 0.36373
6 41869332 rs139213072 0.51973
6 41869659 rs539947301 0.28291
6 41869924 rs1536701 2.616e-53
6 41869950 rs1536702 1.0419999999999996e-195
6 41870146 rs78643713 0.47626
6 41870353 rs143963815 0.040546
6 41870486 rs75987904 0.5353399999999999
6 41870748 rs116159799 0.76065
6 41870910 rs6899626 3.908899999999999e-53
6 41870911 rs79447837 2.8245e-05
6 41870921 rs76931082 2.0123999999999997e-52
6 41870957 rs6899659 3.9184000000000003e-53
6 41871301 rs185004036 0.04765
6 41871312 rs569371476 0.32741
6 41871563 rs143776446 2.6313e-07
6 41871673 rs138354696 0.32337
6 41871721 rs184022069 0.34462
6 41871786 rs9369314 7.659199999999997e-127
6 41871858 rs116762994 3.3129e-07
6 41871885 rs574259453 0.0013915999999999998
6 41871930 rs112504949 0.3796
6 41871973 rs9369315 4.4247e-53
6 41872237 rs62398362 1.0e-300
6 41872387 rs150582569 0.12684
6 41872459 rs185720986 0.40934
6 41872685 rs57091930 0.032617
6 41872767 rs142455367 0.76759
6 41873221 rs7759595 0.033693
6 41873756 rs139419733 2.9286e-07
6 41873961 rs4714518 4.5581999999999995e-29
6 41874265 rs41273798 0.66579
6 41874268 rs9462753 0.71759
6 41874788 rs142578784 3.3138000000000005e-07
6 41875179 rs765478577 0.95411
6 41875313 rs536883312 0.0079902
6 41875795 rs187504985 0.04075
6 41876282 rs11970677 3.5235e-05
6 41876335 rs3806113 1.0e-300
6 41877319 rs76092294 0.31887
6 41877671 rs114056237 7.155299999999998e-78
6 41878042 rs145963022 0.038642
6 41878266 rs4714519 3.441e-05
6 41878336 rs148414992 3.2943000000000006e-07
6 41878538 rs116235119 3.2876e-07
6 41878639 rs535963383 0.45787
6 41878641 rs189194693 0.28438
6 41878807 rs145983183 1.0e-300
6 41879130 rs188913367 0.95219
6 41879518 rs79274058 0.2133
6 41879736 rs190738518 0.015006
6 41880373 rs113655378 0.21775
6 41880576 rs74812490 0.26158000000000003
6 41880607 rs75157530 0.7408600000000001
6 41880655 rs144794061 0.67027
6 41880673 rs111931658 4.8017000000000006e-08
6 41880961 rs115483593 0.057785
6 41881042 rs73426219 0.11210999999999999
6 41881073 rs7746198 1.1111999999999999e-08
6 41881513 rs182962659 2.0435000000000002e-09
6 41881626 rs137888939 0.055794
6 41881725 rs544296862 1.561e-08
6 41881949 rs10947994 2.9175e-54
6 41882123 rs11969866 1.0e-300
6 41882264 rs115479737 2.3835999999999997e-94
6 41882533 rs549970325 0.0023639
6 41882890 rs187553672 8.1149e-16
6 41882975 rs192175398 0.21025
6 41883252 rs546468768 0.53296
6 41883261 rs150128575 2.5049e-07
6 41883386 rs112085091 0.29007
6 41883624 rs112146912 0.18936
6 41885091 rs6920559 1.6447999999999998e-63
6 41885319 rs9357371 1.0e-300
6 41885482 rs191616813 0.00094125
6 41885510 rs75472244 0.20699
6 41885764 rs115284879 0.10153
6 41885885 rs76032968 0.65041
6 41885909 rs116460871 3.2075999999999996e-05
6 41885960 rs112423500 0.33069
6 41886340 rs542374060 0.0099514
6 41886413 rs140085741 0.18438
6 41886922 rs372161246 0.1906
6 41887210 rs80032753 0.7477600000000001
6 41887510 rs143546450 0.064737
6 41887807 rs373041169 0.1906
6 41888827 rs2274578 1.0173999999999997e-176
6 41889185 rs151229263 0.35286999999999996
6 41889212 rs9296368 0.7459899999999999
6 41889223 rs10947995 1.0e-300
6 41889240 rs61736990 0.90555
6 41889323 rs143551764 0.041474000000000004
6 41889409 rs3763273 3.6826e-08
6 41889505 rs144207756 0.29047
6 41889553 rs142676892 0.13475
6 41889673 rs41273802 0.37134
6 41890092 rs549199160 0.65475
6 41890141 rs756097617 2.7559e-05
6 41890554 rs115316195 0.59307
6 41890835 rs2479723 3.1994999999999996e-30
6 41890982 rs2479724 8.520299999999997e-149
6 41891036 rs116771173 0.48591999999999996
6 41891410 rs77491476 0.73717
6 41891471 rs72867183 6.5316e-18
6 41891485 rs61027584 1.6027e-08
6 41891486 rs188887936 0.83263
6 41891500 rs576357696 3.5353e-05
6 41891723 rs142039291 0.9346200000000001
6 41891879 rs9471690 0.97364
6 41891995 rs7738554 1.0117999999999999e-63
6 41892066 rs183967179 0.75274
6 41892291 rs75173045 0.7524
6 41892457 rs56215622 1.0e-300
6 41892544 rs149988393 0.49008999999999997
6 41892782 rs77289717 0.31358
6 41892809 rs10947996 1.0620999999999997e-63
6 41892925 rs116146708 0.7266100000000001
6 41893003 rs76614900 0.66085
6 41893149 rs181794745 0.38904
6 41893202 rs185211243 0.19694
6 41893323 rs9349203 1.1876999999999997e-148
6 41893348 rs145856064 7.8315e-09
6 41893481 rs188643838 0.55087
6 41893517 rs185221024 0.18813
6 41894397 rs150302075 1.3556999999999997e-89
6 41894571 6:41894571_G_A 0.36935999999999997
6 41894757 rs542698920 0.0097882
6 41895003 rs138306323 0.75527
6 41895150 rs2296916 1.0218000000000001e-08
6 41895193 rs36124188 0.0032493
6 41895358 rs114055150 0.38392
6 41895769 rs80085578 0.3901
6 41895923 rs78694567 0.7548699999999999
6 41896293 rs185348305 0.046271
6 41896406 rs16895092 0.9413100000000001
6 41896424 rs77111822 0.76456
6 41896684 rs150615697 0.75426
6 41896919 rs778139497 0.064038
6 41897144 rs114683057 0.4436
6 41897236 rs190573617 0.76043
6 41897592 rs75728662 5.8412e-08
6 41897702 rs57385247 4.0076999999999996e-08
6 41898096 rs2479726 3.6233e-30
6 41898194 rs182672732 0.020246
6 41898521 rs187843739 0.32921999999999996
6 41898564 rs12661819 1.4630999999999997e-54
6 41898619 rs114469750 0.31251999999999996
6 41898709 rs367601943 0.14976
6 41898808 rs144435402 0.18384
6 41899629 rs16895095 0.97767
6 41899733 rs116014261 0.77275
6 41900375 rs149587548 0.00083494
6 41900406 rs3828855 6.5058000000000004e-09
6 41900538 rs114731913 0.9746600000000001
6 41900649 rs41273806 9.1964e-08
6 41900813 rs73426226 0.33396
6 41901003 rs769534198 0.17065
6 41901044 rs186513514 0.75658
6 41901606 rs140625886 0.51772
6 41901699 rs3218117 0.9878600000000001
6 41901763 rs3218116 1.0e-300
6 41902352 rs3218114 1.0e-300
6 41902526 rs144960851 0.58549
6 41902559 rs3218109 0.36851999999999996
6 41902655 rs3218108 1.0e-300
6 41902700 rs3218107 0.066786
6 41902938 rs3218106 0.95065
6 41903007 rs9529 1.0051e-29
6 41903782 rs1051130 9.066599999999999e-137
6 41903798 rs33966734 4.0370999999999994e-91
6 41903884 rs3218101 0.92765
6 41904035 rs545840762 0.7299100000000001
6 41904324 rs11552780 1.4242e-05
6 41904483 rs3218100 0.79995
6 41904829 rs116799352 0.59115
6 41904956 rs3218099 0.0061064
6 41905154 rs3218098 0.8668600000000001
6 41905174 rs2479717 2.1474e-38
6 41905275 rs3218097 1.0e-300
6 41905342 rs138827651 0.32555
6 41905681 rs114568248 0.59258
6 41906364 rs3218095 8.715200000000002e-09
6 41906459 rs116403918 0.73705
6 41906661 rs3218092 1.0e-300
6 41906724 rs3218091 0.53597
6 41907213 rs3218090 0.46375
6 41907855 rs1410492 1.0e-300
6 41908122 rs3218089 0.013577
6 41908702 rs377533687 0.8777299999999999
6 41908717 rs372668741 0.0089583
6 41908922 rs3218088 0.74848
6 41909438 rs1051129 7.1306e-19
6 41909942 rs3218087 0.74235
6 41910064 rs3218086 1.0e-300
6 41910179 rs3218085 1.1885e-37
6 41910336 rs3218084 0.13742000000000001
6 41910425 rs190266656 0.67165
6 41910851 rs533403693 0.00076884
6 41911185 rs9381100 9.374199999999997e-96
6 41911200 rs149184334 8.475700000000001e-11
6 41911394 rs114787544 6.9502e-11
6 41911989 rs9462755 1.1447999999999997e-101
6 41912252 rs2479718 7.548899999999999e-38
6 41912383 rs541919501 0.17014
6 41912864 rs9918454 0.09429
6 41913022 rs147075148 0.71255
6 41913043 rs138287578 4.6374e-11
6 41913081 rs2479719 2.1294e-08
6 41913570 rs6922320 0.40893
6 41913670 rs78915271 2.2261000000000003e-08
6 41913778 rs4714520 3.448199999999999e-99
6 41914195 rs113116955 8.6639e-09
6 41914208 rs139943373 0.69329
6 41914212 rs112063900 1.7569e-08
6 41914378 rs9349204 1.0e-300
6 41915123 rs116399896 0.9888100000000001
6 41915143 rs6913232 1.6718999999999994e-142
6 41915200 rs9471695 1.8771e-08
6 41915351 rs6933697 8.950299999999997e-99
6 41915514 rs147929970 4.6327000000000003e-11
6 41915519 rs6934551 4.264399999999999e-99
6 41915704 rs2479720 1.9270999999999998e-37
6 41915709 rs141797580 0.54905
6 41916214 rs115996323 0.0093205
6 41917099 rs4714522 5.861799999999999e-38
6 41917110 rs150177487 1.7505e-10
6 41917222 rs75580691 0.5219600000000001
6 41917260 rs141775582 0.8314600000000001
6 41917526 rs186985563 2.6619e-14
6 41917598 rs9689216 4.7381e-99
6 41917988 rs139509473 0.34656
6 41918042 rs148624763 1.5659e-10
6 41918060 rs142453754 0.32031
6 41918104 rs7766817 3.2007999999999992e-142
6 41918190 rs7766960 4.150599999999999e-142
6 41918352 rs147682512 0.19837
6 41918560 rs182423669 0.0023298999999999998
6 41918810 rs60119955 8.946499999999999e-38
6 41919367 rs184070639 1.1212999999999997e-65
6 41919386 rs114751952 1.1958e-10
6 41919394 rs115734688 0.0077062
6 41919485 rs73426236 0.33404
6 41919589 rs113218652 2.497e-10
6 41920579 rs74979086 1.6195999999999998e-08
6 41921196 rs768913902 0.008083700000000001
6 41921241 rs10947997 1.0e-300
6 41921434 rs79675842 0.74345
6 41921556 rs146816748 0.24946999999999997
6 41921943 rs142180428 0.28931
6 41922220 rs7768317 3.0004999999999992e-92
6 41922509 rs142328364 0.45009
6 41922564 rs75875700 1.1729e-08
6 41923801 rs6458249 0.069395
6 41924278 rs13340461 7.854999999999999e-29
6 41924346 rs114789046 1.9832e-19
6 41924369 rs16895128 1.0e-300
6 41924563 rs184655712 0.23645
6 41924626 rs146744409 0.00098658
6 41924724 rs571342613 0.36538000000000004
6 41924853 rs4623235 2.977099999999999e-178
6 41924931 rs16895130 2.7501e-36
6 41924998 rs112233623 1.0e-300
6 41925159 rs9349205 1.0e-300
6 41925290 rs11970772 1.0e-300
6 41925304 rs11968166 1.0e-300
6 41925712 rs114074977 1.9871e-10
6 41925719 rs180673743 0.8359700000000001
6 41925993 rs9471696 0.38638
6 41926122 rs144082269 0.57897
6 41926526 rs145622105 0.26227
6 41926819 rs149830553 0.00013158
6 41926844 rs9471697 0.40517
6 41926935 rs9394841 1.0e-300
6 41927020 rs564549396 1.7199e-08
6 41927141 rs373567197 0.1624
6 41927157 rs550306534 0.91771
6 41927226 rs144178642 3.7554999999999997e-35
6 41927813 rs4478405 2.1177999999999986e-240
6 41928132 rs9471698 9.6338e-12
6 41928382 rs9349206 9.8761e-68
6 41928548 rs9381101 6.618099999999998e-68
6 41928684 rs7773255 1.1133999999999994e-239
6 41928874 rs74294386 1.5290999999999998e-08
6 41929356 rs9381102 1.8930999999999995e-67
6 41929363 rs187346828 0.84631
6 41929647 rs12190238 1.3231999999999999e-67
6 41929908 rs28494563 4.064999999999998e-225
6 41930102 rs7764698 9.635899999999998e-73
6 41930294 rs7745210 2.4149e-67
6 41930305 rs193035899 1.7785e-13
6 41930725 rs7745862 3.8404999999999994e-67
6 41931267 rs79379366 0.0010442000000000001
6 41931268 rs540571247 0.38121
6 41931569 rs12110546 1.1949e-08
6 41931783 rs12110857 0.4711
6 41932001 rs17287803 4.3718e-11
6 41932011 rs28449539 5.758399999999998e-67
6 41932119 rs113847211 0.03739
6 41932190 rs576438099 0.020451
6 41932274 rs114574826 0.20107
6 41932306 rs114162836 0.00064991
6 41932403 rs62417386 1.0134e-43
6 41932893 rs146951292 0.00058144
6 41933085 rs9367117 5.610999999999999e-67
6 41933459 rs34221531 4.291299999999997e-236
6 41933482 rs9349208 6.053e-67
6 41933554 rs9357372 4.2403999999999986e-67
6 41933570 rs57023124 0.44988999999999996
6 41933595 rs747281640 0.012622
6 41933714 rs180939716 0.73464
6 41934104 rs72853818 5.2156e-40
6 41934139 rs766215800 5.7873999999999995e-05
6 41934393 rs73426240 0.47863999999999995
6 41934514 rs4130023 7.039999999999999e-40
6 41934647 rs4607432 2.7791e-66
6 41935524 rs61433430 0.59542
6 41935781 rs61375651 2.1845999999999993e-164
6 41936010 rs72853823 0.043472000000000004
6 41936168 rs62417389 2.250899999999999e-168
6 41936294 rs114712655 0.733
6 41936352 rs115511698 0.00063376
6 41936636 rs111451105 0.59775
6 41936786 rs146083856 6.2211e-82
6 41937047 rs6458250 6.134599999999998e-169
6 41937058 rs113756602 9.2306e-26
6 41937332 rs35398189 3.1341999999999998e-52
6 41937771 rs144637466 0.83086
6 41937894 rs185191536 0.024873
6 41938465 rs115022028 0.91032
6 41938481 rs139633563 4.4856999999999996e-08
6 41938661 rs185295461 0.02045
6 41938714 rs57729711 2.830999999999999e-163
6 41938921 rs151141065 0.3336
6 41939005 rs116367478 0.0043125
6 41939089 rs114359401 0.070685
6 41939154 rs60814983 0.49943999999999994
6 41939477 rs536039079 0.42468999999999996
6 41939609 rs79334131 1.4335e-08
6 41939806 rs7765516 1.8144999999999992e-189
6 41940505 rs114019813 0.44143999999999994
6 41940546 rs9349209 1.0e-300
6 41940604 rs545568534 0.31837
6 41940648 rs116243032 0.81718
6 41940886 rs66867810 3.6978e-10
6 41941169 rs6920885 1.5859999999999993e-168
6 41941598 rs141850859 0.021296000000000002
6 41941723 rs6899324 6.925299999999998e-160
6 41941980 rs4415146 2.1474999999999992e-160
6 41941993 rs72853828 6.4047e-38
6 41942245 rs550730994 3.5616999999999995e-15
6 41942533 rs60248286 3.9958999999999987e-157
6 41942568 rs9367118 1.0e-300
6 41942634 rs182766420 0.16953
6 41942775 rs548845244 0.20638
6 41942883 rs572690778 7.5092e-15
6 41943080 rs9381104 1.3908e-08
6 41943284 rs570357036 0.16430999999999998
6 41943290 rs9394842 7.2063e-52
6 41943544 rs145183244 0.024105
6 41944404 rs11964130 0.0010512
6 41944700 rs186003780 0.7366199999999999
6 41944915 rs150421160 0.3088
6 41945111 rs6458251 2.2351999999999997e-08
6 41945174 rs7768838 2.834899999999999e-155
6 41945635 rs62417391 9.096199999999999e-161
6 41945875 rs61213270 0.48658
6 41945897 rs6939464 8.682199999999995e-220
6 41945944 rs143722153 0.52968
6 41946189 rs79699037 1.2168999999999996e-160
6 41946261 rs6458252 2.0522999999999998e-08
6 41946319 6:41946319_A_G 0.00072791
6 41946440 rs7774393 2.3831000000000003e-08
6 41946781 rs192171338 0.73644
6 41946792 rs13219754 6.142199999999997e-219
6 41946889 rs9381105 1.1791999999999997e-68
6 41947666 rs7742078 0.073098
6 41947706 rs7741792 0.041268
6 41947821 rs7742392 0.7528699999999999
6 41947938 rs184517459 0.033276
6 41948055 rs6458253 0.64052
6 41948099 rs6458254 0.65156
6 41948284 rs541658735 0.8845200000000001
6 41948743 rs4714526 0.75451
6 41949190 rs6937656 0.6381899999999999
6 41949331 rs9296371 0.63763
6 41949504 rs9296372 0.6450600000000001
6 41949558 rs9471706 0.6405
6 41949565 rs146641317 8.0723e-08
6 41950082 rs9367119 0.76015
6 41950156 rs9369318 8.164299999999998e-81
6 41950302 rs79716025 0.11649000000000001
6 41950441 rs146101372 0.38719000000000003
6 41950770 rs9462759 0.072685
6 41951031 rs149287478 0.7277100000000001
6 41951645 rs116549857 0.008246999999999999
6 41951752 rs7745671 0.11509000000000001
6 41952106 rs555390851 0.027232999999999997
6 41952142 rs7750075 0.7448199999999999
6 41952382 rs73426279 0.001157
6 41952468 rs75961971 0.10095
6 41952511 rs113267280 1.0e-300
6 41952558 rs9357375 0.63731
6 41952687 rs150073830 0.1996
6 41952697 rs182445049 0.016974
6 41952828 rs116289676 0.0075049999999999995
6 41952899 rs145339265 0.80074
6 41953003 rs116454779 0.14612
6 41953272 rs146505570 0.60568
6 41953714 rs73426281 0.0013044999999999999
6 41954611 rs78019028 2.8811e-11
6 41955520 rs114823132 0.0080594
6 41955734 rs6919822 0.9769200000000001
6 41955778 rs72853846 0.3064
6 41956575 rs181533194 0.64423
6 41956696 rs559171560 0.45818000000000003
6 41956937 rs7766080 0.71412
6 41957541 rs6458259 0.9908399999999999
6 41957574 rs6458260 0.9668100000000001
6 41957787 rs76911561 0.4382
6 41957972 rs145189767 0.0075086
6 41958246 rs60764456 2.2753999999999995e-159
6 41958396 rs6458261 0.96588
6 41958589 rs6458262 0.97693
6 41958819 rs144779511 1.5394e-38
6 41958835 rs191969619 2.3417e-45
6 41958976 rs150754248 0.14919000000000002
6 41959643 rs60610471 1.7020999999999996e-159
6 41959702 rs7739942 0.983
6 41959785 rs7739971 0.9938899999999999
6 41959789 rs546855707 0.19022999999999998
6 41959793 rs72853854 8.723899999999999e-37
6 41959959 rs141032724 0.8726299999999999
6 41959963 rs7764240 9.208599999999997e-161
6 41960005 rs7744080 6.3179e-11
6 41960277 rs140130513 0.19929000000000002
6 41960494 rs9369319 0.97535
6 41960496 rs9367122 0.96036
6 41960507 rs151068317 0.30568
6 41960846 rs149773966 0.40736
6 41961013 rs4714532 0.95226
6 41961123 rs4714533 0.95042
6 41961319 rs7750163 0.97839
6 41961335 rs116228433 0.37704
6 41961426 rs13216308 0.97404
6 41961824 rs146721126 0.19896
6 41962225 rs114887899 0.022033
6 41962433 rs4714534 0.98505
6 41962449 rs4714535 0.98761
6 41962692 rs7738113 0.94839
6 41962741 rs138695227 0.14692
6 41962805 rs7756712 0.9979
6 41962820 rs113565514 0.0012945
6 41963034 rs140052835 0.089688
6 41963069 rs9381112 1.0e-300
6 41963074 rs114899211 4.7946e-14
6 41963274 rs144263828 0.73268
6 41963313 rs76256187 2.6203000000000004e-11
6 41963449 rs73426302 0.0013168
6 41963783 rs182204420 0.802
6 41964134 rs139551958 0.603
6 41964254 rs4714536 0.64113
6 41964498 rs140262187 0.009136100000000001
6 41964589 rs57958307 0.17485
6 41964637 rs9357378 4.73e-05
6 41964641 rs55863894 0.38423
6 41964676 rs138646776 0.8396
6 41964924 rs9357379 0.50046
6 41964954 rs9369321 0.51794
6 41964970 rs9381114 0.5199699999999999
6 41965076 rs6904394 0.47234
6 41965147 rs9394848 0.49466000000000004
6 41965182 rs6904586 0.49482
6 41965252 rs6927373 0.4952
6 41965428 rs6904985 0.49257
6 41965486 rs75256835 0.059721
6 41965549 rs138546124 0.31664000000000003
6 41965651 rs542120361 0.79691
6 41965807 rs4714537 0.47888000000000003
6 41966136 rs9471717 0.47773999999999994
6 41966164 rs9462760 0.48201000000000005
6 41966254 rs555595149 0.6834399999999999
6 41966300 rs12206672 1.0635999999999998e-73
6 41966345 rs539842806 0.060327
6 41966433 rs191897003 0.55685
6 41966542 rs4452641 0.48141000000000006
6 41966659 rs58519945 0.3734
6 41966729 rs113639898 0.10855
6 41967121 rs144287463 0.7513
6 41967228 rs147801269 0.8143
6 41967231 rs141078234 0.25556
6 41967443 rs4711695 0.45961
6 41967501 rs12661263 1.0e-300
6 41967512 rs7754319 0.4816
6 41967528 rs570583807 0.16410999999999998
6 41967540 rs146931251 0.79509
6 41967698 rs137954315 4.8983e-16
6 41967830 rs4714538 0.46118000000000003
6 41967934 rs35829548 5.221899999999998e-218
6 41968088 rs143411127 0.78927
6 41968139 rs148345135 0.7911199999999999
6 41968180 rs13207451 9.125699999999997e-219
6 41968668 rs116565956 2.2274e-16
6 41968754 rs9471721 0.44338999999999995
6 41968930 rs138329446 0.69303
6 41969287 rs191667291 2.9592e-11
6 41969367 rs115972896 0.009384100000000001
6 41969544 rs4714539 0.49328
6 41969633 rs530798216 0.18517999999999998
6 41969665 rs9767067 0.30036999999999997
6 41969768 rs4714540 0.49555
6 41969894 rs74883521 0.3497
6 41969928 rs144417304 0.7847
6 41969941 rs4437455 0.62558
6 41970224 rs190169684 8.4611e-14
6 41970318 rs4380741 0.49316000000000004
6 41970342 rs6935646 5.871799999999998e-78
6 41970404 rs12526550 1.2771999999999996e-205
6 41970622 rs115513822 0.5775600000000001
6 41970747 6:41970747_A_G 0.9770200000000001
6 41970896 rs140638828 0.29075
6 41971583 rs142847950 0.74234
6 41971901 rs9369322 0.62797
6 41971907 rs144299688 0.0016439
6 41972134 rs9369323 0.5108
6 41972220 rs147625114 3.8233000000000006e-11
6 41972233 rs537036246 0.44048000000000004
6 41973168 rs535503025 0.090283
6 41973503 rs9357381 0.50759
6 41973743 rs12210079 3.2981999999999997e-78
6 41973744 rs4711696 0.6542
6 41973791 rs139695570 0.26782
6 41973822 rs11755928 9.192099999999996e-218
6 41973918 rs9367124 0.16454000000000002
6 41974321 rs115981033 0.12168
6 41974372 rs554109148 0.0036631999999999997
6 41974909 rs141366706 0.24605
6 41974953 rs61462530 0.0015857999999999998
6 41975004 rs4714546 0.5993
6 41975052 rs118103136 0.0077703
6 41975122 rs150209473 0.5485800000000001
6 41975322 rs9462762 5.6392e-10
6 41975679 rs114622370 0.040305
6 41975693 rs182679717 5.5371000000000005e-17
6 41975732 rs9462763 0.57106
6 41975846 rs12200559 3.3109e-59
6 41975906 rs143652290 0.0063872
6 41976269 rs142871491 1.8239e-47
6 41976460 rs7774526 0.5666399999999999
6 41976471 rs7756304 0.56633
6 41976838 rs116614575 0.9243399999999999
6 41976973 rs3924130 1.0e-300
6 41977088 rs7449838 0.56581
6 41977243 rs192445493 5.6084e-09
6 41977713 rs78419250 0.6759999999999999
6 41977937 rs11756584 1.0025999999999996e-189
6 41977988 rs12527752 0.59746
6 41978065 rs73733061 0.58187
6 41978274 rs4607417 0.011419
6 41978306 rs9471726 0.6442899999999999
6 41978412 rs4445045 1.2579999999999997e-143
6 41978552 rs138660539 0.23706
6 41978657 rs73733063 0.61962
6 41978986 rs149703400 0.8398
6 41979105 rs57484521 6.342299999999998e-144
6 41979204 rs12530094 0.5866100000000001
6 41979246 6:41979246_A_T 0.099966
6 41979513 rs753172853 0.7266199999999999
6 41979555 rs139121020 0.0085781
6 41979564 rs12530141 0.5796100000000001
6 41979565 rs12528337 0.86064
6 41979605 rs778565058 0.11928
6 41979730 rs146639346 0.52478
6 41979821 rs75752556 0.20629
6 41980117 rs4272212 2.3152e-11
6 41980201 rs4714547 0.17526
6 41980255 rs9471727 5.4401e-37
6 41980300 rs183592977 0.93066
6 41980402 rs188079997 0.039310000000000005
6 41980666 rs6921368 3.8142999999999994e-210
6 41980871 rs6922061 8.192399999999996e-210
6 41980937 rs56056026 1.0e-300
6 41981019 rs115139943 0.40025
6 41981065 rs114621753 0.5033
6 41981077 rs9349211 1.0257999999999994e-209
6 41981297 rs114724710 0.44311000000000006
6 41981392 rs9349212 1.711599999999999e-209
6 41981510 rs60223017 2.4086e-11
6 41981765 rs10948002 5.254599999999998e-209
6 41981841 rs59332765 0.40979
6 41981878 rs6912057 8.323699999999996e-210
6 41981902 rs540614861 0.0047217
6 41981920 rs189333242 1.2178e-07
6 41982032 rs141190851 0.9789100000000001
6 41982391 rs75955997 0.31163
6 41982451 rs10948003 3.393699999999999e-142
6 41982893 rs9471728 3.1865e-37
6 41982953 rs6928971 1.0e-300
6 41982957 rs6906330 1.0e-300
6 41983371 rs12175190 1.0e-300
6 41983379 rs4711697 1.0e-300
6 41983395 rs9462764 1.0e-300
6 41983431 rs4714548 1.0e-300
6 41983519 rs4714549 1.0e-300
6 41983835 rs10807272 1.8631e-49
6 41983925 rs147699362 0.2538
6 41983971 rs10948004 2.2018999999999993e-133
6 41984017 rs142317325 0.021613999999999998
6 41984265 rs78141248 0.20898000000000003
6 41984274 rs79898229 0.34399
6 41984385 rs140881081 0.40647
6 41984509 rs150174031 0.40958
6 41984648 rs79695329 0.47621
6 41984822 rs774315238 0.13460999999999998
6 41985229 rs13204359 9.234700000000002e-15
6 41985436 rs9381118 7.4237e-14
6 41985518 rs73733067 0.65563
6 41985615 rs369389308 0.058024
6 41985627 rs9357382 1.8335e-15
6 41985882 rs191425685 0.7982600000000001
6 41985913 rs118140399 1.2292999999999999e-09
6 41985927 rs374693216 0.049488
6 41986208 rs10807273 2.1214e-37
6 41986269 rs72664259 1.8602e-05
6 41986273 rs4714550 2.1893000000000002e-05
6 41986427 rs142449754 1.7077999999999998e-05
6 41986617 rs150909404 1.5679000000000001e-09
6 41986777 rs75154565 0.15500999999999998
6 41986808 rs60147533 6.6372e-08
6 41986862 rs193251481 0.99366
6 41987268 rs145559449 0.00021535
6 41987451 rs4711698 1.6839000000000003e-05
6 41987544 rs9367125 1.0e-300
6 41987667 rs78730289 0.089239
6 41987688 rs4711699 1.1269e-08
6 41987726 rs180934712 0.11574000000000001
6 41987765 rs6458265 0.2355
6 41987788 rs9394849 1.7607e-38
6 41987832 rs147870646 0.0098566
6 41987893 rs148937692 9.1213e-10
6 41987994 rs9394850 0.34893
6 41988145 rs115122695 0.097731
6 41988384 rs114056474 0.14420999999999998
6 41988430 rs79444255 0.11406
6 41988516 rs759351896 0.4085
6 41988582 rs4320368 0.72934
6 41988593 rs6937803 0.20501999999999998
6 41988742 rs56144648 1.0541e-05
6 41988756 rs9471732 0.63435
6 41988842 rs6917992 0.32033
6 41988944 rs756462038 0.7905300000000001
6 41989249 rs55834072 1.5320999999999998e-05
6 41989688 rs11751200 3.1634e-09
6 41989718 rs6901077 1.7861e-05
6 41989747 rs577561244 1.0139e-09
6 41989828 rs9471733 6.6017000000000005e-09
6 41989853 rs147298210 0.7651899999999999
6 41989858 rs7760280 0.73843
6 41989930 rs144703702 2.3009e-07
6 41989989 rs10948005 3.604e-09
6 41990136 rs78560252 0.7249899999999999
6 41990259 rs149983496 0.76771
6 41990449 rs77898797 1.1082e-09
6 41990540 rs62415868 2.8768e-09
6 41990791 rs72664260 1.626e-05
6 41990827 rs56007794 1.693e-05
6 41990941 rs4714551 1.4227000000000001e-05
6 41991039 rs76010090 0.076809
6 41991047 rs548209528 1.3695999999999998e-11
6 41991061 rs4714552 1.5271e-05
6 41991069 rs145594918 0.020993
6 41991105 rs79211824 0.34094
6 41991133 rs9471734 1.1455e-33
6 41991347 rs78939020 0.7950699999999999
6 41991445 rs112020086 0.36761
6 41991515 rs115690744 0.23078
6 41991617 rs559377313 0.8894799999999999
6 41991675 rs113064794 0.75452
6 41991737 rs7750967 1.048e-05
6 41991740 rs7750688 1.0420999999999999e-05
6 41991870 rs9394851 0.29022
6 41991913 rs9357383 1.0235e-05
6 41991942 rs372622943 0.10869000000000001
6 41992279 rs62415869 2.339e-09
6 41992344 rs4714553 4.500199999999999e-11
6 41992460 rs187179319 0.68615
6 41992518 rs4711702 1.0670999999999998e-05
6 41992571 rs141027631 0.61465
6 41992694 rs756331100 0.003196
6 41992720 rs148221389 0.0955
6 41992983 rs4714554 3.1011e-49
6 41993007 rs9369324 3.825099999999999e-89
6 41993167 rs7770391 2.8034999999999987e-188
6 41993229 rs4714556 7.969899999999997e-137
6 41993365 rs76583279 0.35768
6 41993479 rs115724923 0.3867
6 41993554 rs369942993 0.0054872
6 41993656 rs9471735 4.4957999999999974e-206
6 41993688 rs12214723 3.5444999999999996e-37
6 41993861 rs7753265 5.842599999999997e-206
6 41994015 rs181284761 1.1860999999999998e-37
6 41994183 rs9394852 2.3773e-49
6 41994323 rs142890159 0.00073674
6 41994380 rs151031330 0.028729
6 41994481 rs115253804 0.54623
6 41994569 rs9471736 4.1208999999999997e-10
6 41994716 rs144132761 0.078573
6 41994897 rs114118212 1.0013e-09
6 41994967 rs148849584 2.4371e-10
6 41994973 rs35128272 4.782999999999999e-70
6 41995297 rs9369325 5.1556999999999975e-200
6 41995361 rs4365924 1.0e-300
6 41995496 rs10948006 5.301999999999999e-127
6 41995547 rs9394853 1.1965999999999997e-66
6 41996009 rs73428370 0.9979299999999999
6 41996607 rs9381120 2.256399999999999e-251
6 41996699 rs80211614 4.474999999999998e-243
6 41996708 rs570342987 0.43572
6 41996800 rs7749541 0.45631000000000005
6 41996828 rs115735270 0.25539
6 41996956 rs79986923 1.5152e-39
6 41997182 rs77232756 0.94215
6 41997323 rs140333591 0.62551
6 41997377 rs9381121 6.211899999999998e-242
6 41997384 rs9381122 1.4178999999999994e-168
6 41997487 rs12528470 2.8055e-05
6 41997698 rs9367126 1.0e-300
6 41997837 rs115086817 0.17614000000000002
6 41997926 rs9357384 1.642599999999999e-299
6 41998018 rs77925148 0.9765
6 41998282 rs56053740 1.4372999999999998e-13
6 41998311 rs61307979 0.23521999999999998
6 41998545 rs200402382 0.40976999999999997
6 41998670 6:41998670_G_A 0.073076
6 41998963 rs75530981 0.8877299999999999
6 41999003 rs80080085 6.8464999999999995e-09
6 41999125 rs4711703 8.3042e-31
6 41999232 rs766691785 0.27653
6 41999358 rs13211412 6.0683e-07
6 41999796 rs186152686 0.97672
6 41999809 rs12199246 1.5789e-33
6 42000210 rs150629183 0.80311
6 42000303 rs79132119 6.3884e-09
6 42000456 rs80031019 0.65213
6 42000512 rs115440891 0.15037
6 42000584 rs77320037 0.60831
6 42000671 rs34226811 1.0522999999999996e-113
6 42000962 rs12202546 3.0854e-33
6 42001134 rs148447776 5.2736000000000005e-09
6 42001193 rs114057280 1.0368999999999998e-32
6 42001197 rs373594378 0.0033309
6 42001772 rs77028264 9.8067e-33
6 42002133 rs191312723 0.98349
6 42002383 rs78138774 8.327799999999999e-33
6 42002694 rs533988174 0.00026046
6 42002867 rs13194688 7.186799999999999e-19
6 42002878 rs76482034 3.3183e-33
6 42003084 rs10948007 6.761e-33
6 42003145 rs142018879 0.93689
6 42003159 rs148077424 0.18084
6 42003478 rs570357558 0.72915
6 42003573 rs189994251 0.9853700000000001
6 42003771 rs147191402 0.95434
6 42003802 rs4714557 1.5505e-30
6 42004171 rs180727395 0.83491
6 42004330 rs114015578 0.18066
6 42004604 rs572582922 0.17670999999999998
6 42004803 rs12202607 8.989e-33
6 42004869 rs147804102 1.5821e-08
6 42006304 rs4400214 2.2430000000000004e-24
6 42006528 rs145178246 0.47496000000000005
6 42006736 rs146842448 0.61206
6 42006750 rs115808640 0.10405999999999999
6 42006958 rs73733074 0.088443
6 42007077 rs9394855 5.730299999999998e-200
6 42007403 rs67289879 5.569e-07
6 42007468 rs12661131 2.3961999999999994e-95
6 42007571 rs4481419 1.2851e-24
6 42007877 rs115597780 9.9885e-09
6 42007993 rs188383673 0.9512299999999999
6 42008143 rs4236078 0.21511999999999998
6 42008203 rs13206037 1.8687e-07
6 42008394 rs371557105 0.10919000000000001
6 42008637 rs4714558 6.0683999999999995e-25
6 42008814 rs115968981 0.44601
6 42009106 rs78790875 1.4358e-08
6 42009222 rs116382789 0.045906
6 42009331 rs4331978 4.4157e-09
6 42009564 rs560789413 0.0808
6 42009583 rs4333413 1.195e-07
6 42010161 rs139088401 0.10852
6 42010175 rs149917140 1.0416e-08
6 42010272 rs148621001 0.11264
6 42010302 rs143865154 0.042210000000000004
6 42010420 rs12200388 1.1234999999999999e-36
6 42010632 rs115201044 0.10920999999999999
6 42010681 rs13215373 1.149e-07
6 42010850 rs4236079 0.0065751
6 42011311 rs12202319 8.6032e-24
6 42011347 rs140986754 0.054922000000000006
6 42011405 rs150226098 0.10853
6 42011569 rs4346850 1.4429e-07
6 42011611 rs182429708 0.0025445999999999997
6 42011679 rs563732312 0.49201000000000006
6 42011717 rs4516936 1.2232e-07
6 42011923 rs73733077 0.49904
6 42012024 rs114590912 3.3824e-39
6 42012159 rs4554318 7.279699999999998e-146
6 42012488 rs74916404 0.32389
6 42012786 rs142937763 0.38287
6 42013020 rs9381126 0.0016834
6 42013042 rs6919122 3.542e-41
6 42013049 rs6942118 7.185e-05
6 42013360 rs6458267 6.234099999999998e-42
6 42013763 rs79710947 0.3366
