CHR BP SNP P
11 66095234 rs116196071 0.65182
11 66095623 rs112408127 0.214
11 66095824 rs114595470 0.74112
11 66096065 rs144711684 0.32131
11 66096152 rs1190626 0.28909
11 66096414 rs66733929 0.52027
11 66096456 rs1190627 0.44861999999999996
11 66096496 rs1190628 0.30129
11 66096546 rs112159374 0.0017226
11 66096758 rs561238199 0.64095
11 66097182 rs184966086 0.069944
11 66097735 rs1190630 0.30171
11 66097827 rs116508559 0.22548
11 66098173 rs7943794 0.71975
11 66098322 rs11823140 2.88e-06
11 66098632 rs115284368 0.42778999999999995
11 66098904 rs150379440 0.6067600000000001
11 66099079 rs35947684 3.4986999999999994e-07
11 66099135 rs57004348 0.93435
11 66099222 rs11823756 0.31647
11 66099314 rs528116914 0.068069
11 66099323 rs71457711 0.0019742
11 66099494 rs2282531 1.9075e-06
11 66099888 rs61547186 0.58786
11 66099987 rs1784029 1.2168000000000001e-06
11 66100043 rs2282532 0.63708
11 66100119 rs143749510 0.9681299999999999
11 66100152 rs1784030 0.27494
11 66100430 rs1785639 1.5467e-06
11 66100569 rs76359943 0.12903
11 66100693 rs75904234 0.054287
11 66100695 rs58221849 0.93942
11 66100732 rs138760461 0.31689
11 66100818 rs115029365 0.6228
11 66101085 rs116695211 0.083872
11 66101257 rs139287017 0.33769
11 66101258 rs533786197 0.14212
11 66101974 rs3016317 0.9346399999999999
11 66101978 rs10896110 1.1797e-07
11 66102088 rs3814740 0.9179200000000001
11 66102465 rs141270180 0.7411800000000001
11 66102557 rs117873455 0.00071389
11 66102739 rs146525390 0.43527
11 66102769 rs7950463 0.9472200000000001
11 66102807 rs10444359 1.147e-07
11 66102991 rs192812581 0.26073
11 66103046 rs3016763 0.5605100000000001
11 66103206 rs146672437 0.0012657
11 66103481 rs140145986 0.00025567
11 66103490 rs116785901 0.68566
11 66103494 rs187847928 0.009492200000000001
11 66103565 rs192954875 0.40216999999999997
11 66103664 rs200216126 0.49032
11 66104010 rs188283064 0.35163
11 66104057 rs3016316 0.9532200000000001
11 66104564 rs77296640 0.60755
11 66104993 rs3116068 1.9332e-05
11 66105170 rs375487769 0.8593
11 66105194 rs1052566 0.51753
11 66105661 rs11827816 0.495
11 66105817 rs2276106 0.5316
11 66106090 rs139958271 0.45966
11 66106261 rs143489952 0.52372
11 66106701 rs1320675 0.097126
11 66106725 rs948360 0.98916
11 66107191 rs75928472 0.94832
11 66107320 rs2016960 0.98764
11 66107527 rs1785633 3.6079000000000002e-06
11 66107543 rs115148520 0.75373
11 66107555 rs188771254 0.86426
11 66107674 rs1784035 0.28264
11 66107709 rs58024886 0.092543
11 66107922 rs947977 0.17475
11 66107950 rs948359 0.23469
11 66108255 rs17850564 0.24781
11 66108296 rs116853990 0.18986
11 66108660 rs947978 3.5456999999999998e-06
11 66108670 rs143659154 0.030351999999999997
11 66108971 rs199548009 0.6421899999999999
11 66109033 rs11537993 2.1488999999999998e-08
11 66109309 rs34306460 0.96609
11 66109504 rs79923111 0.29086
11 66109779 rs1784037 0.37811
11 66109780 rs1785632 0.22601
11 66110011 rs74317146 0.60527
11 66110666 rs10750784 4.2862e-06
11 66111251 rs1892940 3.2244e-06
11 66111720 rs114164723 0.48262
11 66111901 rs35309950 0.8821899999999999
11 66112574 rs1190624 0.22751999999999997
11 66113198 rs182104341 0.30487
11 66113327 rs141108052 0.39374000000000003
11 66114030 rs1190625 0.44365
11 66114189 rs142956522 0.83645
11 66114900 rs11537930 0.72383
11 66115287 rs190406850 0.58617
11 66115690 rs10896111 4.5561e-06
11 66115782 rs35166611 1.8911e-08
11 66115879 rs11227465 3.4977e-06
11 66115962 rs34194821 0.5827100000000001
11 66116153 rs115485588 0.40209
11 66116191 rs184595716 0.70628
11 66116836 rs10896112 4.149e-06
11 66116911 rs4930355 0.49871000000000004
11 66116966 rs144303584 0.12492
11 66117111 rs10896113 1.1784e-07
11 66117113 rs10791869 4.512e-06
11 66117349 rs147805457 0.32827
11 66117883 rs1785624 0.33725
11 66117975 rs150027594 0.26864
11 66118016 rs145365813 0.3264
11 66118217 rs7110944 4.3867e-06
11 66118531 rs77595199 0.33191
11 66118676 rs1785623 0.24194000000000002
11 66118794 rs118009540 0.11112000000000001
11 66119216 rs150342517 0.20651999999999998
11 66119297 rs570058770 0.15192999999999998
11 66119432 rs72938583 0.53622
11 66119563 rs7395670 4.7827e-07
11 66119574 rs7395667 5.409399999999999e-07
11 66119954 rs147356600 0.24929
11 66120095 rs3016767 3.1924e-06
11 66120275 rs544107638 0.36136999999999997
11 66120683 rs188924893 0.068651
11 66120784 rs4930177 3.3295e-06
11 66120803 rs11601396 3.9596e-06
11 66121055 rs149850502 0.48058999999999996
11 66121232 rs117385910 0.12777
11 66121233 rs116619834 0.5989300000000001
11 66122772 rs572052232 0.26995
11 66122813 rs191969379 0.36480999999999997
11 66122947 rs148033667 0.69165
11 66123043 rs10791871 0.27919
11 66123250 rs10750785 0.27919
11 66123599 rs140845507 0.18625
11 66124252 rs181739449 0.26016999999999996
11 66124783 rs187692793 0.0016094000000000002
11 66124833 rs565736416 0.26995
11 66125276 rs78699415 0.58265
11 66125277 rs78051324 0.58198
11 66125457 rs142919075 0.06853200000000001
11 66125461 rs68162171 0.48607
11 66125588 rs75394335 0.5255
11 66125672 rs137919574 0.3195
11 66125735 rs574176004 0.37548000000000004
11 66126169 rs12794121 2.7318000000000003e-06
11 66126768 rs188322285 0.6359
11 66126881 rs12099209 0.08796699999999999
11 66126889 rs181873707 0.8184600000000001
11 66127235 rs191342415 0.45983999999999997
11 66127344 rs74463737 0.6247
11 66127620 rs181418774 0.38847
11 66127639 rs73489638 2.9432e-06
11 66127752 rs56123976 2.99e-06
11 66127926 rs7130857 0.27444
11 66127963 rs79104134 0.08807899999999999
11 66128014 rs78460781 0.23246
11 66128482 rs573403409 0.39269
11 66128791 rs7104297 0.27403
11 66129442 rs4930178 2.6849e-06
11 66129488 rs4244813 2.7556999999999997e-06
11 66129586 rs575963063 0.28861
11 66130077 rs183547244 0.39871
11 66130477 rs116864252 0.96429
11 66130548 rs1047029 2.7295999999999997e-06
11 66130628 rs148959185 0.3329
11 66130717 rs112593209 0.70814
11 66130736 rs1039593 0.32463000000000003
11 66130772 rs540571414 0.52523
11 66130847 rs117647993 0.67277
11 66131149 rs1039594 2.7687e-06
11 66131253 rs115301255 0.70491
11 66131299 rs75624222 0.27433
11 66131365 rs141399347 0.24929
11 66131906 rs7125100 0.2813
11 66132124 rs7111197 0.27666
11 66132151 rs12577196 2.7092000000000003e-06
11 66132217 rs12576293 2.6758999999999997e-06
11 66132286 rs12576299 2.7742e-06
11 66132414 rs7126064 0.49201000000000006
11 66132566 rs7126018 3.3454e-06
11 66133082 rs3867130 0.57617
11 66133291 rs146348329 0.83781
11 66133311 rs4930358 0.27714
11 66133336 rs2279861 2.6876999999999997e-06
11 66133380 rs8187660 0.49083999999999994
11 66133643 rs8187661 0.095966
11 66133772 rs144495338 0.15156
11 66134085 rs8187658 1.1367e-06
11 66134144 rs1344410 0.4259
11 66134252 rs1566871 0.28295
11 66135179 rs2279862 2.7602e-06
11 66135614 rs12416747 2.4562e-06
11 66135677 rs72940520 0.0041412
11 66135898 rs2292123 0.61177
11 66136731 rs77620085 0.1603
11 66136961 rs146937376 0.81606
11 66137654 rs115267613 0.07363
11 66138095 rs189326274 0.9098200000000001
11 66138434 rs10791872 2.6204000000000004e-06
11 66139187 rs141548007 0.8934200000000001
11 66139310 rs144997123 0.097049
11 66139640 rs72557994 0.0014200999999999999
11 66139854 rs12281049 0.27091
11 66140397 rs7107191 2.4871e-06
11 66140771 rs185977718 0.66694
11 66141093 rs80277919 0.09588200000000001
11 66141277 rs4930359 0.27168000000000003
11 66141309 rs75278558 0.134
11 66142031 rs550560869 0.66694
11 66143012 rs183990567 0.5876399999999999
11 66143256 rs11821532 0.5092899999999999
11 66143285 rs150988800 0.076472
11 66143286 rs181991170 0.7357100000000001
11 66143543 rs6421643 0.30052
11 66143650 rs140856844 0.68788
11 66143764 rs112603374 0.70938
11 66143797 rs10896114 1.366e-06
11 66144100 rs12364904 0.46942
11 66144623 rs532953864 0.061530999999999995
11 66145917 rs10896115 2.9467e-06
11 66146017 rs187501723 0.31704
11 66146019 rs148353919 0.096733
11 66146487 rs57925533 0.1189
11 66146589 rs11823581 0.089385
11 66147068 rs35599411 0.033561
11 66148111 rs7948058 2.3913e-06
11 66148374 rs34272485 0.22632
11 66148417 rs75597224 0.11738
11 66148446 rs76788116 0.43255
11 66148494 rs142218353 0.9167200000000001
11 66148995 rs60227309 0.6335
11 66149124 rs181418265 0.89223
11 66149559 rs35936931 0.52135
11 66149654 rs10896116 3.4664999999999998e-06
11 66150320 rs28655015 0.085385
11 66150357 rs75326264 0.11560999999999999
11 66150736 rs138517554 0.076942
11 66150767 rs61891449 2.7293000000000003e-06
11 66150869 11:66150869_G_A 0.85745
11 66151649 rs10750786 0.49876000000000004
11 66152119 rs150863712 0.17415
11 66152302 rs11227472 0.00172
11 66152401 rs367955197 0.07776799999999999
11 66152568 rs117548540 0.33166
11 66152586 rs55998145 2.7847e-06
11 66152832 rs7931458 2.8043e-06
11 66153634 rs190389752 0.24645999999999998
11 66153918 rs3850949 0.41811000000000004
11 66154258 rs188745547 0.56197
11 66154306 rs4930361 0.63631
11 66154360 rs4930362 3.1556e-06
11 66154762 rs73503311 0.48628000000000005
11 66154777 rs7117630 3.6836e-06
11 66154928 rs79958444 0.5032399999999999
11 66154947 rs142103958 0.081352
11 66155385 rs186747521 0.44191
11 66155389 rs6591213 3.818999999999999e-06
11 66155430 rs140211344 0.05881
11 66155490 rs150447996 0.7155100000000001
11 66155537 rs567827495 0.094289
11 66155621 rs7104253 3.1569e-06
11 66155842 rs115482366 0.7176
11 66156051 rs7122108 0.74712
11 66156080 rs75003446 0.00067757
11 66156532 rs193078128 0.014485
11 66156765 rs905770 3.4826e-06
11 66156784 rs114693271 0.27045
11 66156918 rs2062886 0.047819
11 66156963 rs144724152 0.64959
11 66157432 rs4930179 2.9963e-06
11 66157957 rs68047341 0.38847
11 66157987 rs56039471 0.08137899999999999
11 66158235 rs189646668 0.27226999999999996
11 66158253 rs573455794 0.10784
11 66158255 rs533302699 0.36167
11 66158272 rs540046276 0.25192
11 66158276 rs139456416 0.087326
11 66158290 rs528977157 0.88349
11 66158302 rs149658199 0.70711
11 66158407 rs34043951 3.1267e-06
11 66158466 rs34361331 1.2785000000000001e-11
11 66158471 rs148416077 0.23676999999999998
11 66158571 rs3862388 1.7555e-07
11 66159098 rs7104570 3.7236000000000002e-06
11 66159154 rs7104965 0.37632
11 66159157 rs77006233 0.5105
11 66159390 rs7105015 3.7002999999999995e-06
11 66159479 rs7105162 0.63726
11 66159595 rs7105401 3.8517e-06
11 66159754 rs182662429 0.48978999999999995
11 66159763 rs571486652 0.17006
11 66159830 rs66810040 3.1394999999999998e-06
11 66160072 rs560583144 0.36167
11 66160073 rs7938591 1.8161e-06
11 66160099 rs182604214 0.16919
11 66160247 rs7938930 0.46263999999999994
11 66160430 rs76566956 0.51045
11 66160806 rs565110732 0.256
11 66161018 rs150390454 0.14834
11 66161065 rs114770060 0.38561
11 66161072 rs56321771 3.0776e-06
11 66161152 rs71457714 0.38861
11 66161214 rs61891451 1.6672999999999998e-07
11 66161370 rs4930181 3.1579000000000003e-06
11 66161463 rs10896117 1.4567e-06
11 66161558 rs191771920 0.11614000000000001
11 66161617 rs71457715 0.38665
11 66161772 rs79862543 0.5324399999999999
11 66162053 rs142601332 0.4133
11 66162133 rs61891452 0.62889
11 66162171 rs189612404 0.36196
11 66162195 rs79041386 0.41253999999999996
11 66162419 rs7125752 4.1006999999999995e-06
11 66162560 rs114823889 0.7446699999999999
11 66162587 rs4630308 3.1220999999999997e-06
11 66162707 rs79311001 0.50215
11 66163056 rs112631128 0.14808
11 66163181 rs574355837 0.045814
11 66163546 rs145127639 0.37861999999999996
11 66163547 rs10896118 3.6486e-06
11 66163601 rs12418706 3.1122000000000005e-06
11 66163794 rs12420203 3.1517000000000002e-06
11 66163923 rs145815173 0.36463
11 66164002 rs11823692 0.53541
11 66165092 rs11227474 3.919e-06
11 66165359 rs117454858 0.071613
11 66165579 rs114245499 0.41684
11 66166262 rs75029371 0.10286
11 66166506 rs10791875 0.63763
11 66166529 rs181410756 0.46748999999999996
11 66167038 rs76202553 0.86561
11 66167406 rs7938676 4.5184e-06
11 66167585 rs7939111 4.5201e-06
11 66167587 rs138591598 0.882
11 66167807 rs11822430 0.6644800000000001
11 66167891 rs10750787 0.7838
11 66167982 rs11822896 0.7065
11 66168215 rs117199075 0.5272100000000001
11 66168246 rs4290235 0.64261
11 66168601 rs72940562 0.017906000000000002
11 66169177 rs72940563 0.4162
11 66169578 rs374072369 0.45405
11 66169646 rs10791876 4.7577e-06
11 66169676 rs4930363 3.9261e-06
11 66170024 rs191115208 0.8036300000000001
11 66170045 rs75554204 0.74461
11 66170092 rs78607917 0.069233
11 66170535 rs183663323 0.17057
11 66170611 rs6591215 3.7993e-06
11 66171105 rs55978400 0.5578
11 66171166 rs192649072 0.3596
11 66171200 rs79303878 0.39041
11 66171440 rs10896119 0.00055671
11 66171492 rs181966497 0.49749
11 66171616 rs143560904 0.39403
11 66171621 rs6591216 3.7634e-07
11 66171969 rs140569311 0.08745800000000001
11 66172258 rs7115577 3.6585e-06
11 66172882 rs112156689 0.36973
11 66172910 rs7940980 4.3798e-06
11 66172940 rs115638859 0.39207
11 66173250 rs11826288 0.76681
11 66173400 rs11227478 6.747e-07
11 66173773 rs1532823 0.78937
11 66173990 rs147129618 0.52908
11 66174653 rs6591217 3.0662999999999998e-06
11 66174779 rs192481824 0.47193
11 66175261 rs1546358 3.0325e-06
11 66175372 rs75469038 0.08301599999999999
11 66175375 rs561931844 0.5194300000000001
11 66175926 rs78133233 0.92096
11 66176138 rs4930364 0.8145899999999999
11 66176155 rs4930365 1.0643e-05
11 66176156 rs4930366 1.0887000000000001e-05
11 66176161 rs61734160 0.3512
11 66176237 rs556916249 0.11372
11 66176395 rs140559229 0.26127
11 66176920 rs11227480 0.087795
11 66177067 rs145277210 0.6623
11 66177220 rs79672952 0.37715
11 66177952 rs2282530 1.3849e-05
11 66178679 rs74321871 0.45361
11 66178946 rs77754842 6.0955e-05
11 66179063 rs12785651 1.2072e-05
11 66179211 rs4930367 0.46141000000000004
11 66179344 rs187011134 0.11363
11 66179358 rs4930368 1.1895e-05
11 66179516 rs116711652 0.63264
11 66179556 rs12786563 1.2811e-05
11 66179732 rs114805569 0.63447
11 66179736 rs12785321 1.242e-05
11 66179800 rs114330647 0.083527
11 66179868 rs78846062 0.24759
11 66180128 11:66180128_T_G 0.6045
11 66180467 rs76007990 0.91191
11 66180729 rs146401034 0.16851
11 66180998 rs182702896 0.5716
11 66181035 rs187028596 0.45531000000000005
11 66181559 rs7131396 0.9984
11 66182012 rs139727087 0.73529
11 66182235 rs61890360 0.25994
11 66182249 rs79100447 0.18316
11 66182417 rs12577917 0.068188
11 66182450 rs72940579 6.8441e-07
11 66182559 rs193283135 0.0081562
11 66182595 rs77330481 0.00084639
11 66182804 rs185100391 0.23817
11 66182941 rs11821934 0.4285
11 66183020 rs4466842 1.7088999999999999e-06
11 66183040 rs75955704 0.81205
11 66183248 rs61468422 0.0029306
11 66183801 rs77498041 0.0032279000000000006
11 66183923 rs7935572 0.7054600000000001
11 66184112 rs79129064 0.25365
11 66184118 rs147841718 0.088003
11 66184140 rs2282529 0.0060933
11 66184517 rs76422502 0.0036461999999999996
11 66184937 rs147984617 0.6131800000000001
11 66185043 rs112904708 0.6584300000000001
11 66185095 rs573134017 0.30959000000000003
11 66185302 rs147531523 0.010791
11 66186368 rs117080540 0.16495
11 66186744 rs11227481 0.08261
11 66186882 rs7947391 0.41636999999999996
11 66186997 rs58752760 0.099734
11 66187005 rs189646779 0.18177000000000001
11 66187477 rs533153078 0.087802
11 66187598 rs529178088 0.093402
11 66187896 rs148729715 0.50754
11 66188245 rs564410999 0.9632799999999999
11 66188304 rs117297304 0.022442
11 66188725 rs141939779 0.63849
11 66188761 rs77600363 0.11474000000000001
11 66188904 rs111442339 0.35699000000000003
11 66189026 rs142322358 0.56161
11 66189093 rs578114483 0.22701999999999997
11 66189147 rs116712994 0.25090999999999997
11 66189414 rs79994868 0.11168
11 66189827 rs140363432 0.13427999999999998
11 66190495 rs189514639 0.030691000000000003
11 66191224 rs376121975 0.34778000000000003
11 66191840 rs138708121 0.0022574
11 66191859 rs71457718 0.0072223
11 66192121 rs142965018 0.082396
11 66192465 rs147463475 0.11784000000000001
11 66192680 rs77039322 0.44909
11 66192819 rs145460765 0.00098204
11 66193270 rs117404271 0.061316999999999997
11 66193393 rs188791011 0.093086
11 66194448 rs115575745 0.12568
11 66194571 rs77233136 0.8882399999999999
11 66195178 rs2511220 2.7712e-08
11 66195343 rs138260254 0.38744
11 66195755 rs76140377 0.8708799999999999
11 66196009 rs116591430 0.39566
11 66196215 rs77780417 0.24553000000000003
11 66196265 rs17495838 0.28851
11 66196368 rs192649376 0.10128999999999999
11 66196384 rs117777720 0.29467
11 66196410 rs117965801 0.50826
11 66196528 rs562523533 0.40335
11 66196552 rs143350584 0.018507
11 66196997 rs186330997 0.36688000000000004
11 66197141 rs189633243 0.10089
11 66198281 rs149921581 0.60893
11 66198298 rs144058956 0.50092
11 66198408 rs113961049 0.9421299999999999
11 66198955 rs146662663 0.062341999999999995
11 66198981 rs139123102 0.41116
11 66199362 rs79798028 0.19339
11 66199370 rs150948743 0.11943
11 66199656 rs117645490 0.8824799999999999
11 66199665 rs150233594 0.026235
11 66200094 rs145819238 0.13662
11 66200159 rs58527779 0.85541
11 66200260 rs751170603 0.31488
11 66200736 rs183745830 0.088465
11 66200805 rs147127049 0.2582
11 66200817 rs188105435 0.08921699999999999
11 66201284 rs112847725 0.12627
11 66201304 rs113870120 0.058089999999999996
11 66201493 rs150551292 0.12233
11 66201497 rs139940193 0.12304000000000001
11 66201710 rs77465793 0.47991999999999996
11 66201751 rs190075454 0.63659
11 66202215 rs3107024 2.46e-05
11 66202257 rs189549194 0.12045
11 66202352 rs71457719 0.12065999999999999
11 66202503 rs116276292 0.26852
11 66202631 rs115288658 0.08936000000000001
11 66202889 rs146283509 0.53894
11 66203025 rs2279865 0.19345
11 66203198 rs139426698 0.1194
11 66203341 rs115344092 0.34355
11 66203436 rs114592766 0.23499
11 66203894 rs148627841 0.96631
11 66204110 rs57971185 0.61733
11 66204252 rs76550332 0.23975
11 66204624 rs145756140 0.34736999999999996
11 66205216 rs190308239 0.19159
11 66205292 rs185320917 0.08942
11 66205438 rs116029543 0.39279000000000003
11 66206169 rs11110 4.3235e-09
11 66206202 rs61731813 0.84204
11 66206232 rs115560381 0.84204
11 66206953 rs78221043 0.58263
11 66206995 rs115064746 0.84198
11 66207052 rs112617997 0.0055132
11 66207248 rs114114686 0.22130999999999998
11 66207272 rs115275506 0.81283
11 66207301 rs143735343 0.062557
11 66207356 rs138657556 0.08934600000000001
11 66207460 rs141707739 0.99616
11 66207461 rs146249496 0.11984000000000002
11 66207490 rs576237718 0.30530999999999997
11 66207507 rs192025573 0.089154
11 66207515 rs141791267 0.18692999999999999
11 66207520 rs2511221 0.07181900000000001
11 66207697 rs183111039 0.11984000000000002
11 66207827 rs566459484 0.45903
11 66207837 rs140151051 1.5594e-17
11 66208394 rs189367618 0.00071666
11 66208416 rs372115729 0.0039882
11 66208461 rs570999640 0.81062
11 66208554 rs569927435 0.12426
11 66208566 rs4930182 0.20287
11 66208577 rs184543937 0.19237
11 66208624 rs377235931 0.9059200000000001
11 66208722 rs2509565 4.6067e-08
11 66208935 rs116592711 0.81247
11 66209024 rs116867234 0.20342000000000002
11 66209043 rs114196223 0.34265
11 66209087 rs534404797 0.36985
11 66209233 rs145526461 0.47848999999999997
11 66209260 rs112071262 0.34157
11 66209479 rs147720735 0.12222999999999999
11 66209491 rs57814854 0.055893
11 66209707 rs151247419 0.34842
11 66209803 rs140460612 0.84115
11 66209876 rs11826843 0.023657
11 66210496 rs118011533 0.79828
11 66210506 rs138067875 0.089288
11 66210619 rs75990029 0.40465999999999996
11 66210876 rs149535152 0.089274
11 66210910 rs11227484 0.65975
11 66210943 rs148190283 0.39818000000000003
11 66211018 rs80148595 0.19584000000000001
11 66211247 rs115840890 0.80584
11 66212150 rs56244360 0.8554299999999999
11 66212574 rs139932242 0.80483
11 66212932 rs116819595 0.088385
11 66212936 rs117689478 0.015011000000000002
11 66213457 rs559279310 0.76275
11 66213462 rs556703028 0.9655799999999999
11 66213711 rs145848151 0.35344000000000003
11 66214125 rs77230572 0.85749
11 66214343 rs144176993 0.085508
11 66214386 rs146549397 0.66935
11 66214408 rs71457722 0.21725999999999998
11 66214578 rs114563446 0.41279
11 66214859 rs17580784 0.19827
11 66215080 rs115029587 0.80534
11 66215290 rs148027648 0.074087
11 66215423 rs11227485 4.6361000000000006e-09
11 66216037 rs140846612 0.35344000000000003
11 66216403 rs111925452 0.005827399999999999
11 66216597 rs116373083 0.9813700000000001
11 66216675 rs7104378 0.19278
11 66216696 rs575636281 0.089529
11 66216697 rs537748627 0.089529
11 66216763 rs149325470 0.31040999999999996
11 66216815 rs1700184 2.4214000000000002e-05
11 66216930 rs137950169 0.34513
11 66217164 rs774391557 0.93135
11 66217490 rs147174071 0.5828
11 66217538 rs540236063 0.21781
11 66217585 rs141506672 0.99061
11 66218014 rs75579701 0.40492
11 66218057 rs4930373 0.054995
11 66218267 rs72923011 0.69897
11 66218752 rs114714174 0.80674
11 66219117 rs76867474 0.34418000000000004
11 66219354 rs74865317 0.23646999999999999
11 66219681 rs75100492 0.23795999999999998
11 66219725 rs772056174 0.69428
11 66219991 rs79051927 0.7984
11 66220139 rs78981227 0.049019
11 66220210 rs145742211 0.094957
11 66220277 rs75816733 0.015933000000000003
11 66221102 rs181640700 0.1934
11 66221451 rs61890362 8.7337e-07
11 66221549 rs546163832 0.9066299999999999
11 66221581 rs74725525 0.80862
11 66221591 rs80171008 0.3883
11 66221995 rs79927924 0.35176999999999997
11 66222090 rs559652042 0.7197399999999999
11 66222137 rs1791682 0.88039
11 66222353 rs60358007 0.19943
11 66222640 rs75203270 0.80791
11 66223158 rs1785640 2.7908e-08
11 66223295 rs79648160 0.19336
11 66224047 rs116820947 0.35097
11 66224195 rs35313216 1.2085e-17
11 66224239 rs188689460 0.088115
11 66224263 rs148571732 0.18135
11 66224287 rs143035855 0.15516
11 66224291 rs146162602 0.93845
11 66224400 rs193288739 0.088115
11 66224559 rs141838351 0.12032999999999999
11 66224804 rs74418241 0.076163
11 66225644 rs553314605 0.93176
11 66225756 rs111755661 0.12636
11 66225841 rs116514491 0.34412
11 66225876 rs151249601 0.022501
11 66226524 rs71457724 2.9008e-17
11 66227184 rs1791687 2.3792e-05
11 66228009 rs534487086 0.6695
11 66228346 rs576118483 0.21663000000000002
11 66228618 rs114883569 0.80243
11 66228713 rs35733139 0.19326
11 66228786 rs191962385 0.08880299999999999
11 66228913 rs551172790 0.063093
11 66228917 rs78539617 0.65184
11 66228951 rs4930376 5.6447e-08
11 66229111 rs764873319 0.501
11 66229388 rs150330610 0.27105
11 66229920 rs142918085 0.58262
11 66230200 rs144675029 0.08935900000000001
11 66230657 rs552345241 0.31393000000000004
11 66230676 rs74683051 0.5582699999999999
11 66230730 rs534787679 0.98649
11 66231286 rs57412357 0.95721
11 66231685 rs112906141 0.1382
11 66231831 rs561527654 0.81034
11 66231980 rs147617434 0.12703
11 66232272 rs1791677 0.63651
11 66232334 rs79848504 0.34402
11 66232688 rs114773904 0.39232
11 66232773 rs12099041 0.20472
11 66232822 rs537740984 0.40344
11 66232922 rs554514651 0.080734
11 66233398 rs148832730 0.5534100000000001
11 66233501 rs79331444 0.84524
11 66233637 rs181596883 0.6038
11 66233944 rs7925093 2.1696e-05
11 66234002 rs55955243 0.85749
11 66234023 rs7925108 2.3874000000000002e-05
11 66234102 rs182642387 0.080211
11 66234765 rs7928882 0.20389000000000002
11 66235242 rs75685325 0.19957
11 66235341 rs137920172 0.018634
11 66235409 rs140910248 0.16326
11 66235714 rs148294193 0.42343000000000003
11 66236431 rs57724777 0.20646
11 66236604 rs57691879 0.19546
11 66236736 rs114615288 0.21525999999999998
11 66236837 rs778623779 0.65205
11 66236839 rs74614290 0.6938
11 66237135 rs147251406 0.12755
11 66237178 rs11227491 0.59829
11 66237828 rs116060676 0.22191
11 66237833 rs117807401 0.0015965
11 66237909 rs140534006 0.52313
11 66237994 rs114079265 0.40991000000000005
11 66238094 rs151212489 0.51831
11 66238298 rs115637985 0.19503
11 66238990 rs149865295 0.11943
11 66239147 rs7123875 4.0201000000000004e-08
11 66240191 rs3892818 0.22526
11 66240270 rs113395351 0.12662
11 66240507 rs3892817 0.38058000000000003
11 66240517 rs908693 0.48733999999999994
11 66240882 rs2277302 0.23340999999999998
11 66241132 rs11227492 0.6952
11 66241962 rs61733826 0.71354
11 66242033 rs79668852 0.91301
11 66242063 rs142013351 0.5229699999999999
11 66242107 rs61582507 0.19113
11 66242210 rs59421767 0.2382
11 66242402 rs4930377 0.22591999999999998
11 66242603 rs7936765 0.036167000000000005
11 66242858 rs58883837 0.58262
11 66243087 rs34989499 0.63257
11 66243148 rs145732233 0.19166
11 66243374 rs116062588 0.089645
11 66244251 rs73503363 0.67373
11 66244312 rs114914888 0.38486
11 66244454 rs3179961 0.22125999999999998
11 66244471 rs79764770 0.58262
11 66244702 rs78746416 0.057952
11 66244905 rs188093272 0.51625
11 66244919 rs79509117 0.85556
11 66245408 rs77896031 0.23604
11 66245486 rs78847243 0.057773000000000005
11 66245851 rs2282640 6.1956e-09
11 66245936 rs80100524 0.23838
11 66246337 rs11821155 0.22589
11 66246863 rs56223609 0.24991999999999998
11 66246965 rs117107530 0.6785399999999999
11 66247300 rs143254414 0.8516799999999999
11 66247366 rs77944288 0.19552
11 66247489 rs146685665 0.089435
11 66247546 rs80044464 0.12476
11 66247694 rs78738431 0.9835
11 66247696 rs2279863 2.494e-05
11 66247844 rs2279864 0.23744
11 66247986 rs116082153 0.9708700000000001
11 66248339 rs116222549 0.39669
11 66248431 rs2511225 5.3538e-08
11 66248876 rs188735240 0.39478
11 66249628 rs75447316 0.39779000000000003
11 66249852 rs114567543 0.21903000000000003
11 66249898 rs11826683 0.13310999999999998
11 66250038 rs113075304 0.13325
11 66250838 rs57634456 0.22605999999999998
11 66250880 rs77618368 0.00037831
11 66250954 rs80060068 0.38282
11 66251228 rs78999944 0.23914000000000002
11 66251909 rs79770104 0.9496899999999999
11 66252180 rs576285906 0.9173100000000001
11 66252646 rs146040863 0.47373000000000004
11 66252767 rs184459084 0.10847000000000001
11 66253058 rs539039612 0.16658
11 66253084 rs555915230 0.018718000000000002
11 66253475 rs11600009 0.023788999999999998
11 66253493 rs77253792 0.060473
11 66253745 rs111339967 0.060722000000000005
11 66254085 rs11550299 0.2498
11 66254137 rs112484606 0.7228100000000001
11 66254157 rs113216220 0.13408
11 66254415 rs34011505 0.13402999999999998
11 66254462 rs116498111 0.39705
11 66254658 rs115287060 0.41022
11 66254936 rs1700188 0.28541
11 66254986 rs76541579 0.38859
11 66255138 rs146791971 0.00018342
11 66255183 rs28441671 0.060494000000000006
11 66255515 rs4930378 0.23142
11 66255574 rs115406203 0.21288
11 66255602 rs79185209 0.23789000000000002
11 66255674 rs4930379 0.24363
11 66255732 rs4930183 0.24448000000000003
11 66255764 rs4930380 0.24429
11 66256099 rs75003264 0.23651999999999998
11 66256327 rs61303821 0.065064
11 66256421 rs147024937 0.41534
11 66256581 rs7943327 0.23906
11 66256660 rs17147644 0.25361
11 66257091 rs149164814 0.0057178
11 66257246 rs76471132 0.38456999999999997
11 66257502 rs116189187 0.60144
11 66257508 rs117741368 0.065224
11 66257935 rs11828370 0.078166
11 66257949 rs11828372 0.03373
11 66257967 rs187673125 0.17457999999999999
11 66257978 rs190651960 0.6214
11 66258006 rs7950407 0.3788
11 66258019 rs7937168 0.45592
11 66258053 rs7950790 0.37628
11 66258067 rs182809431 0.1069
11 66258111 rs76869768 0.9593
11 66258266 rs138727843 0.1446
11 66258536 rs141862297 0.45825
11 66258916 rs1700189 1.3218e-05
11 66259366 rs139054866 0.8756200000000001
11 66259760 rs185445693 0.18658
11 66260038 rs116281874 0.46413999999999994
11 66260112 rs140422352 0.10722999999999999
11 66260134 rs112578033 0.061411
11 66260191 rs17849480 0.59142
11 66260338 rs144416823 0.1667
11 66260539 rs148013104 0.52865
11 66260557 rs147519149 0.1071
11 66260611 rs201801229 0.21355
11 66260874 rs141845269 0.006544100000000001
11 66261044 rs76777675 0.22971999999999998
11 66261165 rs143000945 0.9068299999999999
11 66261265 rs552045961 0.020256
11 66261584 rs117649561 0.06221
11 66261591 rs79737143 0.81082
11 66262074 rs113733200 0.1543
11 66262101 rs111462457 0.18724000000000002
11 66262262 rs144735009 0.9430200000000001
11 66262550 rs11824771 0.37271
11 66262606 rs2511224 8.372e-08
11 66262664 rs75604996 0.08028500000000001
11 66262944 rs34504069 0.9709399999999999
11 66263243 rs11227495 0.38828
11 66263435 rs56317637 0.98841
11 66263714 rs80310834 0.080603
11 66264087 rs577861353 0.09059400000000001
11 66264234 rs113195666 0.15538
11 66264264 rs79706865 0.080603
11 66264617 rs61890364 0.3047
11 66264661 rs563977690 0.24791
11 66264735 rs78013205 0.080603
11 66264889 rs137888856 0.26873
11 66264970 rs57113976 0.8086
11 66265232 rs61890365 0.00027183
11 66265551 rs7123176 0.37961
11 66265804 rs150058443 0.083509
11 66265886 rs186350795 0.76199
11 66266284 rs142248259 0.10693
11 66266367 rs73503368 0.64763
11 66266448 rs73503369 0.26297
11 66266604 rs111511881 0.39228
11 66266706 rs2444846 7.3326e-06
11 66267457 rs76902231 0.08435
11 66267990 rs116065112 0.08570499999999999
11 66268260 rs149538195 0.10685
11 66268516 rs143021759 0.15581
11 66268828 rs189571814 0.00022593
11 66269050 rs57458798 0.081888
11 66269407 rs147387990 0.042496
11 66269464 rs11227497 0.39569
11 66269714 rs11227498 0.35319
11 66269740 rs139577856 0.17396
11 66269965 rs56144989 0.39614
11 66270360 rs57207756 0.39366999999999996
11 66270774 rs17496250 0.38941
11 66270803 rs112277687 0.15581
11 66271215 rs747284885 0.090281
11 66272117 rs34253106 0.76846
11 66272128 rs114407249 0.25421
11 66272142 rs1671063 9.03e-06
11 66272207 rs146568792 0.13577999999999998
11 66272237 rs2305535 0.40112
11 66272824 rs11227499 0.40060999999999997
11 66272949 rs116594266 0.7629199999999999
11 66272976 rs10501397 0.38473
11 66273042 rs79850983 0.46681999999999996
11 66273055 rs574477535 0.50503
11 66273233 rs11227500 0.39649
11 66273460 rs138644905 0.081876
11 66273577 rs142680417 0.10680999999999999
11 66273878 rs191957579 0.0057807
11 66274072 rs11227501 0.38385
11 66274148 rs11227502 0.39624000000000004
11 66274291 rs149486394 0.74634
11 66274305 rs192041393 0.44067
11 66274385 rs115848034 0.1354
11 66274853 rs11822099 0.38189
11 66274895 rs148783282 0.8716
11 66274958 rs74933537 0.70145
11 66275026 rs75683511 0.38915
11 66275116 rs118008497 0.9512200000000001
11 66275144 rs116730668 0.46548
11 66275242 rs11227503 0.39503
11 66275367 rs190481425 0.74452
11 66275552 rs112967097 0.08190399999999999
11 66275600 rs77332308 0.08190399999999999
11 66275670 rs77330894 0.15587
11 66275923 rs61561111 0.38301
11 66276225 rs149810496 0.88574
11 66276537 rs56291132 0.80615
11 66276576 rs12421620 0.0086863
11 66276849 rs2290462 0.55518
11 66277035 rs17065 0.38866999999999996
11 66277088 rs116201101 0.86008
11 66277610 rs4542420 0.39439
11 66277969 rs55853079 1.3530999999999999e-08
11 66278017 rs146920504 0.15587
11 66278154 rs55848325 0.61516
11 66278236 rs550945105 0.58436
11 66278303 rs187667848 0.049463
11 66278426 rs113981353 0.28023000000000003
11 66278923 rs61610137 0.083071
11 66279026 rs183088220 0.011405
11 66279227 rs142113956 0.24074
11 66279261 rs11227504 0.9522
11 66279299 rs1791689 0.1452
11 66279546 rs11227506 0.34226
11 66280392 rs532437261 0.18766
11 66280441 rs142330631 0.30911
11 66281188 rs11827783 0.081731
11 66281194 rs11227509 0.39105999999999996
11 66281220 rs11227510 0.38971
11 66281244 rs11227511 0.38413
11 66281270 rs7951189 9.658999999999999e-09
11 66281291 rs11227512 0.39276
11 66281306 rs139319348 0.41003999999999996
11 66281538 rs1671062 7.0163e-06
11 66281777 rs147826739 0.79495
11 66281952 rs138744839 0.46638
11 66282095 rs2298806 0.39257
11 66283104 rs191296122 0.8829
11 66283257 rs2276406 0.39810999999999996
11 66284057 rs140293798 0.26577
11 66284058 rs57206562 0.25196
11 66285088 rs10896124 0.37719
11 66285268 rs10736656 6.990499999999999e-06
11 66285473 rs189583415 0.09765
11 66285489 rs11821143 0.08047699999999999
11 66285589 rs11821162 0.082478
11 66285647 rs181777901 0.11054000000000001
11 66285708 rs149343579 0.5354399999999999
11 66285751 rs112079997 0.15648
11 66285850 rs148524218 0.55056
11 66285888 rs548477699 0.60434
11 66286051 rs145491528 0.17469
11 66286365 rs112920962 0.082201
11 66286377 rs1671065 8.2566e-06
11 66286627 rs11227514 0.37538
11 66286644 rs111375321 0.15648
11 66287064 rs58447882 0.80593
11 66287112 rs146052054 0.6323300000000001
11 66287196 rs35520756 0.56496
11 66287383 rs11227515 0.37523
11 66287500 rs567744853 0.10828
11 66287516 rs117234086 0.39118
11 66287586 rs139622960 0.21089000000000002
11 66287789 rs112213410 0.029743000000000002
11 66288123 rs11822028 0.38573
11 66288126 rs767591599 0.10907
11 66288436 rs113096860 0.66301
11 66288674 rs534219818 0.60534
11 66288733 rs10896125 0.37418
11 66289114 rs143354579 0.1339
11 66289245 rs576606865 0.8146899999999999
11 66289269 rs148365327 0.52773
11 66289411 rs190239876 0.26111
11 66289498 rs141582785 0.08250199999999999
11 66289615 rs28414721 0.38397
11 66289636 rs191033386 0.31046
11 66289666 rs138342297 0.082517
11 66289731 rs143902863 0.078861
11 66289733 rs74710733 0.022371000000000002
11 66289768 rs113630410 0.47479
11 66290064 rs12223478 0.37321
11 66290065 rs12223479 0.37376
11 66290243 rs78176556 0.69112
11 66290435 rs76959757 0.082988
11 66290791 rs77400778 0.54576
11 66290832 rs58149913 0.083052
11 66290922 rs56177555 0.60753
11 66291263 rs35209408 0.51131
11 66291560 rs1791683 0.00034548
11 66291758 rs114607144 0.035747
11 66291768 rs574111512 0.5444899999999999
11 66291854 rs78466549 0.61031
11 66292371 rs139126639 0.7518
11 66292528 rs143996093 0.09711900000000001
11 66292801 rs147827224 0.034914999999999995
11 66292907 rs184472609 0.99756
11 66292908 rs10896126 1.3063000000000001e-08
11 66292920 rs140908582 0.22275
11 66293273 rs117112180 0.36863
11 66293652 rs113624356 0.06951900000000001
11 66293779 rs3819247 0.3739
11 66294342 rs776904794 0.41913
11 66294669 rs74491182 0.00030308
11 66294718 rs11828256 0.75278
11 66295001 rs146362603 0.8283200000000001
