CHR BP SNP P
17 44259289 rs139376647 0.51251
17 44259690 17:44259690_T_G 0.039508
17 44260018 rs144997692 0.0044296000000000006
17 44260433 rs190854554 0.9817299999999999
17 44261340 rs183058374 0.9636100000000001
17 44262517 rs142680430 0.42635
17 44262754 rs780677135 0.040066000000000004
17 44262950 17:44262950_G_A 4.5335999999999993e-57
17 44263494 17:44263494_C_A 0.91302
17 44264420 17:44264420_G_C 0.10753
17 44264584 rs148559137 0.56786
17 44265334 17:44265334_A_G 0.9021100000000001
17 44265839 17:44265839_C_T 8.059899999999997e-83
17 44266531 17:44266531_G_A 1.4882999999999998e-94
17 44268463 rs117446119 0.0029837
17 44268488 17:44268488_C_T 1.4994999999999996e-94
17 44268905 17:44268905_A_G 0.090646
17 44269922 17:44269922_T_C 5.518399999999999e-88
17 44269964 17:44269964_T_A 1.0163999999999997e-94
17 44270059 17:44270059_A_T 1.4649e-94
17 44270181 17:44270181_G_A 1.0244e-57
17 44270982 rs528622179 0.090572
17 44272166 rs376528770 0.19301
17 44273218 17:44273218_C_T 1.9088999999999994e-94
17 44274044 rs563105348 0.023549
17 44275404 rs751922075 0.40992
17 44275616 rs117464802 1.6428e-05
17 44276109 rs149022547 0.31011
17 44277265 17:44277265_A_C 1.6682999999999999e-94
17 44278742 17:44278742_A_G 1.3770999999999997e-94
17 44279069 rs117666809 0.8094399999999999
17 44279101 rs1918786 1.5944999999999994e-94
17 44279252 rs1918787 1.6506999999999996e-94
17 44279783 rs117477548 0.051771000000000005
17 44281754 rs143002542 0.76318
17 44282481 17:44282481_C_A 1.3728e-08
17 44284760 rs139566238 0.39807
17 44285332 rs149044326 0.10770999999999999
17 44286168 rs144091433 0.71015
17 44286384 17:44286384_C_A 7.2564e-58
17 44286503 rs144037969 0.053488
17 44287362 17:44287362_C_T 0.11581
17 44288281 17:44288281_C_T 1.1419999999999999e-88
17 44288284 17:44288284_G_A 2.0918999999999997e-93
17 44288579 17:44288579_T_C 1.5175999999999995e-94
17 44289046 rs140912760 0.93475
17 44289101 rs2732629 1.5055e-94
17 44289628 rs2668670 1.4860999999999998e-94
17 44289781 17:44289781_T_A 1.2567e-06
17 44289832 17:44289832_A_G 8.721099999999998e-83
17 44289959 rs145604059 0.35922
17 44290047 rs2668665 1.4849999999999995e-94
17 44290759 rs2668662 1.2844999999999997e-94
17 44291365 17:44291365_C_T 1.5149999999999995e-94
17 44291381 17:44291381_A_G 1.4972999999999995e-94
17 44291479 rs2732601 1.4996e-94
17 44291820 rs2696610 1.4983999999999998e-94
17 44291980 17:44291980_G_A 5.501e-57
17 44292126 17:44292126_T_C 1.5737999999999997e-94
17 44292235 rs116508757 0.69733
17 44292319 rs2668694 1.4653999999999996e-94
17 44293205 17:44293205_A_G 6.764999999999998e-96
17 44293671 17:44293671_A_G 1.5748999999999995e-91
17 44296103 17:44296103_C_A 9.633899999999999e-07
17 44297293 17:44297293_C_T 0.090158
17 44297565 rs146105481 0.71755
17 44307598 rs139935845 0.7124
17 44307622 rs56864675 1.6152e-06
17 44311082 rs143726776 0.77215
17 44313148 rs140388865 0.00035249
17 44313695 rs148547649 0.7132
17 44316076 rs55653937 2.2730999999999996e-94
17 44316449 rs62073098 2.0227999999999995e-94
17 44316955 rs143038311 0.73423
17 44318723 rs2732635 0.027315
17 44319366 rs2668632 9.085399999999999e-95
17 44319405 rs143267269 0.024685
17 44326895 rs79475968 0.42605
17 44332959 rs12953096 0.9490700000000001
17 44333343 rs76583033 0.0029908
17 44333423 rs2532363 1.0877999999999997e-94
17 44334052 rs62073157 9.162999999999998e-95
17 44339409 rs2732684 0.021122
17 44339461 rs11871260 0.0042542000000000005
17 44339636 rs12603479 0.0028816
17 44340334 rs56289714 0.0028271
17 44342378 rs4988900 4.350799999999999e-62
17 44342782 rs544120695 0.08893
17 44343902 rs2532345 0.50466
17 44344769 rs3744462 3.4576e-05
17 44345063 rs2732651 3.623799999999999e-86
17 44346361 rs2532337 0.026211
17 44348298 rs2950694 2.8506999999999996e-86
17 44349079 rs75257416 7.3325999999999995e-87
17 44350025 rs561790281 0.19997
17 44350090 rs2532329 4.884599999999999e-96
17 44350293 rs2732711 3.432199999999999e-91
17 44351387 rs2732708 4.885799999999998e-96
17 44351686 rs2732706 6.263399999999998e-96
17 44351743 rs2696541 6.139499999999999e-92
17 44351929 rs2732705 6.397599999999999e-96
17 44352131 rs2668622 7.482399999999998e-96
17 44353222 rs2732703 1.5110999999999996e-91
17 44353770 rs143275150 0.66101
17 44354232 rs75134797 0.002084
17 44354796 rs2732700 0.022026
17 44355602 rs2696532 1.2062999999999997e-96
17 44356058 rs62071628 6.4736e-61
17 44356793 rs2696524 6.472099999999998e-96
17 44357351 rs17665188 5.222799999999999e-96
17 44358098 rs75098428 0.0020570000000000002
17 44358286 rs74606758 0.0021159000000000004
17 44359663 rs36123991 1.8553999999999994e-92
17 44362035 rs143562817 0.29546
17 44364056 rs2732615 5.908699999999998e-87
17 44365270 rs145375602 0.48356000000000005
17 44368212 rs2957297 1.6055999999999998e-86
17 44368308 rs117491902 0.011175
17 44410226 17:44410226_T_C 0.88574
