CHR BP SNP P
6 41743244 rs201705767 0.6410899999999999
6 41743248 rs369427367 0.9169299999999999
6 41743378 rs375226871 0.05121900000000001
6 41743637 rs113904546 0.65652
6 41743693 rs111924275 0.59923
6 41743842 rs757459499 0.032479
6 41743905 rs147078849 0.6486
6 41743976 rs66711509 1.0e-300
6 41743992 rs79209577 4.525399999999999e-37
6 41744015 rs9394830 3.250199999999999e-64
6 41744517 rs115033381 0.8909
6 41744626 rs200800151 0.48452
6 41744794 rs373060628 0.11773
6 41744948 rs3761781 1.0e-300
6 41745198 rs76837337 7.4233000000000006e-06
6 41745536 rs114971639 0.6126199999999999
6 41745910 rs41273792 0.78757
6 41745989 rs3804281 2.7050999999999995e-87
6 41746029 rs112863256 0.62127
6 41746369 rs57726778 0.52999
6 41746606 rs35398242 2.5340999999999993e-87
6 41746607 rs55668741 3.3660999999999997e-87
6 41746625 rs73424024 0.7588199999999999
6 41746866 rs146449976 0.58375
6 41746980 rs115138309 0.26853
6 41747048 rs3807020 4.6514e-11
6 41747082 rs148645886 7.8988e-07
6 41747360 rs114415615 0.13505999999999999
6 41747401 rs115170319 0.53843
6 41748028 rs571253663 0.032070999999999995
6 41748053 rs12528103 0.0012732000000000002
6 41748263 rs28360509 1.0e-300
6 41748279 rs10947986 0.10092000000000001
6 41748349 rs573504513 0.4802
6 41748352 rs12193797 4.2448e-47
6 41748454 rs550943094 0.87251
6 41748697 rs566903166 0.12787
6 41748914 rs73424030 0.0011863
6 41748969 rs191934524 0.005712399999999999
6 41749017 rs533991324 6.4082e-08
6 41749283 rs560258889 0.0016724
6 41749369 rs147114195 0.37809
6 41749401 rs12528644 4.6984e-14
6 41749692 rs12523672 4.285199999999998e-169
6 41749896 rs13193974 5.0961e-55
6 41749953 rs146841979 0.61945
6 41749976 rs36026124 0.00028372
6 41750030 rs192383837 0.9877
6 41750104 rs749864959 0.027514
6 41750295 6:41750295_T_A 0.00017102
6 41750301 rs75720073 1.1212e-12
6 41750332 rs56060939 1.0e-300
6 41750351 rs34713377 1.0e-300
6 41750366 rs141864874 1.189e-17
6 41750390 rs6925323 2.5206999999999994e-168
6 41750410 rs376882451 0.023097
6 41750571 rs116673230 0.0045917
6 41750678 rs12529163 0.12295999999999999
6 41750703 rs188933609 1.8116e-28
6 41750812 rs6905726 1.2388999999999998e-169
6 41750822 rs6925777 9.991899999999996e-153
6 41751116 rs191302460 0.10522999999999999
6 41751219 rs150368829 0.61717
6 41751337 rs139498631 0.24900999999999998
6 41751487 rs538409858 0.28413
6 41751713 rs1342549 5.1515e-06
6 41752295 rs59258015 2.4012999999999998e-06
6 41752343 rs7772120 0.0012963
6 41752347 rs148401284 0.00011238
6 41752598 rs114793773 2.718199999999999e-111
6 41752730 rs140175299 0.030516
6 41752932 rs151304115 0.6209600000000001
6 41753065 rs112519549 0.33895
6 41753084 rs9394831 1.0e-300
6 41753136 rs35880970 0.29563
6 41753380 rs3747753 4.289699999999998e-155
6 41753446 rs184405755 0.61579
6 41753670 rs4318867 2.902299999999999e-168
6 41753820 rs145017799 0.11166
6 41754247 rs189654510 0.55899
6 41754291 rs142680199 0.54491
6 41754370 rs10947987 1.6950999999999994e-134
6 41754433 rs201691146 0.56626
6 41754576 rs9381093 1.0e-300
6 41754634 rs143993404 0.51659
6 41754718 rs149565703 7.3306e-05
6 41755248 rs114938973 0.38256999999999997
6 41755265 rs115742810 0.36408
6 41755297 rs73424039 0.64857
6 41755331 rs116891591 0.76885
6 41755410 rs9471653 1.0e-300
6 41755412 rs76995785 0.55791
6 41755708 rs41273794 4.1043e-13
6 41755974 rs141576295 0.41615
6 41755990 rs113230432 0.64493
6 41756101 rs530184155 0.71716
6 41756318 rs187761190 0.7066100000000001
6 41756435 rs113119104 0.38256999999999997
6 41756828 rs116447831 2.2877e-06
6 41756915 rs9471657 0.55248
6 41757148 rs115861426 0.5457
6 41757663 rs9471658 0.57428
6 41757727 rs548450758 0.12032000000000001
6 41757836 rs8393 7.071899999999997e-169
6 41757993 rs75813002 2.9972000000000003e-06
6 41758121 rs1133129 0.28758
6 41758163 rs79379385 0.17997
6 41758183 rs115561262 0.76062
6 41758226 rs115340209 2.385e-06
6 41758583 rs3747751 1.7109e-08
6 41758929 rs78113327 0.32039
6 41759846 rs3827633 1.0e-300
6 41760359 rs141063335 0.22451999999999997
6 41760372 rs3747750 1.0e-300
6 41760740 rs78263458 0.12853
6 41760796 rs574033060 0.65094
6 41760990 rs6938966 1.7273999999999998e-62
6 41761030 rs188288485 0.77703
6 41761461 rs78612937 4.8388999999999995e-06
6 41761495 rs12202219 7.762499999999999e-47
6 41761615 rs75307395 0.26253000000000004
6 41762808 rs2282444 1.7663999999999997e-54
6 41762833 rs79797986 0.23256999999999997
6 41762946 rs777906084 0.12775999999999998
6 41763012 rs188542059 0.16498
6 41763042 rs193164531 0.53705
6 41763457 rs375383805 0.30966
6 41763621 rs6919893 0.31747
6 41764080 rs6902650 3.334599999999999e-155
6 41764152 rs115260442 2.4991999999999998e-27
6 41764612 rs79479462 0.33311
6 41764658 rs150900852 0.6059
6 41764980 rs150028960 4.572e-06
6 41765059 rs74525158 0.35391
6 41765265 rs1891453 1.0e-300
6 41765419 rs16895020 0.24519000000000002
6 41765587 rs140056867 0.4796
6 41765797 rs143695492 4.6604e-06
6 41766203 rs9471661 0.60142
6 41766266 rs143673611 0.091741
6 41766425 rs151216099 0.12032000000000001
6 41766441 rs148554454 0.009435200000000001
6 41766894 rs150340995 3.0975999999999998e-06
6 41767059 rs145862079 0.15800999999999998
6 41767085 rs58899273 0.091563
6 41767958 rs182391649 0.66215
6 41768023 rs9471662 0.54908
6 41768243 rs193045020 0.11166
6 41768258 rs183733764 0.7881199999999999
6 41768442 rs543564868 0.012073
6 41768510 rs10498752 1.2034999999999996e-168
6 41769053 rs4714514 0.28418000000000004
6 41769503 rs75065714 0.35715
6 41769720 rs149975880 0.11024
6 41769920 rs9367112 1.0e-300
6 41769944 rs114739326 0.77599
6 41770109 rs9471663 0.52488
6 41770273 rs184098683 0.63955
6 41770293 6:41770293_A_G 0.015815
6 41770312 rs6939597 1.2658999999999999e-54
6 41770471 rs114055102 2.8513e-06
6 41770604 rs3747749 1.0e-300
6 41770653 rs73424048 0.67788
6 41770819 rs73733031 0.83168
6 41770966 rs75947499 0.27312
6 41771864 rs140214946 0.0011253
6 41772434 rs73733033 0.089462
6 41772468 rs74495399 0.91214
6 41772471 rs75038193 0.5252399999999999
6 41772883 rs73733034 0.6074
6 41773242 rs116024815 0.40554
6 41773270 rs139033829 0.11263
6 41773322 rs2153878 1.0e-300
6 41773576 rs2185798 3.703599999999999e-154
6 41773728 rs142309876 0.38436
6 41773735 rs6926173 3.0057e-54
6 41773741 rs148881682 0.12763
6 41774255 rs192438668 0.74275
6 41774340 rs111948785 0.99928
6 41775008 rs73733035 0.74379
6 41775045 rs78809240 0.9709
6 41775179 rs79149155 0.2215
6 41775326 rs7772086 2.6404e-08
6 41775501 rs4714515 0.0012952
6 41775748 rs60401468 1.0e-300
6 41775780 rs144376132 0.77859
6 41776072 rs540272966 0.24945
6 41776431 rs112262841 0.22193000000000002
6 41776623 rs116541981 2.4531e-06
6 41776681 rs9471667 1.0e-300
6 41777066 rs560119152 0.17749
6 41777220 rs189175711 0.098523
6 41777257 rs185759315 0.15924000000000002
6 41777292 rs139000111 0.009878299999999998
6 41777358 rs188605559 2.4349e-06
6 41777552 rs556269507 0.10690999999999999
6 41777591 rs10807268 1.0e-300
6 41777606 rs142260153 0.91551
6 41777680 rs9369308 6.1924e-47
6 41777681 rs560455470 0.60456
6 41777750 rs79241275 1.0891e-12
6 41777769 rs190766243 0.58946
6 41777938 rs149626650 1.0e-300
6 41777940 rs144278758 1.6913999999999998e-06
6 41778193 rs113433312 0.75451
6 41778544 rs115853572 0.22635
6 41778775 rs72867133 0.7567
6 41779348 rs114324230 0.9016200000000001
6 41779974 rs149939367 0.79932
6 41779996 rs112033702 5.013199999999998e-172
6 41780058 rs532113831 0.81452
6 41780086 rs183470087 2.137e-06
6 41780554 rs574681517 0.40194
6 41780955 rs181588753 0.80085
6 41781650 rs115530255 0.6099899999999999
6 41781983 rs9471668 0.74225
6 41782007 rs62396748 1.2223999999999996e-132
6 41782052 rs180863797 0.09752999999999999
6 41782072 rs148176234 0.00099941
6 41782107 rs71558769 1.0e-300
6 41783138 6:41783138_G_A 0.014351
6 41783246 rs191316204 7.73e-06
6 41783249 rs9471669 2.5925e-54
6 41784094 rs7753507 2.1237999999999996e-171
6 41784972 rs144591568 0.0093381
6 41785020 rs148488539 2.5563e-06
6 41785165 rs544878604 0.90496
6 41785789 rs150987457 2.5421e-06
6 41785882 rs536360332 0.12763
6 41786136 rs33954419 7.647999999999998e-153
6 41786143 rs188286691 0.2427
6 41786435 rs28539150 7.0576e-28
6 41786687 rs146708982 1.8662e-06
6 41786870 rs556607305 0.13918
6 41786976 rs9357366 1.0e-300
6 41787480 rs73424069 0.58506
6 41787740 rs9394833 6.9683e-55
6 41787880 rs78918874 0.15075999999999998
6 41788062 rs72867137 0.76049
6 41788151 rs147060597 0.6269600000000001
6 41788380 rs11753329 1.0e-300
6 41788513 rs368026239 0.021293
6 41788602 rs143809813 0.8904799999999999
6 41789709 rs78148697 3.2263e-06
6 41789771 rs73733036 0.92394
6 41789897 rs9471670 0.56534
6 41790055 rs73424073 0.59847
6 41790359 rs77555890 0.51072
6 41790455 rs6458244 3.0179999999999987e-173
6 41790463 rs7748543 2.3868999999999997e-08
6 41790821 rs73424077 0.54164
6 41791570 rs184147677 0.41528999999999994
6 41792029 rs112657822 0.35757
6 41792125 rs113326706 0.2694
6 41792171 rs56260704 0.50759
6 41792400 rs141440149 1.1452999999999999e-28
6 41792411 rs150586372 0.26884
6 41792545 rs12661667 1.0e-300
6 41792583 rs73733037 0.07951699999999999
6 41792606 rs569097615 0.12739
6 41792653 rs73733039 0.57062
6 41792659 rs13193235 1.0e-300
6 41793196 rs115436538 1.8612999999999999e-06
6 41793223 rs77439327 0.24971999999999997
6 41793303 rs17706398 2.5202e-06
6 41793768 rs143984022 0.0064345
6 41794235 rs17655253 1.7791999999999998e-06
6 41794821 rs147950202 0.59141
6 41794897 rs376911970 0.58817
6 41795331 rs12192677 1.2665999999999998e-54
6 41795370 rs145515921 0.24320999999999998
6 41795846 rs147721474 0.7370899999999999
6 41795901 rs79455062 0.8953700000000001
6 41796064 rs140964300 0.0010456
6 41796242 rs75331446 0.88764
6 41796705 rs116376237 1.5011e-27
6 41796817 rs4714516 2.1629e-55
6 41796898 rs191667458 7.7376e-05
6 41796970 rs6899876 1.0e-300
6 41797154 rs141862377 0.5591
6 41797163 rs146229925 2.1335e-06
6 41797565 rs185649062 0.009839
6 41798011 rs72867141 0.039387
6 41798274 rs375561164 0.48222
6 41798578 rs11756454 1.7837999999999997e-132
6 41798593 rs115070780 1.976e-06
6 41798781 rs571367241 6.1417e-08
6 41798912 rs554109210 0.030396
6 41798972 rs6932075 1.5846999999999994e-132
6 41799083 rs188599729 0.62111
6 41799113 rs181230674 0.10772000000000001
6 41799473 rs114145570 0.65493
6 41799501 rs62396750 3.4362000000000002e-06
6 41799748 rs558588725 9.0419e-08
6 41799881 rs73424083 0.5836399999999999
6 41799910 rs78504724 0.17034000000000002
6 41800206 rs778091630 0.35694000000000004
6 41800269 rs115899885 1.9861000000000003e-06
6 41800318 rs79961414 0.27652
6 41800629 rs9381094 1.0e-300
6 41800823 rs7774355 0.93053
6 41800919 rs563553616 0.24422
6 41801022 rs9357367 1.0e-300
6 41801635 rs183090242 0.20684
6 41801767 rs116246871 0.25945999999999997
6 41801800 rs148211841 7.886099999999999e-60
6 41802067 rs192734604 0.10167000000000001
6 41802187 rs752303165 0.016138999999999997
6 41802236 rs2395794 1.0e-300
6 41802258 rs7356864 0.5707899999999999
6 41802325 rs79889605 0.13192
6 41802354 rs2395795 1.0e-300
6 41802775 rs78994491 3.7625e-18
6 41803043 rs73733040 0.09953
6 41803218 rs146588883 0.24011999999999997
6 41803836 rs1192238 7.1153e-13
6 41804025 rs151001889 3.4645000000000004e-07
6 41804156 rs180996891 0.009839
6 41804245 rs56311009 1.0e-300
6 41804340 rs76315033 0.44186000000000003
6 41804475 rs77732402 0.00095379
6 41805211 rs113515013 0.25559
6 41805294 rs12192243 0.041219
6 41805321 rs115454579 2.1655000000000003e-06
6 41805595 rs111349739 9.9816e-07
6 41805690 rs116649102 0.22008000000000003
6 41806298 rs188274622 0.41867
6 41806311 rs545880061 0.23765999999999998
6 41806377 rs113738048 0.25636
6 41806390 rs528590996 0.10525999999999999
6 41806708 rs9381095 1.0e-300
6 41806793 rs9394834 1.0e-300
6 41806994 rs7755372 0.50468
6 41807055 rs139353396 0.28319
6 41807954 rs34223482 2.9451e-08
6 41808030 rs9471673 0.60423
6 41808066 rs9471674 0.7904800000000001
6 41808351 rs2488338 4.960499999999997e-189
6 41808442 rs79265527 0.25669000000000003
6 41808476 rs75505651 0.25667
6 41809078 rs182056298 0.21145
6 41809080 rs9471675 0.6069899999999999
6 41809151 rs1192239 0.12597
6 41809292 rs115027189 0.39423
6 41809370 rs77903365 0.25456
6 41809548 rs2246392 8.717399999999998e-55
6 41809620 rs182065789 0.28021999999999997
6 41809640 rs142219697 0.05336900000000001
6 41809801 rs9367113 1.0967e-12
6 41810194 rs141317880 0.068115
6 41810341 rs137983120 0.46245
6 41810901 rs79178697 0.072895
6 41810994 rs78760838 2.4727000000000003e-18
6 41811057 rs73424089 0.67257
6 41811067 rs150075345 3.9354999999999996e-23
6 41811137 rs182059238 2.3223e-22
6 41811150 rs149255305 0.20115
6 41811307 rs761403452 0.0011220999999999998
6 41811555 rs534288022 0.28021999999999997
6 41811699 rs76745279 1.0e-300
6 41812151 rs7744783 1.2733999999999995e-189
6 41812158 rs112499751 1.0e-300
6 41812200 rs12527627 0.0010144
6 41812523 rs77574517 0.24015
6 41812707 rs181319373 0.27799
6 41812787 rs185490194 0.5958899999999999
6 41812958 rs546758331 0.1052
6 41813328 rs6923861 0.7540600000000001
6 41813585 rs114909254 0.81391
6 41813985 rs375479390 0.007098100000000001
6 41814009 rs2249566 5.927399999999997e-190
6 41814690 rs76542757 0.25292
6 41814760 rs2249703 8.327999999999998e-171
6 41814942 rs116330884 0.10177
6 41815192 rs9471676 1.0e-300
6 41815383 rs71558770 1.0e-300
6 41815391 rs139979610 0.25611999999999996
6 41815497 rs78885160 0.2613
6 41816134 rs68017625 1.0e-300
6 41816256 rs115330009 0.9053200000000001
6 41816279 rs9462746 1.0e-300
6 41816732 rs573997928 0.60106
6 41816796 rs181613052 2.1473e-23
6 41816802 rs75474382 2.4489999999999996e-105
6 41817144 rs184227965 0.007098100000000001
6 41817148 rs549459581 0.049704000000000005
6 41817277 rs138457968 0.37446999999999997
6 41817495 rs2479721 4.1589999999999985e-148
6 41817532 rs146108634 1.7040000000000001e-06
6 41817556 rs116732142 0.25804
6 41817570 rs188691822 0.97816
6 41817577 rs117348925 1.6456e-06
6 41817956 rs550003045 0.12384
6 41818125 rs180717616 0.58841
6 41818156 rs187188280 0.14545999999999998
6 41818591 rs147249701 0.080999
6 41818599 rs143449355 0.23276999999999998
6 41819036 rs73424094 0.5653100000000001
6 41819068 rs9471677 0.5675
6 41819387 rs115854812 0.48482
6 41819407 rs2265139 9.3929e-13
6 41819588 rs149726130 0.45628
6 41819647 rs13203658 0.00014142
6 41819786 rs192350878 0.52288
6 41819994 rs149626718 0.26683
6 41820091 rs113053001 0.28276
6 41820654 rs6458247 2.7627999999999997e-28
6 41820749 rs146425043 0.22794
6 41820838 rs145158792 0.5146
6 41820963 rs139035291 3.7455e-07
6 41821034 rs761992254 0.24205
6 41821096 rs564220799 0.75474
6 41821137 rs9381096 1.0e-300
6 41821505 rs138190496 0.099091
6 41821538 rs149591112 0.48851000000000006
6 41821645 rs184814180 0.22996999999999998
6 41821669 rs140703558 4.4453e-07
6 41821823 rs180948036 1.8953999999999999e-06
6 41822683 rs116062566 0.12982
6 41823062 rs9462749 0.59232
6 41823631 rs144041787 0.59609
6 41823735 rs146467072 0.22985999999999998
6 41823883 rs144269193 0.23265
6 41823941 rs182718738 0.5146
6 41824038 rs12175469 1.0e-300
6 41824076 rs567210727 0.90727
6 41824087 rs150245727 0.23215
6 41824138 rs9471680 0.5595600000000001
6 41824218 rs2395789 3.7862e-06
6 41824220 rs143742432 0.61779
6 41824259 rs148139193 0.007098100000000001
6 41824816 rs146517043 0.55992
6 41825004 rs187570217 0.007034100000000001
6 41825053 rs16895040 0.00092876
6 41825111 rs12209885 2.9460000000000002e-55
6 41825211 rs142967198 0.67794
6 41825521 rs549706187 0.27353
6 41825590 rs6901756 1.6342999999999998e-46
6 41825640 rs551819269 7.5987e-14
6 41826391 rs183894022 0.22585
6 41826423 rs560917593 0.015226
6 41827011 rs2253961 8.831699999999996e-190
6 41827193 rs2025951 1.4177999999999997e-173
6 41827250 rs186458452 0.84783
6 41827336 rs61466555 1.0e-300
6 41827403 rs2025950 0.925
6 41827423 rs16895043 0.32832
6 41827839 rs570310640 0.4352
6 41828070 rs2243605 1.8349e-28
6 41828093 rs9471681 0.60492
6 41828244 rs116146047 0.8615799999999999
6 41828288 rs541796256 0.10480999999999999
6 41828465 rs548481625 0.19491
6 41828508 rs185232065 0.92555
6 41828780 rs140579057 0.90845
6 41829235 rs115277686 0.28021999999999997
6 41829267 rs4526183 1.9002e-28
6 41829512 rs75717345 0.48878
6 41829970 rs34073739 1.0e-300
6 41830014 rs114385328 0.5146
6 41830210 rs114924247 0.099104
6 41830269 rs148085384 0.87603
6 41830637 rs150794701 0.9091100000000001
6 41830645 rs2254454 1.5662999999999993e-173
6 41830797 rs113294832 0.34228000000000003
6 41830900 rs11965174 0.0010183
6 41830927 rs73733044 0.23313000000000003
6 41831143 rs2254479 1.0807999999999995e-150
6 41831186 rs77438137 0.87679
6 41831252 rs79374916 0.37019
6 41831418 rs77947436 0.36895
6 41831428 rs115522854 0.7546
6 41832099 rs143272958 0.40355
6 41832280 rs372782144 0.7787
6 41832695 rs148398695 6.559099999999999e-68
6 41832772 rs2250428 6.199199999999997e-190
6 41832839 rs2479722 3.9233e-28
6 41832973 rs112806071 4.285e-06
6 41833417 rs191903600 0.4175
6 41833713 rs147930223 0.001013
6 41833823 rs9357370 1.2263000000000001e-54
6 41833857 rs191731989 1.9387999999999998e-48
6 41834037 rs7739064 1.4965999999999994e-173
6 41834184 rs76902860 0.33901
6 41834324 rs190201626 0.5542600000000001
6 41834336 rs529937872 0.025802
6 41834369 rs77568424 0.9140299999999999
6 41834557 rs78260632 0.93975
6 41834819 rs138238956 0.64905
6 41835193 rs115740142 0.00093351
6 41835208 rs113897244 0.33860999999999997
6 41835421 rs187388376 2.2927e-42
6 41835446 rs536831515 0.43306000000000006
6 41835483 rs191863765 0.10480999999999999
6 41835574 rs114139849 0.31231
6 41835812 rs143250584 0.0014982
6 41836040 rs187452016 0.12807000000000002
6 41836071 rs148943831 0.33662
6 41836074 rs138201879 0.16472
6 41836182 rs190439931 0.52551
6 41836225 rs138666700 0.42116000000000003
6 41836344 rs141781940 0.93055
6 41837088 rs149448268 0.096798
6 41837347 rs544251129 0.1272
6 41837361 rs377118740 0.72975
6 41838119 rs2251084 7.350799999999997e-190
6 41838797 rs113738228 0.31877
6 41838817 rs2251168 3.1150000000000002e-55
6 41839092 rs2149274 4.029999999999998e-173
6 41839268 rs2149275 4.2051e-55
6 41839402 rs75554582 2.1436e-06
6 41839438 rs2251274 3.597699999999999e-173
6 41839996 rs115117969 2.2625e-06
6 41840593 rs2769934 5.9152e-28
6 41841132 rs11965953 1.0e-300
6 41841535 rs9369312 1.0e-300
6 41842116 rs77265088 0.24209
6 41842263 rs116802565 0.20864000000000002
6 41842277 rs371977553 0.89843
6 41842808 rs6907878 0.085886
6 41843044 rs2254474 5.558399999999998e-190
6 41843620 rs530254341 0.28021999999999997
6 41843812 rs111595888 0.335
6 41844041 rs150027395 0.89008
6 41844081 rs180703173 0.0037289000000000003
6 41844189 rs145358513 0.00010379
6 41844293 rs148731673 0.9527
6 41844386 rs186455975 0.22708000000000003
6 41845254 rs773109829 0.026805000000000002
6 41845613 rs114730940 0.084155
6 41845685 rs35793815 0.0010475
6 41845743 rs56662537 0.48741999999999996
6 41846045 rs545664164 0.71346
6 41846090 rs558938567 0.60619
6 41846110 rs2254805 2.8251999999999986e-189
6 41846271 rs79615955 0.33868000000000004
6 41846285 rs114948253 2.0656e-06
6 41846422 rs72867166 8.976499999999996e-227
6 41846433 rs77725024 0.99536
6 41846569 rs2254936 4.080899999999999e-173
6 41846701 rs540160828 8.481e-18
6 41846876 rs182053911 0.10480999999999999
6 41846954 rs140397631 0.55077
6 41846986 rs193031593 0.5089899999999999
6 41847065 rs9369313 1.0e-300
6 41847515 rs114900665 0.9305200000000001
6 41847534 rs10456505 8.591399999999999e-48
6 41847541 rs149095822 0.10031
6 41847673 rs73733047 0.10479000000000001
6 41847740 rs184813830 0.5262
6 41847800 rs9381097 1.0e-300
6 41848061 rs34718512 3.9066e-75
6 41848088 rs9394837 1.0e-300
6 41848115 rs529789679 0.0055766
6 41848116 rs549550156 0.0055766
6 41848189 rs139364374 0.16580999999999999
6 41848244 rs11756859 1.5313e-08
6 41848555 rs374117167 6.468099999999999e-10
6 41848820 rs148156689 0.084016
6 41849080 rs149832379 0.73685
6 41849189 rs182016170 0.52482
6 41849478 rs76147393 0.8438
6 41849701 rs79475640 0.62278
6 41849875 rs74542078 4.5081e-06
6 41850242 rs74763719 4.624e-06
6 41850547 rs180896762 0.16992000000000002
6 41850965 rs1192241 4.423699999999998e-173
6 41851436 rs113702796 0.34339000000000003
6 41851466 rs140818773 0.98009
6 41851512 rs760543374 0.9183100000000001
6 41851772 rs137902626 0.056983000000000006
6 41851887 rs144382454 2.0984e-06
6 41851975 rs9471685 4.3500999999999994e-173
6 41852041 rs10456112 1.6368e-46
6 41852187 rs2395792 7.3668e-79
6 41852198 rs146367132 0.095605
6 41852329 rs114603190 0.93071
6 41852616 rs1319012 2.7436e-90
6 41852681 rs555458726 0.10475999999999999
6 41852720 rs115914904 0.056983000000000006
6 41852755 rs1536703 1.5974999999999995e-150
6 41852934 rs149778870 0.5176
6 41852964 rs77280896 0.33616999999999997
6 41852990 rs530948921 4.9601999999999995e-06
6 41853776 rs190435292 0.21921999999999997
6 41853870 rs543225034 0.12683
6 41853889 rs112493807 0.34064
6 41854157 rs9462751 0.6226
6 41854386 rs146955196 0.25761
6 41854401 rs150966945 0.091306
6 41854682 rs140675873 0.00012771
6 41856002 rs35085306 1.0e-300
6 41856251 rs369332790 0.45261
6 41856255 rs144273780 0.53027
6 41857151 rs140564499 0.045600999999999996
6 41857265 rs115458954 1.9430000000000003e-06
6 41857482 rs116360833 1.4272999999999995e-95
6 41857487 rs115553027 1.8020999999999992e-97
6 41857575 rs74985576 0.0009896
6 41857606 rs116392806 0.0009878
6 41857691 rs1887718 5.5855999999999984e-173
6 41857836 rs56307633 0.8678
6 41857868 rs34992963 1.0e-300
6 41857958 rs9462752 0.57319
6 41858171 rs115716218 2.1656e-06
6 41858377 rs184328386 0.51656
6 41858860 rs115165644 0.49305
6 41858903 rs75473338 0.2392
6 41859794 rs59141089 0.76184
6 41859975 rs140255356 2.1331e-06
6 41860063 rs138492340 0.045473
6 41860252 rs11964516 1.0e-300
6 41860288 rs181918777 0.5293899999999999
6 41860313 rs72867173 0.053239
6 41860451 rs535201489 0.12638
6 41860715 rs115607183 2.1669999999999998e-06
6 41860888 rs77569607 0.9593299999999999
6 41860988 rs138766169 4.2406999999999996e-05
6 41861052 rs74771274 0.9517399999999999
6 41861481 rs114079336 0.017842
6 41862474 rs187775897 0.057523000000000005
6 41863743 rs12195503 3.3545e-55
6 41863875 rs374470378 0.4167
6 41864068 rs16895071 2.055e-06
6 41864135 rs12174903 1.4176999999999997e-61
6 41864181 rs60167942 0.11742000000000001
6 41864441 rs2031847 1.5141999999999998e-06
6 41864504 rs9471686 0.5322
6 41864580 rs149689499 1.2429e-17
6 41864760 rs574262374 0.017254
6 41864763 rs9471687 0.60419
6 41865040 rs189342608 0.26237
6 41865407 rs6907404 1.5191999999999993e-188
6 41865412 rs148350770 0.089758
6 41865430 rs146289066 0.26759
6 41865799 rs762423502 0.8155
6 41865926 rs116561666 0.74224
6 41866024 rs773658566 5.6253e-07
6 41866575 rs2395791 2.1184999999999998e-28
6 41866650 rs115520429 0.0057163000000000005
6 41866729 rs182111838 0.19542
6 41866950 rs11753039 1.0e-300
6 41867173 rs187820736 0.55888
6 41867348 rs148659546 0.056981
6 41867585 rs115216716 0.7699600000000001
6 41869240 rs371548396 0.9829200000000001
6 41869332 rs139213072 0.88505
6 41869659 rs539947301 0.53268
6 41869924 rs1536701 4.921199999999999e-55
6 41869950 rs1536702 1.1797999999999995e-189
6 41870146 rs78643713 0.62945
6 41870353 rs143963815 0.047086
6 41870486 rs75987904 0.66198
6 41870748 rs116159799 0.56675
6 41870910 rs6899626 1.0356e-54
6 41870911 rs79447837 0.00098792
6 41870921 rs76931082 1.8102e-54
6 41870957 rs6899659 1.0434e-54
6 41871301 rs185004036 0.14332
6 41871312 rs569371476 0.9148200000000001
6 41871563 rs143776446 1.7134e-06
6 41871673 rs138354696 0.056282000000000006
6 41871721 rs184022069 0.89187
6 41871786 rs9369314 3.1788999999999994e-122
6 41871858 rs116762994 2.0051e-06
6 41871885 rs574259453 0.0087
6 41871930 rs112504949 0.7831100000000001
6 41871973 rs9369315 9.901e-55
6 41872237 rs62398362 1.0e-300
6 41872387 rs150582569 0.44802
6 41872459 rs185720986 0.90195
6 41872685 rs57091930 0.094699
6 41872767 rs142455367 0.3187
6 41873221 rs7759595 0.09446900000000001
6 41873756 rs139419733 2.0904e-07
6 41873961 rs4714518 4.3346999999999995e-28
6 41874265 rs41273798 0.64933
6 41874268 rs9462753 0.56299
6 41874788 rs142578784 2.0106e-06
6 41875179 rs765478577 0.7180300000000001
6 41875313 rs536883312 0.041949
6 41875795 rs187504985 0.049374
6 41876282 rs11970677 0.00095877
6 41876335 rs3806113 1.0e-300
6 41877319 rs76092294 0.9273899999999999
6 41877671 rs114056237 7.535199999999998e-80
6 41878042 rs145963022 0.048
6 41878266 rs4714519 0.00093419
6 41878336 rs148414992 2.0939e-06
6 41878538 rs116235119 2.0923e-06
6 41878639 rs535963383 0.23801999999999998
6 41878641 rs189194693 0.5022
6 41878807 rs145983183 1.0e-300
6 41879130 rs188913367 0.75741
6 41879518 rs79274058 0.2119
6 41879736 rs190738518 0.020347999999999998
6 41880373 rs113655378 0.32111999999999996
6 41880576 rs74812490 0.38342
6 41880607 rs75157530 0.54603
6 41880655 rs144794061 0.3941
6 41880673 rs111931658 3.1258999999999996e-06
6 41880961 rs115483593 0.06718400000000001
6 41881042 rs73426219 0.3346
6 41881073 rs7746198 8.5392e-09
6 41881513 rs182962659 1.0489000000000001e-07
6 41881626 rs137888939 0.07513099999999999
6 41881725 rs544296862 8.4179e-07
6 41881949 rs10947994 4.109600000000001e-56
6 41882123 rs11969866 1.0e-300
6 41882264 rs115479737 6.093699999999998e-101
6 41882533 rs549970325 0.05559
6 41882890 rs187553672 1.2314e-12
6 41882975 rs192175398 0.68609
6 41883252 rs546468768 0.29856
6 41883261 rs150128575 2.1109e-06
6 41883386 rs112085091 0.55283
6 41883624 rs112146912 0.18729
6 41885091 rs6920559 3.293499999999999e-64
6 41885319 rs9357371 1.0e-300
6 41885482 rs191616813 1.1657e-05
6 41885510 rs75472244 0.30865
6 41885764 rs115284879 0.15612
6 41885885 rs76032968 0.47913999999999995
6 41885909 rs116460871 0.00087724
6 41885960 rs112423500 0.72231
6 41886340 rs542374060 0.12144
6 41886413 rs140085741 0.28894000000000003
6 41886922 rs372161246 0.010196
6 41887210 rs80032753 0.89959
6 41887510 rs143546450 0.076744
6 41887807 rs373041169 0.010196
6 41888827 rs2274578 2.797899999999999e-172
6 41889185 rs151229263 0.55001
6 41889212 rs9296368 0.56485
6 41889223 rs10947995 1.0e-300
6 41889240 rs61736990 0.8917700000000001
6 41889323 rs143551764 0.039830000000000004
6 41889409 rs3763273 2.1811e-06
6 41889505 rs144207756 0.66015
6 41889553 rs142676892 0.18993
6 41889673 rs41273802 0.59235
6 41890092 rs549199160 0.54901
6 41890141 rs756097617 0.00078767
6 41890554 rs115316195 0.9174100000000001
6 41890835 rs2479723 2.5136999999999996e-29
6 41890982 rs2479724 1.9255999999999996e-149
6 41891036 rs116771173 0.40687
6 41891410 rs77491476 0.8554299999999999
6 41891471 rs72867183 6.6941e-16
6 41891485 rs61027584 1.3509999999999999e-06
6 41891486 rs188887936 0.55624
6 41891500 rs576357696 2.2021e-06
6 41891723 rs142039291 0.2224
6 41891879 rs9471690 0.69281
6 41891995 rs7738554 4.195e-64
6 41892066 rs183967179 0.5692699999999999
6 41892291 rs75173045 0.7898
6 41892457 rs56215622 1.0e-300
6 41892544 rs149988393 0.37704
6 41892782 rs77289717 0.056572000000000004
6 41892809 rs10947996 3.9039e-64
6 41892925 rs116146708 0.83873
6 41893003 rs76614900 0.12164000000000001
6 41893149 rs181794745 0.10249000000000001
6 41893202 rs185211243 0.29407
6 41893323 rs9349203 1.8435999999999991e-149
6 41893348 rs145856064 1.675e-06
6 41893481 rs188643838 0.09312100000000001
6 41893517 rs185221024 0.44048000000000004
6 41894397 rs150302075 8.7027e-97
6 41894571 6:41894571_G_A 0.9048799999999999
6 41894757 rs542698920 0.12013
6 41895003 rs138306323 0.56395
6 41895150 rs2296916 2.4857e-08
6 41895193 rs36124188 0.023735
6 41895358 rs114055150 0.26029
6 41895769 rs80085578 0.10294
6 41895923 rs78694567 0.56416
6 41896293 rs185348305 0.5836100000000001
6 41896406 rs16895092 0.21828000000000003
6 41896424 rs77111822 0.56248
6 41896684 rs150615697 0.57014
6 41896919 rs778139497 0.15225
6 41897144 rs114683057 0.4003
6 41897236 rs190573617 0.56079
6 41897592 rs75728662 6.322299999999999e-07
6 41897702 rs57385247 2.3745e-06
6 41898096 rs2479726 3.1146e-29
6 41898194 rs182672732 0.20526999999999998
6 41898521 rs187843739 0.34534000000000004
6 41898564 rs12661819 2.3824e-56
6 41898619 rs114469750 0.53186
6 41898709 rs367601943 0.01549
6 41898808 rs144435402 0.12516
6 41899629 rs16895095 0.19977999999999999
6 41899733 rs116014261 0.37867
6 41900375 rs149587548 0.00020585
6 41900406 rs3828855 3.4550999999999996e-08
6 41900538 rs114731913 0.20344
6 41900649 rs41273806 9.7175e-07
6 41900813 rs73426226 0.64177
6 41901003 rs769534198 0.37995
6 41901044 rs186513514 0.44506999999999997
6 41901606 rs140625886 0.384
6 41901699 rs3218117 0.17182999999999998
6 41901763 rs3218116 1.0e-300
6 41902352 rs3218114 1.0e-300
6 41902526 rs144960851 0.11738
6 41902559 rs3218109 0.09098400000000001
6 41902655 rs3218108 1.0e-300
6 41902700 rs3218107 0.010894
6 41902938 rs3218106 0.15316
6 41903007 rs9529 1.3925e-29
6 41903782 rs1051130 1.2871999999999998e-137
6 41903798 rs33966734 6.075499999999998e-94
6 41903884 rs3218101 0.13697
6 41904035 rs545840762 0.30256
6 41904324 rs11552780 0.00044192
6 41904483 rs3218100 0.30091
6 41904829 rs116799352 0.43786
6 41904956 rs3218099 0.061592999999999995
6 41905154 rs3218098 0.20276
6 41905174 rs2479717 1.544e-37
6 41905275 rs3218097 1.0e-300
6 41905342 rs138827651 0.27018000000000003
6 41905681 rs114568248 0.43823
6 41906364 rs3218095 9.386e-07
6 41906459 rs116403918 0.60747
6 41906661 rs3218092 1.0e-300
6 41906724 rs3218091 0.37493000000000004
6 41907213 rs3218090 0.38236
6 41907855 rs1410492 1.0e-300
6 41908122 rs3218089 0.020697999999999998
6 41908702 rs377533687 0.9412200000000001
6 41908717 rs372668741 0.12345999999999999
6 41908922 rs3218088 0.20055
6 41909438 rs1051129 1.0559e-11
6 41909942 rs3218087 0.62843
6 41910064 rs3218086 1.0e-300
6 41910179 rs3218085 1.8894e-45
6 41910336 rs3218084 0.10201
6 41910425 rs190266656 0.21381999999999998
6 41910851 rs533403693 0.00032195
6 41911185 rs9381100 3.589999999999999e-97
6 41911200 rs149184334 1.6246e-09
6 41911394 rs114787544 1.5345999999999998e-09
6 41911989 rs9462755 7.134899999999997e-95
6 41912252 rs2479718 3.9847e-37
6 41912383 rs541919501 0.28024
6 41912864 rs9918454 0.17176
6 41913022 rs147075148 0.12249000000000002
6 41913043 rs138287578 1.3660999999999999e-09
6 41913081 rs2479719 1.6206e-06
6 41913570 rs6922320 0.45685
6 41913670 rs78915271 2.0791e-06
6 41913778 rs4714520 1.3839999999999996e-99
6 41914195 rs113116955 1.0813e-06
6 41914208 rs139943373 0.68089
6 41914212 rs112063900 1.6921e-06
6 41914378 rs9349204 1.0e-300
6 41915123 rs116399896 0.18632
6 41915143 rs6913232 2.2930999999999995e-142
6 41915200 rs9471695 3.5623e-06
6 41915351 rs6933697 4.764799999999999e-99
6 41915514 rs147929970 1.0139e-09
6 41915519 rs6934551 2.5685999999999993e-99
6 41915704 rs2479720 6.1709e-37
6 41915709 rs141797580 0.47678999999999994
6 41916214 rs115996323 0.10336
6 41917099 rs4714522 2.0765e-37
6 41917110 rs150177487 3.0999e-09
6 41917222 rs75580691 0.55603
6 41917260 rs141775582 0.46584
6 41917526 rs186985563 5.5682e-12
6 41917598 rs9689216 5.792599999999998e-99
6 41917988 rs139509473 0.49267
6 41918042 rs148624763 2.7781e-09
6 41918060 rs142453754 0.0067613
6 41918104 rs7766817 2.5505999999999995e-142
6 41918190 rs7766960 2.890299999999999e-142
6 41918352 rs147682512 0.35307
6 41918560 rs182423669 0.0021435
6 41918810 rs60119955 3.7022e-37
6 41919367 rs184070639 9.5432e-61
6 41919386 rs114751952 1.8547e-09
6 41919394 rs115734688 0.022068
6 41919485 rs73426236 0.73636
6 41919589 rs113218652 6.149199999999999e-11
6 41920579 rs74979086 1.489e-06
6 41921196 rs768913902 0.00099251
6 41921241 rs10947997 1.0e-300
6 41921434 rs79675842 0.9494100000000001
6 41921556 rs146816748 0.31216
6 41921943 rs142180428 0.37233
6 41922220 rs7768317 9.666e-94
6 41922509 rs142328364 0.36455
6 41922564 rs75875700 1.3222999999999998e-06
6 41923801 rs6458249 0.8063899999999999
6 41924278 rs13340461 2.5496e-29
6 41924346 rs114789046 8.572e-19
6 41924369 rs16895128 1.0e-300
6 41924563 rs184655712 0.29815
6 41924626 rs146744409 0.0035558
6 41924724 rs571342613 0.18542
6 41924853 rs4623235 9.053799999999998e-174
6 41924931 rs16895130 7.8503e-36
6 41924998 rs112233623 1.0e-300
6 41925159 rs9349205 1.0e-300
6 41925290 rs11970772 1.0e-300
6 41925304 rs11968166 1.0e-300
6 41925712 rs114074977 3.2619000000000005e-09
6 41925719 rs180673743 0.22345
6 41925993 rs9471696 0.9899399999999999
6 41926122 rs144082269 0.39181
6 41926526 rs145622105 0.25313
6 41926819 rs149830553 0.00098003
6 41926844 rs9471697 0.9934200000000001
6 41926935 rs9394841 1.0e-300
6 41927020 rs564549396 1.662e-06
6 41927141 rs373567197 0.0029135000000000003
6 41927157 rs550306534 0.1249
6 41927226 rs144178642 1.3358e-33
6 41927813 rs4478405 8.803699999999997e-227
6 41928132 rs9471698 0.00048978
6 41928382 rs9349206 8.130899999999998e-69
6 41928548 rs9381101 7.0795e-69
6 41928684 rs7773255 1.0932999999999994e-225
6 41928874 rs74294386 2.2011e-09
6 41929356 rs9381102 1.1690999999999999e-68
6 41929363 rs187346828 0.98477
6 41929647 rs12190238 1.1316999999999998e-68
6 41929908 rs28494563 7.703699999999996e-209
6 41930102 rs7764698 9.561099999999999e-73
6 41930294 rs7745210 2.7127999999999995e-68
6 41930305 rs193035899 3.6629e-12
6 41930725 rs7745862 2.996e-68
6 41931267 rs79379366 0.0005522999999999999
6 41931268 rs540571247 0.28791
6 41931569 rs12110546 1.6105999999999998e-09
6 41931783 rs12110857 0.6897
6 41932001 rs17287803 6.3902e-12
6 41932011 rs28449539 2.9006e-68
6 41932119 rs113847211 0.086102
6 41932190 rs576438099 0.065621
6 41932274 rs114574826 0.40062
6 41932306 rs114162836 0.0045021
6 41932403 rs62417386 5.7316e-41
6 41932893 rs146951292 0.0040006
6 41933085 rs9367117 3.6260999999999995e-68
6 41933459 rs34221531 5.244599999999997e-222
6 41933482 rs9349208 3.9795999999999995e-68
6 41933554 rs9357372 2.9918e-68
6 41933570 rs57023124 0.87851
6 41933595 rs747281640 0.21169000000000002
6 41933714 rs180939716 0.31925
6 41934104 rs72853818 2.4875999999999996e-39
6 41934139 rs766215800 5.1217e-07
6 41934393 rs73426240 0.90261
6 41934514 rs4130023 3.236e-39
6 41934647 rs4607432 1.8746999999999997e-67
6 41935524 rs61433430 0.69455
6 41935781 rs61375651 1.2145999999999994e-168
6 41936010 rs72853823 0.0022072
6 41936168 rs62417389 3.1694999999999985e-174
6 41936294 rs114712655 0.16817000000000001
6 41936352 rs115511698 0.0045761000000000005
6 41936636 rs111451105 0.64955
6 41936786 rs146083856 2.88e-76
6 41937047 rs6458250 2.445399999999999e-174
6 41937058 rs113756602 3.2216e-26
6 41937332 rs35398189 2.0217999999999997e-62
6 41937771 rs144637466 0.099984
6 41937894 rs185191536 0.07647799999999999
6 41938465 rs115022028 0.97996
6 41938481 rs139633563 2.2664e-09
6 41938661 rs185295461 0.07181
6 41938714 rs57729711 3.0772999999999993e-167
6 41938921 rs151141065 0.61788
6 41939005 rs116367478 0.013341
6 41939089 rs114359401 0.3088
6 41939154 rs60814983 0.76368
6 41939477 rs536039079 0.20394
6 41939609 rs79334131 5.7116e-10
6 41939806 rs7765516 1.1351999999999997e-185
6 41940505 rs114019813 0.5838399999999999
6 41940546 rs9349209 1.0e-300
6 41940604 rs545568534 0.73797
6 41940648 rs116243032 0.10044
6 41940886 rs66867810 4.0673e-11
6 41941169 rs6920885 2.726399999999999e-163
6 41941598 rs141850859 0.075157
6 41941723 rs6899324 4.023999999999998e-155
6 41941980 rs4415146 2.0264999999999995e-155
6 41941993 rs72853828 1.3202999999999999e-36
6 41942245 rs550730994 3.8292e-18
6 41942533 rs60248286 9.747799999999998e-162
6 41942568 rs9367118 1.0e-300
6 41942634 rs182766420 0.43803000000000003
6 41942775 rs548845244 0.43049
6 41942883 rs572690778 2.9399e-17
