CHR BP SNP P
6 41813985 rs375479390 0.007098100000000001
6 41814009 rs2249566 5.927399999999997e-190
6 41814690 rs76542757 0.25292
6 41814760 rs2249703 8.327999999999998e-171
6 41814942 rs116330884 0.10177
6 41815192 rs9471676 1.0e-300
6 41815383 rs71558770 1.0e-300
6 41815391 rs139979610 0.25611999999999996
6 41815497 rs78885160 0.2613
6 41816134 rs68017625 1.0e-300
6 41816256 rs115330009 0.9053200000000001
6 41816279 rs9462746 1.0e-300
6 41816732 rs573997928 0.60106
6 41816796 rs181613052 2.1473e-23
6 41816802 rs75474382 2.4489999999999996e-105
6 41817144 rs184227965 0.007098100000000001
6 41817148 rs549459581 0.049704000000000005
6 41817277 rs138457968 0.37446999999999997
6 41817495 rs2479721 4.1589999999999985e-148
6 41817532 rs146108634 1.7040000000000001e-06
6 41817556 rs116732142 0.25804
6 41817570 rs188691822 0.97816
6 41817577 rs117348925 1.6456e-06
6 41817956 rs550003045 0.12384
6 41818125 rs180717616 0.58841
6 41818156 rs187188280 0.14545999999999998
6 41818591 rs147249701 0.080999
6 41818599 rs143449355 0.23276999999999998
6 41819036 rs73424094 0.5653100000000001
6 41819068 rs9471677 0.5675
6 41819387 rs115854812 0.48482
6 41819407 rs2265139 9.3929e-13
6 41819588 rs149726130 0.45628
6 41819647 rs13203658 0.00014142
6 41819786 rs192350878 0.52288
6 41819994 rs149626718 0.26683
6 41820091 rs113053001 0.28276
6 41820654 rs6458247 2.7627999999999997e-28
6 41820749 rs146425043 0.22794
6 41820838 rs145158792 0.5146
6 41820963 rs139035291 3.7455e-07
6 41821034 rs761992254 0.24205
6 41821096 rs564220799 0.75474
6 41821137 rs9381096 1.0e-300
6 41821505 rs138190496 0.099091
6 41821538 rs149591112 0.48851000000000006
6 41821645 rs184814180 0.22996999999999998
6 41821669 rs140703558 4.4453e-07
6 41821823 rs180948036 1.8953999999999999e-06
6 41822683 rs116062566 0.12982
6 41823062 rs9462749 0.59232
6 41823631 rs144041787 0.59609
6 41823735 rs146467072 0.22985999999999998
6 41823883 rs144269193 0.23265
6 41823941 rs182718738 0.5146
6 41824038 rs12175469 1.0e-300
6 41824076 rs567210727 0.90727
6 41824087 rs150245727 0.23215
6 41824138 rs9471680 0.5595600000000001
6 41824218 rs2395789 3.7862e-06
6 41824220 rs143742432 0.61779
6 41824259 rs148139193 0.007098100000000001
6 41824816 rs146517043 0.55992
6 41825004 rs187570217 0.007034100000000001
6 41825053 rs16895040 0.00092876
6 41825111 rs12209885 2.9460000000000002e-55
6 41825211 rs142967198 0.67794
6 41825521 rs549706187 0.27353
6 41825590 rs6901756 1.6342999999999998e-46
6 41825640 rs551819269 7.5987e-14
6 41826391 rs183894022 0.22585
6 41826423 rs560917593 0.015226
6 41827011 rs2253961 8.831699999999996e-190
6 41827193 rs2025951 1.4177999999999997e-173
6 41827250 rs186458452 0.84783
6 41827336 rs61466555 1.0e-300
6 41827403 rs2025950 0.925
6 41827423 rs16895043 0.32832
6 41827839 rs570310640 0.4352
6 41828070 rs2243605 1.8349e-28
6 41828093 rs9471681 0.60492
6 41828244 rs116146047 0.8615799999999999
6 41828288 rs541796256 0.10480999999999999
6 41828465 rs548481625 0.19491
6 41828508 rs185232065 0.92555
6 41828780 rs140579057 0.90845
6 41829235 rs115277686 0.28021999999999997
6 41829267 rs4526183 1.9002e-28
6 41829512 rs75717345 0.48878
6 41829970 rs34073739 1.0e-300
6 41830014 rs114385328 0.5146
6 41830210 rs114924247 0.099104
6 41830269 rs148085384 0.87603
6 41830637 rs150794701 0.9091100000000001
6 41830645 rs2254454 1.5662999999999993e-173
6 41830797 rs113294832 0.34228000000000003
6 41830900 rs11965174 0.0010183
6 41830927 rs73733044 0.23313000000000003
6 41831143 rs2254479 1.0807999999999995e-150
6 41831186 rs77438137 0.87679
6 41831252 rs79374916 0.37019
6 41831418 rs77947436 0.36895
6 41831428 rs115522854 0.7546
6 41832099 rs143272958 0.40355
6 41832280 rs372782144 0.7787
6 41832695 rs148398695 6.559099999999999e-68
6 41832772 rs2250428 6.199199999999997e-190
6 41832839 rs2479722 3.9233e-28
6 41832973 rs112806071 4.285e-06
6 41833417 rs191903600 0.4175
6 41833713 rs147930223 0.001013
6 41833823 rs9357370 1.2263000000000001e-54
6 41833857 rs191731989 1.9387999999999998e-48
6 41834037 rs7739064 1.4965999999999994e-173
6 41834184 rs76902860 0.33901
6 41834324 rs190201626 0.5542600000000001
6 41834336 rs529937872 0.025802
6 41834369 rs77568424 0.9140299999999999
6 41834557 rs78260632 0.93975
6 41834819 rs138238956 0.64905
6 41835193 rs115740142 0.00093351
6 41835208 rs113897244 0.33860999999999997
6 41835421 rs187388376 2.2927e-42
6 41835446 rs536831515 0.43306000000000006
6 41835483 rs191863765 0.10480999999999999
6 41835574 rs114139849 0.31231
6 41835812 rs143250584 0.0014982
6 41836040 rs187452016 0.12807000000000002
6 41836071 rs148943831 0.33662
6 41836074 rs138201879 0.16472
6 41836182 rs190439931 0.52551
6 41836225 rs138666700 0.42116000000000003
6 41836344 rs141781940 0.93055
6 41837088 rs149448268 0.096798
6 41837347 rs544251129 0.1272
6 41837361 rs377118740 0.72975
6 41838119 rs2251084 7.350799999999997e-190
6 41838797 rs113738228 0.31877
6 41838817 rs2251168 3.1150000000000002e-55
6 41839092 rs2149274 4.029999999999998e-173
6 41839268 rs2149275 4.2051e-55
6 41839402 rs75554582 2.1436e-06
6 41839438 rs2251274 3.597699999999999e-173
6 41839996 rs115117969 2.2625e-06
6 41840593 rs2769934 5.9152e-28
6 41841132 rs11965953 1.0e-300
6 41841535 rs9369312 1.0e-300
6 41842116 rs77265088 0.24209
6 41842263 rs116802565 0.20864000000000002
6 41842277 rs371977553 0.89843
6 41842808 rs6907878 0.085886
6 41843044 rs2254474 5.558399999999998e-190
6 41843620 rs530254341 0.28021999999999997
6 41843812 rs111595888 0.335
6 41844041 rs150027395 0.89008
6 41844081 rs180703173 0.0037289000000000003
6 41844189 rs145358513 0.00010379
6 41844293 rs148731673 0.9527
6 41844386 rs186455975 0.22708000000000003
6 41845254 rs773109829 0.026805000000000002
6 41845613 rs114730940 0.084155
6 41845685 rs35793815 0.0010475
6 41845743 rs56662537 0.48741999999999996
6 41846045 rs545664164 0.71346
6 41846090 rs558938567 0.60619
6 41846110 rs2254805 2.8251999999999986e-189
6 41846271 rs79615955 0.33868000000000004
6 41846285 rs114948253 2.0656e-06
6 41846422 rs72867166 8.976499999999996e-227
6 41846433 rs77725024 0.99536
6 41846569 rs2254936 4.080899999999999e-173
6 41846701 rs540160828 8.481e-18
6 41846876 rs182053911 0.10480999999999999
6 41846954 rs140397631 0.55077
6 41846986 rs193031593 0.5089899999999999
6 41847065 rs9369313 1.0e-300
6 41847515 rs114900665 0.9305200000000001
6 41847534 rs10456505 8.591399999999999e-48
6 41847541 rs149095822 0.10031
6 41847673 rs73733047 0.10479000000000001
6 41847740 rs184813830 0.5262
6 41847800 rs9381097 1.0e-300
6 41848061 rs34718512 3.9066e-75
6 41848088 rs9394837 1.0e-300
6 41848115 rs529789679 0.0055766
6 41848116 rs549550156 0.0055766
6 41848189 rs139364374 0.16580999999999999
6 41848244 rs11756859 1.5313e-08
6 41848555 rs374117167 6.468099999999999e-10
6 41848820 rs148156689 0.084016
6 41849080 rs149832379 0.73685
6 41849189 rs182016170 0.52482
6 41849478 rs76147393 0.8438
6 41849701 rs79475640 0.62278
6 41849875 rs74542078 4.5081e-06
6 41850242 rs74763719 4.624e-06
6 41850547 rs180896762 0.16992000000000002
6 41850965 rs1192241 4.423699999999998e-173
6 41851436 rs113702796 0.34339000000000003
6 41851466 rs140818773 0.98009
6 41851512 rs760543374 0.9183100000000001
6 41851772 rs137902626 0.056983000000000006
6 41851887 rs144382454 2.0984e-06
6 41851975 rs9471685 4.3500999999999994e-173
6 41852041 rs10456112 1.6368e-46
6 41852187 rs2395792 7.3668e-79
6 41852198 rs146367132 0.095605
6 41852329 rs114603190 0.93071
6 41852616 rs1319012 2.7436e-90
6 41852681 rs555458726 0.10475999999999999
6 41852720 rs115914904 0.056983000000000006
6 41852755 rs1536703 1.5974999999999995e-150
6 41852934 rs149778870 0.5176
6 41852964 rs77280896 0.33616999999999997
6 41852990 rs530948921 4.9601999999999995e-06
6 41853776 rs190435292 0.21921999999999997
6 41853870 rs543225034 0.12683
6 41853889 rs112493807 0.34064
6 41854157 rs9462751 0.6226
6 41854386 rs146955196 0.25761
6 41854401 rs150966945 0.091306
6 41854682 rs140675873 0.00012771
6 41856002 rs35085306 1.0e-300
6 41856251 rs369332790 0.45261
6 41856255 rs144273780 0.53027
6 41857151 rs140564499 0.045600999999999996
6 41857265 rs115458954 1.9430000000000003e-06
6 41857482 rs116360833 1.4272999999999995e-95
6 41857487 rs115553027 1.8020999999999992e-97
6 41857575 rs74985576 0.0009896
6 41857606 rs116392806 0.0009878
6 41857691 rs1887718 5.5855999999999984e-173
6 41857836 rs56307633 0.8678
6 41857868 rs34992963 1.0e-300
6 41857958 rs9462752 0.57319
6 41858171 rs115716218 2.1656e-06
6 41858377 rs184328386 0.51656
6 41858860 rs115165644 0.49305
6 41858903 rs75473338 0.2392
6 41859794 rs59141089 0.76184
6 41859975 rs140255356 2.1331e-06
6 41860063 rs138492340 0.045473
6 41860252 rs11964516 1.0e-300
6 41860288 rs181918777 0.5293899999999999
6 41860313 rs72867173 0.053239
6 41860451 rs535201489 0.12638
6 41860715 rs115607183 2.1669999999999998e-06
6 41860888 rs77569607 0.9593299999999999
6 41860988 rs138766169 4.2406999999999996e-05
6 41861052 rs74771274 0.9517399999999999
6 41861481 rs114079336 0.017842
6 41862474 rs187775897 0.057523000000000005
6 41863743 rs12195503 3.3545e-55
6 41863875 rs374470378 0.4167
6 41864068 rs16895071 2.055e-06
6 41864135 rs12174903 1.4176999999999997e-61
6 41864181 rs60167942 0.11742000000000001
6 41864441 rs2031847 1.5141999999999998e-06
6 41864504 rs9471686 0.5322
6 41864580 rs149689499 1.2429e-17
6 41864760 rs574262374 0.017254
6 41864763 rs9471687 0.60419
6 41865040 rs189342608 0.26237
6 41865407 rs6907404 1.5191999999999993e-188
6 41865412 rs148350770 0.089758
6 41865430 rs146289066 0.26759
6 41865799 rs762423502 0.8155
6 41865926 rs116561666 0.74224
6 41866024 rs773658566 5.6253e-07
6 41866575 rs2395791 2.1184999999999998e-28
6 41866650 rs115520429 0.0057163000000000005
6 41866729 rs182111838 0.19542
6 41866950 rs11753039 1.0e-300
6 41867173 rs187820736 0.55888
6 41867348 rs148659546 0.056981
6 41867585 rs115216716 0.7699600000000001
6 41869240 rs371548396 0.9829200000000001
6 41869332 rs139213072 0.88505
6 41869659 rs539947301 0.53268
6 41869924 rs1536701 4.921199999999999e-55
6 41869950 rs1536702 1.1797999999999995e-189
6 41870146 rs78643713 0.62945
6 41870353 rs143963815 0.047086
6 41870486 rs75987904 0.66198
6 41870748 rs116159799 0.56675
6 41870910 rs6899626 1.0356e-54
6 41870911 rs79447837 0.00098792
6 41870921 rs76931082 1.8102e-54
6 41870957 rs6899659 1.0434e-54
6 41871301 rs185004036 0.14332
6 41871312 rs569371476 0.9148200000000001
6 41871563 rs143776446 1.7134e-06
6 41871673 rs138354696 0.056282000000000006
6 41871721 rs184022069 0.89187
6 41871786 rs9369314 3.1788999999999994e-122
6 41871858 rs116762994 2.0051e-06
6 41871885 rs574259453 0.0087
6 41871930 rs112504949 0.7831100000000001
6 41871973 rs9369315 9.901e-55
6 41872237 rs62398362 1.0e-300
6 41872387 rs150582569 0.44802
6 41872459 rs185720986 0.90195
6 41872685 rs57091930 0.094699
6 41872767 rs142455367 0.3187
6 41873221 rs7759595 0.09446900000000001
6 41873756 rs139419733 2.0904e-07
6 41873961 rs4714518 4.3346999999999995e-28
6 41874265 rs41273798 0.64933
6 41874268 rs9462753 0.56299
6 41874788 rs142578784 2.0106e-06
6 41875179 rs765478577 0.7180300000000001
6 41875313 rs536883312 0.041949
6 41875795 rs187504985 0.049374
6 41876282 rs11970677 0.00095877
6 41876335 rs3806113 1.0e-300
6 41877319 rs76092294 0.9273899999999999
6 41877671 rs114056237 7.535199999999998e-80
6 41878042 rs145963022 0.048
6 41878266 rs4714519 0.00093419
6 41878336 rs148414992 2.0939e-06
6 41878538 rs116235119 2.0923e-06
6 41878639 rs535963383 0.23801999999999998
6 41878641 rs189194693 0.5022
6 41878807 rs145983183 1.0e-300
6 41879130 rs188913367 0.75741
6 41879518 rs79274058 0.2119
6 41879736 rs190738518 0.020347999999999998
6 41880373 rs113655378 0.32111999999999996
6 41880576 rs74812490 0.38342
6 41880607 rs75157530 0.54603
6 41880655 rs144794061 0.3941
6 41880673 rs111931658 3.1258999999999996e-06
6 41880961 rs115483593 0.06718400000000001
6 41881042 rs73426219 0.3346
6 41881073 rs7746198 8.5392e-09
6 41881513 rs182962659 1.0489000000000001e-07
6 41881626 rs137888939 0.07513099999999999
6 41881725 rs544296862 8.4179e-07
6 41881949 rs10947994 4.109600000000001e-56
6 41882123 rs11969866 1.0e-300
6 41882264 rs115479737 6.093699999999998e-101
6 41882533 rs549970325 0.05559
6 41882890 rs187553672 1.2314e-12
6 41882975 rs192175398 0.68609
6 41883252 rs546468768 0.29856
6 41883261 rs150128575 2.1109e-06
6 41883386 rs112085091 0.55283
6 41883624 rs112146912 0.18729
6 41885091 rs6920559 3.293499999999999e-64
6 41885319 rs9357371 1.0e-300
6 41885482 rs191616813 1.1657e-05
6 41885510 rs75472244 0.30865
6 41885764 rs115284879 0.15612
6 41885885 rs76032968 0.47913999999999995
6 41885909 rs116460871 0.00087724
6 41885960 rs112423500 0.72231
6 41886340 rs542374060 0.12144
6 41886413 rs140085741 0.28894000000000003
6 41886922 rs372161246 0.010196
6 41887210 rs80032753 0.89959
6 41887510 rs143546450 0.076744
6 41887807 rs373041169 0.010196
6 41888827 rs2274578 2.797899999999999e-172
6 41889185 rs151229263 0.55001
6 41889212 rs9296368 0.56485
6 41889223 rs10947995 1.0e-300
6 41889240 rs61736990 0.8917700000000001
6 41889323 rs143551764 0.039830000000000004
6 41889409 rs3763273 2.1811e-06
6 41889505 rs144207756 0.66015
6 41889553 rs142676892 0.18993
6 41889673 rs41273802 0.59235
6 41890092 rs549199160 0.54901
6 41890141 rs756097617 0.00078767
6 41890554 rs115316195 0.9174100000000001
6 41890835 rs2479723 2.5136999999999996e-29
6 41890982 rs2479724 1.9255999999999996e-149
6 41891036 rs116771173 0.40687
6 41891410 rs77491476 0.8554299999999999
6 41891471 rs72867183 6.6941e-16
6 41891485 rs61027584 1.3509999999999999e-06
6 41891486 rs188887936 0.55624
6 41891500 rs576357696 2.2021e-06
6 41891723 rs142039291 0.2224
6 41891879 rs9471690 0.69281
6 41891995 rs7738554 4.195e-64
6 41892066 rs183967179 0.5692699999999999
6 41892291 rs75173045 0.7898
6 41892457 rs56215622 1.0e-300
6 41892544 rs149988393 0.37704
6 41892782 rs77289717 0.056572000000000004
6 41892809 rs10947996 3.9039e-64
6 41892925 rs116146708 0.83873
6 41893003 rs76614900 0.12164000000000001
6 41893149 rs181794745 0.10249000000000001
6 41893202 rs185211243 0.29407
6 41893323 rs9349203 1.8435999999999991e-149
6 41893348 rs145856064 1.675e-06
6 41893481 rs188643838 0.09312100000000001
6 41893517 rs185221024 0.44048000000000004
6 41894397 rs150302075 8.7027e-97
6 41894571 6:41894571_G_A 0.9048799999999999
6 41894757 rs542698920 0.12013
6 41895003 rs138306323 0.56395
6 41895150 rs2296916 2.4857e-08
6 41895193 rs36124188 0.023735
6 41895358 rs114055150 0.26029
6 41895769 rs80085578 0.10294
6 41895923 rs78694567 0.56416
6 41896293 rs185348305 0.5836100000000001
6 41896406 rs16895092 0.21828000000000003
6 41896424 rs77111822 0.56248
6 41896684 rs150615697 0.57014
6 41896919 rs778139497 0.15225
6 41897144 rs114683057 0.4003
6 41897236 rs190573617 0.56079
6 41897592 rs75728662 6.322299999999999e-07
6 41897702 rs57385247 2.3745e-06
6 41898096 rs2479726 3.1146e-29
6 41898194 rs182672732 0.20526999999999998
6 41898521 rs187843739 0.34534000000000004
6 41898564 rs12661819 2.3824e-56
6 41898619 rs114469750 0.53186
6 41898709 rs367601943 0.01549
6 41898808 rs144435402 0.12516
6 41899629 rs16895095 0.19977999999999999
6 41899733 rs116014261 0.37867
6 41900375 rs149587548 0.00020585
6 41900406 rs3828855 3.4550999999999996e-08
6 41900538 rs114731913 0.20344
6 41900649 rs41273806 9.7175e-07
6 41900813 rs73426226 0.64177
6 41901003 rs769534198 0.37995
6 41901044 rs186513514 0.44506999999999997
6 41901606 rs140625886 0.384
6 41901699 rs3218117 0.17182999999999998
6 41901763 rs3218116 1.0e-300
6 41902352 rs3218114 1.0e-300
6 41902526 rs144960851 0.11738
6 41902559 rs3218109 0.09098400000000001
6 41902655 rs3218108 1.0e-300
6 41902700 rs3218107 0.010894
6 41902938 rs3218106 0.15316
6 41903007 rs9529 1.3925e-29
6 41903782 rs1051130 1.2871999999999998e-137
6 41903798 rs33966734 6.075499999999998e-94
6 41903884 rs3218101 0.13697
6 41904035 rs545840762 0.30256
6 41904324 rs11552780 0.00044192
6 41904483 rs3218100 0.30091
6 41904829 rs116799352 0.43786
6 41904956 rs3218099 0.061592999999999995
6 41905154 rs3218098 0.20276
6 41905174 rs2479717 1.544e-37
6 41905275 rs3218097 1.0e-300
6 41905342 rs138827651 0.27018000000000003
6 41905681 rs114568248 0.43823
6 41906364 rs3218095 9.386e-07
6 41906459 rs116403918 0.60747
6 41906661 rs3218092 1.0e-300
6 41906724 rs3218091 0.37493000000000004
6 41907213 rs3218090 0.38236
6 41907855 rs1410492 1.0e-300
6 41908122 rs3218089 0.020697999999999998
6 41908702 rs377533687 0.9412200000000001
6 41908717 rs372668741 0.12345999999999999
6 41908922 rs3218088 0.20055
6 41909438 rs1051129 1.0559e-11
6 41909942 rs3218087 0.62843
6 41910064 rs3218086 1.0e-300
6 41910179 rs3218085 1.8894e-45
6 41910336 rs3218084 0.10201
6 41910425 rs190266656 0.21381999999999998
6 41910851 rs533403693 0.00032195
6 41911185 rs9381100 3.589999999999999e-97
6 41911200 rs149184334 1.6246e-09
6 41911394 rs114787544 1.5345999999999998e-09
6 41911989 rs9462755 7.134899999999997e-95
6 41912252 rs2479718 3.9847e-37
6 41912383 rs541919501 0.28024
6 41912864 rs9918454 0.17176
6 41913022 rs147075148 0.12249000000000002
6 41913043 rs138287578 1.3660999999999999e-09
6 41913081 rs2479719 1.6206e-06
6 41913570 rs6922320 0.45685
6 41913670 rs78915271 2.0791e-06
6 41913778 rs4714520 1.3839999999999996e-99
6 41914195 rs113116955 1.0813e-06
6 41914208 rs139943373 0.68089
6 41914212 rs112063900 1.6921e-06
6 41914378 rs9349204 1.0e-300
6 41915123 rs116399896 0.18632
6 41915143 rs6913232 2.2930999999999995e-142
6 41915200 rs9471695 3.5623e-06
6 41915351 rs6933697 4.764799999999999e-99
6 41915514 rs147929970 1.0139e-09
6 41915519 rs6934551 2.5685999999999993e-99
6 41915704 rs2479720 6.1709e-37
6 41915709 rs141797580 0.47678999999999994
6 41916214 rs115996323 0.10336
6 41917099 rs4714522 2.0765e-37
6 41917110 rs150177487 3.0999e-09
6 41917222 rs75580691 0.55603
6 41917260 rs141775582 0.46584
6 41917526 rs186985563 5.5682e-12
6 41917598 rs9689216 5.792599999999998e-99
6 41917988 rs139509473 0.49267
6 41918042 rs148624763 2.7781e-09
6 41918060 rs142453754 0.0067613
6 41918104 rs7766817 2.5505999999999995e-142
6 41918190 rs7766960 2.890299999999999e-142
6 41918352 rs147682512 0.35307
6 41918560 rs182423669 0.0021435
6 41918810 rs60119955 3.7022e-37
6 41919367 rs184070639 9.5432e-61
6 41919386 rs114751952 1.8547e-09
6 41919394 rs115734688 0.022068
6 41919485 rs73426236 0.73636
6 41919589 rs113218652 6.149199999999999e-11
6 41920579 rs74979086 1.489e-06
6 41921196 rs768913902 0.00099251
6 41921241 rs10947997 1.0e-300
6 41921434 rs79675842 0.9494100000000001
6 41921556 rs146816748 0.31216
6 41921943 rs142180428 0.37233
6 41922220 rs7768317 9.666e-94
6 41922509 rs142328364 0.36455
6 41922564 rs75875700 1.3222999999999998e-06
6 41923801 rs6458249 0.8063899999999999
6 41924278 rs13340461 2.5496e-29
6 41924346 rs114789046 8.572e-19
6 41924369 rs16895128 1.0e-300
6 41924563 rs184655712 0.29815
6 41924626 rs146744409 0.0035558
6 41924724 rs571342613 0.18542
6 41924853 rs4623235 9.053799999999998e-174
6 41924931 rs16895130 7.8503e-36
6 41924998 rs112233623 1.0e-300
6 41925159 rs9349205 1.0e-300
6 41925290 rs11970772 1.0e-300
6 41925304 rs11968166 1.0e-300
6 41925712 rs114074977 3.2619000000000005e-09
6 41925719 rs180673743 0.22345
6 41925993 rs9471696 0.9899399999999999
6 41926122 rs144082269 0.39181
6 41926526 rs145622105 0.25313
6 41926819 rs149830553 0.00098003
6 41926844 rs9471697 0.9934200000000001
6 41926935 rs9394841 1.0e-300
6 41927020 rs564549396 1.662e-06
6 41927141 rs373567197 0.0029135000000000003
6 41927157 rs550306534 0.1249
6 41927226 rs144178642 1.3358e-33
6 41927813 rs4478405 8.803699999999997e-227
6 41928132 rs9471698 0.00048978
6 41928382 rs9349206 8.130899999999998e-69
6 41928548 rs9381101 7.0795e-69
6 41928684 rs7773255 1.0932999999999994e-225
6 41928874 rs74294386 2.2011e-09
6 41929356 rs9381102 1.1690999999999999e-68
6 41929363 rs187346828 0.98477
6 41929647 rs12190238 1.1316999999999998e-68
6 41929908 rs28494563 7.703699999999996e-209
6 41930102 rs7764698 9.561099999999999e-73
6 41930294 rs7745210 2.7127999999999995e-68
6 41930305 rs193035899 3.6629e-12
6 41930725 rs7745862 2.996e-68
6 41931267 rs79379366 0.0005522999999999999
6 41931268 rs540571247 0.28791
6 41931569 rs12110546 1.6105999999999998e-09
6 41931783 rs12110857 0.6897
6 41932001 rs17287803 6.3902e-12
6 41932011 rs28449539 2.9006e-68
6 41932119 rs113847211 0.086102
6 41932190 rs576438099 0.065621
6 41932274 rs114574826 0.40062
6 41932306 rs114162836 0.0045021
6 41932403 rs62417386 5.7316e-41
6 41932893 rs146951292 0.0040006
6 41933085 rs9367117 3.6260999999999995e-68
6 41933459 rs34221531 5.244599999999997e-222
6 41933482 rs9349208 3.9795999999999995e-68
6 41933554 rs9357372 2.9918e-68
6 41933570 rs57023124 0.87851
6 41933595 rs747281640 0.21169000000000002
6 41933714 rs180939716 0.31925
6 41934104 rs72853818 2.4875999999999996e-39
6 41934139 rs766215800 5.1217e-07
6 41934393 rs73426240 0.90261
6 41934514 rs4130023 3.236e-39
6 41934647 rs4607432 1.8746999999999997e-67
6 41935524 rs61433430 0.69455
6 41935781 rs61375651 1.2145999999999994e-168
6 41936010 rs72853823 0.0022072
6 41936168 rs62417389 3.1694999999999985e-174
6 41936294 rs114712655 0.16817000000000001
6 41936352 rs115511698 0.0045761000000000005
6 41936636 rs111451105 0.64955
6 41936786 rs146083856 2.88e-76
6 41937047 rs6458250 2.445399999999999e-174
6 41937058 rs113756602 3.2216e-26
6 41937332 rs35398189 2.0217999999999997e-62
6 41937771 rs144637466 0.099984
6 41937894 rs185191536 0.07647799999999999
6 41938465 rs115022028 0.97996
6 41938481 rs139633563 2.2664e-09
6 41938661 rs185295461 0.07181
6 41938714 rs57729711 3.0772999999999993e-167
6 41938921 rs151141065 0.61788
6 41939005 rs116367478 0.013341
6 41939089 rs114359401 0.3088
6 41939154 rs60814983 0.76368
6 41939477 rs536039079 0.20394
6 41939609 rs79334131 5.7116e-10
6 41939806 rs7765516 1.1351999999999997e-185
6 41940505 rs114019813 0.5838399999999999
6 41940546 rs9349209 1.0e-300
6 41940604 rs545568534 0.73797
6 41940648 rs116243032 0.10044
6 41940886 rs66867810 4.0673e-11
6 41941169 rs6920885 2.726399999999999e-163
6 41941598 rs141850859 0.075157
6 41941723 rs6899324 4.023999999999998e-155
6 41941980 rs4415146 2.0264999999999995e-155
6 41941993 rs72853828 1.3202999999999999e-36
6 41942245 rs550730994 3.8292e-18
6 41942533 rs60248286 9.747799999999998e-162
6 41942568 rs9367118 1.0e-300
6 41942634 rs182766420 0.43803000000000003
6 41942775 rs548845244 0.43049
6 41942883 rs572690778 2.9399e-17
6 41943080 rs9381104 5.9784999999999996e-09
6 41943284 rs570357036 0.14077
6 41943290 rs9394842 1.2915999999999997e-61
6 41943544 rs145183244 0.087543
6 41944404 rs11964130 0.0012379000000000001
6 41944700 rs186003780 0.5431199999999999
6 41944915 rs150421160 0.26036
6 41945111 rs6458251 7.4671e-09
6 41945174 rs7768838 9.732199999999997e-151
6 41945635 rs62417391 2.490799999999999e-164
6 41945875 rs61213270 0.84551
6 41945897 rs6939464 4.859199999999998e-208
6 41945944 rs143722153 0.5152100000000001
6 41946189 rs79699037 3.6989999999999986e-164
6 41946261 rs6458252 5.2885000000000005e-09
6 41946319 6:41946319_A_G 0.026726999999999997
6 41946440 rs7774393 8.9733e-09
6 41946781 rs192171338 0.5449
6 41946792 rs13219754 5.9559999999999976e-207
6 41946889 rs9381105 1.7294999999999998e-72
6 41947666 rs7742078 0.34146
6 41947706 rs7741792 0.078177
6 41947821 rs7742392 0.48781
6 41947938 rs184517459 0.10587
6 41948055 rs6458253 0.35638000000000003
6 41948099 rs6458254 0.23774
6 41948284 rs541658735 0.9647899999999999
6 41948743 rs4714526 0.48327
6 41949190 rs6937656 0.35478000000000004
6 41949331 rs9296371 0.35339
6 41949504 rs9296372 0.23403000000000002
6 41949558 rs9471706 0.35448
6 41949565 rs146641317 1.0067e-06
6 41950082 rs9367119 0.34043
6 41950156 rs9369318 1.8720999999999996e-86
6 41950302 rs79716025 0.36646
6 41950441 rs146101372 0.66179
6 41950770 rs9462759 0.35034
6 41951031 rs149287478 0.80713
6 41951645 rs116549857 0.0085975
6 41951752 rs7745671 0.36915
6 41952106 rs555390851 0.098074
6 41952142 rs7750075 0.45519
6 41952382 rs73426279 0.0014408
6 41952468 rs75961971 0.626
6 41952511 rs113267280 1.0e-300
6 41952558 rs9357375 0.33873000000000003
6 41952687 rs150073830 0.17725
6 41952697 rs182445049 0.00011609
6 41952828 rs116289676 0.007578399999999999
6 41952899 rs145339265 0.13844
6 41953003 rs116454779 0.70209
6 41953272 rs146505570 0.90256
6 41953714 rs73426281 0.0015895
6 41954611 rs78019028 0.00066532
6 41955520 rs114823132 0.009927600000000002
6 41955734 rs6919822 0.21084
6 41955778 rs72853846 0.92332
6 41956575 rs181533194 0.6994600000000001
6 41956696 rs559171560 0.30946999999999997
6 41956937 rs7766080 0.70882
6 41957541 rs6458259 0.22316
6 41957574 rs6458260 0.21506999999999998
6 41957787 rs76911561 0.8246399999999999
6 41957972 rs145189767 0.008212700000000002
6 41958246 rs60764456 9.848699999999996e-162
6 41958396 rs6458261 0.21600000000000003
6 41958589 rs6458262 0.20770999999999998
6 41958819 rs144779511 1.0575000000000001e-32
6 41958835 rs191969619 9.5156e-42
6 41958976 rs150754248 0.66362
6 41959643 rs60610471 1.2684999999999994e-161
6 41959702 rs7739942 0.20761
6 41959785 rs7739971 0.22798000000000002
6 41959789 rs546855707 0.16609000000000002
6 41959793 rs72853854 2.6396999999999996e-36
6 41959959 rs141032724 0.48291000000000006
6 41959963 rs7764240 3.595499999999999e-160
6 41960005 rs7744080 3.7684e-11
6 41960277 rs140130513 0.026838
6 41960494 rs9369319 0.21076
6 41960496 rs9367122 0.22766999999999998
6 41960507 rs151068317 0.47586999999999996
6 41960846 rs149773966 0.26838
6 41961013 rs4714532 0.25294
6 41961123 rs4714533 0.2709
6 41961319 rs7750163 0.23978000000000002
6 41961335 rs116228433 0.86615
6 41961426 rs13216308 0.24320999999999998
6 41961824 rs146721126 0.15442
6 41962225 rs114887899 0.078579
6 41962433 rs4714534 0.24093
6 41962449 rs4714535 0.23976999999999998
6 41962692 rs7738113 0.19021
6 41962741 rs138695227 0.6309899999999999
6 41962805 rs7756712 0.19294
6 41962820 rs113565514 0.002182
6 41963034 rs140052835 0.5254300000000001
6 41963069 rs9381112 1.0e-300
6 41963074 rs114899211 1.9895999999999999e-22
6 41963274 rs144263828 0.7821
6 41963313 rs76256187 0.00069676
6 41963449 rs73426302 0.002215
6 41963783 rs182204420 0.47245
6 41964134 rs139551958 0.089228
6 41964254 rs4714536 0.39229
6 41964498 rs140262187 0.0098854
6 41964589 rs57958307 0.6543100000000001
6 41964637 rs9357378 0.00014765
6 41964641 rs55863894 0.7717
6 41964676 rs138646776 0.72258
6 41964924 rs9357379 0.4181
6 41964954 rs9369321 0.42631
6 41964970 rs9381114 0.42645
6 41965076 rs6904394 0.49883999999999995
6 41965147 rs9394848 0.4239
6 41965182 rs6904586 0.42366000000000004
6 41965252 rs6927373 0.46737
6 41965428 rs6904985 0.50532
6 41965486 rs75256835 0.33673000000000003
6 41965549 rs138546124 0.84857
6 41965651 rs542120361 0.4118
6 41965807 rs4714537 0.44743
6 41966136 rs9471717 0.47168999999999994
6 41966164 rs9462760 0.47078000000000003
6 41966254 rs555595149 0.69266
6 41966300 rs12206672 6.844899999999998e-80
6 41966345 rs539842806 0.36914
6 41966433 rs191897003 0.22466999999999998
6 41966542 rs4452641 0.51881
6 41966659 rs58519945 0.85929
6 41966729 rs113639898 0.12
6 41967121 rs144287463 0.52578
6 41967228 rs147801269 0.21806
6 41967231 rs141078234 0.58457
6 41967443 rs4711695 0.46375
6 41967501 rs12661263 1.0e-300
6 41967512 rs7754319 0.51557
6 41967528 rs570583807 0.1188
6 41967540 rs146931251 0.21756999999999999
6 41967698 rs137954315 5.3827e-16
6 41967830 rs4714538 0.51112
6 41967934 rs35829548 9.036999999999996e-205
6 41968088 rs143411127 0.5889800000000001
6 41968139 rs148345135 0.58712
6 41968180 rs13207451 7.087099999999997e-206
6 41968668 rs116565956 4.4509e-16
6 41968754 rs9471721 0.47131999999999996
6 41968930 rs138329446 0.47912
6 41969287 rs191667291 5.3568e-11
6 41969367 rs115972896 0.011239
6 41969544 rs4714539 0.50981
6 41969633 rs530798216 0.71237
6 41969665 rs9767067 0.31243000000000004
6 41969768 rs4714540 0.42861000000000005
6 41969894 rs74883521 0.79884
6 41969928 rs144417304 0.58625
6 41969941 rs4437455 0.39416
6 41970224 rs190169684 4.2308e-16
6 41970318 rs4380741 0.48016000000000003
6 41970342 rs6935646 1.7374999999999996e-83
6 41970404 rs12526550 5.471699999999997e-191
6 41970622 rs115513822 0.72828
6 41970747 6:41970747_A_G 0.21
6 41970896 rs140638828 0.71695
6 41971583 rs142847950 0.53027
6 41971901 rs9369322 0.34807
6 41971907 rs144299688 0.0028116
6 41972134 rs9369323 0.40823000000000004
6 41972220 rs147625114 0.00077454
6 41972233 rs537036246 0.25983
6 41973168 rs535503025 0.27021999999999996
6 41973503 rs9357381 0.4198
6 41973743 rs12210079 1.5187999999999996e-83
6 41973744 rs4711696 0.43051999999999996
6 41973791 rs139695570 0.8474700000000001
6 41973822 rs11755928 8.950399999999996e-205
6 41973918 rs9367124 0.77475
6 41974321 rs115981033 0.84139
6 41974372 rs554109148 0.0019074
6 41974909 rs141366706 0.12722
6 41974953 rs61462530 0.0029689
6 41975004 rs4714546 0.40921
6 41975052 rs118103136 0.006829699999999999
6 41975122 rs150209473 0.44022
6 41975322 rs9462762 2.2507e-09
6 41975679 rs114622370 0.69084
6 41975693 rs182679717 1.84e-15
6 41975732 rs9462763 0.38635
6 41975846 rs12200559 2.1184999999999996e-74
6 41975906 rs143652290 0.0062795
6 41976269 rs142871491 2.3234e-45
6 41976460 rs7774526 0.45411
6 41976471 rs7756304 0.45471000000000006
6 41976838 rs116614575 0.83234
6 41976973 rs3924130 1.0e-300
6 41977088 rs7449838 0.3214
6 41977243 rs192445493 3.3648e-13
6 41977713 rs78419250 0.7229399999999999
6 41977937 rs11756584 8.055399999999996e-210
6 41977988 rs12527752 0.50234
6 41978065 rs73733061 0.49718999999999997
6 41978274 rs4607417 0.32703000000000004
6 41978306 rs9471726 0.152
6 41978412 rs4445045 2.792899999999999e-136
6 41978552 rs138660539 0.19839
6 41978657 rs73733063 0.43323999999999996
6 41978986 rs149703400 0.086649
6 41979105 rs57484521 2.2827999999999996e-136
6 41979204 rs12530094 0.5817
6 41979246 6:41979246_A_T 0.059435
6 41979513 rs753172853 0.97882
6 41979555 rs139121020 0.0061769
6 41979564 rs12530141 0.61129
6 41979565 rs12528337 0.33789
6 41979605 rs778565058 0.01409
6 41979730 rs146639346 0.174
6 41979821 rs75752556 0.035218
6 41980117 rs4272212 5.033900000000001e-10
6 41980201 rs4714547 0.88508
6 41980255 rs9471727 1.0355999999999998e-37
6 41980300 rs183592977 0.8225399999999999
6 41980402 rs188079997 0.12966
6 41980666 rs6921368 2.620499999999999e-230
6 41980871 rs6922061 8.935599999999996e-230
6 41980937 rs56056026 1.0e-300
6 41981019 rs115139943 0.27207
6 41981065 rs114621753 0.32386
6 41981077 rs9349211 1.4442999999999992e-229
6 41981297 rs114724710 0.8503799999999999
6 41981392 rs9349212 1.5062999999999992e-229
6 41981510 rs60223017 3.4594e-10
6 41981765 rs10948002 8.862199999999997e-229
6 41981841 rs59332765 0.44621000000000005
6 41981878 rs6912057 7.316299999999997e-230
6 41981902 rs540614861 9.262e-06
6 41981920 rs189333242 8.544700000000001e-07
6 41982032 rs141190851 0.19819
6 41982391 rs75955997 0.25601999999999997
6 41982451 rs10948003 1.3979999999999996e-135
6 41982893 rs9471728 7.494199999999999e-38
6 41982953 rs6928971 1.0e-300
6 41982957 rs6906330 1.0e-300
6 41983371 rs12175190 1.0e-300
6 41983379 rs4711697 1.0e-300
6 41983395 rs9462764 1.0e-300
6 41983431 rs4714548 1.0e-300
6 41983519 rs4714549 1.0e-300
6 41983835 rs10807272 1.277e-64
6 41983925 rs147699362 0.13291
6 41983971 rs10948004 1.8198999999999997e-133
6 41984017 rs142317325 0.010876
6 41984265 rs78141248 0.30278
6 41984274 rs79898229 0.2612
6 41984385 rs140881081 0.41586999999999996
6 41984509 rs150174031 0.27162
6 41984648 rs79695329 0.28767
6 41984822 rs774315238 0.28278000000000003
6 41985229 rs13204359 1.1531e-22
6 41985436 rs9381118 1.1618e-13
6 41985518 rs73733067 0.36425
6 41985615 rs369389308 0.10851
6 41985627 rs9357382 2.2081e-15
6 41985882 rs191425685 0.88882
6 41985913 rs118140399 6.1447e-10
6 41985927 rs374693216 0.094127
6 41986208 rs10807273 1.9498e-49
6 41986269 rs72664259 8.5472e-10
6 41986273 rs4714550 5.222399999999999e-10
6 41986427 rs142449754 7.9388e-10
6 41986617 rs150909404 1.7421e-14
6 41986777 rs75154565 0.69785
6 41986808 rs60147533 1.4711e-08
6 41986862 rs193251481 0.9365600000000001
6 41987268 rs145559449 0.0010589
6 41987451 rs4711698 5.367200000000001e-10
6 41987544 rs9367125 1.0e-300
6 41987667 rs78730289 0.36022
6 41987688 rs4711699 6.3027e-09
6 41987726 rs180934712 0.25611999999999996
6 41987765 rs6458265 0.6915899999999999
6 41987788 rs9394849 5.994699999999999e-53
6 41987832 rs147870646 0.013262000000000001
6 41987893 rs148937692 3.2708e-10
6 41987994 rs9394850 0.53962
6 41988145 rs115122695 0.33751
6 41988384 rs114056474 0.6693899999999999
6 41988430 rs79444255 0.25216
6 41988516 rs759351896 0.1834
6 41988582 rs4320368 0.13829
6 41988593 rs6937803 0.7216600000000001
6 41988742 rs56144648 4.694e-10
6 41988756 rs9471732 0.14828
6 41988842 rs6917992 0.56055
6 41988944 rs756462038 0.035064
6 41989249 rs55834072 4.292e-10
6 41989688 rs11751200 1.298e-09
6 41989718 rs6901077 2.526e-10
6 41989747 rs577561244 5.9089999999999995e-08
6 41989828 rs9471733 3.4071e-09
6 41989853 rs147298210 0.95854
6 41989858 rs7760280 0.12749000000000002
6 41989930 rs144703702 7.8154e-10
6 41989989 rs10948005 1.3086e-09
6 41990136 rs78560252 0.60056
6 41990259 rs149983496 0.9606899999999999
6 41990449 rs77898797 4.4264999999999997e-17
6 41990540 rs62415868 1.1386e-09
6 41990791 rs72664260 3.2566000000000004e-10
6 41990827 rs56007794 3.9497000000000003e-10
6 41990941 rs4714551 1.7696e-10
6 41991039 rs76010090 0.51902
6 41991047 rs548209528 1.2055e-14
6 41991061 rs4714552 2.18e-10
6 41991069 rs145594918 0.096318
6 41991105 rs79211824 0.28639000000000003
6 41991133 rs9471734 9.0522e-34
6 41991347 rs78939020 0.2925
6 41991445 rs112020086 0.28699
6 41991515 rs115690744 0.82773
6 41991617 rs559377313 0.7178
6 41991675 rs113064794 0.78156
6 41991737 rs7750967 1.4479e-10
6 41991740 rs7750688 1.4222999999999998e-10
6 41991870 rs9394851 0.65052
6 41991913 rs9357383 1.4121000000000002e-10
6 41991942 rs372622943 0.24513000000000001
6 41992279 rs62415869 9.481499999999999e-10
6 41992344 rs4714553 1.2868e-09
6 41992460 rs187179319 0.15185
6 41992518 rs4711702 1.5093000000000002e-10
6 41992571 rs141027631 0.4127
6 41992694 rs756331100 0.036624000000000004
6 41992720 rs148221389 0.32066999999999996
6 41992983 rs4714554 7.698899999999999e-37
6 41993007 rs9369324 3.960799999999999e-72
6 41993167 rs7770391 1.0061999999999994e-210
6 41993229 rs4714556 4.628099999999999e-136
6 41993365 rs76583279 0.98061
6 41993479 rs115724923 0.76767
6 41993554 rs369942993 0.0034469
6 41993656 rs9471735 1.692499999999999e-226
6 41993688 rs12214723 1.7140999999999996e-52
6 41993861 rs7753265 1.0687999999999993e-226
6 41994015 rs181284761 2.6658e-37
6 41994183 rs9394852 6.152599999999999e-66
6 41994323 rs142890159 0.00040636
6 41994380 rs151031330 0.10462
6 41994481 rs115253804 0.9646399999999999
6 41994569 rs9471736 6.7106e-10
6 41994716 rs144132761 0.18220999999999998
6 41994897 rs114118212 2.1366e-06
6 41994967 rs148849584 0.004225
6 41994973 rs35128272 4.567599999999999e-67
6 41995297 rs9369325 5.527499999999997e-203
6 41995361 rs4365924 1.0e-300
6 41995496 rs10948006 3.8130999999999984e-130
6 41995547 rs9394853 3.3649999999999994e-72
6 41996009 rs73428370 0.18894
6 41996607 rs9381120 8.918299999999995e-246
6 41996699 rs80211614 7.506299999999996e-238
6 41996708 rs570342987 0.3078
6 41996800 rs7749541 0.6703
6 41996828 rs115735270 0.77556
6 41996956 rs79986923 5.341299999999999e-38
6 41997182 rs77232756 0.70434
6 41997323 rs140333591 0.19799
6 41997377 rs9381121 1.7787999999999993e-235
6 41997384 rs9381122 1.1542999999999996e-181
6 41997487 rs12528470 8.540899999999999e-07
6 41997698 rs9367126 2.3803999999999984e-300
6 41997837 rs115086817 0.048577999999999996
6 41997926 rs9357384 7.082499999999996e-294
6 41998018 rs77925148 0.94068
6 41998282 rs56053740 1.8481e-17
6 41998311 rs61307979 0.4697
6 41998545 rs200402382 0.46971
6 41998670 6:41998670_G_A 0.05681699999999999
6 41998963 rs75530981 0.97408
6 41999003 rs80080085 1.1661e-09
6 41999125 rs4711703 3.2385e-30
6 41999232 rs766691785 0.54322
6 41999358 rs13211412 1.3376e-11
6 41999796 rs186152686 0.73321
6 41999809 rs12199246 6.910700000000001e-30
6 42000210 rs150629183 0.56189
6 42000303 rs79132119 1.0113e-09
6 42000456 rs80031019 0.73027
6 42000512 rs115440891 0.17110999999999998
6 42000584 rs77320037 0.73864
6 42000671 rs34226811 5.111499999999998e-108
6 42000962 rs12202546 2.0490999999999997e-29
6 42001134 rs148447776 9.1437e-10
6 42001193 rs114057280 1.9532e-29
6 42001197 rs373594378 0.12245999999999999
6 42001772 rs77028264 2.3293e-29
6 42002133 rs191312723 0.82591
6 42002383 rs78138774 2.0724999999999998e-29
6 42002694 rs533988174 2.1208e-05
6 42002867 rs13194688 2.2761e-23
6 42002878 rs76482034 1.1600999999999998e-29
6 42003084 rs10948007 1.775e-29
6 42003145 rs142018879 0.38704
6 42003159 rs148077424 0.10051
6 42003478 rs570357558 0.39253000000000005
6 42003573 rs189994251 0.70811
6 42003771 rs147191402 0.70804
6 42003802 rs4714557 6.9488e-30
6 42004171 rs180727395 0.39507
6 42004330 rs114015578 0.10745
6 42004604 rs572582922 0.017236
6 42004803 rs12202607 2.8334e-29
6 42004869 rs147804102 6.403699999999999e-10
6 42006304 rs4400214 7.3115e-23
6 42006528 rs145178246 0.97015
6 42006736 rs146842448 0.056497000000000006
6 42006750 rs115808640 0.47915
6 42006958 rs73733074 0.017757
6 42007077 rs9394855 1.2032999999999995e-197
6 42007403 rs67289879 1.1747999999999999e-11
6 42007468 rs12661131 5.2316e-88
6 42007571 rs4481419 8.5006e-23
6 42007877 rs115597780 3.4239e-10
6 42007993 rs188383673 0.6988
6 42008143 rs4236078 0.31004
6 42008203 rs13206037 4.7654e-12
6 42008394 rs371557105 0.51105
6 42008637 rs4714558 2.7473999999999996e-23
6 42008814 rs115968981 0.9587399999999999
6 42009106 rs78790875 4.5579000000000004e-10
6 42009222 rs116382789 0.56584
6 42009331 rs4331978 2.5368e-10
6 42009564 rs560789413 0.05272
6 42009583 rs4333413 2.1035e-07
6 42010161 rs139088401 0.5098699999999999
6 42010175 rs149917140 4.09e-10
6 42010272 rs148621001 0.4842
6 42010302 rs143865154 0.6492899999999999
6 42010420 rs12200388 3.7009e-35
6 42010632 rs115201044 0.5315
6 42010681 rs13215373 2.5281e-07
6 42010850 rs4236079 0.009279299999999999
6 42011311 rs12202319 1.6759999999999998e-22
6 42011347 rs140986754 0.56315
6 42011405 rs150226098 0.47226999999999997
6 42011569 rs4346850 3.2593000000000006e-07
6 42011611 rs182429708 0.0027067
6 42011679 rs563732312 0.9995200000000001
6 42011717 rs4516936 2.5891e-07
6 42011923 rs73733077 0.26326
6 42012024 rs114590912 1.3250999999999998e-40
6 42012159 rs4554318 7.882399999999998e-143
6 42012488 rs74916404 0.20204
6 42012786 rs142937763 0.19963
6 42013020 rs9381126 0.70245
6 42013042 rs6919122 1.7731999999999999e-37
6 42013049 rs6942118 1.2873e-05
6 42013360 rs6458267 4.1759999999999994e-39
6 42013763 rs79710947 0.71518
