CHR BP SNP P
2 219035229 rs4674263 0.00031182
2 219035470 rs79794653 0.5168699999999999
2 219035792 rs77029273 3.6595e-05
2 219036370 rs925635 0.79063
2 219036529 rs925636 0.76662
2 219036959 rs73084139 0.80452
2 219037003 rs75104925 0.6293
2 219037317 rs142973250 0.13097
2 219037421 rs10172936 0.74517
2 219037597 rs10175470 0.0013807000000000001
2 219038043 rs116011245 0.005024100000000001
2 219038286 rs116356497 5.2458999999999994e-05
2 219038440 rs145242319 0.08405800000000001
2 219038810 rs145611391 3.8316e-05
2 219038818 rs4674264 0.39586
2 219039362 rs182209176 0.057586
2 219039429 rs113488468 0.18120999999999998
2 219039527 rs546709460 0.042558
2 219039698 rs79676371 0.79269
2 219039981 rs548524944 0.47891000000000006
2 219040044 rs570213702 0.18922
2 219040082 rs531147494 0.18922
2 219040151 rs10932758 0.0014008
2 219040709 rs138394501 0.16637000000000002
2 219040924 rs191191534 0.9907799999999999
2 219040942 rs143939162 0.38195
2 219041102 rs561987712 0.41313999999999995
2 219041188 rs10804266 0.45588999999999996
2 219041510 rs150803835 0.64515
2 219041824 rs181865929 0.19186
2 219041906 rs139375746 0.044861
2 219041979 rs143994661 0.24570999999999998
2 219042126 rs188943224 0.43472
2 219042148 rs146438048 0.88771
2 219042171 rs571872207 0.24059
2 219042189 rs370156882 0.15168
2 219042228 rs191768873 0.8476799999999999
2 219042255 rs544910783 0.11912
2 219042491 rs527758271 0.45676000000000005
2 219042678 rs182976672 0.69155
2 219042852 rs555966359 0.14209000000000002
2 219042968 rs149978546 0.38756
2 219043021 rs531408063 0.23876999999999998
2 219043205 rs76494716 0.49743999999999994
2 219043248 rs146491636 0.38982
2 219043450 rs137862152 4.645e-05
2 219043734 rs147113846 0.8468100000000001
2 219044091 rs141833706 0.51334
2 219044234 rs181993933 3.7156e-05
2 219044497 rs184410760 0.8787200000000001
2 219045098 rs537725242 0.55593
2 219045108 rs4674266 3.768e-05
2 219045201 rs181008586 0.16666
2 219045497 rs142046033 0.20856
2 219045783 rs112411865 0.57853
2 219046122 rs62183956 8.556900000000001e-10
2 219046171 rs61700947 1.2195e-05
2 219046176 rs78410617 0.7924899999999999
2 219046418 rs73084160 0.69612
2 219046421 rs73993285 0.44331000000000004
2 219046437 rs4674267 1.6069e-05
2 219046697 rs115696589 0.17113
2 219046812 rs72958038 0.0035805
2 219046846 rs11894169 1.512e-05
2 219047216 rs60475239 1.1885e-05
2 219047679 rs114887940 0.32293
2 219047718 rs57545959 1.137e-05
2 219047782 rs13397673 1.0691e-05
2 219047821 rs149144958 0.16662000000000002
2 219048174 rs73084166 0.6394
2 219048787 rs76569311 0.40304
2 219048971 rs116270424 4.7458e-05
2 219049516 rs60908151 0.7296
2 219050141 rs61701037 0.0031953000000000003
2 219050371 rs377196653 0.28319
2 219050418 rs75364062 0.1778
2 219050629 rs74771352 0.17690999999999998
2 219050791 rs4674269 0.28701
2 219051195 rs114563421 0.037287
2 219051217 rs78913925 0.5625
2 219051314 rs10171839 1.8748e-09
2 219051374 rs187450628 0.012376
2 219051375 rs59709748 0.74151
2 219051496 rs57616694 1.4611e-05
2 219052178 rs116215546 0.51076
2 219052326 rs76258977 2.5926999999999998e-05
2 219052499 rs7589323 0.76741
2 219052546 rs1877715 2.6963000000000003e-05
2 219052825 rs572696873 0.37387
2 219052829 rs747253843 0.89074
2 219052861 rs141025565 0.75279
2 219053141 rs4674270 1.4571e-05
2 219053231 rs150795188 0.056167999999999996
2 219053339 rs73084175 0.74739
2 219053653 rs535124175 0.11478
2 219054026 rs12469107 0.42983000000000005
2 219054201 rs58885307 2.5281e-05
2 219054317 rs76155836 0.7492
2 219054520 rs73084176 2.1169e-05
2 219054550 rs73084177 0.8381700000000001
2 219054873 rs77059700 0.5021800000000001
2 219055519 rs192397943 0.68298
2 219055568 rs28634626 0.72173
2 219055679 rs115341223 0.60893
2 219056143 rs146578905 0.86726
2 219056158 rs145051708 0.057188
2 219056380 rs61041183 6.7638e-05
2 219056485 rs13382552 0.8643799999999999
2 219056755 rs10191283 1.3054000000000003e-09
2 219056863 rs188677516 0.50274
2 219056866 rs10167446 7.302400000000001e-10
2 219057086 rs10167768 0.9467
2 219057313 rs148872993 0.15269000000000002
2 219057338 rs12612347 5.182599999999999e-10
2 219057810 rs6719789 4.900099999999999e-10
2 219057848 rs6748472 0.96068
2 219057984 rs13026485 4.0451000000000003e-10
2 219058199 rs145724614 0.063775
2 219058243 rs138727034 0.24944000000000002
2 219058520 rs150742967 0.15347
2 219058743 rs6752254 4.6743e-10
2 219058845 rs149395780 0.24574000000000001
2 219058849 rs764105602 0.10305
2 219059058 rs56364928 4.5495999999999995e-10
2 219059169 rs74509414 0.50489
2 219059419 rs7574838 0.93976
2 219059485 rs80042802 0.66906
2 219059678 rs144204208 0.50538
2 219059706 rs6727744 0.44265
2 219059821 rs4674271 0.06682
2 219060997 rs114904099 0.056849000000000004
2 219061049 rs143731419 0.17878
2 219061138 rs151268971 0.9541299999999999
2 219061277 rs6436041 0.70901
2 219061302 rs6436042 0.70901
2 219061566 rs186642187 0.66966
2 219061918 rs114886770 0.6743899999999999
2 219062001 rs78107966 3.6485000000000003e-06
2 219062043 rs12328749 0.9749399999999999
2 219062113 rs142690271 0.60948
2 219062761 rs115751707 0.05765
2 219064391 rs10932761 0.00019598
2 219064543 rs539775533 0.38288
2 219065758 rs182494757 0.5794199999999999
2 219065963 rs6759496 0.82076
2 219066352 rs144554395 0.25384
2 219066486 rs147842483 0.15754
2 219066518 rs6718220 0.00025245
2 219066853 rs77915198 0.16978
2 219066966 rs80227394 0.28745
2 219066980 rs10206984 1.2555999999999997e-09
2 219067304 rs115345299 0.60009
2 219067336 rs114820077 0.60226
2 219067605 rs771594027 0.09822
2 219067780 rs10469776 7.706200000000001e-10
2 219068103 rs11695527 0.00024473
2 219068115 rs11695623 4.3705e-06
2 219068258 rs540540966 0.18846
2 219068402 rs4234023 0.89025
2 219068587 rs190447529 0.18836
2 219069137 rs13384682 9.111e-10
2 219069285 rs113666430 0.75105
2 219069411 rs186865230 0.25789
2 219069416 rs138998201 0.6048399999999999
2 219069544 rs116083982 0.60148
2 219069595 rs4674272 0.88144
2 219070551 rs7569907 9.1321e-10
2 219071240 rs7606652 0.12767
2 219071664 rs74982549 0.50498
2 219072314 rs74470909 2.5126e-06
2 219072507 rs117483117 2.5312e-06
2 219072674 rs189782683 0.44209
2 219072675 rs10209152 9.2178e-10
2 219072891 rs114778326 1.3875e-05
2 219073018 rs12623716 0.00053469
2 219073173 rs148096582 0.68158
2 219073745 rs62185964 0.00018809
2 219073753 rs79312621 0.5525100000000001
2 219073779 rs62185965 0.0001981
2 219073804 rs12988046 0.00019473
2 219074156 rs142805672 0.82611
2 219074398 rs4674273 3.1366e-06
2 219074516 rs116126017 0.30716
2 219075211 rs190038010 0.048788
2 219075382 rs149966203 0.27926
2 219075429 rs557357545 0.7412
2 219075534 rs543179014 0.1993
2 219075535 rs76887970 0.06454
2 219075843 rs62182760 0.011761
2 219076148 rs80009975 2.8577999999999996e-06
2 219076213 rs10932762 0.00025239
2 219076237 rs75840881 0.014986000000000001
2 219076403 rs4672880 3.7048e-06
2 219076525 rs6722239 0.34733
2 219076742 rs13393821 9.4623e-10
2 219077075 2:219077075_G_A 0.2651
2 219077196 rs11684889 0.92238
2 219077457 rs562358052 0.36591
2 219077837 rs373088492 0.053517999999999996
2 219078115 rs13397805 4.056000000000001e-06
2 219078116 rs6729899 0.95036
2 219078221 rs528493048 0.62573
2 219079513 rs11682371 0.00025810000000000004
2 219080503 rs6436044 0.8223
2 219080668 rs116728214 0.059559
2 219080718 rs6720105 0.00027098
2 219080911 rs79221228 2.5101e-06
2 219080914 rs148462565 0.8418100000000001
2 219080978 rs6720449 0.0003119
2 219081419 rs548381249 0.7702
2 219081422 rs114391703 2.5186e-05
2 219081736 rs56048293 0.7852899999999999
2 219081809 rs62182790 0.019107
2 219082119 rs2271541 1.8075e-09
2 219082330 rs12694432 2.0383e-09
2 219082560 rs10187683 0.9003200000000001
2 219082595 rs182489381 0.17592
2 219082906 rs143741173 0.03768
2 219082968 rs151116900 0.15885
2 219083069 2:219083069_A_C 0.10036
2 219083146 rs73084197 0.9133700000000001
2 219083318 rs7578940 4.338e-06
2 219083353 rs10178462 2.9876e-05
2 219083362 rs552599167 0.7392
2 219083720 rs115101645 0.6125
2 219084163 rs72949318 0.020506
2 219084533 rs6733051 0.043562000000000003
2 219084785 rs16858885 0.043146
2 219084869 rs143991115 0.26318
2 219084875 rs148245815 0.15624000000000002
2 219085321 rs10208442 0.8599100000000001
2 219085863 rs10932763 4.1207e-06
2 219085930 rs10932764 0.7883
2 219086399 rs139490117 0.51239
2 219086976 rs183301119 0.087962
2 219087012 rs187438877 0.38515
2 219087072 rs12992937 4.2407e-06
2 219087400 rs6436045 0.6208899999999999
2 219087583 rs144953065 0.0031271999999999997
2 219087585 rs115902830 0.61695
2 219087697 rs190287093 0.18637
2 219087964 rs141015685 0.17592
2 219087996 rs7558119 0.98495
2 219088021 rs9917296 0.0014395
2 219088502 rs74370196 0.21573
2 219089070 rs115781203 0.9632
2 219089131 rs4674274 4.2756e-06
2 219089616 rs9288536 0.9150799999999999
2 219089653 rs553434826 0.69726
2 219089844 rs80305166 0.57896
2 219090154 rs539810901 0.69166
2 219090239 rs116748408 5.6176000000000006e-05
2 219090287 rs114225066 0.15935
2 219090365 rs9789363 0.74621
2 219090419 rs6757125 0.03688
2 219090451 rs16858888 0.050991
2 219090536 rs756347068 0.06217999999999999
2 219090597 rs143905486 0.2071
2 219091080 rs59904591 0.3255
2 219091127 rs142130723 0.60039
2 219091203 rs57674675 0.75058
2 219091246 rs34544664 4.3192e-06
2 219091560 rs77860488 2.3262e-05
2 219091576 rs74950515 0.43285
2 219091787 rs73084199 0.79367
2 219091885 rs116184676 0.58855
2 219092623 rs146808731 0.22382
2 219092741 rs116555297 0.34499
2 219092817 rs191760927 0.51184
2 219092951 rs541979758 0.067976
2 219092999 rs11679770 4.3245e-06
2 219093389 rs561016550 0.041373
2 219093934 rs17572109 0.057054999999999995
2 219094577 rs115504855 0.025323
2 219094740 rs116438719 0.062189
2 219095041 rs144503786 0.60158
2 219095107 rs186863207 0.45465
2 219095132 rs139515626 0.57896
2 219095292 rs140073060 0.60475
2 219095339 rs116111048 0.00061126
2 219095554 rs6756265 4.3453e-06
2 219095881 rs570200690 0.43303
2 219096226 rs75363409 0.36025999999999997
2 219096333 rs9288537 0.64947
2 219096375 rs116248247 0.6976600000000001
2 219096616 rs566406347 0.43303
2 219097171 rs114843198 0.0022854
2 219097299 rs183550578 0.61214
2 219097441 rs62182793 0.81124
2 219097546 2:219097546_G_A 0.15859
2 219097738 rs4674275 4.059100000000001e-06
2 219097773 rs13388024 1.7735000000000001e-09
2 219097815 rs140634611 0.08881499999999999
2 219097920 rs145685229 0.52531
2 219098118 rs62182794 8.0846e-05
2 219098167 rs13427407 0.32871999999999996
2 219098260 rs75780805 0.60049
2 219098658 rs141154757 0.0479
2 219098672 rs6742439 0.46466
2 219098719 rs182187702 0.9164700000000001
2 219098753 rs28374262 1.8039000000000002e-09
2 219098774 rs143568322 0.60049
2 219098847 rs112581848 0.45308000000000004
2 219099198 rs149608059 0.19104000000000002
2 219099260 rs1018288 0.7568699999999999
2 219099484 rs10932765 1.7945e-09
2 219099807 rs115209346 0.32137
2 219100202 rs62182795 3.9205e-06
2 219100869 rs7605980 3.9907e-06
2 219101406 rs1962723 0.8490000000000001
2 219101859 rs12988858 0.8710100000000001
2 219102332 rs12990082 1.6788e-09
2 219102349 rs141939124 0.68235
2 219103580 rs10169718 1.7175000000000001e-09
2 219103612 rs192749243 0.47971
2 219103955 rs75360164 0.60131
2 219104068 rs114064399 0.8751
2 219104086 rs114702968 0.6825600000000001
2 219104094 rs111697110 0.59242
2 219104450 rs145894451 0.054401
2 219104613 rs148211614 0.15624000000000002
2 219104725 rs7581857 4.0355e-06
2 219104781 rs7594268 0.8599
2 219104783 rs543512006 0.11168
2 219104827 rs7568092 4.0733e-06
2 219104967 rs75266204 0.76153
2 219104990 rs12987130 4.3005e-06
2 219105370 rs186425357 0.60133
2 219105397 rs190434673 0.49616000000000005
2 219105405 rs528763674 0.1034
2 219105495 rs182786511 0.51239
2 219105830 rs73084201 0.7932899999999999
2 219106136 rs11901011 0.70231
2 219106172 rs79402585 0.38700999999999997
2 219106848 rs114701149 0.6785899999999999
2 219107165 rs115989393 0.16144
2 219107206 rs59322893 0.59932
2 219107287 rs10171820 0.16902
2 219107357 rs145312337 0.7764300000000001
2 219107367 rs10182823 0.16902
2 219107422 rs557583536 0.30354000000000003
2 219107700 rs9679606 0.85303
2 219108037 rs115722778 3.965299999999999e-94
2 219108254 rs114253163 0.13348
2 219108287 rs55869299 0.70097
2 219108424 rs116831766 0.20393
2 219108435 rs114962413 3.938e-52
2 219108751 rs138463441 0.26108000000000003
2 219108806 rs72949343 0.034648000000000005
2 219108913 rs6436047 3.7736e-06
2 219109033 rs6436048 4.1187e-06
2 219109364 rs17653757 1.6468e-09
2 219109391 rs6704974 0.92215
2 219109470 rs534483865 0.9832799999999999
2 219109505 rs376652258 0.85124
2 219109696 rs142111996 0.13327
2 219109882 rs17462354 0.16082
2 219109905 rs79498936 0.60323
2 219109931 rs16858894 0.038606
2 219110555 rs12996912 1.2652e-09
2 219110625 rs6738394 3.7355e-06
2 219110721 rs13015410 1.6745e-09
2 219111044 rs139687414 0.00034455
2 219111105 rs115169599 6.548e-05
2 219111184 rs144722000 2.2066e-05
2 219111285 rs368002594 0.6361399999999999
2 219111341 rs13423003 3.6876e-05
2 219111366 rs115392556 0.17172
2 219111383 rs116067583 0.59659
2 219111430 rs6748982 0.76261
2 219111524 rs147644277 0.15145
2 219111666 rs144517004 0.44766000000000006
2 219111893 rs115476443 2.467199999999999e-93
2 219111914 rs76914323 0.60309
2 219112313 rs13023474 0.92006
2 219112343 rs112565916 0.7015100000000001
2 219112449 rs113046364 0.71253
2 219112598 rs187064004 0.58223
2 219112956 rs13392177 1.6470000000000002e-09
2 219113054 rs138409707 0.57749
2 219113089 rs13430006 1.8724000000000003e-09
2 219113260 rs143102243 0.49663999999999997
2 219113286 rs6436049 4.2515e-06
2 219113462 rs140817168 0.8557799999999999
2 219113538 rs907982 0.7620100000000001
2 219113798 rs116610131 0.23915999999999998
2 219114084 rs74349827 0.6167
2 219114691 rs74765391 0.24996999999999997
2 219114848 rs116355998 4.1266e-05
2 219115104 rs4672881 0.70263
2 219115108 rs6736362 1.2789e-10
2 219115221 rs76779132 0.76532
2 219115245 rs142487574 2.0771999999999997e-05
2 219115363 rs7559424 0.16524
2 219115452 rs77850647 2.0663000000000002e-05
2 219115774 rs372107656 0.1748
2 219115798 rs10171347 0.88536
2 219115874 rs114566878 0.34652
2 219116015 rs190285427 0.21743
2 219116047 rs10171570 3.1783000000000004e-05
2 219116205 rs182441256 0.0033696999999999998
2 219116642 rs79155237 0.021741
2 219116979 rs116673029 0.12052
2 219117366 rs75628671 1.9852e-05
2 219117482 rs35271699 1.734e-09
2 219117522 rs114237203 0.054228
2 219117605 rs114878161 1.9786e-05
2 219117628 rs111837712 0.097165
2 219117813 rs143936208 0.044398
2 219117941 rs114100377 0.013984
2 219118094 rs114563342 1.9337e-05
2 219118818 rs73086112 0.7839
2 219119134 rs7600989 3.142e-05
2 219119330 rs115840779 1.8897e-05
2 219119451 rs79007482 0.077403
2 219120207 rs139804274 0.51273
2 219120255 rs736730 1.3594e-10
2 219120396 rs77037667 0.17122
2 219120516 rs74738984 1.8337e-05
2 219120588 rs736731 1.2824000000000001e-10
2 219120904 rs1473900 0.70316
2 219121001 rs146686937 0.56735
2 219121528 rs12999734 1.3149e-10
2 219121663 rs11677953 4.2968e-07
2 219121886 rs140653196 0.30722
2 219121913 rs115145464 0.57003
2 219121916 rs115337257 0.071962
2 219122090 rs10932766 1.1592e-10
2 219122259 rs745402887 0.9129799999999999
2 219122466 rs6743642 4.5105e-05
2 219122780 rs4674276 3.37e-07
2 219122781 rs4674277 3.5347e-07
2 219122867 rs139097847 0.19318
2 219123306 rs56154150 0.4576
2 219123769 rs10203642 0.8655
2 219123865 rs144572495 0.07514900000000001
2 219124222 rs3731859 8.2034e-11
2 219124402 rs540200868 0.50379
2 219124519 rs111447924 0.57812
2 219124534 rs150801320 0.096231
2 219124572 rs146024152 0.57721
2 219124827 rs192792948 0.38292
2 219124921 rs13003334 7.5113e-11
2 219125158 rs60510402 0.18167
2 219125223 rs115741813 0.51955
2 219125809 rs11554825 8.386e-11
2 219126188 rs78291641 1.1686e-05
2 219126236 rs78909564 0.53652
2 219126652 rs145836224 0.27631
2 219126735 rs1567869 4.0614e-05
2 219126862 rs10190292 0.14452
2 219126904 rs114064331 0.54619
2 219127409 rs57621524 0.6887
2 219127417 rs56192869 0.79376
2 219127905 rs138439621 0.32682
2 219128083 rs150118963 0.71582
2 219128095 rs116219220 1.4156e-05
2 219128334 rs115448647 0.50451
2 219128496 rs143767549 0.46926999999999996
2 219128506 rs2292549 4.443e-05
2 219128515 rs77115694 1.3768e-05
2 219128766 rs570643457 0.60448
2 219129060 rs2382816 0.92999
2 219129631 rs146035270 0.53852
2 219129896 rs139083943 0.25304
2 219129905 rs115942379 0.00015285
2 219130233 rs73086117 0.39103000000000004
2 219130245 rs535382497 0.33164
2 219130514 rs1079204 1.5359e-05
2 219130676 rs200045609 0.1807
2 219131829 rs73086118 0.85551
2 219132381 rs74349235 1.4019e-05
2 219132585 rs145508047 0.044584
2 219132731 rs4674279 2.8681999999999997e-07
2 219133137 rs12612675 2.8951999999999996e-07
2 219133292 rs10193107 0.8135399999999999
2 219133579 rs188155718 0.44065
2 219133744 rs144728691 0.7046399999999999
2 219133767 rs186852028 0.33150999999999997
2 219134726 rs34118048 0.56952
2 219134928 rs1877714 2.814e-07
2 219134950 rs13419763 6.376e-11
2 219135013 rs1877713 0.29991999999999996
2 219135930 rs11900801 0.058341
2 219136461 rs62182823 0.032826999999999995
2 219136568 rs116771035 0.64513
2 219136684 rs1457459 0.76972
2 219137825 rs150099810 0.28363
2 219138625 rs6758540 5.9758e-07
2 219138940 rs4791 1.6802e-10
2 219139480 rs116809757 0.059133000000000005
2 219139573 rs6734242 0.76804
2 219139826 rs60211154 0.5615
2 219140288 rs2292550 5.8084e-07
2 219140385 rs72947598 0.097689
2 219140623 rs13396404 0.37135
2 219140980 rs115102659 0.063273
2 219141144 rs115600187 0.25874
2 219141248 rs75845354 0.81638
2 219141458 rs4674280 1.7099e-10
2 219141546 rs4674281 0.7426
2 219141888 rs192269123 0.41968
2 219142023 rs2168703 0.78077
2 219142327 rs113996885 0.059789999999999996
2 219142491 rs2271543 5.317100000000001e-07
2 219142492 rs2168704 2.5842e-10
2 219142594 rs3817266 9.0183e-07
2 219142773 rs6707559 1.125e-06
2 219142782 rs112235783 0.5542
2 219142860 rs13429408 2.9519e-10
2 219143195 rs200923132 0.3741
2 219143229 rs2292551 9.6911e-07
2 219143327 rs2292552 9.7531e-07
2 219143630 rs529875532 0.15734
2 219143908 rs114235213 0.8518899999999999
2 219143923 rs41272681 1.4979e-05
2 219144089 rs12987180 9.9487e-07
2 219144111 rs150890717 0.38216999999999995
2 219144149 rs12987219 1.3351e-06
2 219144230 rs4674282 9.7448e-07
2 219144254 rs4674283 1.042e-06
2 219144385 rs111677253 0.60933
2 219144498 rs2045434 9.984399999999999e-07
2 219144544 rs138267449 0.8378700000000001
2 219145127 rs143554766 0.8361700000000001
2 219145377 rs115656623 0.5871
2 219145695 rs9917159 0.059135
2 219145761 rs191760619 0.092754
2 219146114 rs28421739 0.55098
2 219146151 rs147841157 0.44792
2 219146156 rs141135929 0.19422999999999999
2 219146199 rs10932768 9.9829e-07
2 219146423 rs7571476 0.0105
2 219146460 rs77010107 1.4562e-05
2 219146607 rs7585702 1.0467e-06
2 219146663 rs143066899 0.30954
2 219146724 rs116439217 1.8241e-05
2 219146737 rs35041266 0.90905
2 219146803 rs2292553 3.4297e-10
2 219146842 rs146727797 0.015791
2 219146868 rs2292554 8.1775e-07
2 219146882 rs2292555 8.737600000000001e-07
2 219146988 rs11888211 3.3076e-05
2 219147245 rs10932769 1.0775e-06
2 219147645 rs142238766 0.095125
2 219148369 rs6729058 1.1129e-06
2 219148723 rs62182826 3.7342e-10
2 219148795 rs144268862 0.80589
2 219148850 rs148670315 0.993
2 219149163 rs11692780 1.1509999999999999e-06
2 219149222 rs11692830 0.69903
2 219149223 rs186820594 1.9984999999999996e-50
2 219149285 rs11687568 0.86245
2 219149639 rs4672882 1.269e-06
2 219149728 rs55827343 5.9394e-10
2 219149740 rs56109829 4.1743e-10
2 219149773 rs145496323 0.71925
2 219150211 rs7559416 1.1959e-06
2 219150238 rs7559428 1.1125e-06
2 219150307 rs7559525 1.0833e-06
2 219150449 rs61682501 0.57096
2 219150654 rs115056472 0.67845
2 219151218 rs2382817 1.3569999999999999e-06
2 219151767 rs13005100 1.1956999999999998e-06
2 219151926 rs13031757 1.1982e-06
2 219152138 rs75714628 1.6451e-05
2 219152603 rs576987324 0.8307700000000001
2 219152889 rs7577185 2.7768000000000002e-05
2 219152937 rs6727301 1.2925e-06
2 219153077 rs570047559 0.23586
2 219153378 rs116499671 0.7752899999999999
2 219153384 rs150641949 0.10620999999999998
2 219153883 rs73086149 0.64805
2 219154085 rs62182859 0.021555
2 219154093 rs147417073 2.3458e-05
2 219154460 rs189996657 0.20756
2 219154624 rs183326923 0.38489
2 219154765 rs79762347 2.3033e-05
2 219154781 rs992157 1.1505e-09
2 219155081 rs145053271 0.75339
2 219155519 rs77648432 3.2244e-05
2 219155704 rs148616864 0.3637
2 219155907 rs2382818 1.5152e-05
2 219155909 rs2382819 1.4736e-05
2 219156429 rs543771819 0.08645
2 219156467 rs75320554 0.073666
2 219156979 rs3731860 2.3116e-06
2 219157048 rs57235176 0.8154399999999999
2 219157049 rs192539859 0.44905
2 219157312 rs567090800 0.18233
2 219157321 rs529537280 0.22639
2 219157343 rs7606645 0.7422300000000001
2 219157604 rs116360970 6.9543e-06
2 219157692 rs10193383 5.6974e-06
2 219157714 rs113997526 0.31519
2 219157869 rs186623055 0.9832799999999999
2 219157922 rs17551724 0.42865
2 219157959 rs10206064 3.2854000000000003e-06
2 219158198 rs571638354 0.27773000000000003
2 219158973 rs13031262 0.7366
2 219159102 rs12474454 0.89931
2 219159629 rs10165153 8.212999999999999e-06
2 219159770 rs1399132 8.1313e-06
2 219159896 rs143139014 0.006278499999999999
2 219160002 rs147478970 0.31149
2 219160172 rs138128140 0.7844
2 219160265 rs7603648 0.31894
2 219160273 rs75960313 0.31145
2 219160472 rs143597563 0.54823
2 219160534 rs115392729 0.4115
2 219160621 rs55680399 1.2596e-05
2 219160724 rs113519380 0.006432500000000001
2 219160749 rs56344368 2.021e-09
2 219160807 rs115562597 6.280700000000001e-06
2 219160864 rs7587220 8.468e-06
2 219161165 rs534866046 0.51573
2 219161241 rs4674284 1.266e-05
2 219161367 rs144458432 0.5001399999999999
2 219162070 rs115144370 0.6479600000000001
2 219162277 rs73088113 0.76602
2 219162483 rs151087432 0.08077999999999999
2 219162484 rs141122729 0.076877
2 219162519 rs150265270 0.12089000000000001
2 219162653 rs113125513 0.8860100000000001
2 219162717 rs549008332 0.1813
2 219162784 rs79223510 0.12036
2 219162836 rs4996257 1.1234000000000001e-05
2 219162837 rs13412573 0.6842699999999999
2 219163309 rs78757285 6.550700000000001e-06
2 219163652 rs11897720 0.81258
2 219163812 rs116131060 0.40857
2 219164013 rs35122042 0.006010499999999999
2 219164219 rs571192130 0.47316
2 219164246 rs192032890 0.38506
2 219164293 rs7572362 1.1888e-05
2 219164727 rs10932770 1.1208e-05
2 219164875 rs150789373 0.082816
2 219165219 rs114406797 0.8998
2 219165332 rs554442319 0.5798300000000001
2 219165377 rs6712601 0.7389100000000001
2 219165989 rs80221964 0.13002
2 219166070 rs79697785 0.34576
2 219166286 rs6758683 0.9892299999999999
2 219166325 rs116672450 0.59558
2 219166647 rs76189264 0.26019000000000003
2 219166649 rs59549705 1.0331e-05
2 219166797 rs6704848 0.79313
2 219166880 rs147948829 6.1409e-06
2 219166977 rs189110928 0.10327
2 219167166 rs567678233 0.30576
2 219167529 rs7557709 1.0365999999999999e-05
2 219167552 rs4674285 0.98805
2 219167563 rs13427681 3.6055e-09
2 219167629 rs77685154 0.29739
2 219167742 rs147024923 0.29256
2 219167792 rs147664301 0.33809
2 219167804 rs189168311 0.095674
2 219167833 rs142466579 0.29256
2 219167891 rs114509413 0.33675
2 219167958 rs181884807 0.34137
2 219167960 rs185851301 0.33675
2 219167965 rs12053514 6.3561e-06
2 219168267 rs13430787 0.7581600000000001
2 219168351 rs528882408 0.049357
2 219168402 rs13430992 0.73352
2 219168432 rs1877712 2.2152e-09
2 219168525 rs186661947 0.33702
2 219168587 rs1877711 0.83875
2 219168765 rs2382820 0.8085
2 219169159 rs114355531 0.33735
2 219169203 rs145953810 0.3105
2 219169488 rs139801054 0.41806000000000004
2 219169572 rs6729130 1.1088e-05
2 219169577 rs182687329 0.89428
2 219169596 rs187632593 0.15495
2 219169699 rs150735625 1.2172e-05
2 219169848 rs191966119 0.41796000000000005
2 219170076 rs78652271 0.30148
2 219170345 rs12105003 0.12176
2 219170377 rs6746089 7.8899e-06
2 219170441 rs12104579 0.11394000000000001
2 219170462 rs1017697 1.0335999999999999e-05
2 219170525 rs1017698 7.691e-06
2 219171191 rs2014615 7.3616e-06
2 219171197 rs143302169 0.43528
2 219171394 rs151262340 0.37753000000000003
2 219171462 rs2014597 5.4216e-06
2 219171621 2:219171621_A_G 0.19377
2 219171813 rs921969 0.8261299999999999
2 219172004 rs181671861 0.095489
2 219172069 rs116658512 0.53932
2 219172395 rs75367195 9.6744e-06
2 219172412 rs930883 0.06918200000000001
2 219172546 rs551971166 0.44716000000000006
2 219172613 rs2382821 0.35599000000000003
2 219172874 rs138534780 0.59628
2 219173229 rs183321503 0.41878000000000004
2 219173327 rs2382822 7.360800000000001e-06
2 219173445 rs144496504 0.18946
2 219174113 rs148418050 0.0017207999999999998
2 219174198 rs7577617 0.83291
2 219174442 rs563628131 0.44364
2 219174590 rs140069496 5.0102e-06
2 219174652 rs145681568 0.59349
2 219175241 rs149761382 0.5626800000000001
2 219175292 rs191386869 0.46378
2 219175341 rs11885190 0.67914
2 219175487 rs2085485 6.7098000000000005e-06
2 219176376 rs6748980 0.73656
2 219176450 rs10195115 6.9543e-06
2 219176641 rs551704567 0.2555
2 219176719 rs149490615 0.40503
2 219176895 rs11888052 6.9699e-06
2 219177148 rs10932772 6.889199999999999e-06
2 219177322 rs147158036 0.76937
2 219178067 rs13014817 7.4799e-06
2 219178595 rs76394798 8.4651e-06
2 219178653 rs114691783 0.09710099999999999
2 219178875 rs4268913 8.3012e-06
2 219179042 rs146568540 0.50362
2 219179905 rs2382824 0.9384
2 219179926 rs9751319 0.8296
2 219179974 rs757377310 0.9123899999999999
2 219179995 rs9751327 9.238e-06
2 219180061 rs376755205 0.57301
2 219180334 rs577032054 0.3606
2 219180470 rs73088135 0.82705
2 219180782 rs115439662 0.21785
2 219181350 rs7570012 0.98235
2 219181483 rs77116665 0.22091999999999998
2 219181897 rs10932773 0.91991
2 219181993 rs78507634 3.9536e-06
2 219182014 rs80297638 0.022475
2 219182398 rs140097599 0.4062
2 219182481 rs4672884 1.9298e-08
2 219182491 rs4672885 0.9023
2 219182636 rs114860921 0.5774199999999999
2 219182748 rs6741757 4.049e-05
2 219183015 rs114684797 0.45514
2 219183533 rs77679753 0.66655
2 219183919 rs147771007 0.89384
2 219184125 rs114175385 0.04997
2 219184167 rs13399246 3.6905e-05
2 219184199 rs13424679 3.6263e-05
2 219184206 rs546167086 0.60327
2 219184264 rs2891074 0.8830600000000001
2 219184387 rs2382827 3.9973000000000005e-05
2 219184398 rs2891076 3.5475e-05
2 219184405 rs116246886 0.13027
2 219184436 rs13020391 3.2336e-05
2 219184492 rs2382828 3.2148000000000005e-05
2 219184617 rs2382829 3.4147e-05
2 219184691 rs2891079 3.1388000000000005e-05
2 219184721 rs4280446 3.2236999999999996e-05
2 219184756 rs73088138 0.78092
2 219184774 rs77206359 0.66559
2 219184872 rs4552182 3.4457e-05
2 219184908 rs140011298 0.36136
2 219185033 rs4423579 3.4657e-05
2 219185036 rs114062154 0.19739
2 219185161 rs2015863 3.4046e-05
2 219185545 rs4672886 2.9714e-05
2 219185580 rs6750882 0.95367
2 219186082 rs115888288 0.29646
2 219186097 rs543225355 0.8588899999999999
2 219186134 rs140660346 0.53259
2 219186462 rs57851860 3.7431e-05
2 219186539 rs36068079 0.9218799999999999
2 219186592 rs62183964 3.7270999999999996e-05
2 219186649 rs538547867 0.029561
2 219186934 rs535644793 0.1237
2 219187199 rs76683809 0.27304
2 219187263 rs116242829 0.66705
2 219187367 rs10203039 1.2518e-08
2 219187603 rs10193189 4.4328999999999995e-05
2 219187698 rs1870123 3.6636e-05
2 219187740 rs1870124 4.5978999999999995e-05
2 219187835 rs144922290 0.10192999999999999
2 219187892 rs553224650 0.31975
2 219187901 rs1870125 1.3044000000000001e-08
2 219188237 rs7596269 7.743400000000001e-06
2 219188276 rs183972170 0.59931
2 219188428 rs73088143 7.970299999999999e-06
2 219188443 rs10206448 7.478200000000001e-06
2 219188467 rs6747666 8.1824e-06
2 219188577 rs10194082 2.2674e-08
2 219188669 rs6708662 9.9975e-06
2 219188838 rs1473901 1.4672e-08
2 219189312 rs112666482 0.12204000000000001
2 219189357 rs77287776 0.19671
2 219189410 rs10197374 1.0587e-05
2 219189452 rs113307821 1.1188e-05
2 219189653 rs112273237 1.0812e-05
2 219189654 rs62183995 4.3046999999999996e-05
2 219190014 rs145152987 3.4672000000000004e-06
2 219190066 rs138820732 0.041137
2 219190202 rs141390854 0.11787
2 219190277 rs115937871 3.2936e-06
2 219190366 rs114026070 0.6816300000000001
2 219190590 rs72951243 0.00062818
2 219190615 rs57115984 0.7951
2 219190620 rs11885588 0.094282
2 219190713 rs10192690 2.2433e-05
2 219190857 rs138242186 0.53225
2 219191256 rs3731861 2.438e-05
2 219191569 rs10932774 2.2386e-05
2 219192105 rs75956287 0.51915
2 219192186 rs114601859 0.92001
2 219192563 rs113223487 0.087242
2 219192755 rs897877 1.7573e-08
2 219193225 rs79759167 0.53437
2 219193497 rs115730107 0.52382
2 219193858 rs145165199 0.86211
2 219193963 rs7598430 0.00030839999999999996
2 219194046 rs538733322 0.2155
2 219194147 rs553127751 0.24658000000000002
2 219195710 rs114117810 0.6385
2 219195797 rs528158199 0.12351
2 219195799 rs10932775 0.00021718
2 219195833 rs149956490 0.8234100000000001
2 219195879 rs112593283 0.36629
2 219196062 rs370205429 0.50794
2 219196087 rs113091464 0.63421
2 219196246 rs192463469 0.18932000000000002
2 219196344 rs7567403 0.00019489
2 219196351 rs146686314 0.32671999999999995
2 219196480 rs568581301 0.52027
2 219196800 rs79007041 1.0940999999999999e-05
2 219198005 rs75325197 0.01089
2 219198025 rs7560460 0.0011755000000000001
2 219198423 rs7587403 0.0031153
2 219198571 rs149131175 0.2587
2 219198609 rs146556356 0.010457
2 219198640 rs186334488 0.72897
2 219198925 rs146995936 0.29399000000000003
2 219199068 rs10932778 0.37262
2 219199876 rs79745234 0.00027203
2 219200390 rs57678725 0.32823
2 219200582 rs113498664 0.00021592
2 219201193 rs62182083 0.90584
2 219201219 rs74424267 0.22938000000000003
2 219201401 rs184989838 0.81307
2 219201667 rs7608356 0.0041493
2 219202088 rs773771585 0.11248
2 219202110 rs56402738 0.21903000000000003
2 219202132 rs9752655 0.00026922
2 219202484 rs12471773 0.17747000000000002
2 219202614 rs142346568 1.1848e-44
2 219202624 rs12993339 0.0037411000000000002
2 219202726 rs141675713 0.6289600000000001
2 219202743 rs113023289 0.20524
2 219202937 rs138041826 0.22380999999999998
2 219203037 rs186725215 0.6434
2 219203078 rs34213584 0.17599
2 219203239 rs13021032 0.9590000000000001
2 219203455 rs535155015 0.6762100000000001
2 219203631 rs79051868 0.39898
2 219203691 rs111984051 0.0001995
2 219203693 rs371302330 0.5141
2 219204019 rs141850148 0.93927
2 219204475 rs112516929 0.82988
2 219204534 rs147259983 0.6665800000000001
2 219204633 rs201092853 0.28801
2 219204726 rs201632828 0.66359
2 219204728 rs73088163 0.22175
2 219204854 rs73990423 0.23473000000000002
2 219205471 rs34014804 0.00039269
2 219205617 rs113682992 0.7924899999999999
2 219205629 rs150024972 0.8639100000000001
2 219205916 rs776918326 0.13605
2 219205954 rs58042983 0.00032025
2 219206064 rs58599893 0.61463
2 219206137 rs73990424 0.29577
2 219206150 rs62182084 0.0088675
2 219206435 rs62182085 0.48441999999999996
2 219206492 rs73990425 0.9671
2 219206645 rs62182086 0.44409
2 219206646 rs74718922 0.32711999999999997
2 219206738 rs34745867 0.24989
2 219206919 rs3816562 0.0096319
2 219206954 rs140986447 0.35846
2 219207035 rs114055051 0.23306999999999997
2 219207164 rs150153411 0.37
2 219207252 rs138578329 0.20307999999999998
2 219207464 rs137895511 0.80284
2 219207517 rs116443880 0.40534000000000003
2 219207880 rs76295193 0.30719
2 219207977 rs58641676 0.87413
2 219207984 rs188505077 0.99708
2 219208119 rs183762547 0.73535
2 219208389 rs143957978 0.7371300000000001
2 219208477 rs2279016 0.00038865
2 219208927 rs115766605 0.12662
2 219209248 rs116144189 0.8058
2 219209796 rs921970 0.007137
2 219209885 rs73088173 0.26026
2 219209915 rs189926206 0.07487200000000001
2 219210118 rs116778315 0.042418
2 219210211 rs7586140 0.83605
2 219210311 rs141201996 0.17019
2 219210606 rs1052578 0.064973
2 219210696 rs115429065 0.22687
2 219210781 rs9076 0.067054
2 219210897 rs76752438 0.22346999999999997
2 219211369 rs145193682 0.66056
2 219211821 rs140326680 0.29722
2 219211953 rs77623271 0.00037372
2 219212004 rs13020621 0.01375
2 219212037 rs145564694 8.901399999999997e-79
2 219212397 rs191741024 0.28774
2 219212485 rs114834171 0.22888000000000003
2 219212661 rs116635096 0.85515
2 219213132 rs6755537 0.8751399999999999
2 219213139 rs6727310 0.8735799999999999
2 219213361 rs374544079 0.30418
2 219213427 rs7603843 0.00034848
2 219213484 rs182142989 0.30015
2 219213612 rs181106965 0.4022
2 219213695 rs577281623 0.67895
2 219213706 rs866450815 0.2986
2 219213727 rs114335561 0.94873
2 219214201 rs554970107 0.31561999999999996
2 219214236 rs192270388 0.010189
2 219214483 rs112857950 0.00026896
2 219214640 rs13409846 0.06041799999999999
2 219214676 rs143162054 0.74238
2 219214913 rs188138190 0.035762999999999996
2 219214918 rs147538303 0.14962999999999999
2 219214944 rs150624681 0.78332
2 219215208 rs12468509 0.0083732
2 219215423 rs115912178 0.22007
2 219215555 rs10167612 0.46616
2 219216182 rs560228106 0.17745999999999998
2 219216369 rs4493248 0.066403
2 219216543 rs538061579 0.0206
2 219216746 rs115132359 0.44427
2 219216828 rs116722532 0.94296
2 219216883 rs12052863 0.30019
2 219216893 rs34374616 0.01541
2 219217008 rs146957422 0.94196
2 219217173 rs116059006 0.037174
2 219217286 rs2100626 0.23071999999999998
2 219217303 rs4674294 0.066842
2 219217864 rs141393676 0.12809
2 219218023 rs139649651 0.23009000000000002
2 219218149 rs549523746 0.88136
2 219218199 rs58160096 0.00042031
2 219218369 rs565408929 0.6462100000000001
2 219218528 rs7596500 0.00037997
2 219219022 rs73990428 0.2381
2 219219072 rs4672888 1.6124e-06
2 219219183 rs11896513 0.83616
2 219219326 rs186483554 0.3206
2 219219579 rs149750381 0.64657
2 219219840 rs10804268 2.0986e-06
2 219219875 rs4674295 0.80598
2 219219905 rs111279594 0.00036007
2 219220011 rs146941161 0.32128
2 219220212 rs114209913 0.2341
2 219220804 rs145837691 0.11358
2 219220859 rs116463192 0.65589
2 219221134 rs113486155 0.6532399999999999
2 219221355 rs3892153 8.657100000000001e-05
2 219221410 rs73073013 0.45858999999999994
2 219221846 rs4324314 0.0004883
2 219222123 rs10172824 4.9903e-07
2 219222308 rs142157169 0.23164
2 219222415 rs78470620 0.7068
2 219222703 rs556872954 0.9716799999999999
2 219222733 rs62182089 0.79497
2 219222909 rs73073016 0.37458
2 219223098 rs6746094 0.86798
2 219223240 rs139224439 0.31079
2 219223665 rs147567118 0.0038743000000000002
2 219223666 rs67022388 0.18008
2 219224465 rs144311907 0.62238
2 219224614 rs112134516 0.00032325
2 219224796 rs545442947 0.62937
2 219224806 rs182665367 0.13465
2 219224945 rs34491830 3.6889999999999997e-06
2 219225162 rs4674296 0.0003694
2 219225450 rs116779205 0.91059
2 219225918 rs6757983 0.00040618
2 219225957 rs142713239 0.7158899999999999
2 219226054 rs55705029 0.8773799999999999
2 219226482 rs115975754 0.7292
2 219226740 rs61160995 0.16479000000000002
2 219227189 rs145309994 0.9834299999999999
2 219227190 rs57650136 0.8939799999999999
2 219227599 rs138318485 0.45882
2 219227756 rs6723716 0.00039781
2 219227865 rs74270394 0.4533
2 219228064 rs180731730 0.45316000000000006
2 219228117 rs184504437 0.0010408
2 219228213 rs190189373 0.16407
2 219228216 rs546690670 0.6018399999999999
2 219228260 rs190632103 0.090674
2 219228608 rs62182117 0.8288700000000001
2 219228638 rs62182118 0.8284100000000001
2 219228651 rs78846874 0.83499
2 219228678 rs140647903 0.37266
2 219228688 rs145895885 0.73063
2 219229052 rs9784095 0.9454100000000001
2 219229067 rs9784018 0.9460799999999999
2 219229090 rs141416862 0.78861
2 219229130 rs6741562 0.00031586
2 219229147 rs4674297 0.00038231
2 219229290 rs72959182 0.67592
2 219229302 rs143261230 0.29225
2 219229579 rs141477371 0.19037
2 219229609 rs150843932 0.94924
2 219229641 rs11696005 0.00039635
2 219229762 rs6745037 0.68801
2 219229842 rs6745172 0.012373
2 219230129 rs143586099 0.048281
2 219230146 rs187474945 0.6303300000000001
2 219230163 rs60925504 0.38616
2 219230213 rs35143308 0.65488
2 219230347 rs113239795 0.00052561
2 219230818 rs76771376 0.37985
2 219230819 rs187005175 0.13945
2 219231012 rs4674299 0.35042
2 219231238 rs75314307 0.42528
2 219231850 rs77113842 0.019178
2 219232354 rs7608923 0.00747
2 219232388 rs56326225 0.9358200000000001
2 219232463 rs150944493 0.36812
2 219232470 rs139704670 0.33751
2 219232610 rs142470785 0.49556000000000006
2 219232700 rs114912223 0.8815799999999999
2 219232788 rs528488321 0.61905
2 219232900 rs73073029 0.90394
2 219232931 rs150262496 0.85985
2 219233452 rs7586267 0.086575
2 219233490 rs536486764 0.72832
2 219233584 rs62182120 0.0004752
2 219233738 rs73073033 0.11840999999999999
2 219233864 rs7576929 0.00059792
2 219234001 rs73073035 0.80685
2 219234239 rs73073039 0.00060077
2 219234245 rs148917024 0.35463
2 219234290 rs11694271 0.042636
2 219234309 rs80346213 0.38648000000000005
2 219234339 rs6436053 0.0099101
2 219234371 rs11677067 0.020099000000000002
2 219234521 rs78308210 0.00016487
2 219234580 rs111995121 0.00059872
2 219234705 rs11695562 0.019063
2 219234800 rs62182121 0.00017188
