CHR BP SNP P
22 39426472 rs73887532 0.13758
22 39426479 rs144646323 0.27286
22 39426567 rs147875904 0.18625999999999998
22 39426747 rs4821858 0.034375
22 39427036 rs79069173 0.23425
22 39427085 rs145091621 0.25328
22 39427150 rs5757431 0.031954
22 39428012 rs549196225 0.71878
22 39428096 rs73887535 0.080857
22 39428305 rs149444818 0.42558999999999997
22 39428396 rs9611081 0.006975199999999999
22 39428676 rs118079666 0.02721
22 39428763 rs113373204 0.50158
22 39428919 rs5757432 0.02657
22 39429067 rs5995659 0.35479
22 39429161 rs142825201 0.88246
22 39429209 rs8139110 0.023014
22 39429319 rs144711913 0.7400100000000001
22 39429416 rs114437023 0.88954
22 39429663 rs5750723 0.023976
22 39430148 rs191770432 0.99651
22 39430267 rs9622909 0.022369999999999998
22 39430410 rs140641456 0.2551
22 39430606 rs116383681 0.25115
22 39430740 rs145864468 0.18944
22 39430794 rs147999658 0.46621
22 39430805 rs113314545 0.083944
22 39430874 rs113587226 0.12062
22 39431092 rs113404006 0.37200000000000005
22 39431094 rs116200328 0.29724
22 39431098 rs5995660 0.11887
22 39431164 rs113061427 0.63547
22 39431488 rs146994475 0.25087
22 39431601 rs533741542 0.7104
22 39431682 rs4820362 0.016912
22 39431868 rs192226498 0.30679
22 39432069 rs12157659 0.11370999999999999
22 39432126 rs12157720 0.19185
22 39432156 rs9611083 0.11184000000000001
22 39432166 rs186756769 0.18307
22 39432466 rs115906086 0.9032
22 39433623 rs4821860 0.07933899999999999
22 39433745 rs9941940 0.44101
22 39433825 rs7284130 0.24383000000000002
22 39433914 rs5757438 0.019883
22 39434488 rs59364430 0.33824
22 39434545 rs150136939 0.18361
22 39434872 rs549570590 0.11773
22 39434898 rs116419039 0.5079600000000001
22 39434907 rs5750726 0.019962999999999998
22 39435122 rs149588556 0.30938000000000004
22 39435636 rs114228539 0.3241
22 39435855 rs5757441 0.018822
22 39436046 rs5757442 0.016738999999999997
22 39436541 rs34393871 0.97504
22 39436876 rs35898507 0.44463
22 39437410 rs5750727 0.018156
22 39437591 rs9611084 0.0044158
22 39437707 rs148244917 0.57577
22 39438512 rs2413564 0.018278
22 39438659 rs2413565 0.017134
22 39440149 rs5750728 0.0204
22 39440199 rs76919915 0.9598899999999999
22 39440333 rs116637572 0.36485
22 39440334 rs74772017 0.41285
22 39440541 rs5757444 0.016569
22 39441203 rs4821862 0.018421
22 39441204 rs199693357 0.39735
22 39441841 rs145600842 0.74103
22 39442298 rs6001399 0.57318
22 39442381 rs4820364 0.82285
22 39442480 rs34610137 0.59582
22 39442786 rs548116226 0.00086626
22 39442822 rs12159395 0.69857
22 39443016 rs5757445 0.025209
22 39443167 rs13057968 0.020623
22 39443199 rs117163502 0.024334
22 39443270 rs112668702 0.60577
22 39444189 rs5757447 0.38666
22 39444309 rs6001401 0.6391600000000001
22 39444530 rs5750730 0.020632
22 39445042 rs35321168 0.5220899999999999
22 39445161 rs2076100 0.020191999999999998
22 39445380 rs2014881 0.022808000000000002
22 39445436 rs33913356 0.47572
22 39445554 rs2076101 0.022809
22 39446837 rs187598201 0.98844
22 39446972 rs34782049 0.39586
22 39447269 rs4821863 0.25288
22 39447418 rs33968924 0.028321
22 39447786 rs5757450 0.027956
22 39447817 rs557777818 0.1363
22 39448275 rs12157816 0.30399
22 39448456 rs35269786 0.12608
22 39448465 rs35860424 0.21905
22 39448615 rs13056825 0.05852
22 39448695 rs146924719 0.8872700000000001
22 39448711 rs6001402 0.029758
22 39448750 rs5757451 0.029106
22 39448875 rs5757452 0.028739999999999998
22 39449014 rs5757454 0.013141
22 39449112 rs148231238 0.9988799999999999
22 39449136 rs10427764 0.6611899999999999
22 39449503 rs5750734 0.024006
22 39449655 rs5750735 0.028773000000000003
22 39449858 rs35880481 0.69601
22 39450528 rs1985760 0.026829000000000002
22 39450607 rs12152196 0.20911
22 39450678 rs2016407 0.025466
22 39450800 rs34455474 0.60177
22 39451015 rs35618865 0.14583
22 39451084 rs36012794 0.46967
22 39451265 rs141570226 0.54608
22 39451901 rs74838578 0.3127
22 39452196 rs113273254 0.006810200000000001
22 39452591 rs138894229 0.0015104
22 39452808 rs143506597 0.54966
22 39452955 rs5757455 0.028247
22 39452958 22:39452958_A_G 0.39538
22 39453053 rs142380675 0.5421699999999999
22 39453080 rs111276292 0.09199
22 39453259 rs141846148 0.61137
22 39453365 rs113348028 0.47323999999999994
22 39453496 rs116327540 0.57962
22 39453783 rs112077004 0.55156
22 39453857 rs114788205 0.23421
22 39453900 rs115018472 0.47188
22 39453934 rs113828827 0.5511199999999999
22 39454194 rs111528270 0.6286
22 39454249 rs112215227 0.65363
22 39454449 rs112940064 0.64468
22 39454718 rs57079081 0.37413
22 39454910 rs138528338 0.37081
22 39454987 rs111598672 0.65633
22 39455105 rs5757456 0.017245
22 39455343 rs113652444 0.48685
22 39455417 rs113222576 0.54293
22 39455550 rs113438538 0.61564
22 39455622 rs149764619 0.66286
22 39455695 rs184460248 0.13334000000000001
22 39455700 rs6001403 0.31649
22 39455749 rs113940900 0.62257
22 39455777 rs111831701 0.65547
22 39455971 rs112565682 0.63971
22 39456025 rs113263345 0.6446
22 39456112 rs111841508 0.83231
22 39456206 rs146605649 0.00024741
22 39456220 rs113744680 0.85467
22 39456321 rs111437571 0.82025
22 39456465 rs114498039 0.8894
22 39456529 rs140111449 0.090682
22 39456549 rs116351238 0.029442000000000003
22 39456553 rs150293703 0.85519
22 39456903 rs5995662 0.48448
22 39457084 rs149536175 0.89345
22 39457304 rs73423503 0.26716999999999996
22 39457650 rs560321216 0.7381300000000001
22 39457805 rs138839715 0.8624
22 39457904 rs115504569 0.56521
22 39458049 rs113688706 0.00039279
22 39458165 rs5750736 0.008807299999999999
22 39458258 rs59430299 0.5877600000000001
22 39458364 rs114801268 0.9308799999999999
22 39458503 rs5757457 0.0067581
22 39458522 rs7284199 0.5079199999999999
22 39458572 rs116480718 0.8864299999999999
22 39458643 rs115781387 0.41798
22 39459067 rs150061990 0.41739
22 39459485 rs140136367 0.66332
22 39459528 rs143768454 0.96515
22 39459667 rs146706128 0.34664
22 39459782 rs6001406 0.52792
22 39459807 rs188102919 0.8578100000000001
22 39459829 rs192906816 0.8956700000000001
22 39459884 rs563792598 0.25365
22 39460046 rs112954283 0.9335200000000001
22 39460659 rs115073277 0.95396
22 39460846 rs568953941 0.039947
22 39460859 rs138847009 0.88907
22 39460893 rs116665897 0.94366
22 39461620 rs114427377 0.9713299999999999
22 39461764 rs144707066 0.97098
22 39461856 rs142727632 0.56321
22 39462055 rs140169428 0.8468100000000001
22 39462113 rs117167939 0.09869
22 39462152 rs114978638 0.90233
22 39462219 rs566959412 0.043588
22 39462280 rs61224132 0.070633
22 39462284 rs143845401 0.19284
22 39462286 rs146364735 0.97945
22 39462400 rs114255225 0.9808899999999999
22 39462557 rs149907849 0.9203100000000001
22 39462643 rs114808096 0.92135
22 39462732 rs144930319 0.79151
22 39462801 rs149038905 0.8954799999999999
22 39462861 rs116083756 0.8871399999999999
22 39462997 rs116356050 0.83391
22 39463036 rs192290870 0.53972
22 39463055 rs57974184 0.32671999999999995
22 39463103 rs76430047 0.81223
22 39463112 rs78180773 0.8211799999999999
22 39463242 rs148034731 0.8384
22 39463420 rs140807058 0.79924
22 39463781 rs56933838 0.23008
22 39463825 rs553725026 0.8361700000000001
22 39464022 rs115016742 0.88441
22 39464141 rs57336113 0.37877
22 39464164 rs139042464 0.7053
22 39464165 rs142250923 0.8728100000000001
22 39464596 rs148564265 0.00033049
22 39464707 rs113291751 0.80118
22 39464734 rs111929723 0.19985999999999998
22 39464865 rs150543544 0.7499899999999999
22 39465038 rs140385724 0.73315
22 39465365 rs113940983 0.62929
22 39465629 rs111956070 0.26794
22 39465650 rs542634436 0.54627
22 39465777 rs113817860 0.67119
22 39466106 rs5757458 0.3303
22 39466203 rs9607606 0.0014967000000000001
22 39466669 rs534173258 0.50584
22 39466832 rs116775634 0.56681
22 39466846 rs114846359 0.059802999999999995
22 39467076 rs114440319 0.4162
22 39467285 rs141924557 0.13827
22 39467322 rs4456800 0.83147
22 39467334 rs562499454 0.17490999999999998
22 39467378 rs532825872 0.7851
22 39467495 rs116563178 0.39250999999999997
22 39467677 rs149623688 0.47801000000000005
22 39467804 rs3985947 0.2462
22 39468183 rs181057877 0.044318
22 39468321 rs113341673 0.42306000000000005
22 39468732 rs58208200 0.98836
22 39468772 rs5757460 0.0089208
22 39468915 rs4820365 0.0015007
22 39469000 rs111661055 0.41003999999999996
22 39469262 rs7285674 0.008046
22 39469293 rs187871817 0.83045
22 39469305 rs190881492 0.68043
22 39469335 rs146727065 0.35378000000000004
22 39469564 rs146808116 0.5224300000000001
22 39469660 rs143648360 0.69817
22 39469736 rs148178132 0.38718
22 39469917 rs111515119 0.6517
22 39470223 rs4820366 0.58924
22 39470327 rs6001414 5.3981000000000004e-05
22 39470347 rs79231153 0.06721
22 39470648 rs8141579 0.7954100000000001
22 39471027 rs147383601 0.8812399999999999
22 39471216 rs116648214 0.9198
22 39471551 rs6001416 0.00010001
22 39471562 rs34251862 0.21661
22 39471868 rs146746424 0.78687
22 39471914 rs6519165 3.0013e-06
22 39472174 rs7291971 2.6691000000000004e-06
22 39472177 rs6519166 0.0044705
22 39472248 rs17496004 0.006602899999999999
22 39472256 rs8142124 0.71254
22 39472543 rs5757462 0.57952
22 39472798 rs55635653 0.89015
22 39473686 rs35585306 0.93001
22 39473847 rs12160242 0.00018797
22 39473992 rs9607609 0.0052982
22 39474635 rs76924887 0.27794
22 39475060 rs35941380 0.74827
22 39475386 rs141846968 0.56328
22 39475759 rs12158580 8.5804e-05
22 39475864 rs111798032 0.25464000000000003
22 39475946 rs148215144 0.57313
22 39475964 rs5757464 2.7135000000000004e-06
22 39476382 rs34300092 0.6897
22 39477123 rs5757465 5.9678999999999996e-05
22 39477160 rs148497423 0.86331
22 39477252 rs74944762 0.58702
22 39477377 rs6001417 0.33794
22 39477391 rs3736685 0.33497
22 39477455 rs34913053 0.75378
22 39477566 rs8177832 0.33366
22 39477658 rs17496018 5.8351000000000004e-05
22 39477972 rs10427620 0.34075
22 39478024 rs114667203 0.53304
22 39478067 rs35895710 0.40748
22 39478235 rs17537554 0.77164
22 39478236 rs17537561 0.74755
22 39478254 rs35191768 0.7730600000000001
22 39478301 rs34819681 0.6512600000000001
22 39478341 rs34949391 0.58303
22 39478342 rs36083961 0.5827
22 39478362 rs34737056 0.85101
22 39478398 rs17537568 0.26076
22 39478427 rs6001418 0.6736
22 39478486 rs556427359 0.83099
22 39479105 rs17496025 6.4723e-05
22 39479241 rs34193985 0.82152
22 39479294 rs73887543 0.073021
22 39479352 rs12158985 6.213e-05
22 39479353 rs2294366 0.0095208
22 39479386 rs548504114 0.57345
22 39479520 rs28534684 0.30339
22 39479574 rs2294367 1.0568e-06
22 39479617 rs17496032 0.29564
22 39480143 rs114227304 0.61835
22 39480163 rs34242740 0.53433
22 39480215 rs74902756 3.381e-05
22 39480245 rs3091374 1.5359e-06
22 39480259 rs5757467 0.01162
22 39480260 rs5757468 0.011941
22 39480261 rs141060516 5.3761e-05
22 39480501 rs150241378 0.9736299999999999
22 39480663 rs2011861 1.2854e-06
22 39480691 rs145534190 0.7927
22 39480697 rs2011869 0.013477000000000001
22 39481012 rs34146529 0.42545
22 39481124 rs190071884 0.028674
22 39481187 rs2413570 1.3103e-06
22 39481393 rs2413571 0.011779000000000001
22 39481395 rs28537571 0.36430999999999997
22 39481658 rs190838413 0.053795
22 39481662 rs35954479 4.1161e-05
22 39481829 rs749076723 0.63218
22 39481860 rs5757470 0.012426000000000001
22 39481895 rs2413572 0.012315999999999999
22 39481977 rs73161557 0.2382
22 39482023 rs2899313 0.011670999999999999
22 39482028 rs35260874 3.9431e-05
22 39482236 rs374757211 0.69675
22 39482267 rs17496039 4.9477e-05
22 39482371 rs17496046 5.284e-05
22 39482627 rs17537574 4.4333000000000004e-05
22 39482809 rs17537581 6.1047e-05
22 39483102 rs11545130 0.88826
22 39483432 rs112802713 0.9969100000000001
22 39483459 rs76917817 0.8798799999999999
22 39483832 rs35342554 0.59507
22 39483844 rs35228531 0.70434
22 39484001 rs34894733 0.35793
22 39484009 rs35535804 0.46843
22 39484178 rs3891126 8.1335e-05
22 39484325 rs35953525 4.004e-05
22 39484650 rs59984336 0.52637
22 39484841 rs151301487 0.15472
22 39484905 rs76121268 0.35388000000000003
22 39484920 rs6001423 6.7077e-05
22 39485075 rs145363248 0.3648
22 39485103 rs77512015 5.21e-05
22 39485130 rs146445368 0.70313
22 39485131 rs576635734 0.27195
22 39485212 rs5995668 7.1864e-05
22 39485422 rs7287529 1.2483e-06
22 39485461 rs111871965 5.2539e-05
22 39485491 rs150083023 0.70712
22 39485564 rs57843552 0.071153
22 39485740 rs80197792 0.6052
22 39485852 rs78128219 0.59987
22 39486011 rs143578148 0.70445
22 39486298 rs117487169 0.84365
22 39486397 rs147491463 0.37781
22 39486593 rs28583464 8.0781e-05
22 39486655 rs150614364 0.37913
22 39486725 rs181062299 0.5275
22 39487029 rs111381709 0.06352000000000001
22 39487098 rs73887564 0.070389
22 39487170 rs139716475 0.5475399999999999
22 39487258 rs139270 1.8706e-06
22 39487595 rs139271 2.8991000000000003e-06
22 39487596 rs116719687 0.38406
22 39487665 rs139272 0.00019563
22 39487669 rs17000748 0.029716000000000003
22 39487719 rs139273 0.00012996
22 39487722 rs139274 0.012653
22 39488295 rs146464307 0.041018
22 39488393 rs1569649 0.21265
22 39488481 rs6001426 0.68024
22 39488560 rs139275 0.4096
22 39488951 rs183087924 0.70607
22 39489155 rs79391606 0.94799
22 39489351 rs112004487 0.00020645
22 39489520 rs150382600 0.9326
22 39489753 rs5995670 0.66203
22 39489868 rs142205840 0.86846
22 39489950 rs112599100 0.73656
22 39490310 rs73161565 0.20929
22 39490557 rs73423535 0.85151
22 39490612 rs113764986 0.92412
22 39490615 rs114906820 0.43741
22 39490754 rs68062411 0.20981999999999998
22 39490883 rs113232490 0.91474
22 39490919 rs144440509 0.39461
22 39490921 rs67488873 0.19235
22 39490968 rs61362448 0.00023625
22 39491061 rs67081644 0.21174
22 39491132 rs117653736 0.8932899999999999
22 39491133 rs17000751 0.21011999999999997
22 39491233 rs78441665 0.63765
22 39491600 rs140104453 0.8568100000000001
22 39491904 rs112015703 0.60637
22 39491957 rs145499026 0.75325
22 39492059 rs73423551 0.85344
22 39492133 rs68092956 0.20786999999999997
22 39492252 rs73887566 0.63635
22 39492570 rs73161568 0.21068
22 39492651 rs75842619 1.6875e-05
22 39492763 rs113023 1.9624e-06
22 39492856 rs112341494 0.6608
22 39492887 rs112153951 0.21156999999999998
22 39492899 rs59851917 0.21226
22 39492934 rs73161569 0.20505
22 39492964 rs56695217 0.63808
22 39493036 rs58817268 0.23408
22 39493251 rs41281251 9.0972e-06
22 39493294 rs55989856 1.1975e-05
22 39493356 rs60093835 8.6862e-06
22 39493541 rs60758775 0.26684
22 39493542 rs138782546 0.47173000000000004
22 39493554 rs77603434 0.8026800000000001
22 39493555 rs56155393 0.23992
22 39493597 rs67577561 0.24051999999999998
22 39493802 rs66773314 0.23764000000000002
22 39493898 rs67878612 0.24170999999999998
22 39494084 rs139279 0.0038821999999999997
22 39494087 rs139280 0.010074
22 39494238 rs6001429 8.2605e-06
22 39494302 rs146140548 0.054484000000000005
22 39494311 rs139281 0.0034734
22 39494473 rs148774203 0.84378
22 39494881 rs67079788 0.29531999999999997
22 39494906 rs74951861 0.55291
22 39494920 rs139282 0.011425
22 39494978 rs139089486 0.91591
22 39495059 rs149891597 0.57201
22 39495115 rs6001430 4.9789e-07
22 39495213 rs6001431 4.8333e-07
22 39495501 rs56187554 0.26042
22 39495512 rs77582628 4.8854e-07
22 39495563 rs55676315 0.26350999999999997
22 39495584 rs139283 1.0796e-08
22 39495609 rs6519169 0.79365
22 39495643 rs151284746 0.57222
22 39495666 rs115502355 0.12322000000000001
22 39495670 rs139284 0.004883
22 39495780 rs139285 1.1405e-08
22 39495800 rs139286 0.0048091
22 39495870 rs139287 0.0048801
22 39495932 rs576716153 0.61624
22 39496016 rs139288 0.0047964
22 39496039 rs551901355 0.48417
22 39496085 rs139289 0.01226
22 39496134 rs139290 0.0048513
22 39496199 rs139291 0.0048361
22 39496412 rs139294 1.3151e-08
22 39496663 rs11913950 3.3986e-07
22 39496712 rs144786172 0.28153
22 39496715 rs77600583 0.5092899999999999
22 39496731 rs139295 9.0368e-09
22 39496744 rs11914001 3.4366e-07
22 39496828 rs11913991 4.698399999999999e-07
22 39496899 rs56408030 0.25453000000000003
22 39496902 rs55887645 3.3071e-07
22 39496922 rs6001432 0.94668
22 39497006 rs139296 0.012022
22 39497160 rs13055594 0.2946
22 39497181 rs9611092 0.011817
22 39497404 rs139297 5.1424000000000004e-08
22 39497406 rs77993299 0.58212
22 39497412 rs112605061 0.57319
22 39497452 rs139298 2.4747e-08
22 39497454 rs139299 2.5188999999999998e-08
22 39497729 rs547265448 0.64232
22 39497811 rs139301 4.2988999999999995e-08
22 39498038 rs139302 4.3415e-08
22 39498325 rs139303 0.010957999999999999
22 39498414 rs182726364 0.0955
22 39498496 rs78710950 0.5889300000000001
22 39498613 rs115742902 0.44188999999999995
22 39498677 rs139305 4.0646000000000005e-08
22 39498699 rs111264862 1.2009e-06
22 39498834 rs139306 4.0994e-08
22 39499072 rs139311 4.2375e-08
22 39499170 rs59749439 0.66318
22 39499210 rs5750744 0.012198
22 39499309 rs76437499 0.77269
22 39499369 rs139312 3.7924e-08
22 39499575 rs139313 4.1715e-08
22 39499604 rs139314 0.011372
22 39499653 rs139315 4.3244e-08
22 39499763 rs139316 4.2527999999999995e-08
22 39499873 rs6001435 0.8265399999999999
22 39499902 rs139317 4.1684e-08
22 39500264 rs6001436 0.011321
22 39500282 rs5995674 4.3615000000000004e-08
22 39500301 rs11912075 0.7466
22 39500575 rs147174276 0.91107
22 39500932 rs139318 6.222900000000001e-08
22 39501044 rs139319 5.0137e-08
22 39501235 rs150579670 0.17395
22 39501242 rs139321 5.5174e-08
22 39501285 rs139322 5.678899999999999e-08
22 39501478 rs139323 5.7194e-08
22 39501819 rs62228281 9.1769e-07
22 39501823 rs139324 5.6849999999999996e-08
22 39501880 rs143361196 0.33854
22 39502036 rs146589635 0.55697
22 39502119 rs75562273 0.6309600000000001
22 39502135 rs139325 5.6261000000000003e-08
22 39502142 rs149786157 0.025123
22 39502172 rs139326 5.2259000000000005e-08
22 39502189 rs139327 5.2153e-08
22 39502293 rs143831745 0.15125999999999998
22 39502426 rs148161534 0.58519
22 39502474 rs59429437 0.8843
22 39502485 rs185820189 0.065231
22 39502695 rs139328 6.1728e-08
22 39502705 rs138769463 0.8602299999999999
22 39503000 rs141150825 0.43548000000000003
22 39503062 rs60607672 0.8857
22 39503457 rs112601462 0.88469
22 39503720 rs528507388 0.5615100000000001
22 39503723 rs143429027 0.8086399999999999
22 39503849 rs139330 0.014428
22 39503861 rs112015396 0.66532
22 39503968 rs9622935 0.71972
22 39503988 rs538799231 0.6059
22 39504316 rs151267611 0.44101999999999997
22 39504405 rs139331 0.015474000000000002
22 39504602 rs139332 5.747000000000001e-08
22 39504739 rs183814436 0.81071
22 39505188 rs190307893 0.44065
22 39505222 rs139333 0.20052
22 39505223 rs60912437 0.77287
22 39505232 rs139334 1.2309e-07
22 39505333 rs143508949 0.19712000000000002
22 39505393 rs139336 9.1319e-08
22 39505461 rs139337 9.125299999999999e-08
22 39505472 rs139338 0.017851
22 39505576 rs141651919 0.051328
22 39505581 rs139339 8.007099999999999e-08
22 39505609 rs139340 8.9393e-08
22 39505635 rs150087243 0.45083
22 39505654 rs12170793 0.45278
22 39505846 rs11914145 0.40549
22 39506202 rs59728386 1.9897e-06
22 39506464 rs562703645 0.56868
22 39506582 rs2092409 1.8122000000000002e-08
22 39506976 rs6001442 0.58706
22 39506995 rs144752465 0.45935
22 39507014 rs79477683 0.21916999999999998
22 39507337 rs76722179 0.11610999999999999
22 39507479 rs56105589 9.5632e-07
22 39507512 rs6001443 0.67361
22 39507556 rs117725632 0.22835999999999998
22 39507583 rs139341 0.034047
22 39507654 rs139342 8.189199999999999e-08
22 39507685 rs139343 9.7628e-08
22 39507733 rs139344 5.0178e-08
22 39507757 rs544039995 0.56876
22 39507829 rs191171000 0.0059906000000000004
22 39507832 rs139346 5.1092000000000005e-08
22 39507863 rs5995682 0.69823
22 39507887 rs139347 7.7523e-08
22 39507896 rs139348 9.689600000000001e-08
22 39507920 rs35764429 8.6955e-07
22 39508150 rs139352 0.054587000000000004
22 39508208 rs139353 0.055036
22 39508262 rs144637113 0.58721
22 39508291 rs112680721 0.62459
22 39508327 rs139354 0.0558
22 39508665 rs141756689 0.56481
22 39508932 rs150561093 0.57404
22 39509071 rs6001444 0.9990000000000001
22 39509159 rs8135095 4.3761e-07
22 39509351 rs151053606 0.95329
22 39509486 rs556173881 0.44347
22 39509587 rs76500409 6.4858e-07
22 39509689 rs149590394 0.8107300000000001
22 39509714 rs147262153 0.81212
22 39509804 rs115200503 0.8622200000000001
22 39509866 rs9622950 0.0023928
22 39510000 rs9754377 0.87421
22 39510861 rs1807586 3.6739000000000006e-07
22 39510995 rs738469 6.8578e-07
22 39511104 rs112227317 0.61141
22 39511180 rs188337133 0.66384
22 39511434 rs189550319 0.18819
22 39511547 rs7286326 0.61725
22 39512066 rs190314609 0.78592
22 39512165 rs56277322 7.1145e-07
22 39512205 rs78521561 7.286399999999999e-07
22 39512415 rs56347445 5.9743e-07
22 39512431 rs548762090 0.8497100000000001
22 39512475 rs139357 4.1596000000000004e-08
22 39512522 rs56135326 6.0941e-07
22 39512571 rs56075836 4.6491000000000005e-07
22 39512611 rs60597135 6.173600000000001e-07
22 39513123 rs8137055 5.5485e-07
22 39513428 rs564856023 0.36096999999999996
22 39513530 rs139358 0.011747
22 39513575 rs75290076 0.58567
22 39513649 rs116147332 0.72124
22 39513718 rs115291057 0.98624
22 39513773 rs113799456 0.5527
22 39513980 rs12160834 0.95709
22 39514151 rs6001445 0.6382899999999999
22 39514163 rs117305379 0.28031999999999996
22 39514355 rs1997769 0.4433
22 39514437 rs57603744 0.38372
22 39514467 rs185037603 0.038791
22 39514688 rs139360 4.5930999999999996e-08
22 39515123 rs181287838 0.03259
22 39515623 rs144375528 0.57921
22 39515702 rs143784742 0.7285699999999999
22 39515798 rs139362 7.1803e-08
22 39516048 rs146708121 0.09301
22 39516179 rs113050458 0.38515
22 39516182 rs539454796 0.24138
22 39516183 rs139363 5.9214000000000003e-08
22 39516243 rs17000762 0.9259
22 39516310 rs78219746 0.0075707
22 39516359 rs150933251 0.25922
22 39516440 rs17000763 0.36764
22 39516515 rs139364 5.986799999999999e-08
22 39516568 rs17000765 0.35473000000000005
22 39517410 rs75789113 0.6393300000000001
22 39518013 rs139365 1.5843e-08
22 39518315 rs139367 1.5108e-08
22 39518325 rs139368 1.2786e-08
22 39518377 rs117620225 0.41949
22 39518938 rs371718200 0.31613
22 39518943 rs575286908 0.030337
22 39518945 rs542358888 0.031822
22 39519050 rs139370 8.314799999999999e-11
22 39519154 rs80051801 0.030229000000000002
22 39519196 rs139371 1.3444999999999999e-10
22 39519221 rs56824848 0.57367
22 39519410 rs763422457 0.70071
22 39519411 rs73161593 0.054738999999999996
22 39519505 rs752271350 0.7683800000000001
22 39519548 rs577464140 0.32553000000000004
22 39519712 rs6001447 0.014472
22 39519780 rs139372 0.008330200000000001
22 39520357 rs187668540 0.35766
22 39520396 rs10427883 7.9784e-08
22 39520408 rs529601736 0.5100899999999999
22 39520815 rs4821867 0.09351799999999999
22 39521528 rs184306722 0.25224
22 39521805 rs56920539 0.11917
22 39521957 rs144048961 0.8381299999999999
22 39521987 rs7288344 0.76072
22 39522488 rs139374 1.0661000000000001e-10
22 39522600 rs544532600 0.065558
22 39522665 rs139375 1.437e-07
22 39522768 rs151232307 0.8934200000000001
22 39522791 rs116096195 0.75212
22 39522940 rs79501 7.4588e-10
22 39523876 22:39523876_T_C 0.67219
22 39523902 rs5757490 0.006702600000000001
22 39524131 rs139376 1.8585999999999998e-05
22 39525095 rs139715384 0.11893
22 39525791 rs139379 2.1935e-10
22 39525880 rs78188275 0.66759
22 39526063 rs6001449 0.93935
22 39526070 rs5757491 0.026619999999999998
22 39526141 rs183099711 0.11778
22 39526174 rs139380 5.0506e-08
22 39526291 rs149678385 0.71403
22 39526296 rs139381 5.34e-08
22 39526760 rs139382 0.29378000000000004
22 39526840 rs569180837 0.33363000000000004
22 39527043 rs8136600 0.11450999999999999
22 39527300 rs56205032 0.7964600000000001
22 39527583 rs79502 3.8829e-07
22 39527790 rs710190 3.681e-12
22 39527797 rs12166266 0.0455
22 39527814 rs710191 3.4585e-12
22 39527884 rs34963492 0.7764800000000001
22 39527909 rs139383 3.7163e-12
22 39527935 rs139384 3.8540999999999996e-07
22 39528280 rs150208006 0.44117
22 39528316 rs56249622 0.15378
22 39528440 rs79503 4.2952e-12
22 39528506 rs5750753 0.0060699
22 39528865 rs73884820 0.9341
22 39529029 rs713841 3.8685e-07
22 39529039 rs138469423 0.41481999999999997
22 39529133 rs4820369 0.0063615
22 39529429 rs11089928 0.043056
22 39529651 rs12169578 0.006224
22 39529817 rs55779697 0.0027293000000000005
22 39530132 rs139385 3.714e-12
22 39530159 rs56280969 0.9764799999999999
22 39530204 rs28620442 0.06179199999999999
22 39530859 rs139386 3.3244e-12
22 39530948 rs544736671 0.11642999999999999
22 39531085 rs139387 4.930699999999999e-07
22 39531195 rs192014338 0.44351999999999997
22 39531357 rs573437207 0.98659
22 39531636 rs750212620 0.6097199999999999
22 39531732 rs139388 1.2285e-11
22 39531955 rs139389 5.3941e-07
22 39532082 rs184435363 0.10294
22 39532420 rs713909 1.2481e-11
22 39532518 rs67693995 0.045367000000000005
22 39532519 rs73884822 0.48577
22 39532523 rs73884823 0.69175
22 39532554 rs714016 4.1718000000000003e-07
22 39532689 rs76005566 0.1044
22 39532754 rs757433931 0.59716
22 39532825 rs145571256 0.34983000000000003
22 39532848 rs113130162 0.11066
22 39532853 rs139390 5.5475e-07
22 39532966 rs186249291 0.50189
22 39533012 rs6001451 0.6292
22 39533272 rs714013 5.0484e-07
22 39533744 rs8140495 0.11125
22 39533956 rs140544970 0.08680700000000001
22 39534317 rs183031412 0.11374000000000001
22 39535208 rs5757494 0.0094397
22 39535253 rs73884824 0.5869800000000001
22 39535595 rs12170696 0.036015
22 39535601 rs192197706 0.63936
22 39535657 rs149398063 0.8246399999999999
22 39535792 rs5757495 0.0080594
22 39535830 rs554443618 0.78627
22 39536113 rs73884825 0.34658
22 39536287 rs60471858 0.69239
22 39536289 rs4821869 0.008496
22 39536544 rs546290128 0.53193
22 39536745 rs6001452 0.9641700000000001
22 39536822 rs188469893 0.75962
22 39537168 rs2076476 0.0075423999999999995
22 39537872 rs9622960 0.034298
22 39537932 rs139393 3.4916e-07
22 39537966 rs117125511 0.04698
22 39538048 rs150790136 0.9241
22 39538214 rs139394 3.7200000000000005e-07
22 39538332 rs9611099 0.0075488
22 39538433 rs139395 9.721799999999999e-07
22 39538485 rs139396 2.2313e-11
22 39538633 rs114692629 0.66092
22 39539048 rs149131188 0.45221999999999996
22 39539268 rs5750754 0.0081985
22 39539373 rs9622962 0.037478
22 39539573 rs143408546 0.12134
22 39540020 rs115894802 0.8277899999999999
22 39540178 rs147088117 0.44843
22 39540527 rs56383137 0.038048
22 39540645 rs2235685 0.44233999999999996
22 39540803 rs62228283 0.091933
22 39541014 rs12165612 0.038577999999999994
22 39541143 rs5750755 0.0090775
22 39541198 rs149238494 0.23096999999999998
22 39541398 rs79092618 0.76794
22 39541543 rs114937418 0.9863799999999999
22 39541721 rs192777317 0.8459399999999999
22 39541853 rs186482322 0.49554
22 39541996 rs188992665 0.010329999999999999
22 39542108 rs778162879 0.36895
22 39542292 rs877529 3.4873000000000005e-11
22 39542392 rs9622963 0.038424
22 39542422 rs144642720 0.11584000000000001
22 39542640 rs148478757 0.21994
22 39542656 rs73884826 0.45838
22 39542894 rs2281258 0.008947799999999999
22 39543000 rs73884827 0.0018277999999999999
22 39543135 rs2143365 0.0074645
22 39543328 rs189667834 0.75895
22 39543371 rs139397 4.1109999999999997e-07
22 39543546 rs114912855 0.011344
22 39543915 rs115709061 0.70403
22 39543994 rs114431927 0.7197
22 39544090 rs11914197 0.014119
22 39544294 rs2235686 0.010242
22 39544970 rs139398 4.0331e-12
22 39544986 rs540560816 0.032568
22 39545159 rs183348877 0.69143
22 39545325 rs73884828 0.46019
22 39545396 rs139400 3.7166e-12
22 39545424 rs113770949 0.46893
22 39545592 rs77832508 0.32506999999999997
22 39546067 rs8142647 0.44231000000000004
22 39546074 rs139401 1.1579000000000001e-11
22 39546145 rs139402 1.0664e-11
22 39546426 rs73884829 0.31475
22 39547021 rs139403 4.0809e-12
22 39547201 rs139404 1.1472000000000001e-11
22 39547215 rs776522533 0.35827
22 39547427 rs10439918 0.064478
22 39547595 rs184799933 0.11584000000000001
22 39547687 rs59851943 0.035861000000000004
22 39547962 rs6001455 3.4834e-12
22 39548027 rs5995688 9.8991e-12
22 39548238 rs116329204 0.52015
22 39548971 rs536626323 0.8497299999999999
22 39549173 rs56806944 0.008622
22 39549246 rs186802406 0.37567
22 39549333 rs56821694 0.0083266
22 39549426 rs12158877 3.4639e-12
22 39549464 rs142673415 0.52171
22 39549526 rs139405 4.5568e-12
22 39549771 rs74847799 0.44059
22 39549788 rs183365528 0.11788
22 39550172 rs186175585 0.025146
22 39550283 rs573973455 0.8882200000000001
22 39550439 rs144307977 0.31535
22 39551140 rs117926948 0.38449
22 39551253 rs540422423 0.16554000000000002
22 39551438 rs118175636 0.31094
22 39551528 rs6001456 0.9449299999999999
22 39551555 rs79504 3.6696999999999996e-07
22 39551567 rs79505 3.8313e-07
22 39551628 rs79506 4.6339e-09
22 39551660 rs183103417 0.11535
22 39551798 rs139406 3.8171e-12
22 39551806 rs79549377 0.39564
22 39551894 rs78999276 0.46041000000000004
22 39551989 rs12169390 0.0064118
22 39552075 rs139407 3.1847e-12
22 39552509 rs139408 3.3896e-07
22 39552597 rs139410 4.0503e-12
22 39552841 rs183760749 0.1176
22 39552888 rs139411 4.4583e-12
22 39552934 rs150242365 0.36153
22 39553003 rs139412 4.0165e-07
22 39553069 rs189306382 0.66999
22 39553146 rs373811544 0.11739000000000001
22 39553330 rs113694472 0.0031655999999999998
22 39553629 rs147985490 0.47376
22 39553750 rs142321447 0.11054000000000001
22 39553772 rs139413 1.1443e-11
22 39553819 rs139414 3.6930000000000005e-12
22 39553873 rs144918752 0.7096600000000001
22 39554177 rs138754084 0.11739000000000001
22 39554439 rs6001457 0.45663000000000004
22 39554749 rs139416 2.8123000000000004e-07
22 39554807 rs139417 0.31961
22 39555231 rs149382131 0.38747
22 39555803 22:39555803_A_G 0.9982200000000001
22 39555928 rs374657711 0.11732999999999999
22 39556332 rs145339959 0.62342
22 39556799 rs11913951 0.086438
22 39556856 rs5757500 0.008054200000000001
22 39557162 rs139418 4.2031e-12
22 39557340 rs139419 3.894e-12
22 39557414 rs139420 0.0008910999999999999
22 39557421 rs8136797 0.6242
22 39557596 rs139421 3.5823e-12
22 39557612 rs139422 1.2583e-11
22 39557691 rs114941660 0.46488999999999997
22 39557694 rs538961913 0.1158
22 39557730 rs139423 4.8185e-12
22 39558015 rs148040733 0.42483999999999994
22 39558919 rs5757501 0.0054045000000000004
22 39558939 rs536642555 0.11739000000000001
22 39559015 rs553659184 0.007629899999999999
22 39559298 rs139424 4.5659e-07
22 39559377 rs146670832 0.45032
22 39559466 rs59329046 0.0068311000000000005
22 39559742 rs139425 7.5982e-12
22 39559983 rs145943316 0.44609
22 39560092 rs138777279 0.67742
22 39560312 rs116228991 0.37551999999999996
22 39560340 rs75452534 0.004917100000000001
22 39560457 rs548978301 0.7488100000000001
22 39560592 rs61484824 0.87023
22 39560666 rs139426 1.7572e-05
22 39560753 rs60044379 0.003095
22 39560886 rs114928181 0.40039
22 39560963 rs61143188 0.69205
22 39561187 rs181920582 0.10107000000000001
22 39561321 rs141402901 0.3914
22 39561479 rs5995689 1.4771e-05
22 39561527 rs111514996 0.47713
22 39561528 rs5750758 0.0068939
22 39561707 rs5757502 0.2486
22 39561744 rs5750759 0.0057644
22 39561790 rs190887083 0.18775999999999998
22 39561904 rs5757504 0.19734000000000002
22 39561924 rs142504288 0.036470999999999996
22 39562197 rs76656832 0.33192
22 39562202 rs5757505 0.0061
22 39562814 rs147827855 0.17087
22 39562891 rs6001464 0.82952
22 39563208 rs2092410 1.2978e-08
22 39564068 rs143078545 0.52193
22 39564074 rs190536509 0.29679
22 39564267 rs10427866 0.14173
22 39564617 rs146225034 0.7852100000000001
22 39564814 rs139090264 0.034435
22 39564925 rs6001465 0.6872
22 39565241 rs5757507 6.606300000000001e-07
22 39565314 rs62228307 0.9751799999999999
22 39565547 rs59680031 0.0032353
22 39565747 rs73422845 0.14989
22 39565896 rs1003991 3.2645e-07
22 39566187 rs7287790 2.5361e-06
22 39566243 rs73884850 1.9171e-05
22 39566468 rs73884851 2.3231e-05
22 39566559 rs79627873 2.6093000000000002e-05
22 39566604 rs141368521 0.6262800000000001
22 39566626 rs7287349 1.2975e-06
22 39566728 rs113828830 0.00038255
22 39566831 rs11912469 2.1689000000000002e-05
22 39566841 rs9306333 1.1412e-06
22 39566929 rs11912459 2.3864e-05
22 39566978 rs75173951 0.088656
22 39566985 rs11089929 2.6988e-06
22 39567135 rs115749743 0.92755
22 39567373 rs77693853 0.85229
22 39567570 rs535977392 0.95016
22 39567613 rs59517128 0.0056037
22 39567789 rs113174646 0.00042060000000000003
22 39567910 rs58078575 0.005249
22 39568012 rs139011985 0.006905800000000001
22 39568100 rs79691845 0.13280999999999998
22 39568279 rs112524667 0.011937
22 39568286 rs6001466 0.066329
22 39568585 rs7288775 2.3489e-05
22 39568590 rs115917582 0.10304
22 39568591 rs7288539 2.4028e-05
22 39568672 rs7288922 0.00044361
22 39568771 rs7288822 2.5926999999999998e-05
22 39568917 rs145275115 0.73929
22 39568926 rs7290094 2.907e-06
22 39568990 rs113117630 0.006871600000000001
22 39568995 rs12171114 0.0052819
22 39569106 rs115513049 0.36091999999999996
22 39569150 rs12171203 4.9155e-05
22 39569266 rs781137621 0.079152
22 39569301 rs75828953 0.00040156
22 39569475 rs6001470 2.5357e-06
22 39569500 rs17000815 0.053302999999999996
22 39569632 rs149078637 0.18993
22 39569817 rs117705437 0.0064036
22 39570093 rs142886584 0.0060873
22 39570145 rs112316220 0.57333
22 39570165 rs76501229 0.7674300000000001
22 39570168 rs73884852 1.7615e-05
22 39570229 rs73884853 0.36116
22 39570230 rs113314301 0.00036857
22 39570404 rs17000818 0.045689
22 39570442 rs17000822 0.046465
22 39570914 rs78589487 0.00025354
22 39571434 rs926544 0.37435
22 39571902 rs76999591 0.10361
22 39571918 rs111538856 0.12040999999999999
22 39572567 rs6001473 0.018397
22 39572598 rs76152274 0.0029305
22 39572650 rs5995691 4.5936e-05
22 39572889 rs76418186 0.0027201
22 39572946 rs370925419 0.025415
22 39572958 rs17000830 7.236e-05
22 39573196 rs111303799 0.0025951999999999998
22 39573724 rs7287160 6.2871e-06
22 39574124 rs76651515 0.84516
22 39574165 rs12170725 0.03868
22 39574209 rs114035116 0.9362799999999999
22 39574481 rs117362372 0.49632
22 39574535 rs187179414 0.41907
22 39574642 rs376313199 0.33304
22 39575221 rs12627955 0.1683
22 39575242 rs115032177 0.7498100000000001
22 39575322 rs5757510 0.2597
22 39575692 rs5750761 0.0012925
22 39575848 rs12166894 0.00096383
22 39575873 rs34379659 0.07901
22 39575900 rs76283604 0.00048814
22 39576323 rs137937128 0.31714000000000003
22 39576336 rs60163078 0.27451
22 39577089 rs62228308 0.0037863
22 39577120 rs112990358 0.26671
22 39577285 rs13053430 0.39723
22 39577471 rs77674834 0.011228
22 39577809 rs62228309 0.04496
22 39577898 rs6001478 0.0080403
22 39579449 rs9622966 0.50158
22 39580427 rs146264976 0.28759
22 39581035 rs80197560 0.9355899999999999
22 39581155 rs116160898 0.2598
22 39581163 rs115008634 0.26118
22 39581202 rs188774096 0.8251700000000001
22 39581215 rs76154187 0.31123
22 39581266 rs75808046 0.7664
22 39581277 rs738470 0.034706
22 39581559 rs115275256 0.36625
22 39581760 rs77500158 0.33835
22 39581789 rs114220043 0.26183
22 39582311 rs5750762 0.31077
22 39582340 rs55781028 0.034069999999999996
22 39582509 rs5750763 0.30325
22 39582668 rs5995693 0.00047546
22 39583414 rs116329731 0.37833
22 39583579 rs80240680 0.46542
22 39583715 rs115712579 0.31431
22 39583762 rs7511618 0.030436
22 39583804 rs112437977 0.028405
22 39583854 rs76637764 0.029293
22 39584057 rs554974094 0.8496600000000001
22 39584085 rs4546091 0.028999
22 39584185 rs4438592 0.030969
22 39584246 rs4547628 0.030166000000000002
22 39584297 rs62228312 0.031948000000000004
22 39584305 rs4389411 0.032227
22 39584437 rs2413573 0.012514
22 39584446 rs7289146 0.32253000000000004
22 39584652 rs2103672 0.056124
22 39584758 rs1807587 0.024766999999999997
22 39584794 rs141030112 0.67792
22 39584865 rs1807588 0.032517000000000004
22 39585075 rs111528308 0.38726
22 39585120 rs738471 0.033527999999999995
22 39585424 rs5750764 0.12789
22 39585922 rs17302926 0.03476
22 39586097 rs17394169 0.031149
22 39586248 rs17394203 0.031284
22 39586332 rs17394224 0.031969
22 39586379 rs17303024 0.031412
22 39586458 rs575635070 0.041888999999999996
22 39586508 rs62228314 0.029493000000000002
22 39586561 rs62228315 0.027617000000000003
22 39586579 rs79238994 0.026532
22 39586580 rs77533948 0.026619
22 39586635 rs6001481 0.41594
22 39586648 rs28501241 0.099607
22 39586780 rs62228316 0.028429000000000003
22 39587082 rs57021416 0.48115
22 39587480 rs62228317 0.030987
22 39587844 rs144020532 0.67916
22 39587894 rs185192449 0.30426
22 39587923 rs190084459 0.7058300000000001
22 39588090 rs112034868 0.20722
22 39588460 rs62228318 0.015569999999999999
22 39588462 rs76864347 0.32727
22 39588506 rs114963945 0.26226
22 39588857 rs188396974 0.12428
22 39589127 rs62228319 0.015388999999999998
22 39589352 rs5995694 0.011242
22 39589792 rs111402515 0.015276
22 39589930 rs5750766 0.38704
22 39589976 rs5757515 0.0027353
22 39590080 rs5757516 0.0025684
22 39590100 rs5750767 0.0025204
22 39590317 rs35884973 0.0023755
22 39590330 rs62228320 0.002373
22 39590343 rs34482091 0.055725
22 39590354 rs139660268 0.56184
22 39590385 rs6001483 0.0023659
22 39590517 rs73884873 0.79525
22 39590531 rs2413574 0.00232
22 39590621 rs2899314 0.00232
22 39590653 rs4293644 0.0023175
22 39590754 rs4258897 0.002207
22 39590886 rs4473495 0.002386
22 39590915 rs4420796 1.9527e-08
22 39591241 rs5757522 0.0023548
22 39591402 rs5757523 0.0023825
22 39591681 rs553398797 0.64868
22 39591922 rs12484357 0.0023436999999999998
22 39591998 rs5757524 0.0022213000000000003
22 39592109 rs5757525 0.0022134
22 39592131 rs5757526 0.39307
22 39592181 rs5750769 0.74247
22 39592254 rs5757527 0.0021489
22 39592281 rs5757528 0.0021603
22 39592304 rs5757529 0.0021618
22 39592628 rs112577309 0.00015238
22 39592643 rs6001486 0.58295
22 39592832 rs5757530 0.0022265
22 39592838 rs112245779 0.00015066
22 39592868 rs566805219 0.99015
22 39592974 rs12170488 0.16741
22 39593095 rs5757532 0.001808
22 39593405 rs149681550 0.19075
22 39593565 rs144449015 0.39751
22 39593625 rs116929018 0.59422
22 39593810 rs115446108 0.7497699999999999
22 39593935 rs6001489 0.35436
22 39594562 rs147638021 0.18222
22 39594580 rs6001490 0.012815
22 39594740 rs6001491 0.0023053
22 39595018 rs5757533 0.0023064
22 39595062 rs5757534 0.0022884
22 39595105 rs140996272 0.40295
22 39595106 rs150210284 0.080033
22 39595117 rs138733570 0.80742
22 39595152 rs5757535 0.0023011999999999998
22 39595160 rs5757536 0.0022558000000000005
22 39595187 rs534053638 0.56157
22 39595188 rs186450848 0.6235
22 39595213 rs5757537 0.0022748
22 39595868 rs5995695 0.0022756
22 39595920 rs77806631 0.39086
22 39596026 rs10854718 0.0020291
22 39596289 rs62228334 0.01292
22 39596349 rs10775749 0.0019966
22 39596567 rs183025786 0.10438
22 39596574 rs150738608 0.41688000000000003
22 39596634 rs5757538 0.0019155
22 39596704 rs5757539 0.0019794
22 39596953 rs78649044 0.33676999999999996
22 39597239 rs5995696 3.0910999999999996e-05
22 39597338 rs5757542 0.0021668000000000004
22 39597351 rs567831895 0.07975700000000001
22 39597381 rs5995697 0.002113
22 39597438 rs5757543 0.002136
22 39597459 rs115873463 0.24831
22 39597465 rs5757544 0.0020883000000000004
22 39597488 rs5757545 0.0021076999999999997
22 39597642 rs79576515 0.14324
22 39597717 rs77254166 0.35675
22 39597742 rs55832739 0.0001872
22 39597763 rs184904844 0.39651
22 39597922 rs138175670 0.78894
22 39598589 rs149400410 0.22596999999999998
22 39598720 rs73163463 0.44167
22 39598756 rs79919582 0.34460999999999997
22 39599301 rs2064309 0.00010615
22 39599745 rs5757546 0.0019041
22 39599944 rs5757547 0.0023278
22 39599949 rs141193191 0.042391000000000005
22 39600109 rs5757548 0.62036
22 39600476 rs28678132 0.58815
22 39600479 rs4821871 9.565200000000001e-05
22 39600571 rs115711160 0.1451
22 39600627 rs60189334 0.39825
22 39600649 rs56226863 0.39744
22 39600651 rs4821872 0.00010045
22 39600665 rs77418518 0.28723000000000004
22 39601071 rs542044777 0.054558
22 39601089 rs191758308 0.33104
22 39601219 rs5757550 4.4092e-05
22 39601374 rs189048232 0.2845
22 39601380 rs5757551 4.0747e-05
22 39601404 rs77379297 2.6167e-05
22 39601466 rs5757552 4.2019e-05
22 39601495 rs78588924 0.38368
22 39601697 rs1569646 0.00010002
22 39601747 rs77316180 0.38221
22 39601811 rs1569647 3.965e-05
22 39601860 rs1569648 4.0681e-05
22 39602038 rs2413575 4.0731999999999996e-05
22 39602134 rs2413576 4.0479e-05
22 39602321 rs2413579 4.254e-05
22 39602436 rs2413580 4.0431e-05
22 39602518 rs742502 4.0307e-05
22 39602562 rs548630240 0.36346
22 39602968 rs5750772 2.7988e-05
22 39603285 rs117848336 0.061901
22 39603384 rs13058433 0.00010103
22 39603460 rs112500817 0.25753000000000004
22 39603929 rs5757556 7.0767e-05
22 39604023 rs75022208 0.38995
22 39604208 rs113532058 0.39213000000000003
22 39604438 rs713980 8.5004e-05
22 39604442 rs713981 8.509799999999999e-05
22 39604499 rs738468 8.564799999999999e-05
22 39604516 rs112931952 0.55823
22 39604674 rs529978906 0.8062600000000001
22 39604799 rs2006007 0.00014079
22 39604847 rs5757557 0.00014717
22 39604906 rs2006008 0.00014499
22 39605007 rs2413581 0.00013633
22 39605158 rs5757558 0.92815
22 39605290 rs2050142 0.92765
22 39605400 rs909956 0.0001476
22 39605749 rs2050143 0.93011
22 39605755 rs56310790 0.66495
22 39606071 rs5757559 0.76554
22 39606318 rs5757560 0.9035799999999999
22 39606445 rs12162663 0.89925
22 39606485 rs12162673 0.8992700000000001
22 39606501 rs12162740 0.89915
22 39606694 rs6001497 0.88869
22 39606751 rs142583962 0.39154
22 39607034 rs56059801 4.2686000000000004e-05
22 39607075 rs5750775 0.91206
22 39607103 rs113773853 0.11459000000000001
22 39607133 rs6001500 0.8886700000000001
22 39607572 rs140688202 0.26683
22 39608080 rs12484719 0.7329899999999999
22 39608193 rs12484710 0.89025
22 39608263 rs184670928 0.0018557000000000003
22 39608298 rs7286961 0.8879600000000001
22 39608300 rs7286712 0.88795
22 39608472 rs5757561 0.9083899999999999
22 39608658 rs5757562 0.8989299999999999
22 39608704 rs5757563 0.90261
22 39608733 rs5750776 0.90349
22 39608807 rs5757564 0.91658
22 39608904 rs5757565 0.8971299999999999
22 39608997 rs5757566 0.9005799999999999
22 39609009 rs130660 4.4835e-05
22 39609131 rs75132039 0.80695
22 39609515 rs12485173 0.7404
22 39609532 rs135177 3.2745e-05
22 39609751 rs130659 0.00027286
22 39610372 rs76689915 0.046073
22 39610439 rs130658 0.0029948
22 39610647 rs130657 0.00027071
22 39610858 rs73884881 0.39102
22 39611127 rs80090234 0.16127
22 39611453 rs135176 0.0002655
22 39611712 rs7285679 0.36136
22 39611961 rs143342271 0.4335
22 39612084 rs135175 4.7196999999999996e-05
22 39612110 rs114927436 0.048291
22 39612420 rs75157212 0.31024
22 39612457 rs115691281 0.16279000000000002
22 39612517 rs5750777 0.62393
22 39612699 rs130655 0.00031779999999999997
22 39612945 rs142920752 0.042479
22 39613097 rs151077951 0.0020537
22 39613256 rs139521356 0.0020117
22 39613362 rs143236197 0.42466000000000004
22 39613933 rs149098200 0.21028000000000002
22 39614684 rs550621965 0.8157300000000001
22 39614853 rs146505360 0.7628699999999999
22 39615121 rs75279419 3.0346999999999995e-09
22 39615317 rs2040399 5.0738e-05
22 39615857 rs117138710 0.40207
22 39615894 rs56791680 0.23356999999999997
22 39615960 rs12484319 0.015844
22 39616534 rs568518807 0.67038
22 39616576 rs536510745 0.54484
22 39616878 rs116540704 0.57434
22 39616912 rs544192508 0.22009
22 39617481 rs182589947 0.9802700000000001
22 39617702 rs6001508 0.00032914
22 39617876 rs9607623 0.00026813
22 39618025 rs77876076 0.019334
22 39618289 rs111871433 0.11599000000000001
22 39619028 rs116934744 0.0012895
22 39619497 rs114450038 0.21878000000000003
22 39619802 rs555216272 0.9888100000000001
22 39619814 rs56031201 0.058062
22 39619897 rs9611110 0.090155
22 39620002 rs9611112 0.09048099999999999
22 39620265 rs115948772 0.8979
22 39620628 rs114967981 0.44281000000000004
22 39620641 rs56133813 0.014565999999999999
22 39620862 rs139775423 0.36501
22 39620900 rs190810375 0.83947
22 39620928 rs116011535 0.36456
22 39620980 rs114630100 0.8585
22 39620997 rs183030207 0.60709
22 39621073 rs17000897 0.19505
22 39621081 rs115727092 0.4413
22 39621342 rs7289923 0.36553
22 39621545 rs112181258 0.46863999999999995
22 39621579 rs113867122 0.49456000000000006
22 39621797 rs35978693 0.49399
22 39621819 rs114786489 0.45538
22 39621893 rs113656523 0.23234000000000002
22 39622058 rs2285099 0.00025438
22 39622096 rs73163486 0.2423
22 39622290 rs577290108 0.74648
22 39622334 rs2285097 0.00022864
22 39622390 rs2285096 0.00021791
22 39622491 rs528153679 0.23226999999999998
22 39622541 rs2285095 0.00021202
22 39622560 rs2285094 0.00022292
22 39622697 rs141181032 0.42746999999999996
22 39622711 rs4990914 0.00022013
22 39622712 rs4990915 0.00022018
22 39622836 rs4990916 0.00026183
22 39622837 rs4990917 0.00025461
22 39622939 rs4990918 0.00023229
22 39622940 rs4990919 0.00086534
22 39622986 rs4990920 0.00085175
22 39622991 rs4990921 0.00023993
22 39623025 rs113960018 0.72845
22 39623113 rs4990922 0.00024329
22 39623114 rs145541184 0.7745
22 39623389 rs2003809 0.00046593
22 39623391 rs190073591 0.66078
22 39623558 rs115528273 0.066256
22 39623725 rs4416326 0.76057
22 39623779 rs9611115 0.00024957
22 39623812 rs9607624 0.00025645
22 39623888 rs140494277 0.38391
22 39624052 rs9611116 0.00025559
22 39624105 rs9611117 0.00025788
22 39624212 rs9611118 0.00025733
22 39624238 rs5757570 0.71924
22 39624248 rs9611119 0.00025976
22 39624498 rs9611120 0.00025985
22 39625012 rs138873067 0.38278
22 39625068 rs9622978 0.00026178
22 39625221 rs9611122 0.00026767
22 39625320 rs9611123 0.00026983
22 39625509 rs771726410 0.29275
22 39625676 rs2285100 0.00023242
22 39625726 rs12159388 0.40608
22 39625959 rs117772734 0.097853
22 39626024 rs2239769 0.00031973
