CHR BP SNP P
1 22229832 rs71569856 0.16078
1 22230036 rs368636079 0.09675399999999999
1 22230043 rs145422810 0.55057
1 22230207 rs2501255 2.8445e-05
1 22230514 rs147672147 0.072487
1 22230615 rs61300657 0.66615
1 22230770 rs188275392 0.9574299999999999
1 22230809 rs79164808 0.25995
1 22230870 rs74062210 0.25590999999999997
1 22230901 rs80146347 0.048745
1 22230964 rs34788602 0.20874
1 22231120 rs60390343 0.84099
1 22231148 rs72870236 0.21721
1 22231156 rs143551401 0.9121299999999999
1 22231446 rs16826031 0.62608
1 22231829 rs558175868 0.78368
1 22231955 rs536443286 0.42549
1 22232376 rs10917062 4.4888999999999995e-06
1 22232477 rs2501254 3.0439e-05
1 22232552 rs11581438 0.94379
1 22232553 rs11581439 0.8657
1 22232808 rs141174996 0.55019
1 22233042 rs560446200 0.1748
1 22233063 rs150716704 0.31806999999999996
1 22233501 rs34160855 6.509300000000001e-07
1 22233518 rs111750107 0.70649
1 22233584 rs66850327 6.5515e-07
1 22233593 rs34860998 0.20548000000000002
1 22233670 rs1545593 6.5783e-06
1 22233927 rs140051011 0.70718
1 22233982 rs113577910 0.70186
1 22234036 rs112873839 0.70186
1 22234069 rs58639819 0.57616
1 22234226 rs192797333 0.48636999999999997
1 22234424 rs2501253 4.7495e-06
1 22234632 rs140803829 0.23493000000000003
1 22234654 rs4654995 0.10089
1 22234884 rs6685818 0.17351
1 22234894 rs11805009 0.65456
1 22235249 rs12075736 0.50743
1 22235525 rs12075871 0.51248
1 22235559 rs12075913 0.44154
1 22236012 rs12062911 0.43926000000000004
1 22236409 rs55698876 0.76748
1 22236521 rs12063128 0.61166
1 22236549 rs7519770 0.65277
1 22236816 rs144045273 0.24638000000000002
1 22236904 rs74062216 0.74155
1 22237054 rs115215156 0.95076
1 22237438 rs115895693 0.8289799999999999
1 22237519 rs77621176 0.9656399999999999
1 22237522 rs117771155 0.72142
1 22237722 rs2445130 0.4414
1 22238157 rs115918348 0.97778
1 22238165 rs34215629 0.24295
1 22238775 rs1002480 8.4161e-06
1 22239721 rs567404531 0.35356
1 22239774 rs2445131 1.1287e-05
1 22239892 rs116061704 0.23521999999999998
1 22239982 rs57804452 0.5922
1 22240010 rs2445132 0.80652
1 22240060 rs57418161 0.6175
1 22240123 rs72662452 0.10277
1 22240162 rs527681690 0.70063
1 22240204 rs12732887 0.13718
1 22240363 rs76505009 0.91594
1 22240753 rs34951142 5.9239e-07
1 22240971 rs549886380 0.8457600000000001
1 22241017 rs11578002 0.19865
1 22241181 rs751738894 0.26608000000000004
1 22241185 rs78951217 0.34081
1 22241312 rs553766588 0.69619
1 22241454 rs7518738 0.22136999999999998
1 22241544 rs71637001 0.17009000000000002
1 22241653 rs2445133 0.85772
1 22242312 rs35316462 0.17033
1 22242597 rs113846102 0.72651
1 22242761 rs7524618 4.5385e-07
1 22242765 rs570174949 0.2056
1 22242820 rs71637002 0.16904
1 22242936 rs113187760 0.67775
1 22243451 rs2925136 0.14715
1 22243881 rs35189338 0.17198
1 22243898 rs12080957 0.15762
1 22243955 rs530732371 0.60168
1 22244023 rs6698486 6.6364e-06
1 22244592 rs9426781 9.9533e-06
1 22244732 rs77506000 0.16092
1 22244755 rs76922915 0.16191
1 22244923 rs67932885 3.1959e-07
1 22245756 rs4233277 9.161699999999999e-06
1 22245850 rs12039740 0.31771
1 22246190 rs75961065 0.15796
1 22246262 rs115607393 0.19326
1 22246266 rs9426782 0.18788
1 22247090 rs12759561 0.16469
1 22247125 rs10917063 0.43911999999999995
1 22247136 rs143443916 0.24849000000000002
1 22247171 rs754652360 0.9701
1 22247498 rs12131384 7.704700000000001e-06
1 22247527 rs78252406 0.74346
1 22247719 rs10917064 5.619300000000001e-07
1 22247828 rs55732290 0.28160999999999997
1 22248047 rs35542927 0.14337
1 22248241 rs114945908 0.5523899999999999
1 22248466 rs6661141 7.069e-05
1 22248703 rs11584390 0.72824
1 22248738 rs115702407 0.5261600000000001
1 22248881 rs10799719 1.1492000000000001e-05
1 22248903 rs11580829 0.16704000000000002
1 22249057 rs9426783 5.1533e-07
1 22249255 rs76354754 0.6192
1 22249307 rs35304121 0.18997999999999998
1 22249333 rs11579545 1.0095e-05
1 22249340 rs9426784 0.76089
1 22249344 rs34600791 0.14816
1 22249589 rs9426785 3.5373e-06
1 22249619 rs115752273 0.29578000000000004
1 22249836 rs9426677 8.2157e-06
1 22249905 rs117443531 0.37884
1 22249963 rs72870263 0.52447
1 22250029 rs4626854 4.4748999999999994e-07
1 22250558 rs35230410 0.14203
1 22251043 rs4233278 0.8053600000000001
1 22251115 rs4233279 0.78365
1 22251260 rs9426786 5.977100000000001e-06
1 22251607 rs7512059 0.49885
1 22251801 rs9426787 0.19585999999999998
1 22251891 rs9426788 5.792000000000001e-06
1 22251941 rs10917065 0.36394
1 22251999 rs75434933 0.1589
1 22252262 rs4654773 0.47988000000000003
1 22252415 rs9426789 5.9277e-06
1 22252470 rs568272108 0.94337
1 22252529 rs12748891 5.907999999999999e-06
1 22252625 rs114389753 0.065733
1 22252790 rs9426790 0.83916
1 22252939 rs35210982 0.20085999999999998
1 22253062 rs4989428 1.1439e-05
1 22253701 rs547904149 0.8910299999999999
1 22254088 rs112663661 0.51981
1 22254558 rs116452354 0.90309
1 22254648 rs13374960 0.5131
1 22255484 rs142831215 0.50815
1 22255499 rs34857065 4.4844999999999997e-07
1 22255522 rs139561469 0.50825
1 22255684 rs16826053 0.41741999999999996
1 22255754 rs35970964 5.2718e-07
1 22255932 rs72871789 0.8979299999999999
1 22256126 rs80216312 0.16809000000000002
1 22256293 rs35427168 0.23005
1 22256383 rs114993161 0.15980999999999998
1 22256403 rs11588520 0.5007
1 22256725 rs6697265 6.768300000000001e-07
1 22256814 rs72662467 0.5582199999999999
1 22257202 rs12033039 0.35896
1 22257739 rs6658920 8.9761e-06
1 22257769 rs35077760 0.18749000000000002
1 22258100 rs7528668 0.72504
1 22258599 rs12129809 9.2721e-06
1 22259050 rs4654997 0.73716
1 22259146 rs12034979 0.31634
1 22259256 rs75650451 0.8044399999999999
1 22259742 rs116487251 0.27574
1 22259750 rs16826058 0.46325
1 22260012 rs17467346 0.8700899999999999
1 22260308 rs11587857 7.8078e-07
1 22260421 rs35620292 0.20105
1 22260515 rs552200005 0.14841
1 22260676 rs143968136 0.7063
1 22260899 rs72871797 0.78042
1 22261339 rs6672273 4.846e-06
1 22261544 rs35337208 1.4806e-06
1 22261640 rs9426791 0.32664
1 22261841 rs71638803 0.19038
1 22261918 rs7541238 0.8350799999999999
1 22261919 rs7529613 0.82045
1 22262159 rs72871798 0.9118700000000001
1 22262225 rs12081298 0.25049
1 22262504 rs78570036 0.31118
1 22262870 rs35901947 0.19954000000000002
1 22263551 rs71514204 6.3768e-07
1 22263952 rs533625960 0.68213
1 22264586 rs4233280 0.72446
1 22265015 rs139006356 0.82526
1 22265293 rs10917067 7.184299999999999e-06
1 22265351 rs79899643 0.31331
1 22266330 rs115979533 0.8711
1 22266730 rs77540765 0.15885
1 22267007 rs12733606 0.18336
1 22267048 rs80092743 0.29918
1 22267684 rs12735933 0.19364
1 22267908 rs6690262 0.99161
1 22267926 rs12035401 0.061051999999999995
1 22267966 rs4076760 6.6569e-07
1 22268692 rs76718639 0.2782
1 22268981 rs72871800 0.36727
1 22269250 rs34697800 0.18898
1 22269260 rs12566023 7.7527e-07
1 22269269 rs6681693 0.765
1 22269408 rs142927829 0.8508700000000001
1 22269485 rs151077008 0.45715
1 22269559 rs6656791 2.4321e-06
1 22270026 rs181133713 0.9317799999999999
1 22270390 rs74656569 8.343799999999999e-07
1 22270493 rs143134317 0.06838999999999999
1 22270591 rs148239997 0.49825
1 22270766 rs79230226 0.27712
1 22270907 rs6688119 6.9902e-06
1 22271205 rs58842382 0.19908
1 22271228 rs10753521 1.7763999999999998e-06
1 22271414 rs554825709 0.76864
1 22271579 rs111887321 0.28358
1 22271639 rs4654774 0.50326
1 22271691 rs150498595 0.24866999999999997
1 22271839 rs7544500 2.3196e-06
1 22271950 rs78128136 0.35661
1 22272189 rs111438609 0.47673000000000004
1 22272266 rs112855015 0.94681
1 22272323 rs71638804 0.19975
1 22272624 rs35631798 8.651700000000001e-07
1 22272626 rs557106533 0.74767
1 22272841 rs113658082 0.86369
1 22272872 rs190963274 0.84296
1 22272914 rs113898699 0.50679
1 22273045 rs12567706 8.498299999999999e-07
1 22273110 rs562964170 0.26495
1 22273292 rs11576772 0.46182
1 22273348 rs75766327 0.21184
1 22273648 rs4077296 2.3691999999999997e-06
1 22273833 rs16826074 0.28101
1 22273903 rs79429192 0.51663
1 22274057 rs61776286 2.3436000000000003e-06
1 22274061 rs61776287 5.6049e-06
1 22274172 rs4565679 2.5369e-06
1 22274178 rs4488002 2.4265999999999998e-06
1 22274205 rs4593792 8.1575e-07
1 22274236 rs148184377 0.46291000000000004
1 22274354 rs4425957 0.94865
1 22274463 rs4323685 0.96247
1 22274480 rs10917068 0.9308700000000001
1 22274510 rs4393123 6.326e-07
1 22274681 rs112489638 0.4829
1 22274691 rs11587362 2.3371e-06
1 22274729 rs71638805 0.22180999999999998
1 22275114 rs777948500 0.38213
1 22275368 rs79521130 0.29836
1 22275450 rs7554644 0.5483
1 22275605 rs7523803 0.4201
1 22275646 rs6666534 2.0016e-06
1 22275696 rs7531732 0.5767899999999999
1 22275758 rs77795265 0.51081
1 22276058 rs12025633 0.27254
1 22276082 rs553436584 0.88435
1 22276189 rs4654999 0.7297100000000001
1 22276686 rs12046762 9.8312e-07
1 22276814 rs12741423 7.5999e-07
1 22277167 rs116163848 0.27756
1 22277184 rs10493010 0.27085
1 22277199 1:22277199_A_T 0.62597
1 22277412 rs116368846 0.31217
1 22277532 rs79689468 0.2709
1 22277659 rs77655576 0.84106
1 22277765 rs184893140 0.45138
1 22277766 rs114639423 0.57402
1 22277811 rs4382697 0.8133600000000001
1 22278051 rs114422037 0.80324
1 22278094 rs10753522 0.76594
1 22278138 rs34372058 0.9353899999999999
1 22278186 rs35407091 8.2634e-07
1 22278223 1:22278223_G_T 0.50959
1 22278252 rs10753523 0.81705
1 22278426 rs10917069 0.29325
1 22278570 rs112972890 0.22794
1 22278591 rs114907623 0.36571
1 22278706 rs553567053 0.95562
1 22278790 rs10917070 0.28041
1 22279088 rs150652645 0.34533
1 22279191 rs7354857 0.28064
1 22279280 rs7355161 0.28037
1 22279626 rs6673001 0.52575
1 22279815 rs4394606 0.54246
1 22279888 rs4233281 0.7620600000000001
1 22280036 rs12723814 0.21236999999999998
1 22280365 rs12567548 7.9027e-07
1 22280382 rs6426729 0.25948000000000004
1 22280533 rs12061658 0.8719100000000001
1 22280887 rs35688052 0.9551
1 22280928 rs75416978 0.90528
1 22281393 rs7533718 0.25527
1 22281479 rs10917071 0.25469
1 22281664 rs10917072 0.24545
1 22281690 rs10917073 0.24761
1 22281718 rs12140171 0.24815
1 22281759 rs10917074 0.24850999999999998
1 22281813 rs12748739 8.2098e-07
1 22281927 rs78538821 0.22845
1 22281928 1:22281928_C_T 0.9803700000000001
1 22282086 rs75577500 0.033408
1 22282117 rs4406609 0.22063000000000002
1 22282249 rs75571160 0.25042
1 22282619 rs7529220 0.43571000000000004
1 22282824 rs79932633 0.25088
1 22283104 rs12096297 0.48643000000000003
1 22283172 rs6662815 0.32427
1 22283380 rs35760029 0.19612000000000002
1 22283583 rs6675669 0.25432
1 22283671 rs10917075 2.3609e-06
1 22283699 rs115686206 0.9902799999999999
1 22283735 rs10917076 2.2276e-06
1 22283845 rs6689414 8.954600000000001e-07
1 22283991 rs4655001 0.29653
1 22284019 rs12067401 0.28704
1 22284062 rs114535451 0.23158
1 22284155 rs36106877 0.17588
1 22284463 rs6426730 0.8002600000000001
1 22284495 rs11589754 9.8022e-07
1 22284659 rs6681950 0.9968899999999999
1 22284708 rs6681966 0.9971700000000001
1 22284709 rs6690330 0.6056699999999999
1 22284987 rs115082974 0.68452
1 22285137 rs4654775 0.68876
1 22285273 rs147747080 0.099377
1 22285357 rs4501814 0.25818
1 22285387 rs115361365 0.6823100000000001
1 22285398 rs11580396 0.93505
1 22285529 rs36070253 0.21761999999999998
1 22285712 rs112529471 0.24441999999999997
1 22285810 rs60312497 0.6975100000000001
1 22285942 rs113203858 0.41093
1 22286061 rs7539092 0.2515
1 22286460 rs4654776 0.6439600000000001
1 22286607 rs68065177 9.3715e-07
1 22286707 rs36068757 7.5253e-07
1 22286728 rs115742007 0.45061999999999997
1 22286804 rs192298179 0.42055
1 22287082 rs112034183 0.62376
1 22287201 rs112962027 0.29047
1 22287544 rs190563633 0.60587
1 22287622 rs35182048 0.32863000000000003
1 22287757 rs371258383 0.15525
1 22287765 rs193300443 0.1368
1 22287941 rs12410694 1.66e-08
1 22288250 rs74611398 0.10761
1 22288375 rs114768142 0.78391
1 22288468 rs12410759 1.0234000000000001e-08
1 22288656 rs75508464 0.23031999999999997
1 22289000 rs116372918 0.9583799999999999
1 22289044 rs147182793 0.70641
1 22289672 rs12740881 8.105599999999999e-10
1 22289842 rs55689106 8.5719e-10
1 22290035 rs4585955 0.52077
1 22290110 rs8179386 7.8145e-10
1 22290156 rs8179387 9.378700000000001e-09
1 22290232 rs115748927 0.96126
1 22290379 rs72662482 6.288600000000001e-09
1 22290429 rs72662484 7.546e-09
1 22290487 rs80067829 0.10735
1 22290493 rs115584136 0.9355600000000001
1 22290603 rs77090308 0.10764000000000001
1 22290623 rs35806133 9.8916e-09
1 22290630 rs34277514 8.523e-10
1 22290774 rs537491457 0.3618
1 22290929 rs12730501 9.805e-09
1 22291122 rs114158976 0.76218
1 22291226 rs35963112 6.1231e-09
1 22291838 rs6698639 0.81453
1 22291841 rs142797632 0.77477
1 22291939 rs11590712 9.7831e-09
1 22291947 rs12060517 0.49071000000000004
1 22291975 rs184376023 0.9569799999999999
1 22292018 rs11591127 9.2821e-09
1 22292044 rs6675289 0.00012697
1 22292092 rs534147937 0.12142
1 22292098 rs187351243 0.70953
1 22292207 rs150498744 0.77995
1 22292231 rs111567686 0.1178
1 22292266 rs6699127 5.905e-10
1 22292342 rs11577364 0.051868
1 22292460 rs111331827 0.1418
1 22292517 rs10917078 9.0784e-09
1 22292657 rs10799720 9.9605e-09
1 22292761 rs149821892 0.77792
1 22292785 rs113807400 0.12775
1 22292888 rs115357992 0.77208
1 22292958 rs114092165 0.9291299999999999
1 22293056 rs12740670 0.004943199999999999
1 22293155 rs114731691 0.96788
1 22293275 rs7533101 1.039e-08
1 22293301 rs7554864 1.1041000000000001e-08
1 22293527 rs7547232 9.8926e-09
1 22293574 rs143665790 0.42448
1 22293723 rs11576231 9.724899999999999e-09
1 22293728 rs142331966 0.81912
1 22293785 rs11582367 0.84159
1 22293863 rs112592441 0.1134
1 22293875 rs191543646 0.8616299999999999
1 22293897 rs12745683 9.2053e-09
1 22294147 rs150759414 0.45643999999999996
1 22294158 rs111379103 0.52089
1 22294693 rs567952351 0.94516
1 22294799 rs552948791 0.11433
1 22294836 rs577301791 0.98413
1 22294971 rs6698084 6.5367e-10
1 22295058 rs115956627 0.9409799999999999
1 22295152 rs12061483 0.87064
1 22295701 rs7539859 6.8618e-10
1 22296171 rs148892498 0.34171
1 22296196 rs11583492 9.6201e-09
1 22296236 rs148026427 0.45987
1 22296307 rs10917079 9.7527e-09
1 22296343 rs116176850 0.71559
1 22296373 rs10917080 0.8165899999999999
1 22296375 rs10917081 0.82736
1 22296395 rs141577337 0.40392
1 22296615 rs7519668 0.24351
1 22296627 rs7511851 0.79696
1 22296937 rs4655002 9.6689e-09
1 22297078 rs113243305 0.067339
1 22297114 rs59134693 0.10627
1 22297152 rs145074732 0.9901700000000001
1 22297426 rs7527325 0.45771000000000006
1 22297432 rs12090605 0.62862
1 22297955 rs141589655 0.93109
1 22298008 rs10917084 9.370500000000001e-09
1 22298039 rs12144125 0.6919
1 22298241 rs113385886 0.10561
1 22298602 rs144691985 0.74924
1 22298649 rs550170484 0.8890399999999999
1 22298683 rs147477417 0.12575
1 22298773 rs34080449 5.321699999999999e-10
1 22298795 rs142784815 0.46182
1 22299142 rs56219455 2.5476e-10
1 22299166 rs115093443 0.94991
1 22299182 rs12097003 0.8153699999999999
1 22299193 rs55953638 2.5324e-10
1 22299966 rs4233283 6.045599999999999e-10
1 22299983 rs190462480 0.89164
1 22300097 rs149045496 0.30682
1 22300114 rs143003994 0.7409100000000001
1 22300379 rs114142802 0.11479
1 22300465 rs7537004 7.410599999999999e-10
1 22300599 rs190195927 0.70403
1 22301165 rs36117763 8.904700000000001e-09
1 22301180 rs35522699 3.2035e-08
1 22301181 rs573058501 0.25525
1 22301185 rs540427634 0.46831000000000006
1 22301188 rs565541099 0.4584
1 22301199 rs36029501 8.267799999999999e-09
1 22301617 rs184032867 0.13167
1 22301695 rs577466177 0.13237000000000002
1 22302077 rs11577213 0.77857
1 22302082 rs11591033 0.061799
1 22302176 rs11591046 0.77869
1 22302427 rs10917087 2.8633e-10
1 22302509 rs11581262 0.062836
1 22302600 rs11577294 0.9355
1 22302653 rs150635993 0.13432
1 22302659 rs34196101 0.09923
1 22302783 rs12031846 1.2831e-08
1 22302957 rs149933945 0.9880899999999999
1 22303168 rs188579721 0.6137199999999999
1 22303178 rs74062226 0.85811
1 22303465 rs116802276 0.07671599999999999
1 22303474 rs114778467 0.66206
1 22303593 rs116485626 0.71918
1 22303702 rs4415533 2.8799e-10
1 22303921 rs10493009 0.54074
1 22304142 rs11576963 0.058901
1 22304229 rs111512189 0.1209
1 22305097 rs183273449 0.65323
1 22305128 rs187706659 0.38647
1 22305175 rs190938264 0.39093
1 22305215 rs139428443 0.7862899999999999
1 22305318 rs7418481 0.41198999999999997
1 22305402 rs182446673 0.37275
1 22305734 rs61776320 5.3634e-10
1 22305791 rs112174348 0.74987
1 22305845 rs145035862 0.7418100000000001
1 22305858 rs528249123 0.28365999999999997
1 22305865 rs147552546 0.96559
1 22305906 rs4504857 0.75237
1 22305908 rs115079976 0.9849899999999999
1 22305915 rs6688236 5.1151e-10
1 22306051 rs71514208 0.7994600000000001
1 22306823 rs145409980 0.94199
1 22306838 rs181364686 0.41441999999999996
1 22307060 rs11577057 0.75966
1 22307223 rs113151642 0.69293
1 22307340 rs7528228 0.87161
1 22307358 rs7528300 0.7773800000000001
1 22307538 rs7528405 0.30685
1 22307676 rs138138024 0.46143999999999996
1 22307680 rs143622107 0.7343
1 22307875 rs7552725 0.87425
1 22307915 rs12061251 0.95473
1 22308160 rs7531316 0.7331
1 22308164 rs114105151 0.95541
1 22308165 rs79366202 0.80657
1 22308178 rs7553024 0.78633
1 22308184 rs111402056 0.45882
1 22308368 rs575292287 0.032624
1 22308440 rs376735378 0.75149
1 22308453 rs146873788 0.15306
1 22308469 rs10917094 0.072382
1 22308493 rs10799721 0.9313299999999999
1 22308498 rs145249052 0.53249
1 22308509 rs149153913 0.28852
1 22308516 rs10799722 0.7441300000000001
1 22308547 rs10917095 0.32438
1 22308641 rs12024382 0.47971
1 22308704 rs12049408 1.4367e-10
1 22308708 rs10917096 0.78679
1 22308786 rs114250548 0.5323399999999999
1 22308807 rs10917097 0.47586999999999996
1 22308853 rs111795157 0.81577
1 22308983 rs34637160 1.5392e-09
1 22309038 rs141520507 0.9872700000000001
1 22309264 rs147018531 0.25566
1 22309284 rs192568635 0.15693
1 22309296 rs6426731 0.78291
1 22309320 rs4466621 0.74992
1 22309437 rs12128201 0.80879
1 22309466 rs4466622 0.4901
1 22309570 rs6413869 0.30699
1 22309614 rs12062994 0.76825
1 22309690 rs6426732 0.32384
1 22309706 rs6426733 0.74412
1 22309709 rs6426734 0.73658
1 22309808 rs12730562 9.5787e-10
1 22309874 rs6698785 0.73875
1 22310080 rs10799723 0.31266
1 22310190 rs41266015 0.13514
1 22310225 rs4272592 0.77809
1 22310262 rs10733033 0.29386
1 22310404 rs143143560 0.97975
1 22310470 rs114677230 0.16904
1 22310519 rs3820288 0.76632
1 22310606 rs114040584 0.28062
1 22310662 rs6426735 0.51999
1 22310674 rs7538207 0.72178
1 22310725 rs3820287 0.51708
1 22310807 rs114365157 0.5917399999999999
1 22310809 rs77941170 0.5491199999999999
1 22310811 rs112944567 0.76966
1 22310824 rs1803531 0.24923
1 22310995 rs143029493 0.29043
1 22311037 rs148779281 0.77518
1 22311115 rs112413154 0.75954
1 22311240 rs111796525 0.8254600000000001
1 22311309 rs147660842 0.6913100000000001
1 22311348 rs61777960 2.6637e-06
1 22311413 rs10799724 0.51459
1 22311418 rs112325137 0.6126699999999999
1 22311642 rs112686052 0.81123
1 22311646 rs140868479 0.25747
1 22311656 rs144616172 0.11784000000000001
1 22311676 rs138540321 0.2443
1 22311876 rs375968952 0.28891
1 22311882 rs372710086 0.41731999999999997
1 22311908 rs7520526 3.1967000000000004e-10
1 22311970 rs71638813 2.1299000000000003e-10
1 22312039 rs7520656 0.52604
1 22312155 rs188197847 0.27154
1 22312159 rs193011117 0.8055399999999999
1 22312274 rs146478214 0.29109
1 22312276 rs140983796 0.58223
1 22312300 rs186934152 0.94888
1 22312424 rs190662833 0.9365700000000001
1 22312455 rs7411116 0.5441
1 22312593 rs113222018 0.29439
1 22312714 rs12121127 0.55814
1 22312800 rs112627075 0.25053000000000003
1 22312933 rs113593263 0.29925999999999997
1 22312998 rs115366432 0.56575
1 22313017 rs61777963 0.77676
1 22313103 rs114895362 0.6952699999999999
1 22313161 rs1803530 0.32394
1 22313198 rs10917100 0.7760100000000001
1 22313360 rs546407308 0.15027000000000001
1 22313689 rs6426736 0.5746899999999999
1 22314072 rs55918744 0.78701
1 22314444 rs61200828 0.080092
1 22314654 rs556873114 0.70044
1 22314678 rs556901565 0.5396
1 22315000 rs143730279 0.72245
1 22315318 rs111414053 0.0026912
1 22315459 rs10799726 0.2425
1 22315574 rs187581857 0.7223
1 22315604 rs114900276 0.6966399999999999
1 22315651 rs115458003 0.25649
1 22316110 rs12125214 0.8539700000000001
1 22316296 rs11803140 0.46451000000000003
1 22316344 rs150442789 0.35067
1 22317860 rs185494633 0.27958
1 22317915 rs148048303 0.30086
1 22317916 rs188769258 0.28113
1 22317977 rs549594094 0.20786
1 22318128 rs113468761 0.43966000000000005
1 22318263 rs61778002 9.1247e-12
1 22318506 rs139497162 0.56107
1 22318511 rs149876684 0.70408
1 22318597 rs148996046 0.024958
1 22318609 rs12068538 0.043537
1 22318831 rs192188515 0.29367
1 22318840 rs115082613 0.02458
1 22318855 rs184220400 0.29065
1 22319238 rs150392193 0.68062
1 22319519 rs143173714 0.29752
1 22319598 rs114207237 0.30532
1 22319817 rs12123754 0.8411799999999999
1 22319836 rs181618611 0.3034
1 22319860 rs147390024 0.11978
1 22320781 rs74062228 0.80572
1 22320883 rs12135098 0.81655
1 22321106 rs4655008 0.95885
1 22321111 rs4655009 0.9985
1 22321162 rs190694199 0.078751
1 22321550 rs12405048 4.6837e-10
1 22321566 rs72875549 0.57985
1 22321776 rs140926272 0.32594
1 22321793 rs138923047 0.12709
1 22321929 rs12566806 1.2822999999999998e-09
1 22321955 rs12069407 0.05269
1 22322051 rs142806778 0.82705
1 22322100 rs146972836 0.07357799999999999
1 22322157 rs192337581 0.33469
1 22322202 rs149476204 0.31744
1 22322491 rs184351944 0.3326
1 22322508 rs187358976 0.3326
1 22323028 rs184273928 0.96745
1 22323053 rs10799729 1.3395999999999998e-11
1 22323072 rs181909874 0.54737
1 22323115 rs149150052 0.12
1 22323170 rs146273326 0.34226
1 22323234 rs547353524 0.34226
1 22323497 rs189004816 0.37446999999999997
1 22323600 rs147852623 0.31658000000000003
1 22323603 rs12075666 0.30177
1 22323672 rs12075708 0.45675
1 22323715 rs140824293 0.34226
1 22323907 rs149248207 0.78058
1 22323999 rs558064698 0.65341
1 22324096 rs112610701 0.5707899999999999
1 22324154 rs139028896 0.026847000000000003
1 22324705 rs7534936 6.1204e-12
1 22324930 rs12032777 2.7416e-10
1 22324977 rs7523386 0.043108
1 22325282 rs141520637 0.7818
1 22325358 rs34193248 2.7114e-10
1 22325982 rs148225053 0.70136
1 22326072 rs140274458 0.8459899999999999
1 22326109 rs12076248 0.043167000000000004
1 22326119 rs77615205 0.54719
1 22326248 rs138300041 0.45337
1 22326324 rs115145848 0.029015
1 22326345 rs558460044 0.33903
1 22326534 rs144748160 0.624
1 22326587 rs28675219 5.4884e-10
1 22326881 rs4532803 1.0128e-11
1 22326905 rs188242338 0.16539
1 22327168 rs570331854 0.9580700000000001
1 22327220 rs146452480 0.028612000000000002
1 22327305 rs115305682 0.029713999999999997
1 22327398 rs116773295 0.029226
1 22327414 rs11582244 0.5473100000000001
1 22327664 rs181344445 0.34126
1 22327824 rs192113145 0.33268000000000003
1 22327870 rs183431262 0.47238
1 22327982 rs4628477 0.8003100000000001
1 22327983 rs74062233 0.9076200000000001
1 22327990 rs61685243 0.025399
1 22328182 rs143850203 0.34169
1 22328207 rs11541414 0.85783
1 22328228 rs59115023 0.02472
1 22328233 rs115682252 0.33981999999999996
1 22328279 rs12751986 1.5066999999999998e-10
1 22328310 rs142239156 0.14706
1 22328456 rs151219108 0.07746900000000001
1 22328476 rs139352245 0.79503
1 22328518 rs12070671 0.42163
1 22329414 rs10917107 5.4096e-12
1 22329681 rs41300124 0.02837
1 22329825 rs551108357 0.89344
1 22329826 rs4543769 0.004393899999999999
1 22329878 rs57573643 6.8239e-08
1 22329951 rs4992899 0.0011742
1 22329959 rs536478266 0.74793
1 22329990 rs147109197 0.58908
1 22330009 rs138501803 0.34094
1 22330197 rs143313123 0.56029
1 22330397 rs34010029 0.0045233999999999995
1 22330539 rs4556328 0.0060483
1 22330714 rs4543770 0.88113
1 22330771 rs184882468 0.38918
1 22331263 rs4557934 4.3386000000000005e-07
1 22331531 rs4559470 0.50993
1 22332043 rs139136175 0.27121999999999996
1 22332099 rs114370704 0.5352
1 22332790 rs11585373 0.51585
1 22332819 rs114687333 0.322
1 22332956 rs111353443 0.59875
1 22333078 rs12760192 7.7599e-08
1 22333431 rs149331601 0.51456
1 22333595 rs3820290 1.718e-11
1 22333620 rs114302506 0.80721
1 22333714 rs530565139 0.66877
1 22333954 rs74062237 0.8326899999999999
1 22334211 rs11584257 0.10883
1 22334227 rs149860833 0.30735
1 22334343 rs12746090 6.7625e-08
1 22334519 rs6681913 0.0026587
1 22334540 rs115520220 0.83868
1 22334635 rs115002768 0.08119900000000001
1 22334716 rs12746780 7.1302e-08
1 22334734 rs116768932 0.042808
1 22334851 rs12750883 6.1495e-08
1 22334870 rs59683042 0.82875
1 22335023 rs111650992 0.56853
1 22335027 rs12095640 0.9441200000000001
1 22335096 rs12095699 0.58544
1 22335404 rs10753525 5.6276e-07
1 22335584 rs10917108 9.481e-08
1 22335723 rs146131710 0.59237
1 22336120 rs4344303 3.8565999999999996e-08
1 22336277 rs3820285 0.80525
1 22336305 rs9187 8.500899999999999e-08
1 22336308 rs12908 9.0499e-08
1 22336789 rs147644802 0.13127
1 22336841 rs191816083 0.60415
1 22336842 rs184799444 0.6701199999999999
1 22337022 rs146105836 0.9164
1 22338066 1:22338066_A_G 0.67957
1 22338564 rs186657297 0.72777
1 22339263 rs10917114 0.19489
1 22339495 rs56046273 0.6983199999999999
1 22339537 rs2473311 0.34013000000000004
1 22341048 rs187471012 0.8122
1 22341214 rs12082704 0.56062
1 22341270 rs144570720 0.051425
1 22341295 rs147852696 0.8290700000000001
1 22341319 rs2092321 0.58209
1 22341714 rs2501309 8.6976e-12
1 22341755 rs10917118 3.6976e-11
1 22341953 rs4344304 0.99344
1 22342214 rs150478288 0.8048
1 22342432 rs143989161 0.6892199999999999
1 22342571 rs542342947 0.13215
1 22342837 rs2501306 0.8215399999999999
1 22342843 rs142735747 0.9318700000000001
1 22342876 rs2501305 1.0513999999999999e-08
1 22342883 rs2473309 1.0831999999999999e-08
1 22342928 rs57860778 0.0004527
1 22343070 rs6694116 0.00048296
1 22343113 rs113034673 0.26238
1 22343468 rs2501304 1.051e-08
1 22343640 rs75229025 0.11740999999999999
1 22343924 rs2501303 1.3817999999999998e-08
1 22343971 rs2501302 1.2077e-08
1 22344027 rs2501301 0.58804
1 22344031 rs2501300 1.1683e-08
1 22345006 rs4654778 7.894700000000001e-09
1 22345075 rs75509409 0.96724
1 22345093 rs3117048 7.4305e-12
1 22345165 rs11808721 0.32403000000000004
1 22345375 rs113556747 0.13145
1 22345428 rs12119589 0.7781
1 22345647 rs2501299 7.771e-11
1 22345798 rs143403626 0.88802
1 22345860 rs2501298 0.9469799999999999
1 22345906 rs2501297 0.95188
1 22346009 rs2501296 0.5872
1 22346103 rs11809498 0.96639
1 22346158 rs2501295 0.56852
1 22346184 rs75806297 0.1679
1 22346416 rs2473308 0.6553899999999999
1 22346422 rs142609882 0.12911
1 22347103 rs185504930 0.073874
1 22347252 rs12097775 0.10743
1 22347295 rs150608376 0.8395600000000001
1 22347577 rs138802960 0.42258999999999997
1 22348104 rs2865198 0.083504
1 22348110 rs2501293 0.20169
1 22348180 rs547552940 0.93079
1 22348409 rs10917119 0.00014345
1 22348556 rs11586488 0.08147
1 22348587 rs3117047 0.579
1 22349333 rs185924146 0.31368
1 22349360 rs12090172 0.30163
1 22349386 rs79050195 0.00014007
1 22349615 rs10799730 0.49173999999999995
1 22350165 rs10917120 0.11710999999999999
1 22350541 rs2501292 0.16518
1 22350547 rs12061255 0.11637
1 22350834 rs2473307 0.50529
1 22350933 rs2473306 0.12086
1 22351008 rs60104450 0.97305
1 22351326 rs3754505 0.11492999999999999
1 22351808 rs188794098 0.97782
1 22351861 rs28754826 0.48681
1 22352040 rs2255282 0.5675399999999999
1 22352108 rs11801382 0.10577
1 22352171 rs138832777 0.96947
1 22352179 rs1883422 0.9994299999999999
1 22352561 rs79643821 0.28255
1 22352716 rs114095512 0.080955
1 22353104 rs138087712 0.96496
1 22353136 rs3768579 0.00014612
1 22353298 rs12044816 0.90012
1 22353327 rs2473304 0.010879999999999999
1 22353414 rs2501291 0.010826
1 22353457 rs186263827 0.23198000000000002
1 22353491 rs2473303 0.5828800000000001
1 22353986 rs2501290 0.01649
1 22353989 rs2501289 0.016669999999999997
1 22354001 rs116054343 0.42257
1 22354045 rs41307810 0.24996
1 22354110 rs3768574 0.9279200000000001
1 22354237 rs116674939 0.27492
1 22354246 rs2473300 0.011170999999999999
1 22354274 rs2473299 0.13322
1 22354277 rs2473298 0.004964199999999999
1 22354327 rs3768571 0.062938
1 22354537 rs2473297 0.011045999999999999
1 22354538 rs80173514 0.00014607
1 22354587 rs2473296 0.011082
1 22354866 rs2473295 0.010865999999999999
1 22355044 rs4654780 0.18205
1 22355289 rs7523572 0.010894
1 22355458 rs10917121 0.12222000000000001
1 22355578 rs12116952 0.010828
1 22355631 rs61778044 0.064457
1 22355724 rs10917122 0.010858
1 22355784 rs111386896 0.28273000000000004
1 22355806 rs150230894 0.44297
1 22355890 rs150153349 0.6984
1 22355978 rs10917123 0.00056106
1 22356098 rs2473294 0.011056999999999999
1 22356138 rs2473293 0.011113
1 22356155 rs2473292 0.011045999999999999
1 22356360 rs575875080 0.7567699999999999
1 22356640 rs1883421 0.010842000000000001
1 22356809 rs1063116 0.010867
1 22356849 rs148259047 0.99072
1 22356873 rs59717136 0.7579100000000001
1 22356888 rs1063117 0.011042
1 22356905 rs1063118 0.010816
1 22356917 rs141233007 0.9903200000000001
1 22357217 rs760923 0.010501
1 22357229 rs3820687 0.00054937
1 22357488 rs35536968 0.08340399999999999
1 22357549 rs2473291 0.010454000000000001
1 22358055 rs760922 0.12485
1 22358401 rs28431812 0.85309
1 22358457 rs2473290 0.023132
1 22358560 rs150073000 0.98614
1 22358573 rs2473289 0.60811
1 22358595 rs61778045 0.0002454
1 22358663 rs4492583 0.87093
1 22358789 rs61778046 0.00028149
1 22358832 rs6679085 0.12345999999999999
1 22358836 rs12027753 0.00018887
1 22359082 rs7541107 0.8952600000000001
1 22359223 rs115981966 0.13224
1 22359392 rs2009020 0.89376
1 22359557 rs12757748 0.086774
1 22359564 rs188613024 0.662
1 22359644 rs138624051 0.31848000000000004
1 22359698 rs2473287 0.89455
1 22359776 rs774863338 0.38072
1 22359839 rs72665313 0.00023527
1 22359983 rs10917124 0.8390799999999999
1 22360260 rs12021606 0.89656
1 22360379 rs191522150 0.28695
1 22360383 rs12021637 0.8938799999999999
1 22360581 rs2501286 0.89392
1 22360582 rs2473285 0.8913200000000001
1 22360689 rs2473284 0.89635
1 22360736 rs75065704 0.9274700000000001
1 22360777 rs34879787 0.9999100000000001
1 22360970 rs4655016 0.90081
1 22361062 rs4654781 0.9084700000000001
1 22361129 rs2473281 0.8959
1 22361180 rs146372885 0.18600000000000003
1 22361229 rs111992780 0.00023247
1 22361255 rs145223095 0.094439
1 22361313 rs140820597 0.32066999999999996
1 22361356 rs2473280 0.89807
1 22361472 rs2473279 0.8977
1 22361504 rs2473278 0.8976299999999999
1 22361845 rs2473277 0.9741700000000001
1 22362044 rs2501285 0.69667
1 22362194 rs2473276 0.8953899999999999
1 22362197 rs2501284 0.8953899999999999
1 22362422 rs138420291 0.18611
1 22362426 rs3117046 0.89765
1 22362471 rs114046426 0.9043100000000001
1 22362717 rs2473275 0.8971600000000001
1 22362769 rs144426966 0.75108
1 22362805 rs2038109 0.8973
1 22362869 rs2038107 0.82339
1 22362940 rs2038106 0.8968
1 22363039 rs2038105 0.89664
1 22363434 rs79937842 0.5174300000000001
1 22363507 rs3117045 0.89738
1 22363646 rs3123459 0.8970600000000001
1 22363681 rs145726096 0.16779000000000002
1 22363918 rs3117044 0.8958799999999999
1 22364193 rs34231820 0.8331799999999999
1 22364283 rs79223209 0.81352
1 22364527 rs11582320 0.9903799999999999
1 22364775 rs151175614 0.8268700000000001
1 22364827 rs77121533 0.13271
1 22364958 rs2501281 0.032737999999999996
1 22364977 rs114971522 0.16756
1 22365085 rs10917127 0.95711
1 22365456 rs11582851 0.1926
1 22365626 rs138458433 0.19328
1 22365650 rs544455363 0.98015
1 22365689 rs12405695 0.00022404
1 22365792 rs2038103 0.82415
1 22365890 rs28638173 0.40156
1 22365937 rs2038102 0.11599999999999999
1 22366102 rs10917128 0.00026882
1 22366287 rs75439008 0.35375999999999996
1 22366347 rs577587137 0.0035544000000000005
1 22366426 rs116825850 0.57035
1 22366498 rs114997674 0.20584000000000002
1 22366563 rs74059853 0.8295100000000001
1 22366675 rs74821829 0.79069
1 22367073 rs72665317 0.00022314
1 22367220 rs559402764 0.022588
1 22367222 rs2473273 0.11656
1 22367292 rs2501280 0.11602
1 22367480 rs145583643 0.16480999999999998
1 22367515 rs769528996 0.5363899999999999
1 22367572 rs11590939 0.11454
1 22367622 rs11590519 0.1144
1 22367836 rs10917129 0.11796
1 22368342 rs2501279 0.77746
1 22369086 rs575162732 0.78058
1 22369117 rs2473332 0.9005299999999999
1 22369457 rs767892655 0.77073
1 22369831 rs114454768 0.016201
1 22370157 rs12748456 0.007631300000000001
1 22370330 rs2473331 0.12721
1 22370421 rs2473330 0.76963
1 22370963 rs777575457 0.5555
1 22371027 rs150797451 0.15097
1 22371062 rs116945620 0.013413
1 22371065 rs10917130 6.9001e-05
1 22371367 rs186208121 0.77873
1 22371380 rs12024016 0.99898
1 22371456 rs6662533 0.15153
1 22371487 rs149921921 0.98754
1 22371711 rs2501278 0.24525999999999998
1 22372081 rs76939397 0.53945
1 22372286 rs565249880 0.9889600000000001
1 22372789 rs143252229 0.7397699999999999
1 22373011 rs146677126 0.7641
1 22373406 rs2473328 0.17135999999999998
1 22373624 rs2501276 0.77764
1 22373671 rs6661161 0.0038228000000000003
1 22374032 rs71638823 0.0067334000000000005
1 22374237 rs147081645 0.96409
1 22374400 rs72665319 0.22584
1 22374444 rs12125762 0.017963999999999997
1 22374646 rs78715691 0.29927
1 22374676 rs147270391 0.23953000000000002
1 22374693 rs11579182 0.0067051
1 22375065 rs2501275 0.00078984
1 22375190 rs11580039 0.006762000000000001
1 22375896 rs12127684 0.24139000000000002
1 22376107 rs111468126 0.78208
1 22376188 rs10917131 0.0033482
1 22376452 rs35139465 0.0035765000000000003
1 22376490 rs113706674 0.18535
1 22376947 rs2473327 0.12729000000000001
1 22377041 rs57375708 0.57107
1 22377142 rs74941957 0.8739899999999999
1 22377349 rs7554578 0.12711
1 22377543 rs3754501 0.0076454999999999995
1 22377635 1:22377635_C_T 0.82299
1 22377718 rs3754500 0.0073473
1 22378280 rs725158 6.1944e-05
1 22378462 rs16826207 0.26100999999999996
1 22378469 rs16826209 0.20269
1 22378542 rs191079957 0.21986
1 22378670 rs3754497 0.0068134
1 22378880 rs3754496 6.291e-05
1 22379094 rs16826228 0.99054
1 22379200 1:22379200_G_A 0.33779000000000003
1 22379226 rs546976690 0.76443
1 22379360 rs16860621 0.0067391000000000005
1 22379671 rs13374393 0.12602
1 22379829 rs16860631 0.81482
1 22379848 rs558236736 0.82189
1 22380012 rs2501274 0.12680999999999998
1 22380237 rs1980475 0.12634
1 22380309 rs17837945 0.88518
1 22380644 rs10917132 0.78808
1 22380772 rs114307407 0.44997
1 22380905 rs56382348 0.29235
1 22381704 rs188717546 0.8219299999999999
1 22381737 rs142703324 0.81276
1 22381801 rs59006164 0.88915
1 22381976 rs77644487 0.81187
1 22382221 rs116226503 0.9520200000000001
1 22382475 rs16826231 0.26727
1 22382739 rs12729825 0.007611799999999999
1 22382900 rs12070733 0.8208700000000001
1 22382942 rs16826243 0.30449
1 22383222 rs2143104 0.12573
1 22383521 rs16826249 0.21781999999999999
1 22384097 rs10917135 0.12719
1 22384279 rs2501270 0.12673
1 22384358 rs145801681 0.26634
1 22384471 rs148963741 0.4446
1 22384560 rs78920226 0.79025
1 22384581 rs182593003 0.27055
1 22384713 rs12035094 0.12122999999999999
1 22385032 rs142715173 0.22291999999999998
1 22386150 rs41266025 0.3919
1 22386317 rs575491303 0.28689000000000003
1 22386722 rs16826278 0.0035996
1 22386859 rs16826279 0.0079907
1 22386871 rs909821 0.12697999999999998
1 22386930 rs16826283 0.29853
1 22387377 rs12029550 0.86885
1 22387449 rs16826292 0.7947
1 22387525 rs16826293 0.19372
1 22387622 rs16826296 0.3705
1 22387893 rs141049717 0.86225
1 22387996 rs12129231 0.34612
1 22388171 rs774431400 0.42105
1 22388297 rs16826302 0.39271
1 22388443 rs185774358 0.56793
1 22388630 rs16826304 0.24814
1 22388872 rs17837951 7.0439e-05
1 22388891 rs2473324 0.12697999999999998
1 22389327 rs2473323 0.11947999999999999
1 22389388 rs16826309 0.0074883
1 22389407 rs78986575 0.9129999999999999
1 22390072 rs2473322 0.12615
1 22390078 rs11583790 0.0077652
1 22390147 rs16826328 0.38677
1 22390365 rs16826332 0.8322
1 22390367 rs12088552 0.71699
1 22390383 rs16826336 0.81925
1 22390577 rs2473321 0.009295900000000001
1 22390667 rs6691650 0.12705
1 22391262 rs2473320 0.12691
1 22391389 rs17837957 0.21579
1 22391399 rs17837958 0.31998000000000004
1 22391403 rs114906471 0.38908000000000004
1 22391516 rs12079429 0.8226100000000001
1 22391563 rs12406669 0.007646300000000001
1 22391600 rs2501269 0.12671
1 22391767 rs16826354 0.38875
1 22391784 rs12037582 0.8784299999999999
1 22392048 rs114699039 0.57443
1 22392086 rs12091211 0.78689
1 22392181 rs7540403 0.9472799999999999
1 22392264 rs16826367 0.78708
1 22392269 rs16826371 0.78613
1 22392295 rs7540506 0.88195
1 22392546 rs78081754 0.5733
1 22392708 rs10917136 0.73839
1 22392782 rs561161343 0.67
1 22392783 rs138066260 0.22768000000000002
1 22393146 rs10917137 0.8232799999999999
1 22393206 rs17837962 0.24752
1 22393449 rs2473319 0.12671
1 22393471 1:22393471_G_T 0.19545
1 22393524 rs12740791 0.0020211
1 22393569 rs16826398 0.82311
1 22393706 rs568715885 0.17924
1 22393959 rs12143138 0.022865
1 22393980 rs17425695 0.99821
1 22394575 rs2473318 0.12802
1 22394618 rs114089904 0.57605
1 22394625 rs17837965 0.9217700000000001
1 22394713 rs17837966 0.23046
1 22395071 rs114561777 0.26507
1 22395251 rs2473317 0.38395
1 22395281 rs116254893 0.5131600000000001
1 22395602 rs116015743 0.89591
1 22395636 rs3123460 0.12712
1 22395722 rs181530330 0.237
1 22396226 rs180877083 0.11241
1 22396359 rs75223442 0.86355
1 22396507 rs191077841 0.28739000000000003
1 22396603 rs115731249 0.8220299999999999
1 22396998 rs56319427 7.0384e-05
1 22397185 rs137974775 0.8448
1 22397199 rs2501256 0.034746
1 22397241 rs143041172 0.21478000000000003
1 22397248 rs11807562 0.0075802
1 22397280 rs181805966 0.8264100000000001
1 22397324 rs186915709 0.8854799999999999
1 22397632 rs12073462 0.8308399999999999
1 22397871 rs186718024 0.63441
1 22398218 rs116797519 0.73356
1 22398417 rs558893928 0.46651000000000004
1 22398621 rs142103498 0.83176
1 22398780 rs146337606 0.4494
1 22398905 rs34896897 0.0076681
1 22399016 rs190010620 0.00015078
1 22399528 rs574724789 0.31983
1 22399992 rs12072869 0.8397399999999999
1 22400289 rs146975743 0.83006
1 22400335 rs533680172 0.15459
1 22400481 rs112076779 0.49568
1 22400626 rs775279134 0.93225
1 22400672 rs16826417 0.2386
1 22400771 rs10799732 0.9098200000000001
1 22400992 rs11582456 0.52435
1 22401024 rs16826425 0.0075232
1 22401488 rs17435502 0.20364000000000002
1 22401538 rs10917139 0.007442699999999999
1 22401778 rs774237899 0.1641
1 22401784 rs115044388 0.3844
1 22401818 rs773194147 0.26633
1 22402037 rs115812483 0.8821899999999999
1 22402043 rs116301702 0.8821899999999999
1 22402113 rs2038101 0.12974000000000002
1 22402170 rs10917140 0.83031
1 22402194 rs10917141 0.71731
1 22402301 rs558433806 0.38166
1 22402869 rs541854959 0.9359200000000001
1 22402908 rs143082380 0.86095
1 22403017 rs16826450 0.31877
1 22403088 rs77123176 0.10236
1 22403101 rs16826451 0.2121
1 22403107 rs16826452 0.5261100000000001
1 22403176 rs16826453 0.2188
1 22403267 rs16826455 0.8763
1 22403357 rs12038474 6.9472e-05
1 22403714 rs16826458 0.31937
1 22403977 rs767896911 0.046643000000000004
1 22404178 rs1016493 0.12985
1 22404377 rs187120615 0.1053
1 22404534 rs569897151 0.7300399999999999
1 22404670 rs12132089 0.54302
1 22404926 rs16826470 0.87628
1 22405202 rs75284716 0.9849899999999999
1 22405590 rs2501311 0.12991
1 22405667 rs78091109 0.33678
1 22405724 rs376096680 0.81566
1 22405950 rs16826480 0.73048
1 22406363 rs16826482 0.35017
1 22407589 rs534652039 0.062073
1 22408106 rs2501282 0.12999000000000002
1 22408192 rs41300114 0.43143000000000004
1 22408212 rs17837976 0.14231
1 22408465 rs2056976 0.12997
1 22408527 rs2056975 0.12927
1 22408660 rs17837981 0.18647
1 22408777 rs767399 0.12980999999999998
1 22409094 rs2056974 0.00072515
1 22409290 rs16826506 0.3193
1 22409407 rs188862646 0.033391000000000004
1 22409573 rs537072592 0.48388000000000003
1 22409620 rs17837986 0.23159000000000002
1 22409984 rs6657611 0.55076
1 22410402 rs146436471 0.45195
1 22410416 rs12566130 0.92671
1 22411019 rs2473316 0.00060712
1 22411135 rs2473315 0.13228
1 22411159 rs2501262 0.1324
1 22411177 rs2501261 0.0010682
1 22411351 rs2473314 0.1376
1 22411364 rs17425716 0.81377
1 22411449 rs10917143 0.5058199999999999
1 22411890 rs10917144 0.50356
1 22412570 rs16826532 0.32125
1 22412645 rs10917145 0.0078631
1 22413029 rs16826534 0.3477
1 22413335 rs16826536 0.17205
1 22413662 rs10917146 0.8713299999999999
1 22413855 rs10917147 0.8707600000000001
1 22413874 rs6696317 0.12778
1 22414053 rs768106860 0.34478000000000003
1 22414070 rs11800014 0.0037381999999999997
1 22414443 rs16826549 0.8518899999999999
1 22414486 rs549628739 0.98877
1 22414785 rs2268179 8.1915e-05
1 22415410 rs2268177 7.635e-05
1 22415586 rs16826559 0.80069
1 22415680 rs10917148 0.1328
1 22415941 rs763442 0.13238
1 22416197 rs185032720 0.15705
1 22417146 rs10917149 0.86961
1 22417209 rs774372233 0.9406399999999999
1 22417543 rs7519109 0.13164
1 22417604 rs10917150 0.81181
1 22418481 rs16831107 0.26418
1 22418721 rs1803269 0.0549
1 22418893 rs16831115 0.33596
1 22418987 rs16831110 0.80281
1 22419207 rs16831187 0.19029000000000001
1 22419759 rs722697 0.12858
1 22419991 rs149853182 0.031307999999999996
1 22420347 rs12138393 0.40521
1 22420355 rs12137631 0.52432
1 22420440 rs16826571 0.8691399999999999
1 22420449 rs11577378 0.0086826
1 22420581 rs12087816 0.63166
1 22421113 rs12740705 0.008564
1 22421399 rs28462103 0.89343
1 22421464 rs75972062 0.15759
1 22421466 rs138101466 0.5965600000000001
1 22421691 rs146009611 0.83311
1 22421831 rs10799733 0.010756
1 22422041 rs112366217 0.33997
1 22422554 rs909820 0.093831
1 22422721 rs10917151 0.00021988
1 22423305 rs114750815 0.83105
1 22423543 rs4076750 0.0049826
1 22423838 rs144876815 0.21613000000000002
1 22423958 rs59639278 0.40847
1 22423968 rs2056973 0.38236
1 22424030 rs150749921 0.91804
1 22424031 rs115302725 0.78647
1 22424075 rs76739921 0.78252
1 22424076 rs80288086 0.80285
1 22424113 rs16826588 0.4015
1 22424264 rs78923644 0.3087
1 22424456 rs6688182 0.35727
1 22424660 rs80344831 0.15767
1 22425377 rs116017034 0.23126
1 22425642 rs10917152 0.0051132
1 22425862 rs16826595 0.49832
1 22425988 rs12563981 0.8809899999999999
1 22426009 rs2865179 0.3841
1 22426187 rs1534949 0.77047
1 22427894 rs74059867 0.39092
1 22427902 rs6671955 0.41845
1 22428133 rs55991506 0.17767
1 22428301 rs114048138 0.77987
1 22428446 rs10799735 0.37863
1 22428550 rs148030761 0.9044
1 22428602 rs143567942 0.82416
1 22428662 rs552490657 0.7111
1 22428701 rs6672792 0.004765999999999999
1 22428816 rs182746053 0.15492999999999998
1 22429295 rs769382254 0.016236
1 22429321 rs79229317 0.29027
