CHR BP SNP P
20 1501211 rs2422601 0.024709000000000002
20 1501235 rs2422602 0.024709000000000002
20 1501305 rs2422603 0.024704
20 1501393 rs2422604 0.032382999999999995
20 1501650 rs6042765 0.3355
20 1502048 rs2422605 0.0251
20 1502492 rs2422606 0.024937
20 1502649 rs2422607 0.024828
20 1502815 rs2422608 0.025235
20 1503297 rs2422609 0.43468999999999997
20 1503436 rs6135163 0.083123
20 1503451 rs2422610 0.025052
20 1503511 rs2422611 0.025185
20 1503527 rs145835126 0.11029000000000001
20 1504496 rs2263652 0.76062
20 1504584 rs73567401 0.9692
20 1504722 rs538035092 0.4356
20 1504992 rs2251801 0.027679000000000002
20 1505234 rs73569103 0.7872899999999999
20 1505612 rs145950210 0.38323
20 1505831 rs185513553 0.48618999999999996
20 1505861 rs73569106 0.47303
20 1505863 rs140843148 0.1739
20 1506768 rs2251950 0.26154
20 1506993 rs2252050 0.23961
20 1507608 rs2263653 0.32349
20 1507634 rs2263654 0.36984
20 1507879 rs12479867 0.16698
20 1508001 rs2252155 0.033339999999999995
20 1508099 rs2263655 0.035224
20 1508114 rs11907998 0.67473
20 1508141 rs6033979 0.2668
20 1508335 rs2262338 0.03017
20 1509128 rs144423942 0.16577
20 1509389 rs73569112 0.72659
20 1509740 rs79946443 0.42013999999999996
20 1510022 rs544493528 0.97225
20 1510048 rs2252400 0.4065
20 1510138 rs2252401 0.40781
20 1510432 rs6042800 0.27823000000000003
20 1510622 rs112580055 0.58295
20 1510628 rs144734686 0.00014051
20 1510706 rs561087927 0.9400299999999999
20 1510769 rs2252425 0.58668
20 1510950 rs6110342 0.72315
20 1511098 rs73075202 0.61836
20 1511336 rs75999029 0.5293100000000001
20 1511416 rs114061994 0.83698
20 1511490 rs137888655 0.21994
20 1512273 rs6110353 0.00020903
20 1512822 rs377272149 0.046031
20 1513443 rs2255641 0.0011444
20 1513548 rs141884650 0.8268200000000001
20 1513700 rs113534723 0.76904
20 1513835 rs58409554 0.0059462
20 1513842 rs2255651 0.0011172
20 1514061 rs189004464 0.82999
20 1514118 rs73569121 0.77146
20 1514554 rs73569122 0.76888
20 1515087 rs140708202 0.10559
20 1515435 rs114402324 0.7088800000000001
20 1515619 rs77237515 0.77163
20 1516180 rs73076965 1.1216e-08
20 1516370 rs111733089 0.00015659999999999998
20 1516379 rs73076966 1.1269e-08
20 1516540 rs148733075 0.85039
20 1516617 rs2255988 0.0010512
20 1516906 rs7271240 1.4623e-07
20 1517215 rs117976266 0.43206999999999995
20 1517249 rs73569123 0.79706
20 1517301 rs2256095 0.07520800000000001
20 1517493 rs183900481 0.35777
20 1517820 rs149059656 0.78446
20 1517979 rs2256229 0.075624
20 1518100 rs10485824 1.2764000000000002e-07
20 1518155 rs2256240 0.072537
20 1518165 rs115932516 0.34947
20 1518309 rs2256243 0.071935
20 1518384 rs2256250 0.072312
20 1518412 rs2256251 0.13405999999999998
20 1518586 rs2256258 1.1533e-06
20 1518939 rs55723936 5.6265e-05
20 1519031 rs13040670 0.19541
20 1519084 rs184968613 0.25119
20 1519280 rs73569127 0.86823
20 1519431 rs6042848 0.63475
20 1519504 rs76079833 0.8754299999999999
20 1519511 rs6034006 0.047312
20 1519865 rs2263656 0.06852000000000001
20 1520042 rs6079527 0.0020569000000000004
20 1520233 rs2263657 0.043171
20 1520245 rs73076985 0.63875
20 1520272 rs2263658 0.043578
20 1520475 rs80106327 0.37346999999999997
20 1520606 rs11905059 0.92876
20 1520669 rs11906723 0.8146100000000001
20 1520726 rs187903518 0.86605
20 1520883 rs2256520 0.044506
20 1521334 rs62186919 0.6340399999999999
20 1521469 rs6079531 0.0022643
20 1521593 rs74181592 0.14614000000000002
20 1521767 rs2422612 0.050518
20 1521812 rs138202240 0.40253
20 1521891 rs181067999 0.20163
20 1522285 rs79717611 1.3857e-08
20 1522372 rs11697990 5.7766e-05
20 1522425 rs113729530 0.81316
20 1522589 rs145611815 0.0013349
20 1522623 rs150557311 0.80253
20 1522642 rs6514526 0.00036738
20 1522840 rs144299236 0.8126
20 1522881 rs147784144 0.9329799999999999
20 1523114 rs144986513 1.4998e-08
20 1523192 rs6042877 0.6393800000000001
20 1523267 rs555119892 0.97608
20 1523502 rs148346615 0.8094100000000001
20 1523952 rs138268862 0.70996
20 1524084 rs188691461 0.81115
20 1524291 rs61511268 0.81358
20 1524475 rs188776286 0.0090837
20 1525120 rs144362879 0.80755
20 1525204 rs147381096 0.81215
20 1525243 rs139525892 0.81215
20 1525472 rs112293008 0.80685
20 1525583 rs113980367 0.80835
20 1525608 rs117972412 0.63749
20 1525614 rs112235513 0.18583
20 1525668 rs140665122 0.36586
20 1525699 rs11907712 0.80621
20 1525898 rs11907751 0.80613
20 1526045 rs11908182 0.80897
20 1526213 rs2263661 0.73027
20 1526374 rs35585486 0.1936
20 1526379 rs4536713 1.0133e-08
20 1526394 rs148297265 0.64283
20 1526476 rs2263662 0.71478
20 1526533 rs112175948 0.80901
20 1526673 rs575559181 0.6814600000000001
20 1526882 rs112947241 0.92358
20 1526890 rs112684016 0.80716
20 1526898 rs112268463 0.80721
20 1527133 rs79730892 0.69826
20 1527197 rs57346343 0.81042
20 1527733 rs58308789 0.80965
20 1527781 rs73076994 0.43022
20 1528038 rs2246154 0.043227999999999996
20 1528296 rs777620937 0.5916100000000001
20 1528412 rs56754323 0.8124
20 1528650 rs58097778 0.8124
20 1528694 rs58517500 0.81472
20 1528697 rs58367945 0.81472
20 1528788 rs61002307 0.81202
20 1529009 rs73569150 0.81228
20 1529133 rs6042909 0.0019561
20 1529192 rs73077000 7.9574e-05
20 1529207 rs73569154 0.80657
20 1529253 rs6034036 0.64357
20 1529499 rs6034039 0.0018618999999999999
20 1529523 rs61215418 0.80972
20 1529878 rs73078707 0.63727
20 1530054 rs59506879 0.81429
20 1530096 rs57420503 0.81185
20 1530117 rs150536296 0.303
20 1530150 rs3848783 0.0019042999999999998
20 1530171 rs58116184 0.8075600000000001
20 1530197 rs3848784 0.046856999999999996
20 1530263 rs3848785 0.0020356
20 1530450 rs73569167 0.8134100000000001
20 1530621 rs73569168 0.81304
20 1530728 rs73569169 0.80913
20 1530761 rs117073769 0.79222
20 1530955 rs73569173 0.80984
20 1531020 rs564054590 0.88081
20 1531074 rs112930731 0.18097
20 1531413 rs73569175 0.81004
20 1531432 rs76373388 0.81004
20 1531764 rs151278466 0.15648
20 1531962 rs149991008 0.73654
20 1532150 rs73569178 0.80761
20 1532595 rs2249317 0.052610000000000004
20 1532665 rs145271590 0.9587399999999999
20 1532787 rs16995146 0.00022902
20 1532806 rs17720808 0.63643
20 1533092 rs73078712 0.6391100000000001
20 1533118 rs190993007 0.69593
20 1533141 rs17794026 0.63765
20 1533154 rs73569180 0.81117
20 1533205 rs2249431 0.0014404
20 1533695 rs570570055 0.12511
20 1533702 rs73569183 0.81742
20 1533825 rs6042937 0.64027
20 1534204 rs545905294 0.16213
20 1534218 rs192666774 0.8052600000000001
20 1534252 rs2249549 0.047109
20 1534508 rs3848786 0.00038131
20 1534743 rs111371691 0.8094600000000001
20 1535024 rs181898865 0.92663
20 1535030 rs2249673 0.6289600000000001
20 1535151 rs186467543 0.2073
20 1535306 rs73569192 0.81112
20 1535484 rs73569194 0.81117
20 1535504 rs79303196 0.81117
20 1535861 rs187422207 0.43598000000000003
20 1536305 rs73569196 0.81443
20 1536307 rs73078718 5.7708000000000004e-05
20 1536360 rs17794135 1.5232e-08
20 1536396 rs2249832 0.1269
20 1536414 rs73569198 0.81458
20 1536610 rs78343164 0.76993
20 1537434 rs56140941 0.6419100000000001
20 1537481 rs139356558 0.68438
20 1537648 rs2249962 0.046282
20 1537700 rs112830962 0.81945
20 1537786 rs11696998 0.001429
20 1537797 rs112575107 0.27986
20 1538249 rs2250055 0.0012772999999999999
20 1538266 rs11697395 1.6051e-08
20 1538379 rs73604175 0.085857
20 1538548 rs142219622 0.11087000000000001
20 1538870 rs2250091 0.12759
20 1539019 rs11906372 0.8537899999999999
20 1539165 rs12480515 0.0010677999999999998
20 1539331 rs11906544 0.87131
20 1539350 rs2250199 0.045175
20 1539420 rs6105333 0.25049
20 1539444 rs6105334 0.00033031
20 1539689 rs2250207 0.71844
20 1539707 rs190670394 0.36779
20 1539713 rs60385016 0.90038
20 1539857 rs111979045 0.91948
20 1539921 rs111578991 0.92509
20 1540032 rs2250289 0.045626
20 1540170 rs144623836 0.93765
20 1540237 rs2422613 0.11624000000000001
20 1540433 rs2250307 0.70823
20 1540556 rs62186920 0.24176
20 1541301 rs2263663 0.001423
20 1541317 rs559901880 0.92748
20 1541402 rs118109524 0.23506999999999997
20 1541752 rs6074813 0.00038710000000000003
20 1541969 rs2422614 0.00063809
20 1542232 rs2422615 0.041231
20 1542404 rs145644313 0.90514
20 1542761 rs117730119 0.38839
20 1542979 rs2253431 0.1353
20 1542987 rs3848787 0.00036622
20 1543066 rs3848788 0.00033695
20 1543409 rs2263664 0.041964999999999995
20 1543505 rs117655844 0.0078596
20 1543862 rs187481362 0.20576999999999998
20 1543895 rs7274052 0.00024349
20 1544162 rs6079606 0.00030524
20 1544469 rs1142198 0.6503800000000001
20 1544507 rs34476906 0.35693
20 1544529 rs11697987 0.00026589999999999996
20 1544683 rs11698000 0.00018016
20 1544846 rs79850394 0.80425
20 1545468 rs2253693 0.6266
20 1545529 rs45512895 0.00021286
20 1545617 rs2253698 0.30513
20 1545857 rs16995228 0.0072236999999999996
20 1546135 rs536615314 0.59346
20 1546175 rs2253814 1.3922e-05
20 1546207 rs2253815 0.0001365
20 1546378 rs76482364 0.03395
20 1546450 rs2253821 0.0014577
20 1546564 rs116264607 0.2212
20 1546742 rs2243602 1.3384e-10
20 1546780 rs146905696 0.8997700000000001
20 1546805 rs62623705 0.00021416
20 1546911 rs2243603 1.3302e-05
20 1547251 rs79248427 0.43156000000000005
20 1547567 20:1547567_C_T 0.17197
20 1547584 rs56045824 0.56689
20 1549402 rs2254194 2.9524e-05
20 1549654 rs3848789 0.9893299999999999
20 1550334 rs16995310 0.00063232
20 1551097 rs2254448 3.3691e-05
20 1551485 rs2254458 2.3319e-09
20 1551564 rs41297640 0.69398
20 1551967 rs6079627 0.56547
20 1552324 rs141714945 0.82101
20 1552430 rs2253427 2.9053e-05
20 1552457 rs16995332 0.00080973
20 1552554 rs147864161 0.95611
20 1553212 rs2422617 0.54898
20 1553268 rs182722719 0.78751
20 1553278 rs2422618 0.00091183
20 1553286 rs148083828 0.00078746
20 1557744 rs2243425 7.0164e-07
20 1557954 rs2244133 0.025558
20 1558363 rs6135335 0.017128
20 1558429 rs187333750 0.22455999999999998
20 1558508 rs6110507 0.0087202
20 1559185 rs145222149 0.31040999999999996
20 1559233 rs41275424 0.34546
20 1559259 rs2746603 0.069867
20 1559888 rs143223440 0.89605
20 1559989 rs2243423 1.0256e-06
20 1560222 rs62186924 0.47361000000000003
20 1560892 rs55650624 0.28714
20 1560901 rs570375321 0.14385
20 1589353 rs138495919 1.7332e-09
20 1590441 rs549989009 0.87093
20 1592255 rs191373314 0.71117
20 1592489 rs6079803 0.18777
20 1594053 rs4390826 0.0011447
20 1594387 rs117254572 0.067588
20 1594418 rs114513579 0.40278
20 1594600 rs148491649 0.79182
20 1594702 rs73080723 0.70535
20 1595282 rs115581271 0.51156
20 1595368 rs187452206 0.56725
20 1595572 rs145288750 0.010218999999999999
20 1596167 rs192022324 0.99736
20 1596473 rs2318043 5.1943999999999996e-05
20 1596864 rs572577744 0.95773
20 1596870 rs117284274 0.022403
20 1597050 rs6074894 3.1593000000000005e-09
20 1597074 rs34281058 0.10128
20 1597175 rs79462675 0.00046516
20 1597228 rs6074896 0.010484
20 1597433 rs34600126 7.2323e-05
20 1598008 rs115132313 0.35084
20 1598059 rs77630293 0.99918
20 1598407 rs143907830 0.7098
20 1598763 rs116689166 0.12452
20 1599142 rs2209313 9.5606e-05
20 1600405 rs117803469 0.027512
20 1600461 rs373338613 0.15279
20 1600524 rs1535882 1.7125e-09
20 1600537 rs144045134 0.49288999999999994
20 1600794 rs11696842 6.487100000000001e-05
20 1600863 rs74968602 0.6190100000000001
20 1600925 rs11696739 3.5084e-09
20 1601167 rs3761268 6.5064e-05
20 1601298 rs138472954 0.6107199999999999
20 1601506 rs546446650 0.9092
20 1601596 rs114397823 0.48744
20 1602149 rs75649571 0.0006387000000000001
20 1602151 20:1602151_C_G 0.16375
20 1602206 rs3761269 0.040249
20 1602272 rs141425763 0.5682699999999999
20 1602284 rs528205235 0.92437
20 1602624 rs73080729 0.35115999999999997
20 1602668 rs76958425 0.00070347
20 1602669 rs76357893 0.00066184
20 1602704 rs2224878 0.0020629000000000003
20 1602767 rs79037510 0.71659
20 1603126 rs79612168 0.4756
20 1603143 rs4814391 0.00063428
20 1603556 rs4814392 0.0012312999999999998
20 1603570 rs6079867 0.038843
20 1603778 rs188339412 0.44902
20 1603974 rs149054019 0.7378899999999999
20 1603984 rs11698720 0.0010057
20 1604071 rs6034210 0.7430399999999999
20 1604117 rs117075105 0.74951
20 1604170 rs756898500 0.67432
20 1604318 rs76280529 0.30698000000000003
20 1604359 rs78507142 0.78477
20 1605165 rs11699591 0.00029494
20 1605494 rs55917667 0.62228
20 1605810 rs76239035 0.0011932
20 1606002 rs75767531 0.50307
20 1606497 rs73080736 0.00026138
20 1606537 rs73080738 0.00025243
20 1606813 rs78554204 0.0012644
20 1606832 rs76485658 0.0014072000000000002
20 1606864 rs75710358 0.0014820999999999999
20 1606865 rs73080740 0.00028656
20 1607388 rs56078965 9.384399999999999e-07
20 1607454 rs78296189 0.0013544
20 1608014 rs6079882 0.20815
20 1608015 rs6131679 0.81813
20 1608021 rs4471947 0.38659
20 1608108 rs6105433 0.0018526
20 1608210 rs6105434 0.0012375
20 1608630 rs112927380 0.63748
20 1608680 rs67499412 0.23544
20 1609014 rs1061179 0.10737999999999999
20 1609256 rs2209311 0.00082307
20 1609262 rs6043372 0.00063016
20 1609355 rs6105437 0.039714
20 1609405 rs118025762 0.14908
20 1609495 rs13037971 0.03135
20 1609619 rs769418853 0.8253
20 1609940 rs79039084 0.017190999999999998
20 1609952 rs6043374 0.036643
20 1610062 rs1048055 0.071573
20 1610201 rs2281807 0.9509799999999999
20 1610357 rs55810216 0.2319
20 1610551 rs2281808 0.022340000000000002
20 1610629 rs73080747 0.31638
20 1610790 rs3746719 0.93334
20 1610812 rs3746720 0.9741799999999999
20 1610894 rs3746721 0.9002
20 1610918 rs34442420 0.8942700000000001
20 1610939 rs3746722 0.015805
20 1611579 rs41474054 0.21866
20 1611620 rs117896874 0.56109
20 1611840 rs145055265 0.9496700000000001
20 1611903 rs147558055 0.72982
20 1611918 rs56040592 0.016748
20 1611938 rs185572154 0.0036766
20 1612072 rs11905167 0.049384
20 1612151 rs192984081 0.5502
20 1612241 rs117088963 0.23643000000000003
20 1612279 rs2147336 0.012894
20 1612282 rs2147337 0.015207
20 1612323 rs2181872 0.4286
20 1612491 rs6043388 0.013678999999999998
20 1612700 rs13045212 0.43368999999999996
20 1612819 rs1535883 0.012023
20 1612951 rs769929613 0.5290600000000001
20 1612968 rs17770284 0.95611
20 1613011 rs11699714 0.02199
20 1613108 rs114620215 0.43696
20 1613872 rs190133202 0.52752
20 1613956 rs6074927 0.13366
20 1614288 rs2318044 0.1319
20 1614600 rs55952004 0.019459999999999998
20 1615105 rs13045074 0.42726000000000003
20 1615128 20:1615128_C_T 0.42558
20 1615228 rs6043403 0.93748
20 1615308 rs17770331 0.49438999999999994
20 1615550 rs189437870 0.95452
20 1615668 rs6105444 0.20062
20 1615771 rs79366176 0.52378
20 1615883 rs62186949 0.016784999999999998
20 1615959 rs9305125 0.019558000000000002
20 1616101 rs145447195 0.057213
20 1616118 rs9974013 0.12330999999999999
20 1616137 rs6034239 0.058704
20 1616206 rs6043409 0.0072867
20 1616496 rs777023388 0.45164
20 1616530 rs140134011 0.98572
20 1616892 rs2277760 0.46229
20 1617069 rs2277761 0.30672
20 1617163 rs41275438 0.29253
20 1617592 rs11699578 0.18514
20 1618407 rs757495234 0.12869
20 1618752 rs6074937 0.79168
20 1618882 rs6110721 0.32289
20 1618923 rs75539764 0.3312
20 1619005 rs189039643 0.079523
20 1619402 rs559104187 0.34745
20 1620392 rs57344833 0.37096999999999997
20 1620670 rs6105456 0.2424
20 1620747 rs142173212 0.033418
20 1621535 rs6043450 0.31806999999999996
20 1621686 rs4813187 0.38224
20 1621843 rs544483551 0.7235
20 1622201 rs6074941 0.78498
20 1622255 rs6079931 0.35163
20 1622755 rs13037249 0.35129
20 1622828 rs55956904 0.030378
20 1622973 rs6110756 0.27023
20 1622999 rs6110757 0.28718
20 1623032 rs2873613 0.30919
20 1623137 rs529873962 0.8625
20 1623175 rs79731914 0.8655799999999999
20 1623522 rs142236481 0.29943000000000003
20 1623870 rs4814396 0.68428
20 1624497 rs117865937 0.6129100000000001
20 1624632 rs61266160 0.39129
20 1624766 rs6110760 0.29546999999999995
20 1624913 rs117314329 0.04367
20 1625050 rs6110763 0.27724
20 1625156 rs7272255 0.043992
20 1625352 rs6110764 0.29659
20 1625815 rs8116439 0.029456
20 1625955 rs73891623 0.31214000000000003
20 1626068 rs6105462 0.37940999999999997
20 1626069 rs4813190 0.33555999999999997
20 1626132 rs68067248 0.029377999999999998
20 1626226 rs77718772 0.14498
20 1626292 rs115717911 0.06027999999999999
20 1626407 rs8117968 0.39027
20 1626479 rs4813191 0.060075
20 1626741 rs114475804 0.18109
20 1626843 rs6043506 0.38234
20 1627079 rs67826970 0.029957
20 1627323 rs6043514 0.027444
20 1627993 rs76824705 0.27686
20 1628055 rs4813192 0.4139
20 1628187 rs114229499 0.28365
20 1628396 rs12625449 0.30204000000000003
20 1628438 rs58503647 0.3982
20 1628853 rs7269803 0.39229
20 1628995 rs8121856 0.38555
20 1629301 rs6110773 0.37787
20 1629327 rs181276849 0.68061
20 1629547 rs6110775 0.67781
20 1629604 rs6074948 0.6694100000000001
20 1629606 rs6110777 0.168
20 1629906 rs6079967 0.26255
20 1629930 rs148010539 0.13559000000000002
20 1630228 rs73080784 0.029483999999999996
20 1630274 rs558061828 0.053124
20 1630823 rs7263011 0.30844
20 1630860 rs11696836 0.09325
20 1631169 rs6110786 0.31578
20 1631254 rs770562085 0.9723
20 1631346 rs8123886 0.028424
20 1631584 rs2318045 0.9105200000000001
20 1631716 rs4410351 0.37969
20 1631840 rs56058564 0.025542
20 1631853 rs2318046 0.16163
20 1631921 rs55905775 0.025516
20 1632271 rs2318047 0.32042
20 1632404 rs56146227 0.024878
20 1632653 rs3761270 0.33393
20 1633018 rs11696906 0.025807
20 1633076 rs11696911 0.025315
20 1633768 rs3761271 0.23440999999999998
20 1634986 rs73080796 0.025219
20 1635020 rs769974751 0.44263
20 1635220 rs188438113 0.29535
20 1635454 rs73080800 0.025183
20 1635596 rs8119870 0.41686999999999996
20 1635716 rs73080802 0.02563
20 1635823 rs62186952 0.0076956
20 1636005 rs73082603 0.024549
20 1636944 rs6074957 0.2215
20 1637489 rs60736823 0.23117
20 1637493 rs73082608 0.025639
20 1637532 rs73082612 0.025207
20 1637589 rs66486207 0.3756
20 1637590 rs761700839 0.2388
20 1637879 rs6034307 0.92363
20 1638231 rs66989667 0.37751999999999997
20 1638293 rs139502650 0.57371
20 1638578 rs963168 0.30975
20 1638876 rs73082617 0.023905000000000003
20 1638928 rs73082618 0.0239
20 1639169 rs6043583 0.65955
20 1639295 rs67551872 0.39247
20 1639402 rs545622315 0.3208
20 1639567 rs114107778 0.06834900000000001
20 1639824 rs67599103 0.38153000000000004
20 1639930 rs188171412 0.21073000000000003
20 1639995 rs115769547 0.065224
20 1640019 rs10211741 0.31706999999999996
20 1640267 rs4813199 0.35188
20 1640322 rs10211807 0.3263
20 1640694 rs75057984 0.24841999999999997
20 1641146 rs4814411 0.26456999999999997
20 1641156 rs74879253 0.066207
20 1641196 rs115803475 0.064982
20 1641617 rs73082625 0.025259999999999998
20 1641657 rs743081 0.36368
20 1641885 20:1641885_G_A 0.44001
20 1641889 rs144992573 0.423
20 1642302 rs4814413 0.34347
20 1642484 rs743080 0.32306
20 1642653 rs76889212 0.57665
20 1642654 rs77166226 0.5794600000000001
20 1642747 rs4813201 0.28236999999999995
20 1642748 rs4814414 0.25338
20 1642861 rs6080013 0.070013
20 1643126 rs529701420 0.39516
20 1643254 rs117366411 0.95844
20 1643499 rs4814415 0.33098
20 1643686 rs6110828 0.32159
20 1643875 rs6105490 0.31261
20 1644176 rs117276334 0.041964
20 1644244 rs73082636 0.024333
20 1644269 rs2023567 0.34493
20 1644290 rs6080025 0.023254
20 1644291 rs2023566 0.33705
20 1644304 rs2023565 0.046281
20 1644596 rs73082643 0.027274
20 1645075 rs569243693 0.10857
20 1645502 rs6110838 0.9967299999999999
20 1645830 rs2273334 0.32487
20 1645869 rs143454553 0.12208
20 1645982 rs2246123 0.65167
20 1646052 rs2273333 0.6061300000000001
20 1646266 rs55827782 0.27510999999999997
20 1646391 rs6074973 0.6108600000000001
20 1646513 rs117726277 0.032374
20 1646648 rs568639190 0.88639
20 1646676 rs570612748 0.7087899999999999
20 1646840 rs73604189 0.35869
20 1646892 rs1022641 0.16910999999999998
20 1647031 rs191824931 0.16566
20 1647216 rs6074978 0.05470800000000001
20 1647443 rs6110845 0.33876
20 1647534 rs74990090 0.49615
20 1647657 rs62186953 0.06187
20 1647702 rs6080051 0.60945
20 1648129 rs6080054 0.065575
20 1648293 rs73082701 0.027780000000000003
20 1648606 rs6080060 0.62655
20 1649043 rs6043643 0.6380399999999999
20 1649053 rs2422635 0.023032
20 1649055 rs117954078 0.027701999999999997
20 1649078 rs6110851 0.63136
20 1649172 rs6080067 0.63044
20 1649175 rs6043644 0.64782
20 1649322 rs73085003 0.27328
20 1649772 rs4814422 0.39299
20 1649932 rs116852239 0.92215
20 1650040 rs6110853 0.33323
20 1650045 rs562686124 0.43332
20 1650472 rs2273332 0.34167
20 1650577 rs2273331 0.39239
20 1650585 rs139745739 0.89749
20 1650943 rs533518444 0.030047000000000004
20 1651056 rs11696633 0.027594
20 1651420 rs761824 0.17575
20 1651523 rs73085006 0.027538999999999998
20 1651602 rs968860 0.33642
20 1651660 rs732427 0.39116999999999996
20 1651726 rs149976332 0.12303
20 1651788 rs2273330 0.6423800000000001
20 1651969 rs3818168 0.32785
20 1652271 rs141428306 0.027346
20 1652316 rs6043667 0.27216
20 1652472 rs2023564 0.58127
20 1652491 rs11699372 0.024207
20 1652664 rs2023563 0.64766
20 1652763 rs73085011 0.028789999999999996
20 1653049 rs72484089 0.36186
20 1653161 rs148528564 0.68007
20 1653450 rs73085012 0.021240000000000002
20 1654287 rs73085016 0.029298
20 1654898 rs78585910 0.87785
20 1654979 rs138243589 0.71463
20 1654995 rs11698636 0.041253
20 1655122 rs143915264 0.37496
20 1655186 rs56113269 0.47973000000000005
20 1655268 rs147260964 0.70102
20 1655333 rs140727228 0.92455
20 1655481 rs60733085 0.48385
20 1655741 rs188001108 0.6987899999999999
20 1656356 rs6034356 0.042352
20 1656573 rs144171117 0.69418
20 1656617 rs6034359 0.041904000000000004
20 1656685 rs148685828 0.69418
20 1656733 rs12624984 0.041818
20 1656773 rs770984125 0.6201300000000001
20 1656854 rs7345130 0.041268
20 1657107 rs6043688 0.041818
20 1657329 rs2250253 0.053735000000000005
20 1657500 rs12625207 0.041832
20 1657529 rs2250261 0.79785
20 1657731 rs7275082 0.042214999999999996
20 1657741 rs2250268 0.90461
20 1658003 rs72484090 0.041915
20 1658211 rs11698603 0.041809
20 1658258 rs6034368 0.042251
20 1658311 rs147278009 0.69418
20 1658436 rs6034370 0.041823
20 1658487 rs6034371 0.04186
20 1658490 rs6034372 0.039992
20 1658662 rs117460513 0.34435
20 1658700 rs202554 0.07741
20 1658707 rs202553 0.059299
20 1658909 rs12625431 0.06402000000000001
20 1659171 rs202552 0.059199
20 1659223 rs6043713 0.049532
20 1659226 rs6043714 0.049532
20 1659254 rs192357098 0.69418
20 1659461 rs1438106 0.049553
20 1659507 rs1438105 0.048286
20 1659619 rs140050073 0.79196
20 1659696 rs145391484 0.71411
20 1659728 rs202551 0.070211
20 1659776 rs1438104 0.049481
20 1659844 rs142563944 0.69418
20 1659892 rs4413221 0.048624
20 1659899 rs202550 0.06015
20 1659992 rs4473456 0.48995
20 1660040 rs4353709 0.047166
20 1660075 rs4254564 0.048624
20 1660099 rs4254565 0.060542
20 1660157 rs4254566 0.04966
20 1660442 rs143103348 0.69286
20 1660614 rs1550267 0.053778999999999993
20 1660689 rs1550266 0.053939
20 1660799 rs1550265 0.05443099999999999
20 1660807 rs1550264 0.053522
20 1660916 rs1550263 0.05275
20 1661245 rs6043722 0.46528
20 1661393 rs73085052 0.0014923
20 1661654 rs139388417 0.69191
20 1661789 rs142599280 0.81796
20 1661991 rs6043726 0.054000000000000006
20 1662030 rs139890705 0.70744
20 1662046 rs149695193 0.7531800000000001
20 1662310 rs535173906 0.44148000000000004
20 1662320 rs374969743 0.8932899999999999
20 1662406 rs183803779 0.97236
20 1662437 rs554124627 0.6938300000000001
20 1662581 rs148408383 0.6938300000000001
20 1662590 rs541209015 0.6938300000000001
20 1662750 rs12625665 0.053810000000000004
20 1662809 rs202549 0.075725
20 1662811 rs147753816 0.7189300000000001
20 1662833 rs142628235 0.71768
20 1662871 rs12625034 0.053082000000000004
20 1662909 rs12625628 0.052976
20 1662999 rs202548 0.76649
20 1663022 rs57724095 0.052285000000000005
20 1663033 rs117542689 0.87003
20 1663036 rs146861470 0.6119100000000001
20 1663066 rs7273080 0.97039
20 1663080 rs60824122 0.46778000000000003
20 1663315 rs202547 0.066163
20 1663337 rs73085061 0.054215
20 1663539 rs202546 0.06648
20 1663945 rs186815794 0.69397
20 1664079 rs12626154 0.43898000000000004
20 1664244 rs532007615 0.79571
20 1664291 rs181228007 0.69438
20 1664390 rs202545 0.068232
20 1664446 rs202544 0.062748
20 1664523 rs4813209 0.21639
20 1664769 rs144937267 0.61529
20 1664840 rs4813210 0.99741
20 1665110 rs202542 0.063605
20 1665123 rs202541 0.064179
20 1665172 rs202540 0.064408
20 1665365 rs202539 0.066914
20 1665574 rs202538 0.06626699999999999
20 1665756 rs72484092 0.40325
20 1666106 rs202537 0.065295
20 1666210 rs77104973 0.90901
20 1666216 rs140985773 0.9819200000000001
20 1666253 rs202536 0.013069999999999998
20 1666617 rs8117600 0.0020120999999999997
20 1666842 rs72484093 0.39554
20 1666989 rs202535 0.7620399999999999
20 1667343 rs140315941 0.59368
20 1667860 rs202534 0.090276
20 1668004 rs147543945 0.89139
20 1668059 rs73085071 0.42118
20 1668401 rs202532 0.023719999999999998
20 1668622 rs79012224 0.9647899999999999
20 1669151 rs202531 0.7723800000000001
20 1669568 rs202530 0.02532
20 1669665 rs76531410 0.96536
20 1669681 rs202529 0.012320000000000001
20 1669726 rs112052313 0.95488
20 1669803 rs138711492 0.42968
20 1669949 rs142717899 0.34241
20 1670012 rs147350145 0.42506000000000005
20 1670319 rs117457337 0.90446
20 1670686 rs187855488 0.3776
20 1670774 rs62186956 0.056327999999999996
20 1671103 rs17770828 0.052822
20 1671403 rs184822780 0.99761
20 1671601 rs11697150 0.0016044
20 1671618 rs202528 0.087163
20 1671740 rs202527 0.023468
20 1671772 rs535550362 0.35488000000000003
20 1671805 rs59979485 0.2437
20 1672291 rs151003361 0.99295
20 1672339 rs6110951 0.9883
20 1672379 rs202526 0.022555000000000002
20 1672498 rs117725692 0.98998
20 1672521 rs62189067 0.52279
20 1672868 rs113392269 0.9940000000000001
20 1672975 rs149173145 0.88135
20 1673113 rs56301726 0.6381100000000001
20 1673454 rs112362679 0.40595
20 1673775 rs202525 0.01121
20 1673807 rs202524 0.022177000000000002
20 1673882 rs11696890 0.0017644000000000002
20 1674340 rs202523 0.012824
20 1674490 rs202522 0.3402
20 1675181 rs202521 0.02435
20 1675292 rs202520 0.012604
20 1675638 rs182142065 0.6147
20 1676065 rs2244191 0.022340000000000002
20 1676389 rs7269065 0.9677100000000001
20 1676943 rs7274477 0.9704799999999999
20 1677441 rs76021634 0.97714
20 1677766 rs775846628 0.5070100000000001
20 1678188 rs2273329 0.42077
20 1678269 rs75211992 0.75067
20 1678383 rs2273328 0.052735000000000004
20 1678462 rs149696085 0.61492
20 1678637 rs202487 0.022238
20 1678750 rs73069315 0.025711
20 1678901 rs202485 0.021275
20 1679099 rs202483 0.023303
20 1679218 rs202482 0.023551
20 1679289 rs202481 0.022795
20 1679488 rs202480 0.024881999999999998
20 1679534 rs202479 0.025022
20 1679805 rs202478 0.025486
20 1679864 rs566683294 0.38378
20 1680425 rs74764447 0.92825
20 1680493 rs149538314 0.80978
20 1681105 rs8124886 0.092913
20 1681150 rs6043867 0.08855199999999999
20 1681342 rs73069323 0.0014221
20 1681404 rs73069324 0.0013388
20 1681431 rs73069326 0.0012632
20 1681535 rs73069328 0.010346
20 1681537 rs6111024 0.0011546
20 1681609 rs1438101 0.0014571
20 1681670 rs1438099 0.0016009
20 1681929 rs1438098 0.0018566
20 1682037 rs6111031 0.0018489000000000001
20 1682085 rs56198409 0.001848
20 1682292 rs6111034 0.0018374000000000003
20 1682344 rs79020972 0.64308
20 1682433 rs60243377 0.27678
20 1682526 rs202477 0.74012
20 1683044 rs6111041 0.0017975
20 1683129 rs4602278 0.0017980999999999997
20 1683295 rs79259974 0.3745
20 1683342 rs6111045 0.0018003
20 1683358 rs202476 0.73239
20 1683479 rs6111046 0.0018007000000000001
20 1683771 rs202475 0.085117
20 1683934 rs138436223 0.31176
20 1684064 rs202474 0.084258
20 1684158 rs6105571 0.0017878
20 1684160 rs6105572 0.0017852999999999999
20 1684221 rs12480227 0.32344
20 1684268 rs146469214 0.42678
20 1684277 rs11906069 0.0018023
20 1684392 rs202473 0.73449
20 1684393 rs114485532 0.15334
20 1684400 rs6105573 0.0018178
20 1684486 rs6105574 0.0018941
20 1684528 rs6111054 0.0017986
20 1684613 rs1595460 0.0015800999999999999
20 1684652 rs1595459 0.0016647000000000003
20 1685140 rs202472 0.085524
20 1685231 rs139258893 0.87755
20 1685426 rs6111058 0.001697
20 1685452 rs692847 0.087991
20 1685465 rs115270195 0.19403
20 1685472 rs659348 0.088103
20 1685500 rs692891 0.086937
20 1685577 rs497134 0.7239
20 1685647 rs648051 0.086141
20 1685652 rs113273207 0.19825
20 1685724 rs189459711 0.5037699999999999
20 1685728 rs11905288 0.43613
20 1686134 rs148617538 0.45688999999999996
20 1686208 rs151335298 0.20239000000000001
20 1686262 rs11905339 0.45561999999999997
20 1686429 rs2247997 0.16041
20 1686531 rs147721910 0.93117
20 1686675 rs6105579 0.0013176
20 1686693 rs528256 0.19585
20 1686739 rs113221009 0.43568999999999997
20 1686973 rs78916812 0.90781
20 1687028 rs74850730 0.21857
20 1687068 rs6135734 0.11260999999999999
20 1687149 rs532097 0.19366
20 1687418 rs142530520 0.212
20 1687423 rs629878 0.18456
20 1687428 rs629867 0.4178
20 1687450 rs6135736 0.11800000000000001
20 1687468 rs629812 0.17912999999999998
20 1687555 rs480743 0.19742
20 1687556 rs114984502 0.22913000000000003
20 1687567 rs480769 0.20476
20 1687591 rs150543809 0.51207
20 1687780 rs482716 0.21079
20 1687988 rs117047021 0.90348
20 1688034 rs2164863 0.9501799999999999
20 1688060 rs139411566 0.38752
20 1688265 rs77927730 0.030531
20 1688327 rs73576977 0.47795
20 1688456 rs615007 0.21103000000000002
20 1688719 rs59719880 0.0016086
20 1688813 rs513119 0.38788
20 1688836 rs7266946 0.0015619000000000002
20 1688844 rs513201 0.31544
20 1688958 rs514813 0.22041
20 1689018 rs514965 0.22032
20 1689046 rs150417278 0.00057359
20 1689093 rs76974354 0.55528
20 1689119 rs515883 0.21856
20 1689153 rs515973 0.22077
20 1689160 rs601652 0.22263000000000002
20 1689231 rs6111080 0.0015885
20 1689270 rs517578 0.21515
20 1689341 rs138155019 0.30932
20 1689461 rs600303 0.39131
20 1689466 rs737628 0.50798
20 1689557 rs599837 0.21689
20 1689766 rs543245 0.39066999999999996
20 1689767 rs588555 0.38471
20 1689858 rs544110 0.21091
20 1689869 rs142599236 0.28041
20 1689872 rs2318003 0.34137
20 1689898 rs735994 0.0016314
20 1689921 rs934812 0.36248
20 1690130 rs735993 0.0014352
20 1690191 rs743082 0.0015192
20 1690209 rs73894312 0.17112
20 1690370 rs371729101 0.7296199999999999
20 1690502 rs549733 0.23388
20 1690506 rs585046 0.22591
20 1690659 rs572620 0.22701
20 1690762 rs558331873 0.58592
20 1691118 rs778761363 0.61412
20 1691170 rs73576988 0.65265
20 1691189 rs577238 0.38253000000000004
20 1691286 rs578127 0.37529
20 1691293 rs679310 0.23251999999999998
20 1691385 rs578970 0.39041
20 1691572 rs183442229 0.18007
20 1691769 rs493466 0.4079
20 1691880 rs73071317 0.081463
20 1692167 rs73894345 0.17289000000000002
20 1692185 rs11699191 0.022402000000000002
20 1692235 rs73580905 0.48998
20 1692285 rs498139 0.37006
20 1692361 rs75142927 0.48998
20 1692384 rs75779694 0.48998
20 1692531 rs73580908 0.49123999999999995
20 1692567 rs73580910 0.49123999999999995
20 1692604 rs118020298 0.33896
20 1692802 rs73580913 0.48998
20 1692850 rs73580914 0.49749
20 1692952 rs11907659 0.48998
20 1692990 rs11906199 0.48998
20 1693134 rs11907976 0.48998
20 1693192 rs11906607 0.48998
20 1693615 rs75794831 0.040080000000000005
20 1693691 rs112354968 0.49123999999999995
20 1693713 rs202493 0.89375
20 1693725 rs78608909 0.49123999999999995
20 1693830 rs73580917 0.48998
20 1693878 rs192524886 0.58854
20 1694199 rs73580920 0.49123999999999995
20 1694647 rs4633984 0.040073000000000004
20 1694669 rs202494 0.22088000000000002
20 1694683 rs143511140 0.074425
20 1694719 rs549543620 0.86392
20 1694869 rs111794676 0.49123999999999995
20 1694953 rs111570282 0.48998
20 1695150 rs113379956 0.49123999999999995
20 1695155 rs202495 0.21684
20 1695305 rs1579652 0.07535800000000001
20 1695343 rs202496 0.21466
20 1695660 rs111596436 0.49011000000000005
20 1695847 rs73580924 0.49011000000000005
20 1695945 rs202497 0.8941600000000001
20 1695998 rs112442179 0.39933
20 1696209 rs73580928 0.48991
20 1696381 rs79934628 0.49188000000000004
20 1696453 rs113884441 0.49188000000000004
20 1696585 rs202498 0.21714
20 1696684 rs146587851 0.22166
20 1696772 rs202499 0.88364
20 1696948 rs57731168 0.8902399999999999
20 1697079 rs202500 0.20805
20 1697138 rs58128200 0.49313
20 1697829 rs202501 0.21933000000000002
20 1697868 rs202502 0.20911
20 1698181 rs111296614 0.49383
20 1698350 rs202503 0.20851
20 1698567 rs73580933 0.49475
20 1698580 rs115237355 0.49345
20 1698581 rs114734829 0.49345
20 1698643 rs766833712 0.48844
20 1698659 rs73580936 0.49281
20 1698750 rs112712681 0.49304
20 1698869 rs73580937 0.49309
20 1698960 rs113316721 0.49466000000000004
20 1698966 rs112460631 0.49466000000000004
20 1699001 rs73580938 0.49466000000000004
20 1699093 rs79386235 0.22819
20 1699195 rs73580940 0.53156
20 1699203 rs73580942 0.40126
20 1699400 rs59027828 0.036398
20 1699516 rs77223113 0.49638999999999994
20 1699533 rs111553886 0.043033
20 1699724 rs202504 0.87984
20 1699729 rs111924146 0.49561000000000005
20 1699771 rs202505 0.21941999999999998
20 1699946 rs7509334 0.035966000000000005
20 1700098 rs139268472 0.03127
20 1700373 rs73580946 0.49506999999999995
20 1700572 rs58052989 0.039445
20 1700579 rs202506 0.9042
20 1700654 rs57036141 0.036470999999999996
20 1700761 rs11907220 0.4953
