CHR BP SNP P
16 53059976 rs190433864 0.051528
16 53060315 rs191288400 0.017041999999999998
16 53060333 rs181206511 0.01652
16 53060456 rs12597402 0.20601999999999998
16 53060503 rs12597411 0.20926
16 53062051 rs16951953 0.24509
16 53062486 rs8045412 0.93814
16 53062645 rs11641055 0.20210999999999998
16 53063668 rs11643557 0.37456
16 53063711 rs8051627 0.4566
16 53063953 rs766000000 0.18683
16 53064034 rs72797618 0.5295300000000001
16 53064481 rs566825151 0.42182
16 53064860 rs140761541 0.20645
16 53064923 rs144692750 0.39288
16 53065282 rs11075705 0.28347
16 53066214 rs8058005 0.31695
16 53066480 rs113703852 0.29541
16 53066552 rs367549346 0.44386000000000003
16 53066828 rs116340575 0.75243
16 53066864 rs6416694 0.9447700000000001
16 53066923 rs9930459 0.93148
16 53067154 rs12924845 0.8593200000000001
16 53067182 rs4002280 0.31281
16 53067207 rs9925003 0.95845
16 53067393 rs56138405 0.80681
16 53067611 rs556614036 0.96819
16 53067649 rs72797623 0.2243
16 53067687 rs9933155 0.90041
16 53067692 rs9932535 0.24588000000000002
16 53068468 rs11075706 0.21691
16 53068510 rs7197492 0.019063999999999998
16 53068611 rs140811229 0.20545
16 53068813 rs56278234 0.78559
16 53069049 rs768164942 0.96465
16 53069421 rs11648042 0.90122
16 53069471 rs113407355 0.19716
16 53069705 rs4002281 0.961
16 53069730 rs4002282 0.94391
16 53070036 rs6499221 0.9018
16 53070825 rs3931698 0.020124
16 53071339 rs116948063 0.43306000000000006
16 53071821 rs75589409 0.021435
16 53072119 rs4002283 0.9563200000000001
16 53072614 rs1187270 0.7985899999999999
16 53072761 rs59333551 0.7421300000000001
16 53073854 rs10852454 0.50702
16 53073990 rs8044565 0.62536
16 53074023 rs7405164 0.037185
16 53076131 rs62049054 0.053523
16 53077401 rs1132596 4.7717e-06
16 53078007 rs3743773 0.00032263
16 53078171 rs3852740 0.0020172999999999996
16 53078224 rs3852741 0.0021048
16 53079614 rs73594404 0.037721
16 53081632 rs7185869 0.063912
16 53082338 rs72797628 5.2409e-06
16 53083155 rs111577197 6.1479e-06
16 53083404 rs8057802 0.06904
16 53083566 rs7198530 0.015865
16 53084250 rs11075715 5.6933e-06
16 53084321 rs11075716 4.4956e-06
16 53085163 rs7194847 0.0022161
16 53085731 rs113465432 0.069485
16 53087196 rs13331831 0.06674400000000001
16 53087573 rs35497000 0.015097999999999999
16 53087908 rs11641638 2.9825e-06
16 53088246 rs4002247 0.046547000000000005
16 53089195 rs73594411 0.06649
16 53089604 rs12917995 0.0071362
16 53090931 rs11641331 2.972e-06
16 53091051 rs9926870 0.00011116
16 53091364 rs111701399 3.2865e-06
16 53091435 rs28886716 0.074504
16 53091725 rs78686908 0.071598
16 53092357 rs12933494 0.019428
16 53092756 rs55905085 3.3939e-06
16 53092980 rs11645276 3.3275999999999997e-06
16 53093340 rs112795534 0.67767
16 53093720 rs12919486 0.023500999999999998
16 53095772 rs4985188 2.0603e-06
16 53096544 16:53096544_C_T 0.14575
16 53096712 rs13336871 0.06286
16 53097140 rs10153130 0.076458
16 53097378 rs113765005 0.7147399999999999
16 53097530 rs148228572 0.69548
16 53098860 rs142675220 0.26766
16 53098895 rs60126120 3.8757e-06
16 53099420 rs7189713 0.058549000000000004
16 53100136 rs9937509 0.02037
16 53100211 rs62050288 4.9333e-06
16 53100261 rs186758168 0.0038023
16 53100690 rs11649145 0.00012813
16 53100885 rs11649238 4.1673e-06
16 53101084 rs8058007 0.055722
16 53101600 rs76577280 0.44928999999999997
16 53102929 rs185545329 0.66551
16 53103568 rs9926101 0.055447
16 53104562 rs9938267 0.056276
16 53105063 rs9931598 0.05608200000000001
16 53105875 rs77870689 0.68134
16 53106223 rs9652625 0.11233
16 53106396 rs72797645 0.51244
16 53106472 rs9921695 0.05670599999999999
16 53106638 rs574716393 0.77765
16 53106796 rs8057504 0.055654999999999996
16 53106853 rs151145342 0.77466
16 53106858 rs9652626 0.081675
16 53108012 rs8044917 0.014037
16 53108537 rs115876688 0.70528
16 53108561 rs7188994 0.010583
16 53108867 rs11646404 2.9663e-07
16 53109124 rs150151927 0.5121
16 53109297 rs7196988 0.010811
16 53109319 rs7201965 0.01094
16 53109501 rs139057550 0.5355
16 53109577 rs6499234 0.011224
16 53109821 rs112222088 0.21941999999999998
16 53110192 rs191576874 0.014842
16 53110318 rs112708531 0.10515999999999999
16 53110371 rs12934741 0.024716
16 53110701 rs12934205 0.011536
16 53110744 rs12934229 0.011533
16 53110892 rs12917984 0.010532
16 53111056 rs12917630 0.010379000000000001
16 53111350 rs11859867 0.010778
16 53111955 rs4784288 2.5651999999999997e-07
16 53112009 rs28837500 0.089487
16 53113598 rs58652677 0.64327
16 53114141 rs78231272 0.66361
16 53114256 rs4784289 0.011227
16 53115571 rs62050294 2.5142e-07
16 53116517 rs771562268 0.10393
16 53116802 rs115595722 0.10969000000000001
16 53117449 rs139654785 0.12976
16 53117814 rs76116034 0.11667999999999999
16 53118694 rs77950672 0.81576
16 53118871 rs574709162 0.13959000000000002
16 53118958 rs116650513 0.85657
16 53119149 rs79089152 0.57317
16 53119643 rs12708900 0.016805
16 53119733 rs12708901 0.01585
16 53119762 rs2160795 0.038219
16 53120022 rs11860145 0.027362
16 53120340 rs117599701 0.056505999999999994
16 53120364 rs56156321 0.3853
16 53120439 rs55946649 0.42496000000000006
16 53120826 rs529020170 0.5986600000000001
16 53122250 rs146117145 0.63643
16 53122432 rs144442188 0.6640199999999999
16 53122486 rs11648664 2.7431e-09
16 53122888 rs558462662 0.47268000000000004
16 53123034 rs9746068 0.00074503
16 53123383 rs7184986 0.01178
16 53123761 rs62050296 0.7014600000000001
16 53124193 rs4784291 0.0037164999999999998
16 53124202 rs79344171 0.68482
16 53124801 rs149945432 0.35385
16 53125158 rs113104734 0.028270999999999998
16 53125815 rs190386746 0.78055
16 53125819 rs1108574 0.004618100000000001
16 53125989 rs747445329 0.7406
16 53126113 rs4784292 0.48375
16 53126338 rs8050947 0.0040913
16 53126506 rs150895309 0.6762
16 53127300 rs59171343 0.0053037
16 53127506 rs189033006 0.5131399999999999
16 53127594 rs78672051 0.43015
16 53127608 rs181751309 0.63303
16 53127846 rs11648332 9.9232e-06
16 53128056 rs12599832 0.0075107
16 53128711 rs11859251 0.004959300000000001
16 53128753 rs141299138 0.96757
16 53128892 rs11863603 0.0046993
16 53128897 rs9932318 0.006321800000000001
16 53128972 rs60342797 0.21474000000000001
16 53129034 rs9934578 0.0063552
16 53129099 rs11075735 0.0044065
16 53129502 rs11860334 0.50637
16 53129665 rs9937153 0.0038488
16 53129844 rs145032072 0.0553
16 53129967 rs113819381 0.4938
16 53130099 rs565455160 0.73235
16 53130207 rs16951991 0.53952
16 53130259 rs8058543 0.0066342
16 53130462 rs543392900 0.27602
16 53131045 rs11075737 0.0036200000000000004
16 53131374 rs12933670 0.0061655
16 53131406 rs7200338 0.0042725
16 53131457 rs56323977 0.18355
16 53131652 rs16951994 0.55874
16 53131721 rs12600218 0.0061533000000000004
16 53132318 rs11645073 2.6774000000000003e-09
16 53132804 rs3852742 0.75689
16 53133907 rs12232435 0.73259
16 53134551 rs116531510 0.8917299999999999
16 53134977 rs576396490 0.8910899999999999
16 53135032 rs7199440 0.010740999999999999
16 53135125 rs142642381 0.26750999999999997
16 53135430 rs75270432 0.68208
16 53136168 rs55698046 2.4193e-09
16 53136918 rs9989365 8.859e-05
16 53137282 rs7204726 8.568200000000001e-05
16 53138010 rs17373783 3.4151e-09
16 53138052 rs4784294 0.82726
16 53138617 rs191132922 0.096234
16 53138925 rs55968330 3.7045e-09
16 53139133 rs11647482 3.4518000000000004e-09
16 53139262 rs146910668 0.0689
16 53139435 rs61416639 0.71372
16 53139606 rs11647698 9.379999999999999e-09
16 53139945 rs12930884 0.020685
16 53139980 rs557125130 0.27816
16 53140024 rs56397722 1.271e-08
16 53140452 rs56209763 1.7744e-08
16 53140919 rs575078566 0.07220499999999999
16 53141008 rs56308051 1.7179e-08
16 53141151 rs55785957 1.7832e-08
16 53141175 rs557929400 0.34956
16 53141727 rs56285139 0.48552
16 53141757 rs141785308 0.48826
16 53141889 16:53141889_G_T 0.14926
16 53142055 rs150825549 0.027201
16 53142280 rs6499271 0.008165200000000001
16 53142514 rs185867519 0.16724
16 53142539 rs552957704 0.1477
16 53142550 rs62047973 1.6985e-08
16 53142735 rs62047974 1.9713e-08
16 53142746 rs62047975 1.9748000000000003e-08
16 53143180 rs55966873 1.7633e-08
16 53143370 rs113590437 0.54585
16 53143393 rs55929336 1.7808e-08
16 53144103 rs186034978 0.0037021999999999997
16 53144191 rs9931023 0.0079644
16 53144550 rs190752200 0.139
16 53145013 rs11645161 1.7815e-08
16 53145770 rs1362790 1.91e-08
16 53146839 rs116280640 0.24431999999999998
16 53147299 rs147511994 0.6683100000000001
16 53147356 rs192253925 0.078287
16 53147413 rs12925360 0.0076047
16 53147469 rs56368640 1.8111e-08
16 53147721 rs528542366 0.9510200000000001
16 53148427 rs12930444 0.0081495
16 53148494 16:53148494_T_C 0.80928
16 53148872 rs12931052 0.006834100000000001
16 53149416 rs55890714 1.9777e-08
16 53149567 rs116913734 0.92585
16 53150735 rs11645760 2.3908e-08
16 53150926 rs55887325 2.2384e-08
16 53151176 rs76409536 0.60632
16 53151901 rs11647604 2.2969e-08
16 53151961 rs11647302 2.1776e-08
16 53152148 rs62047981 2.4946e-08
16 53152248 rs113897652 2.4139e-08
16 53152453 rs17374115 2.3337e-08
16 53152671 rs17374136 2.2529e-08
16 53152789 rs56243913 2.0878999999999998e-08
16 53153350 rs1981777 0.017566
16 53153472 rs1981778 0.018422
16 53153532 rs12920505 0.01901
16 53154361 rs11075750 0.0045961000000000005
16 53154532 rs8054629 0.0039942
16 53154588 rs8049859 0.005541399999999999
16 53154706 rs8050063 0.0064512
16 53154832 rs62047982 0.54623
16 53154872 rs12596812 0.7255199999999999
16 53156331 rs546988756 0.9922799999999999
16 53156511 16:53156511_C_T 0.19568
16 53156995 rs12149668 0.003304
16 53157625 rs28816203 0.012543
16 53157723 rs8062366 0.12357
16 53158219 rs56088754 1.1418e-06
16 53158479 rs34660456 0.29296
16 53159405 rs11865376 4.2056000000000005e-05
16 53159440 rs113301402 0.073556
16 53159823 rs11864676 6.246100000000001e-07
16 53160231 rs138977055 0.17401
16 53161530 rs559139575 0.12872
16 53161774 rs59924446 2.9525e-05
16 53162198 rs149743111 0.26704
16 53162750 rs35397946 0.8804299999999999
16 53163796 rs62047987 7.441899999999999e-07
16 53164278 rs73590888 0.082851
16 53164633 rs116470308 1.8737e-06
16 53164639 rs550573684 0.76472
16 53165633 rs73590892 1.7492e-06
16 53166002 rs11075755 4.4585e-05
16 53166187 rs11075756 4.463399999999999e-05
16 53166239 rs73590897 0.080742
16 53166264 rs11075757 1.6547e-06
16 53167759 rs73590901 0.07689700000000001
16 53167951 rs117216872 0.99634
16 53168058 rs75866289 0.8032699999999999
16 53168187 rs146615880 0.20756999999999998
16 53168314 rs73592903 0.075651
16 53168531 rs62047988 5.2473000000000004e-05
16 53170069 rs12597502 1.0948e-06
16 53170129 rs73592905 0.98562
16 53170365 rs58939335 0.073535
16 53170538 rs7202887 0.85954
16 53170592 rs570545129 0.076513
16 53170733 rs73592907 0.072118
16 53170804 rs67673290 2.2644000000000002e-05
16 53170872 rs73599535 0.073026
16 53171124 rs62047989 4.4343999999999994e-05
16 53171172 rs147160814 0.39885
16 53171434 rs78305536 0.37428
16 53171461 rs7184968 0.71316
16 53171664 rs62047990 1.7690000000000001e-06
16 53172153 rs17302113 8.926799999999999e-07
16 53172643 rs1421067 2.0652e-06
16 53172690 rs16952022 0.075025
16 53173154 rs8055523 9.9485e-07
16 53173233 rs8057569 1.0154e-06
16 53173646 rs140969391 0.3996
16 53173792 rs6499308 0.0017904
16 53174271 rs62047991 1.0003e-06
16 53174450 rs544806663 0.79943
16 53174866 rs1080313 5.1643e-05
16 53174936 rs73599542 0.072537
16 53175139 rs137936912 0.21996999999999997
16 53176807 rs56683755 0.12849000000000002
16 53177207 rs73599547 0.9606600000000001
16 53178250 rs7186520 5.5384e-05
16 53178251 rs139955210 0.33035
16 53178357 rs61085431 0.07205399999999999
16 53178534 rs370729880 0.79057
16 53178586 rs770580222 0.018502
16 53178671 rs186740104 0.75011
16 53178986 rs60901925 0.0019629
16 53179492 rs8053357 1.9884e-06
16 53179511 rs190953981 0.30925
16 53179567 rs11865260 0.9991
16 53179777 rs117290663 0.30782
16 53180475 rs8059141 2.805e-05
16 53180568 rs11075761 0.21539
16 53180666 rs112229436 0.6007100000000001
16 53181026 rs73599555 0.07205399999999999
16 53181247 rs11859517 9.223899999999999e-07
16 53182044 rs73599557 2.7816e-05
16 53182643 rs149806022 0.27645
16 53182758 rs186036744 0.10089
16 53182832 rs74416819 0.31977
16 53183605 rs67499551 9.4809e-07
16 53183747 rs8061582 2.4526e-05
16 53183836 rs8055410 9.8855e-07
16 53183880 rs8057285 9.4509e-07
16 53183947 rs6499311 2.8444e-05
16 53184385 rs73599567 0.07205399999999999
16 53184745 rs73599568 0.07205399999999999
16 53184839 rs7350877 0.21686
16 53185263 rs113729327 9.340399999999999e-07
16 53185350 rs773580510 0.34751
16 53186030 rs62048015 0.0018820999999999998
16 53186703 rs139981512 0.63559
16 53186708 rs143911802 0.63559
16 53186792 rs73599571 0.070756
16 53187484 rs777662720 0.026936
16 53188014 rs12149129 9.475e-07
16 53188393 rs62048016 9.553499999999999e-07
16 53188399 rs142513666 0.32704
16 53188521 rs60593136 0.072122
16 53188669 rs7201808 0.0021715
16 53189175 rs140321248 0.28762
16 53189344 rs73599575 0.072122
16 53189672 rs7203398 3.7831e-06
16 53189941 rs61740287 0.072122
16 53191470 rs12597487 9.844e-07
16 53192331 rs7204230 2.8288e-05
16 53192354 rs35712682 0.0019320000000000001
16 53192431 rs62048018 9.3071e-07
16 53193086 rs2042027 0.22055
16 53193812 rs111443362 0.31417
16 53193953 rs73599583 0.072123
16 53194148 rs7188313 2.8409000000000002e-05
16 53194947 rs62048020 9.412200000000001e-07
16 53195264 rs12599521 9.416799999999999e-07
16 53195532 rs7201074 0.072123
16 53195795 rs61131589 0.96144
16 53196276 rs2042028 9.456e-07
16 53197108 rs1072684 0.071697
16 53197270 rs1960032 0.072123
16 53197390 rs143179033 0.027364
16 53197459 rs62048022 9.697200000000001e-07
16 53197863 rs1421068 0.0019079999999999998
16 53197934 rs1421069 0.0019349
16 53198142 rs7202782 0.79174
16 53198682 rs113614712 0.90489
16 53198755 rs60951033 0.071697
16 53198842 rs59863399 2.9006e-05
16 53198916 rs112330212 0.41446000000000005
16 53199435 rs115939234 0.79057
16 53200282 rs16952044 3.226e-05
16 53200418 rs757044292 0.31488
16 53200503 rs8052239 0.7703300000000001
16 53201078 rs77326398 0.071697
16 53201791 rs16952045 2.9498e-05
16 53201950 rs62048023 9.528e-07
16 53201984 rs189673260 0.18086
16 53202004 rs113161932 0.071598
16 53202010 rs62048024 9.528e-07
16 53202265 rs1549042 0.0019429000000000002
16 53202524 rs17302609 9.6485e-07
16 53202680 rs190865396 0.75776
16 53202690 rs114544347 0.75776
16 53203346 rs7195323 9.775e-07
16 53203634 rs7191003 9.4543e-07
16 53203977 rs7196485 9.6557e-07
16 53204156 rs59835626 0.6905100000000001
16 53204877 rs116595923 0.79174
16 53205008 rs78191934 0.31925
16 53205501 rs62048025 2.8765e-05
16 53205829 rs62048027 9.4637e-07
16 53205968 rs12149462 2.8837e-05
16 53206384 rs12149287 2.8837e-05
16 53206432 rs150476965 0.14095
16 53206533 rs12931541 0.22307
16 53206563 rs7196757 2.4935e-05
16 53206897 rs73601518 0.8230700000000001
16 53207193 rs7202653 9.5733e-07
16 53207442 rs12596395 0.0019588
16 53207465 rs34078613 0.25199
16 53207468 rs34171932 0.24439
16 53207487 rs113827218 0.071598
16 53207756 rs573327996 0.7507
16 53207887 rs8047327 9.6848e-07
16 53208044 rs371225045 0.79174
16 53208081 rs112942929 0.071697
16 53208085 rs563780555 0.47234
16 53208799 rs73601534 0.071697
16 53208967 rs147414367 0.66984
16 53209877 rs2160796 2.84e-05
16 53210110 rs62048028 9.1211e-07
16 53210182 rs193068990 0.9567899999999999
16 53210425 rs34880746 0.22791999999999998
16 53210553 rs17302672 9.2346e-07
16 53210788 rs62048029 2.3927e-05
16 53211163 rs12598925 2.4177e-05
16 53211201 rs149984633 0.28086
16 53211217 rs145193542 0.5838300000000001
16 53211385 rs16952050 0.071697
16 53211632 rs75563648 0.067478
16 53211665 rs12596062 9.270700000000001e-07
16 53211852 rs17302707 9.2346e-07
16 53211978 rs150099788 0.79174
16 53212556 rs188731182 0.82285
16 53212744 rs35773022 0.22782
16 53212747 rs112514552 0.071697
16 53212781 rs75601185 0.071697
16 53212926 rs112793706 0.071697
16 53213077 rs7500063 2.421e-05
16 53213419 rs2388011 0.0019264
16 53213995 rs8057437 0.91885
16 53214091 rs8059879 2.4266999999999997e-05
16 53214406 rs140013003 0.27616
16 53214451 rs62048030 2.7969e-05
16 53214564 rs62048031 9.131600000000001e-07
16 53214867 rs62048032 8.725100000000001e-07
16 53215278 rs11863925 9.131600000000001e-07
16 53215321 rs11860151 0.86824
16 53215700 rs73607734 0.072123
16 53215971 rs111613234 8.993799999999999e-07
16 53215986 rs370536517 0.79174
16 53216356 rs534648904 0.34205
16 53216479 rs11863502 2.3834000000000003e-05
16 53216632 rs377362803 0.75776
16 53217112 rs6499332 2.7567e-05
16 53217135 rs117764566 0.36401
16 53217852 rs72797684 1.0761e-06
16 53217895 rs113893143 0.071697
16 53218081 rs143598572 0.027364
16 53218204 rs146287650 0.79174
16 53218367 rs111372796 0.85869
16 53218406 rs62048034 2.7499000000000002e-05
16 53218491 rs142865085 0.32654
16 53218843 rs1421070 2.4634e-05
16 53219126 rs66559239 2.7496e-05
16 53219419 rs11859591 1.0002e-06
16 53220575 rs9673875 8.9473e-07
16 53220642 rs111295736 0.07215099999999999
16 53220905 rs115421486 0.79098
16 53220999 rs116012718 0.7902
16 53221742 rs75186625 0.48703
16 53221970 rs58988553 9.1791e-07
16 53222200 rs12931550 0.19165
16 53222386 rs60018373 0.22630999999999998
16 53223036 rs12932218 0.30216
16 53223135 rs117871780 0.69135
16 53223168 rs113343620 0.74839
16 53223434 rs111907158 0.6510199999999999
16 53223446 rs8062703 0.017938
16 53223450 rs7205763 8.285700000000001e-07
16 53223471 rs73607754 0.083964
16 53223753 rs186204246 0.034477999999999995
16 53224187 rs73607756 0.071697
16 53225343 rs143101220 0.81628
16 53225360 rs73607757 0.071697
16 53226098 rs12596712 3.2965999999999996e-05
16 53226168 rs145415778 0.7902
16 53226653 rs77212253 0.8840600000000001
16 53226706 rs571131197 0.37153
16 53227088 rs2388012 0.15283
16 53227149 rs140309164 0.14214000000000002
16 53227215 rs62048045 8.851799999999999e-07
16 53227218 rs62048046 8.3086e-07
16 53227334 rs2892423 8.936100000000001e-07
16 53227381 rs2388013 8.817200000000001e-07
16 53227673 rs118041912 0.22588000000000003
16 53227812 rs77784597 0.29186
16 53227873 rs149323206 0.81628
16 53228162 rs148295224 0.81628
16 53228433 rs113098322 0.076183
16 53229200 rs114417721 0.81628
16 53229241 rs8046380 8.9787e-07
16 53229549 rs62048047 8.812100000000001e-07
16 53229784 rs115650012 0.10213
16 53230106 rs35925303 0.21364
16 53230342 rs12599839 2.642e-05
16 53230658 rs12599389 8.801799999999998e-07
16 53230830 rs114106345 0.81628
16 53231212 rs8058044 0.9548700000000001
16 53231387 rs139068945 0.8698899999999999
16 53231518 rs143971643 0.8012699999999999
16 53231789 rs113554007 0.059129999999999995
16 53231959 rs11075782 9.148200000000001e-07
16 53232013 rs4784298 0.0018442
16 53232141 rs11075783 6.799299999999999e-07
16 53232333 rs8062228 9.270200000000001e-07
16 53232675 rs8043899 0.10135
16 53232702 rs35926511 0.1184
16 53233155 rs188773350 0.12585
16 53233220 rs8053429 2.8064e-05
16 53233275 rs73607782 0.073637
16 53233288 rs138177251 0.27657
16 53233340 rs141559915 0.27773000000000003
16 53233663 rs11861565 2.4e-05
16 53233919 rs149587009 0.86385
16 53234014 rs376618450 0.79174
16 53234175 rs56071638 0.0018652
16 53234369 rs150909470 0.14603
16 53234688 rs60319270 0.33013000000000003
16 53234836 rs139738486 0.8012699999999999
16 53235042 rs139887030 0.33731
16 53235081 rs11075788 0.0018302
16 53235421 rs17394050 9.2701e-07
16 53235619 rs145580429 0.32277
16 53235843 rs148882889 0.31644
16 53235904 rs62048048 9.794700000000001e-07
16 53236155 rs67384393 9.5861e-07
16 53236678 rs62048049 0.15789
16 53236759 rs191751022 0.28907
16 53238253 rs10521279 2.4469000000000002e-05
16 53238340 rs62048050 2.8535e-05
16 53238748 rs73597651 0.88034
16 53239005 rs73597654 0.91633
16 53239077 rs73597657 0.07803
16 53239161 rs62048051 9.67e-07
16 53240369 rs115322793 0.79025
16 53240409 rs62048052 1.0295999999999998e-06
16 53240459 rs149406795 0.8012699999999999
16 53240609 rs62048053 2.8786e-05
16 53240633 rs186385070 0.29523
16 53240846 rs73597660 0.92724
16 53241763 rs62048054 1.02e-06
16 53242940 rs113324929 0.29809
16 53242952 rs72797701 2.8253000000000002e-05
16 53243263 rs8053957 9.5137e-07
16 53244562 rs8060462 0.7823399999999999
16 53244686 rs192452790 0.16226
16 53244892 rs143217268 0.53938
16 53245139 rs114009884 0.026166000000000002
16 53245416 rs140496998 0.9087200000000001
16 53246004 rs62048055 9.7557e-07
16 53246164 rs183224573 0.02613
16 53246174 rs62048056 2.7349000000000002e-05
16 53246185 rs62048057 2.8878e-05
16 53246257 rs369824660 0.8012699999999999
16 53246553 rs62048058 9.7557e-07
16 53246720 rs77135367 0.74468
16 53246940 rs73597667 0.94452
16 53247426 rs73597669 0.8725
16 53247758 rs12599467 2.8539000000000002e-05
16 53247815 rs377765357 0.75646
16 53247859 rs144416712 0.1384
16 53248514 rs62048059 1.029e-06
16 53248574 rs73597672 0.07464900000000001
16 53248762 rs187844880 0.7750600000000001
16 53249632 rs1549041 0.0019234000000000002
16 53249700 rs76000005 0.07309
16 53249863 rs34831901 0.22019
16 53249868 rs76049132 0.07309
16 53250257 rs114554857 0.72473
16 53250771 rs73597675 0.07309
16 53250926 rs1984470 0.0021596
16 53250934 rs558687487 0.12437999999999999
16 53251079 rs73597678 0.07309
16 53251323 rs56873583 0.07309
16 53251530 rs8050978 2.4880999999999998e-05
16 53252020 rs59490761 2.4615e-05
16 53252537 rs113493623 0.0739
16 53253132 rs7202940 0.073637
16 53253244 rs142674548 0.7430399999999999
16 53253399 rs76917846 0.28717
16 53253710 rs58474046 2.5061e-05
16 53253719 rs62049763 9.9041e-07
16 53254176 rs12596346 9.6111e-07
16 53254670 rs16952091 0.21733000000000002
16 53254736 rs532516249 0.68258
16 53254881 rs138773584 0.47243999999999997
16 53255122 rs757230022 0.27049
16 53255269 rs58100544 0.74705
16 53255712 rs149503600 0.29625999999999997
16 53255804 rs16952093 2.5625e-05
16 53256049 rs111532765 2.9006e-05
16 53256145 rs139951494 0.41688000000000003
16 53256253 rs144205297 0.29253
16 53256335 rs140097454 0.48873999999999995
16 53256494 rs12597253 9.6727e-07
16 53257283 rs73597697 0.92735
16 53258019 rs80307327 0.1191
16 53258274 rs73597702 0.076402
16 53259205 rs73599604 0.07308200000000001
16 53259778 rs62049764 9.933e-07
