CHR BP SNP P
8 11558230 rs141860227 0.52253
8 11558567 rs73203479 0.00046935
8 11559223 rs117918532 0.8376299999999999
8 11559496 rs748131294 0.027254
8 11559842 rs60419043 0.053801999999999996
8 11560043 rs78784656 0.090752
8 11560135 rs74319135 0.10985
8 11560151 rs73203480 2.1285e-08
8 11560233 rs117165277 0.00016948
8 11560316 rs7003677 0.00025225
8 11560528 rs116907904 0.72765
8 11560645 rs149569276 0.00013938
8 11560700 rs77081760 0.1478
8 11560941 rs112718516 0.00025810000000000004
8 11561028 rs73537869 0.1279
8 11561040 rs772441800 0.16927
8 11561049 rs28505660 0.093596
8 11561226 rs115367741 0.13462000000000002
8 11561481 rs28472428 0.090657
8 11561549 rs142312834 0.49438000000000004
8 11561640 8:11561640_G_C 0.33281
8 11561728 rs61277615 4.4324e-07
8 11561818 rs73203482 9.897600000000001e-08
8 11561944 rs183797173 0.39294
8 11561983 rs35813172 7.0813e-08
8 11562054 rs140128623 0.26266999999999996
8 11562180 rs34888744 4.9367999999999996e-08
8 11562217 rs62489318 0.013097
8 11562311 rs77480632 1.3145e-07
8 11562404 rs77044774 0.023385
8 11562465 rs536197967 0.15355
8 11562513 rs62489319 1.6776e-10
8 11562526 rs80077219 0.20218
8 11562583 rs376553949 0.14567
8 11562735 rs77212080 0.26186
8 11563018 rs572722310 0.7179399999999999
8 11563306 rs74832611 0.21466
8 11563525 rs73203483 3.0653e-10
8 11563902 rs79484560 0.19923
8 11564479 rs4269498 3.8059e-07
8 11564926 rs185620194 0.37599
8 11564927 rs189141573 0.24714
8 11565087 rs10088151 0.053436000000000004
8 11567140 rs4489290 1.8356e-09
8 11567376 rs7817412 1.7172e-09
8 11567405 rs10096526 0.10267000000000001
8 11567431 rs556681628 0.052697
8 11567470 rs139956131 0.47786000000000006
8 11567652 rs62489320 0.012265
8 11567833 rs11781500 6.0159e-08
8 11567992 rs13282985 6.7615e-16
8 11568447 rs13249227 2.3168000000000003e-19
8 11568892 rs78197677 0.36479
8 11569061 rs111721287 7.7767e-08
8 11569240 rs189482265 0.1143
8 11569321 rs13267318 6.7982e-10
8 11569372 rs145466208 0.82991
8 11569555 rs114557758 0.6412800000000001
8 11569666 rs28473684 7.323299999999999e-08
8 11570036 rs6990313 8.798e-08
8 11570280 rs530694410 0.60756
8 11570407 rs185289010 0.12886
8 11570977 rs13278753 2.1271000000000004e-19
8 11571269 rs61265429 0.18925
8 11571562 rs10112464 0.18807000000000001
8 11572088 rs10105409 0.11986
8 11572284 rs11785555 1.1864000000000001e-07
8 11572415 rs77757488 0.17279
8 11572421 rs148580168 0.011298
8 11572488 rs73203488 6.3317e-08
8 11572645 rs2409812 0.13573
8 11573139 rs750059932 0.025273
8 11573389 rs139221089 0.065605
8 11574802 rs4410868 6.0587e-09
8 11575263 rs77881805 0.26504
8 11575356 rs76050267 0.13230999999999998
8 11575375 rs147042015 0.12355999999999999
8 11575518 rs6601604 4.3768000000000003e-10
8 11575840 rs4469416 4.716e-05
8 11576486 rs73203489 0.00015917
8 11576509 rs150873631 0.28526999999999997
8 11577059 rs138334850 0.2877
8 11577078 rs143029445 0.69885
8 11577184 rs146183035 0.171
8 11577201 rs62489323 0.032135000000000004
8 11577504 rs139048557 0.034942
8 11577712 rs62489324 0.019259000000000002
8 11577719 rs73203490 8.0541e-07
8 11577802 rs116177841 0.14726
8 11577908 rs6601605 0.00023806
8 11578108 rs12546793 3.9265000000000003e-19
8 11578451 rs115221123 0.13225
8 11578512 rs143968297 0.8538899999999999
8 11578562 rs777161395 0.37532
8 11578964 rs62489340 0.018693
8 11579117 rs551392958 0.40231999999999996
8 11579171 rs13270069 1.1010999999999998e-11
8 11579802 rs10112596 3.6262e-14
8 11579899 rs7833127 7.9389e-13
8 11579954 rs12550668 1.1173000000000002e-19
8 11580000 rs7844208 0.039188
8 11580017 rs766951696 0.521
8 11580236 rs2409808 7.9116e-13
8 11580334 rs73203495 7.529100000000001e-13
8 11580514 rs11994925 0.14765999999999999
8 11580519 rs73663201 0.12304000000000001
8 11580559 rs549554835 0.27207
8 11580626 rs7846104 7.6924e-13
8 11580771 rs7833508 7.2085e-13
8 11580907 rs9329247 6.3409e-13
8 11581032 rs11784821 6.4766e-08
8 11581134 rs769024306 0.19609000000000001
8 11581448 rs2409807 5.5595e-29
8 11581462 rs146164940 0.30484
8 11581589 rs11777889 0.09027
8 11581846 rs10106250 0.12218
8 11581879 rs73203499 0.00034895
8 11582214 rs62489341 0.025041
8 11582467 rs80079727 0.36905
8 11582534 rs62489342 0.026618
8 11582551 rs76464502 0.8021
8 11582707 rs73203500 2.4774e-07
8 11582790 rs60197293 0.31999
8 11582929 rs2898292 0.00028505
8 11582949 rs59035560 0.04689
8 11583446 rs76971783 0.25745
8 11583584 rs149424131 0.80774
8 11583610 rs56745056 0.052894000000000004
8 11583648 rs748149546 0.19645
8 11583741 rs548023098 0.096652
8 11583841 rs10086064 8.489e-28
8 11583933 rs79552794 2.4001999999999998e-05
8 11584054 rs139534736 0.18650999999999998
8 11584069 8:11584069_C_T 0.62735
8 11584078 rs183324416 0.3493
8 11584139 rs78442572 0.76754
8 11584425 rs4840579 1.5474000000000001e-21
8 11584440 rs77424522 0.25225
8 11584476 rs35558975 3.0215e-47
8 11584503 rs6986736 1.2402e-29
8 11584549 rs34960871 5.5376e-09
8 11584909 rs74459197 0.84496
8 11585764 rs2409806 4.3135e-33
8 11586403 rs2001470 2.4615e-05
8 11586507 rs7840794 5.8945e-07
8 11586646 rs2001469 5.6341e-06
8 11586726 rs543055266 0.16835
8 11586860 rs149252018 0.40526
8 11586893 rs12541921 7.506e-52
8 11586963 rs59946151 0.14313
8 11587233 rs78056258 0.41517
8 11587234 rs11250159 3.7498e-05
8 11587396 rs73205106 1.2952e-07
8 11587406 rs561232746 0.45221999999999996
8 11587428 rs183043924 0.13808
8 11587441 rs75031422 0.25288
8 11587592 rs62489346 0.019087
8 11587598 rs150810106 0.098201
8 11587793 rs59799643 0.10192000000000001
8 11587866 rs781706156 0.38203000000000004
8 11587919 rs144211661 0.17908
8 11588404 rs10109678 0.083111
8 11588439 rs10096189 5.4177e-05
8 11588446 rs140080610 0.44993
8 11588447 rs78693845 0.77893
8 11588481 rs17153694 1.8612e-05
8 11588910 rs73205108 1.2661e-07
8 11588926 rs151125339 0.2721
8 11589033 rs13278982 1.6252000000000002e-34
8 11589042 rs34421088 1.2492999999999998e-62
8 11589072 rs141079368 0.18731
8 11589383 rs10503426 3.738299999999999e-50
8 11589921 rs28488522 0.6087100000000001
8 11589961 rs111589866 0.00011337
8 11590008 rs17153698 6.9091e-12
8 11590168 rs4613960 3.142e-24
8 11590370 rs77289490 0.90466
8 11590412 rs116552479 0.10862999999999999
8 11591136 rs6983129 1.9684e-30
8 11591196 rs74449430 0.8513200000000001
8 11591279 rs28530664 0.8608399999999999
8 11591377 rs62489347 0.026345
8 11591844 rs144881982 0.15938
8 11591876 rs35928010 2.919e-39
8 11591916 rs35726503 2.3455e-40
8 11591961 rs536709979 0.57828
8 11592060 rs142005583 0.00013353
8 11592074 rs369821765 0.7377100000000001
8 11592281 rs189811182 0.49853000000000003
8 11592310 rs62489350 0.02912
8 11592717 rs11250160 1.4359999999999997e-59
8 11592722 rs73205114 7.0105e-08
8 11593033 rs13259242 2.5363e-59
8 11593070 rs74786828 0.10428
8 11593167 rs56076833 0.15694
8 11593222 rs11250162 5.577e-59
8 11593233 rs138014561 0.61836
8 11593360 rs113311627 0.57139
8 11593429 rs57341427 1.0133e-07
8 11593504 rs10101661 3.3231999999999996e-32
8 11593685 rs774917881 0.7532399999999999
8 11593899 rs57922664 6.2753e-06
8 11593970 rs138747432 0.32542
8 11594116 rs60893253 0.049030000000000004
8 11594201 rs11993825 0.89444
8 11594420 rs12544504 0.07786799999999999
8 11594441 rs142845965 0.00054793
8 11594463 rs59101725 2.8269e-07
8 11594597 rs34962960 4.1296e-57
8 11594970 rs12541318 1.0299e-46
8 11595173 rs182016187 0.55207
8 11595829 rs1390950 3.1520999999999996e-30
8 11595969 rs2898295 2.6316000000000004e-58
8 11596163 rs7838131 1.6429999999999998e-43
8 11596218 rs10091294 0.056372000000000005
8 11596437 rs11250163 1.6353e-57
8 11596487 rs62489351 0.029443
8 11596549 rs6992190 2.4156999999999998e-30
8 11597004 rs75146829 2.1828000000000002e-07
8 11597046 rs7827193 4.4313e-08
8 11597403 rs73205120 1.3812999999999998e-07
8 11597599 rs76636288 8.929200000000001e-05
8 11597925 rs7832153 0.066397
8 11597933 rs7845076 0.063876
8 11598188 rs73205121 1.4216e-07
8 11598683 rs11988920 0.38608000000000003
8 11598734 rs2898296 0.33647
8 11598903 rs151114044 0.10711
8 11598994 rs11989007 0.00014158
8 11599020 rs549680863 0.385
8 11599057 rs146464952 0.11945
8 11599168 rs144798033 0.080182
8 11599269 rs2132713 0.39292
8 11599279 rs2132714 0.33144
8 11599401 rs10103483 0.06844299999999999
8 11599570 rs10090884 0.00011671
8 11599681 rs66494852 6.8161e-22
8 11599805 rs139156236 0.38151
8 11599819 rs62489352 2.0003e-21
8 11600147 rs771666054 0.028314999999999996
8 11600233 rs11785912 7.0093e-39
8 11600532 rs75385343 0.0039876
8 11600833 rs7832826 0.20181
8 11601001 rs192238455 0.20781999999999998
8 11601070 rs116543625 0.14443
8 11601075 rs13275657 1.5435e-20
8 11601137 rs570902994 0.29366
8 11601510 rs4841584 0.010387
8 11601740 rs149102419 0.27360999999999996
8 11602747 rs3207196 0.1796
8 11602796 rs79676816 3.0296999999999995e-15
8 11603044 rs145941722 0.093012
8 11603327 rs115284231 0.46476000000000006
8 11603340 rs66535756 2.6877e-07
8 11603595 rs4841585 5.3272e-07
8 11603651 rs114893818 0.19274000000000002
8 11603756 rs4841586 2.2576e-07
8 11604026 rs904006 2.4339e-07
8 11604164 rs76234685 4.1879999999999995e-12
8 11604273 rs147849644 0.68103
8 11604407 rs141574294 0.50351
8 11604489 rs56294240 0.63684
8 11604657 rs28626371 3.0332e-06
8 11604659 rs28709984 3.6163e-06
8 11604777 rs531684832 0.47691000000000006
8 11604858 rs2029969 2.9649000000000003e-10
8 11604910 rs28628715 2.4417e-07
8 11605130 rs2173117 4.303800000000001e-09
8 11605146 rs149157877 0.16527999999999998
8 11605691 rs142132012 0.08529099999999999
8 11605931 rs116709031 0.81903
8 11606078 rs73666006 0.55011
8 11606152 rs2409814 6.902e-50
8 11606312 rs3735819 8.6721e-31
8 11606364 rs10503425 2.7181999999999998e-08
8 11606645 rs373179740 0.072382
8 11607048 rs3779664 4.3715e-11
8 11607221 rs76079184 0.040347
8 11607330 rs3735818 1.0176e-10
8 11607352 rs3735817 1.0809e-20
8 11607372 rs3735816 0.013375999999999999
8 11607396 rs3735814 4.9703000000000005e-23
8 11607512 rs576968707 0.5917100000000001
8 11607527 rs11773988 0.079057
8 11607658 rs55980825 0.8
8 11607930 rs3729848 3.2859e-12
8 11607959 rs3729849 0.019715
8 11607990 rs7006733 1.7960000000000002e-11
8 11608126 rs2645396 5.5041999999999996e-31
8 11608336 rs10435718 1.2893e-14
8 11608476 rs12549359 4.5375e-06
8 11608813 rs115848348 0.80938
8 11608864 rs183219410 0.14081
8 11608905 rs2740434 4.3278e-09
8 11608974 rs2645398 0.013422
8 11609169 rs2645399 3.7236e-16
8 11609284 rs79717430 0.059438
8 11609416 rs2645400 0.081736
8 11609484 rs537698234 0.063099
8 11609593 rs10094370 0.098527
8 11609715 rs17153743 0.13846
8 11609800 rs113033693 0.72263
8 11609846 rs73205195 8.5085e-07
8 11609944 rs150543474 0.29206
8 11609995 rs36038176 1.4405999999999999e-31
8 11610441 rs58228017 0.10094
8 11610527 rs73666007 0.1138
8 11610546 rs60599286 0.11169000000000001
8 11610674 rs11784693 1.6291e-35
8 11610686 rs11250164 2.3483999999999998e-35
8 11610746 rs804284 0.34563
8 11610748 rs59433946 0.054925
8 11610802 rs78129649 0.63568
8 11610853 rs59431377 4.6707e-07
8 11610874 rs11784764 3.6154000000000003e-35
8 11610986 rs28565241 0.045599
8 11611043 rs804283 2.4092e-35
8 11611206 rs810738 4.0153e-35
8 11611353 rs17153747 4.1941000000000004e-05
8 11611366 rs17153752 3.878e-05
8 11611500 rs17153755 2.882e-16
8 11611575 rs547693762 0.21516
8 11611592 rs28665608 0.41181
8 11611646 rs17153757 1.1645e-09
8 11611723 rs7826055 8.7941e-34
8 11611743 rs804282 1.1271e-17
8 11611786 rs145818527 0.089393
8 11611789 rs79945119 1.5874e-06
8 11611865 rs804281 6.086500000000001e-47
8 11611871 rs574643054 0.7237600000000001
8 11611978 rs192071367 0.13925
8 11612202 rs73666008 0.058623
8 11612279 rs13262643 0.00064201
8 11612297 rs67176365 0.0080991
8 11612315 rs13264774 0.00010605
8 11612381 rs13273672 1.8532e-12
8 11612665 rs76808439 0.67514
8 11612698 rs804280 3.4811999999999996e-46
8 11612841 rs17153765 0.084975
8 11612842 rs3729851 1.9958e-10
8 11612929 rs11987175 6.9885e-10
8 11612930 rs563843873 0.9219299999999999
8 11612963 rs12677897 3.2857e-15
8 11613314 rs59648461 0.014638
8 11613392 rs56700770 0.30311
8 11613428 rs11987347 0.23268000000000003
8 11613447 rs57808980 0.09513200000000001
8 11613772 rs17153767 0.0088626
8 11613867 rs28438570 0.023228
8 11613933 rs146576190 7.8488e-05
8 11613958 rs28550523 0.90525
8 11614107 rs2645458 0.6916399999999999
8 11614112 rs2645457 1.8914999999999998e-28
8 11614175 rs4841587 0.26277
8 11614225 rs4841588 0.00078929
8 11614305 rs13250578 4.8910000000000004e-20
8 11614313 rs3729852 3.0326e-20
8 11614316 rs3729853 0.0043077
8 11614329 rs3729854 1.5888e-14
8 11614483 rs115372595 0.3523
8 11614502 rs3729855 0.60256
8 11614575 rs3729856 5.914899999999999e-07
8 11614584 rs114868912 0.24755
8 11614688 rs117215662 0.76835
8 11614721 rs116052854 0.20321
8 11614747 rs113480711 0.49918
8 11614769 rs12156163 0.69823
8 11614981 rs764898484 0.40965
8 11614998 rs3757949 0.037275
8 11615169 rs75591947 0.12483
8 11615182 rs2645456 1.4472e-18
8 11615382 rs76752652 0.7331300000000001
8 11615465 rs809205 3.772e-16
8 11615521 rs183900523 0.9216
8 11615695 rs745379 4.9208e-25
8 11615739 rs80069792 0.17263
8 11615782 rs114345849 0.93437
8 11615875 rs115099192 0.7517
8 11615876 rs7830178 0.55685
8 11615887 rs55633527 0.81365
8 11616122 rs3729857 0.1709
8 11616338 rs867858 2.4856e-13
8 11616410 rs1062219 3.8524e-17
8 11616501 rs884662 0.13906
8 11616516 rs904018 1.3439e-17
8 11616547 rs12825 5.621800000000001e-17
8 11616571 rs804291 0.29788000000000003
8 11616836 rs804290 0.77023
8 11617023 rs144191832 0.036281
8 11617028 rs565131524 0.67355
8 11617142 rs11785481 1.9548999999999998e-19
8 11617240 rs12458 2.1280999999999998e-13
8 11617339 rs1062270 0.00011293
8 11617365 rs3735812 0.7388
8 11617505 rs3203358 3.6989000000000003e-16
8 11617647 rs11778526 1.0187e-13
8 11617695 rs56927904 0.42172
8 11617763 rs10108052 4.7019e-14
8 11617780 rs111781594 0.5521
8 11617789 rs111932667 0.76703
8 11617916 rs804289 1.242e-10
8 11618073 rs537568535 0.35746
8 11618107 rs9329248 0.5715399999999999
8 11618122 rs9644752 8.2753e-14
8 11618179 rs804288 8.4791e-18
8 11618234 rs80086609 0.0064551
8 11618311 rs804287 1.6123e-17
8 11618465 rs10108876 5.6745e-14
8 11618499 rs76012809 0.14081
8 11618590 rs75854763 0.010695
8 11618688 rs804286 0.16102
8 11618925 rs77687118 0.56518
8 11618998 rs804285 0.14289000000000002
8 11619067 rs56213203 0.011103
8 11619163 rs809204 4.0594e-18
8 11619205 rs13281294 6.8835e-17
8 11619261 rs2740431 0.008374
8 11619320 rs73663003 0.5269199999999999
8 11619325 rs73663004 0.4945
8 11619334 rs811966 0.16727
8 11619397 rs36018280 0.40679
8 11619504 rs809203 5.9374000000000005e-18
8 11619635 rs2645455 0.17247
8 11619819 rs17153776 0.0095096
8 11619853 rs188998426 0.3844
8 11619948 rs17810696 0.010125
8 11619986 rs7015453 0.043574
8 11620024 rs183992717 0.18648
8 11620115 rs111566513 0.10307999999999999
8 11620125 rs112413312 0.5281
8 11620315 rs2686206 1.7838e-12
8 11620326 rs17810775 0.010551999999999999
8 11620364 rs139384362 0.32086
8 11620461 rs66510044 0.9390299999999999
8 11620663 rs57377705 0.7743899999999999
8 11620769 rs17153782 0.16272
8 11620781 rs78947512 0.58712
8 11620792 rs117091719 0.8397100000000001
8 11620847 rs574399851 0.37043000000000004
8 11620880 rs185945454 0.00037154
8 11620883 rs545380986 0.14469
8 11620896 rs4841589 0.0097241
8 11621163 rs111800693 0.75025
8 11621202 rs2686207 0.98387
8 11621267 rs149061342 0.35999000000000003
8 11621295 rs112883934 0.15738
8 11621346 rs186329317 0.5796
8 11621351 rs2740432 0.14720999999999998
8 11621450 rs2740433 0.18012999999999998
8 11621508 rs79958330 0.98039
8 11621686 rs2686208 4.2151e-18
8 11621697 rs538816191 0.10177
8 11622001 rs2645453 1.2592000000000001e-23
8 11622028 rs7819431 0.5198
8 11622143 rs149350279 0.17245
8 11622219 rs573667199 0.36052
8 11622293 rs1004712 3.0636e-23
8 11622384 rs76465624 0.80818
8 11622401 rs28599812 0.23385
8 11622521 rs1965988 0.37225
8 11622735 rs778912991 0.92763
8 11622865 rs17153785 0.018876
8 11623212 rs10101195 4.8796e-19
8 11623236 rs17810889 2.2448e-25
8 11623350 rs112471664 0.52058
8 11623456 rs1466785 4.6002e-22
8 11623517 rs79713301 0.10725
8 11623668 rs181202291 0.0016253
8 11623729 rs145520839 0.0027784000000000003
8 11623878 rs145456707 0.73492
8 11623889 rs804279 0.87828
8 11624047 rs66651545 3.5842e-22
8 11624050 rs67123108 2.8158999999999994e-22
8 11624053 rs73207216 0.015624
8 11624056 rs73663007 0.81242
8 11624200 rs140999894 0.63835
8 11624413 rs804278 0.95315
8 11624416 rs34928882 0.89461
8 11624429 rs141431644 0.6406
8 11625008 rs804276 7.754e-23
8 11625187 rs804275 0.83334
8 11625205 rs804274 0.83909
8 11625214 rs56296279 0.9863200000000001
8 11625235 rs804273 2.1675e-17
8 11625245 rs804272 0.00022485
8 11625372 rs55865839 3.1735e-23
8 11625389 rs563331110 0.2344
8 11625611 rs62491484 1.4962e-08
8 11625622 rs144066577 0.39216999999999996
8 11625640 rs79820808 0.52618
8 11625801 rs73663008 0.26647
8 11625808 rs17754589 1.4183e-23
8 11625846 rs79578880 0.0085688
8 11625861 rs4841593 0.012694
8 11626127 rs189718812 0.047194
8 11626146 rs11774833 0.071701
8 11626312 rs8191510 0.6967899999999999
8 11626422 rs8191511 1.7957e-23
8 11626633 rs8191513 0.023971
8 11626859 rs57778585 0.9748700000000001
8 11626861 rs60150898 0.9932200000000001
8 11626876 rs113948051 0.0058956
8 11627049 rs7464968 0.61947
8 11627113 rs8191514 0.20574
8 11627153 rs112669874 0.56257
8 11627156 rs8191515 5.9983000000000005e-05
8 11627189 rs112189552 0.54672
8 11627214 rs804271 9.438899999999999e-23
8 11627232 rs8191516 0.65703
8 11627261 rs8191518 0.24042
8 11627454 rs3802168 0.53115
8 11627471 rs59191343 0.30025999999999997
8 11627587 rs8191521 0.64586
8 11627621 rs804270 6.5516e-26
8 11627643 rs8191522 0.12262999999999999
8 11628022 rs112912601 0.29485
8 11628129 rs904009 1.9476999999999999e-25
8 11628162 rs2010628 3.1219999999999995e-26
8 11628172 rs2010629 1.0183e-26
8 11628332 rs8191524 0.12184
8 11628375 rs2686211 2.5596999999999997e-28
8 11628456 rs8191526 0.35153
8 11628471 rs2740435 2.8074e-26
8 11628649 rs8191528 1.4007e-26
8 11628659 rs809202 7.4498e-27
8 11628726 rs8191529 7.5848e-05
8 11628759 rs8191530 0.019374000000000002
8 11629059 rs139439505 0.3248
8 11629070 rs35833462 0.33863000000000004
8 11629119 rs804269 8.576e-29
8 11629125 rs8191532 0.13901
8 11629129 rs804268 1.1867000000000002e-26
8 11629141 rs201995272 0.64135
8 11629241 rs804267 2.0802999999999998e-30
8 11629272 rs111977484 0.64337
8 11629365 rs8191533 0.078402
8 11629367 rs8191534 1.3089e-26
8 11629578 rs8191538 0.02052
8 11629637 rs1883016 1.9515000000000003e-26
8 11629699 rs8191540 0.63923
8 11629809 rs8191542 0.3068
8 11629810 rs8191543 0.64595
8 11629852 rs804266 2.8999e-26
8 11630060 rs8191544 0.73628
8 11630081 rs804265 4.7966e-26
8 11630153 rs140397604 0.71506
8 11630203 rs115931390 0.37226
8 11630412 rs8191547 0.015250999999999999
8 11630429 rs804264 1.8474e-26
8 11630437 rs111432915 0.32015
8 11630518 rs573956329 0.41438
8 11630859 rs8191551 0.42794
8 11630915 rs804263 4.7108999999999995e-26
8 11630916 rs73663009 0.2692
8 11631169 rs560906574 0.44897
8 11631177 rs8191553 0.51749
8 11631270 rs809201 0.06565700000000001
8 11631504 rs804262 4.076000000000001e-28
8 11631551 rs8191555 0.99924
8 11631562 rs804261 7.5465e-28
8 11631633 rs8191556 0.032320999999999996
8 11631731 rs8191557 0.8431700000000001
8 11631745 rs8191558 0.029748
8 11631780 rs8191560 0.029863999999999998
8 11631871 rs55877487 0.029169999999999998
8 11631906 rs804260 0.067506
8 11632032 rs4124646 0.02968
8 11632279 rs7013933 0.26252
8 11632355 rs8191571 0.29583000000000004
8 11632496 rs144490474 0.08616599999999999
8 11632528 rs1090107 1.4346e-30
8 11632581 rs8191573 0.70535
8 11632836 rs369799981 0.23126999999999998
8 11633188 rs7000800 1.0247999999999999e-24
8 11633310 rs8191579 0.015503
8 11633362 rs8191580 0.13864
8 11633396 rs188965505 0.98062
8 11633443 rs8191581 0.015519
8 11633538 rs8191584 0.0013686
8 11633546 rs8191585 0.015456000000000001
8 11633607 rs1961893 0.0039262
8 11633914 rs113115434 0.31675
8 11633964 rs804259 0.26098000000000005
8 11634064 rs8191588 0.32079
8 11634194 rs8191589 0.28936999999999996
8 11634249 rs112476451 0.34078
8 11634275 rs139026716 0.11779
8 11634302 rs8191590 0.84716
8 11634457 rs8191591 0.015638
8 11634504 rs8191592 0.83788
8 11634521 rs8191593 0.017172
8 11634599 rs8191594 0.8195600000000001
8 11634650 rs117621290 0.15675999999999998
8 11634740 rs111811133 0.81748
8 11634809 rs804258 1.6889999999999999e-21
8 11634818 rs75484116 0.26979000000000003
8 11634865 rs531777991 0.37885
8 11634894 rs187319763 0.45138
8 11634913 rs804257 0.30613
8 11635195 rs8191595 0.71953
8 11635367 rs8191596 0.55497
8 11635569 rs4840581 5.2868000000000006e-27
8 11635616 rs8191598 0.21197
8 11635766 rs8191599 0.64898
8 11635904 rs6993013 0.018218
8 11635927 rs4840582 0.077359
8 11635946 rs4840583 0.0072744
8 11636017 rs4840584 0.079833
8 11636183 rs8191600 0.50165
8 11636507 rs8191602 0.015365
8 11636602 rs111329973 0.30767
8 11636624 rs149516084 0.47963
8 11636734 rs8191603 0.1733
8 11636739 rs571427770 0.13163
8 11636740 rs113863755 0.32456999999999997
8 11636862 rs804256 2.7271000000000002e-17
8 11636870 rs804255 0.27762
8 11636884 rs8191604 2.9219000000000002e-27
8 11636902 rs8191605 0.088685
8 11636922 rs8191606 0.087476
8 11636933 rs8191607 0.090903
8 11636998 rs8191608 0.088255
8 11637002 rs8191609 0.019663999999999997
8 11637173 rs35400293 0.30134
8 11637275 rs8191612 0.45345
8 11637276 rs8191613 0.020586
8 11637643 rs8191614 0.01818
8 11637946 rs113440513 0.64548
8 11638244 rs6601606 0.015091
8 11638361 rs4840585 0.041179
8 11638735 rs187927669 0.36546
8 11638785 rs192490794 0.66214
8 11638812 rs188708399 0.67257
8 11638823 rs8191617 0.053124
8 11638878 rs1874546 1.8394e-08
8 11638985 rs1874545 0.3207
8 11638988 rs8191618 0.012464
8 11639188 rs8191620 0.0036747
8 11639228 rs577950219 0.88869
8 11639393 rs8191623 0.00085091
8 11639429 rs8191624 0.012968
8 11639606 rs8191625 0.062241
8 11639611 rs8191626 0.53662
8 11639718 rs8191628 0.14428
8 11639831 rs148008492 0.15436
8 11639896 rs8191631 0.4804
8 11639949 rs8191632 0.016117
8 11639991 rs8180912 2.7879000000000003e-11
8 11640018 rs111526253 0.15532
8 11640036 rs112313786 0.23465999999999998
8 11640182 rs8191634 0.016791999999999998
8 11640196 rs8191636 0.017467
8 11640276 rs2645451 0.32552
8 11640423 rs8191638 0.50702
8 11640491 8:11640491_A_T 0.35665
8 11640570 rs755413423 0.8862700000000001
8 11640611 rs8191639 0.26863000000000004
8 11640662 rs8191640 0.0065791
8 11640704 rs8191641 0.47097
8 11640784 rs8191642 9.6128e-26
8 11640853 rs112549959 0.54911
8 11641056 rs8191644 0.75631
8 11641165 rs768552702 0.0779
8 11641202 rs374235496 0.74878
8 11641236 rs8191647 0.47913999999999995
8 11641324 rs4143456 2.4333999999999998e-08
8 11641407 rs8191649 6.310399999999999e-26
8 11641508 rs193163077 0.00090811
8 11641737 rs8191651 0.9363299999999999
8 11641824 rs8191652 0.018106999999999998
8 11641871 rs6982453 6.301900000000001e-06
8 11641996 rs804294 0.39399
8 11642087 rs8191653 0.032369
8 11642545 rs809206 3.0476999999999997e-10
8 11642581 rs111877937 0.22916
8 11642644 rs8191658 0.62492
8 11642660 rs191321050 0.13015
8 11642715 rs8191659 0.00029808
8 11642870 rs804293 6.8905e-07
8 11643144 rs778445338 0.6433399999999999
8 11643293 rs8191662 0.37154
8 11643459 rs8191663 1.3950999999999999e-21
8 11643553 rs8191664 0.01165
8 11643696 rs139505292 0.14720999999999998
8 11643731 rs113110839 0.54255
8 11643803 rs1534862 6.8882e-22
8 11643915 rs804292 0.36491999999999997
8 11643972 rs6997097 2.0648e-09
8 11644012 rs181242603 0.2355
8 11644117 rs8191669 0.66875
8 11644273 rs8191671 0.53092
8 11644286 rs113456361 0.23066
8 11644647 rs2740438 0.034795
8 11644648 rs2740439 0.039213
8 11644689 rs8191674 0.55498
8 11644751 rs4639 3.3614000000000002e-21
8 11644821 rs1043180 0.00026382
8 11644997 rs113560132 0.18708
8 11645145 rs372401702 0.22576999999999997
8 11645160 rs8191676 0.06877799999999999
8 11645189 rs8191677 1.0212e-06
8 11645204 rs8191678 8.7401e-32
8 11645231 rs150351632 0.2311
8 11645557 rs8191682 0.6675800000000001
8 11645572 rs184321709 0.21041999999999997
8 11645909 rs8191685 0.6937399999999999
8 11645911 rs8191686 0.61936
8 11645923 rs111870861 0.22052
8 11645940 rs2740440 6.7064e-05
8 11646253 rs150640437 0.18372
8 11646262 rs2740441 1.8819e-09
8 11646265 rs149821313 0.077339
8 11646306 rs147961674 0.15771
8 11646330 rs4841596 1.0931e-05
8 11646331 rs116513362 0.074382
8 11646395 rs67631516 6.0056e-31
8 11646402 rs184016113 0.9471700000000001
8 11646406 rs117614588 0.078533
8 11646437 rs188504478 0.44378999999999996
8 11646465 rs563991087 0.5744199999999999
8 11646512 rs2645450 3.0396e-11
8 11646605 rs11783402 3.1458e-06
8 11646674 rs73545763 0.098367
8 11646765 rs115586008 0.72307
8 11646788 rs2645449 3.1862e-11
8 11646791 rs73207234 0.09560700000000001
8 11646834 rs883034 2.0257000000000002e-07
8 11646843 rs117533147 0.83141
8 11646914 rs112663073 0.18681
8 11646934 rs904015 1.8096e-31
8 11646995 rs114264997 0.28838
8 11647014 rs1883017 3.514e-11
8 11647152 rs2409829 0.95015
8 11647223 rs2257144 5.1887e-11
8 11647281 rs145551605 0.55891
8 11647389 rs71518536 2.374e-16
8 11647562 rs1883018 1.6221e-18
8 11647606 rs60729363 0.61806
8 11647665 rs111358481 1.5383000000000002e-06
8 11647941 rs2101914 0.0027446
8 11648041 rs73207235 0.10087
8 11648067 rs2088349 0.0028905000000000003
8 11648080 rs1883019 6.7374e-12
8 11648224 rs2088348 1.6862e-05
8 11648231 rs1883020 8.629999999999999e-31
8 11648371 rs67192594 6.2184e-05
8 11648408 rs10089013 0.64268
8 11648590 rs13258488 8.5517e-31
8 11648656 rs147497973 6.6597e-05
8 11648659 rs2740442 0.4444
8 11648722 rs2740443 3.7661e-05
8 11648726 rs2645448 5.0809e-12
8 11648789 rs2740444 3.4087000000000003e-20
8 11648874 rs2645447 4.6028999999999996e-05
8 11648907 rs41391349 6.1686e-05
8 11649069 rs2645446 1.8059e-07
8 11649101 rs2686183 1.8059e-07
8 11649359 rs2686184 1.6672999999999998e-07
8 11649392 rs2645445 7.382399999999999e-05
8 11649502 rs2740445 1.6328e-07
8 11649550 rs139053845 0.97608
8 11649875 rs144954640 0.69948
8 11650084 rs149051600 0.004651300000000001
8 11650200 rs73545766 0.72338
8 11650239 rs114877508 0.13455
8 11650321 rs113567822 8.354099999999999e-07
8 11650475 rs7001819 6.397799999999999e-34
8 11650608 rs9644753 6.3514e-05
8 11650709 rs73207237 0.064827
8 11650786 rs78566921 0.0104
8 11650843 rs57575026 0.71495
8 11650918 rs3824116 3.9495999999999996e-28
8 11651006 rs145591350 0.31284
8 11651106 rs138114841 0.44166000000000005
8 11651164 rs73545769 0.30904
8 11651217 rs138809879 0.77146
8 11651299 rs75224198 9.159899999999999e-07
8 11651387 rs3824115 7.0038e-05
8 11651495 rs11784676 0.043200999999999996
8 11651546 rs112622249 0.3498
8 11651547 rs73207238 0.076031
8 11651553 rs2645444 0.098245
8 11651609 rs184785436 0.6099899999999999
8 11651662 rs11250166 1.4175e-08
8 11651693 rs2645443 4.3667e-12
8 11651816 rs150497380 0.081523
8 11652181 rs7818491 0.38853000000000004
8 11652182 rs28615101 0.86019
8 11652219 rs28697995 0.9346
8 11652227 rs28481870 0.9371
8 11652322 rs183773257 0.66428
8 11652359 rs536131912 0.88407
8 11652553 rs565319425 0.608
8 11652612 rs7012664 0.0010750999999999998
8 11652669 rs140445965 0.7276600000000001
8 11652672 rs189987134 0.92956
8 11652739 rs147070209 0.9313
8 11652936 rs138381388 0.73158
8 11652962 rs144010716 0.68567
8 11653068 rs138946662 0.0063298
8 11653134 rs11987749 0.16339
8 11653154 rs67192535 6.6592e-22
8 11653188 rs188168546 0.13699
8 11653248 rs68166243 0.00075285
8 11653249 rs148618958 0.7076899999999999
8 11653282 rs7824481 0.21795
8 11653292 rs2686186 0.0028584
8 11653318 rs11997632 0.11635999999999999
8 11653334 rs7823420 4.6301e-05
8 11653413 rs139167376 0.49491
8 11653564 rs73663010 0.86014
8 11653580 rs189724479 0.60921
8 11653638 rs571883805 0.36758
8 11653671 rs7824015 0.28481
8 11653690 rs149758644 0.46924
8 11653705 rs2645439 0.42358
8 11653752 rs116686929 0.78703
8 11653821 rs73207239 0.081838
8 11653825 rs10503424 0.0059622
8 11653849 rs11787320 0.00051029
8 11653880 rs117800140 0.84229
8 11653904 rs55650299 0.070128
8 11653914 rs113051015 0.31938
8 11653916 rs28391704 0.86516
8 11654085 rs11780364 9.2046e-05
8 11654137 rs56303605 0.087535
8 11654148 rs76602811 0.46045
8 11654240 rs28380721 0.86567
8 11654260 rs543919870 0.69748
8 11654317 rs115455383 0.05705
8 11654364 rs116793363 0.67686
8 11654383 rs79661635 0.76151
8 11654384 rs2088346 1.4902e-25
8 11654439 rs142385536 0.011382
8 11654488 rs2088347 0.49938999999999995
8 11654716 rs75419265 0.35262
8 11654747 rs58313162 0.40099
8 11654796 rs2686187 2.6628999999999997e-28
8 11654839 rs79558745 0.013558
8 11654952 rs2686188 0.091547
8 11655022 rs73207245 0.10396
8 11655098 rs73207246 0.10085
8 11655124 rs58165005 0.47142
8 11655229 rs2686189 5.1237e-12
8 11655366 rs2645438 2.3953000000000003e-07
8 11655373 rs574520243 0.10085
8 11655379 rs541921779 0.13655
8 11655424 rs57793790 0.8191
8 11655577 rs2686190 3.5652e-21
8 11655588 rs73207248 0.21565
8 11655681 rs59389352 0.8145899999999999
8 11655827 rs11995135 2.4624e-09
8 11655837 rs58940199 3.2124e-05
8 11655911 rs60471430 3.402e-05
8 11656090 rs73545784 0.72325
8 11656134 rs142331622 0.49583
8 11656255 rs59699307 5.3457e-05
8 11656341 rs56187811 0.099752
8 11656357 rs11774161 0.00089771
8 11656483 rs2686194 5.8544e-13
8 11656576 rs55757177 0.10354000000000001
8 11656624 rs117853623 0.5020399999999999
8 11656743 rs55658394 0.1009
8 11656773 rs187332179 0.7964
8 11656844 rs73207250 0.07450599999999999
8 11656924 rs61004096 5.8753000000000005e-05
8 11656929 rs56078124 0.90875
8 11656938 rs7010927 0.033934
8 11656965 rs28827548 0.9373299999999999
8 11657012 rs116165123 0.60313
8 11657033 rs2645437 7.8754e-13
8 11657039 rs56043655 0.09194
8 11657083 rs142254499 0.48777
8 11657156 rs2686195 0.6290600000000001
8 11657182 rs2645436 0.62184
8 11657401 rs11250167 1.6816e-28
8 11657450 rs11986535 0.14024
8 11657610 rs55848834 0.09589
8 11657716 rs2645435 3.3418000000000003e-10
8 11657832 rs530050248 0.075026
8 11657838 rs13276352 8.901999999999998e-31
8 11657843 rs112904314 0.46125
8 11657873 rs117160301 0.018333000000000002
8 11657877 rs118059476 0.019281
8 11657896 rs111235618 0.5593600000000001
8 11657921 rs2645433 2.6735000000000002e-20
8 11658051 rs778189219 0.52508
8 11658131 rs2740449 3.8913e-24
8 11658313 rs28475740 0.1081
8 11658332 rs77512931 0.5372399999999999
8 11658420 rs186553601 0.76588
8 11658531 rs149772355 0.019880000000000002
8 11658633 rs10108820 0.30458
8 11658675 rs142893787 0.54396
8 11658800 rs536499744 0.3063
8 11658834 rs183290126 0.19188
8 11658997 rs567827388 0.50681
8 11659002 rs112056952 2.6577e-07
8 11659109 rs2645430 1.2647999999999999e-37
8 11659322 rs146885704 0.52181
8 11659451 rs187400157 0.0073495
8 11659512 rs117559475 0.8897299999999999
8 11659617 rs184961538 0.6676
8 11659675 rs17553545 0.8781100000000001
8 11659703 rs12056541 8.7766e-11
8 11659718 rs115962864 0.68982
8 11659892 rs17553559 0.8439700000000001
8 11659902 rs2686196 4.4528000000000005e-05
8 11659928 rs17524874 0.8623
8 11660051 rs2645429 6.0429e-26
8 11660078 rs17524888 0.8631200000000001
8 11660136 rs17524895 0.019273
8 11660168 rs113207154 2.8574e-07
8 11660362 rs1047643 5.783600000000001e-07
8 11660614 rs1497042 1.2194999999999998e-38
8 11660655 rs181523465 0.5161399999999999
8 11660685 rs186706679 0.59704
8 11660728 rs116651644 0.6541100000000001
8 11660764 rs2280922 1.8359e-10
8 11660850 rs141381802 0.27601
8 11660916 rs2252567 8.6206e-39
8 11661062 rs189550932 0.016217
8 11661076 rs115650225 0.37815
8 11661222 rs140063294 0.8909100000000001
8 11661467 rs12056593 0.67084
8 11661502 rs184974686 0.0050185
8 11661566 rs9650662 1.2465e-10
8 11661605 rs117224194 0.5664
8 11661730 rs76030580 1.5217e-07
8 11661920 rs2686197 1.0814e-25
8 11662018 rs568285079 0.5756899999999999
8 11662148 rs112167590 0.62558
8 11662156 rs143000746 0.69375
8 11662206 rs12542790 0.7804800000000001
8 11662325 rs2740451 2.5908e-28
8 11662376 rs12542836 0.9003399999999999
8 11662384 rs12542839 0.79442
8 11662462 8:11662462_G_T 0.064024
8 11662548 rs2686198 1.3832e-26
8 11662885 rs10098874 1.9197e-07
8 11663075 rs12543505 0.78813
8 11663099 rs78426726 0.0089205
8 11663287 rs55756391 1.3812999999999998e-07
8 11663394 rs1736091 8.737899999999999e-05
8 11663650 rs145037570 0.33959
8 11663763 rs80051943 1.4282e-06
8 11663768 rs145896022 0.12158
8 11664170 rs113853968 0.80475
8 11664288 rs116443801 0.5391
8 11664673 rs74632641 0.6192300000000001
8 11664738 rs1736060 7.9078e-39
8 11664864 rs144751515 0.6112
8 11664868 rs187598925 0.27338
8 11664895 rs2179011 9.824700000000003e-27
8 11664931 rs117522355 0.9902700000000001
8 11665176 rs761424955 0.21040999999999999
8 11665217 rs1736057 2.0447999999999998e-38
8 11665327 rs140911289 0.004007800000000001
8 11665334 rs112078933 0.8251
8 11665366 rs147530168 0.04456
8 11665512 rs116550570 0.53852
8 11665518 rs1736067 1.0767e-24
8 11665661 rs1032575 1.381e-38
8 11665704 rs1293301 1.5374999999999999e-31
8 11665805 rs1736070 8.1749e-28
8 11665859 rs141005971 0.98669
8 11665928 rs113733106 8.289499999999999e-07
8 11665959 rs1032577 1.4700999999999997e-38
8 11666071 rs181750463 0.007605
8 11666156 rs144913726 0.016703
8 11666158 rs138750911 0.4538
8 11666337 rs4731 0.0003018
8 11666384 rs11549151 0.30195
8 11666451 rs1616534 5.450899999999999e-37
8 11666654 rs112697889 0.97695
8 11666733 rs117435442 0.98767
8 11666758 rs112053152 0.9393799999999999
8 11666768 rs1619667 1.1459999999999999e-36
8 11666770 rs74968483 1.082e-06
8 11666791 rs7845951 0.00021884
8 11667044 rs147539608 0.5140100000000001
8 11667179 rs8417 3.7165e-13
8 11667373 rs140157472 0.06064
8 11667412 rs78146596 0.77962
8 11667496 rs1736093 6.378899999999999e-13
8 11667554 rs113772584 0.86884
8 11667681 rs184840410 0.23671
8 11667719 rs149917679 0.91165
8 11667723 rs117688375 0.99484
8 11667808 rs146447915 0.91746
8 11667895 rs2280942 0.9651200000000001
8 11668019 rs112161266 0.99039
8 11668097 rs181950228 0.0086902
8 11668107 rs112064036 0.8348700000000001
8 11668153 rs1534863 1.4044e-12
8 11668227 rs114944193 0.44855
8 11668277 rs74617014 0.44805
8 11668559 rs6993946 1.0349e-06
8 11668751 rs77123056 0.62958
8 11668767 rs1736108 8.2416e-13
8 11669083 8:11669083_C_G 0.42281
8 11669266 rs117087024 0.43845
8 11669364 rs183579036 0.018538
8 11669409 rs139104151 0.090804
8 11669440 rs1736115 7.3647e-13
8 11669597 rs374037159 0.22929000000000002
8 11669676 rs80040100 0.085905
8 11669746 rs118087891 0.99897
8 11669909 rs79392617 0.9978299999999999
8 11669933 rs538700082 0.5421600000000001
8 11670105 rs7009514 8.398100000000001e-07
8 11670115 rs568113770 0.16437000000000002
8 11670272 rs7013950 6.0949e-07
8 11670281 rs4841598 0.057513999999999996
8 11670290 rs116723439 0.6412899999999999
8 11670529 rs78522320 0.64307
8 11670658 rs111374888 0.47643
8 11670932 rs6991234 5.7637e-16
8 11671041 rs1736058 5.0451e-16
8 11671108 rs117873906 0.97191
8 11671117 rs147060296 0.5633699999999999
8 11671127 rs112955879 0.8838799999999999
8 11671141 rs141935490 0.60732
8 11671146 rs73547716 0.6996600000000001
8 11671208 rs773366720 0.69444
8 11671362 rs3779663 0.43746999999999997
8 11671466 rs56189101 0.42446999999999996
8 11671659 rs73547720 7.1373e-07
8 11671789 rs56373609 0.8285100000000001
8 11672028 rs28622563 0.66979
8 11672434 rs144630323 0.9651
8 11672481 rs7814619 0.96029
8 11672570 rs563468443 0.52461
8 11672623 rs145481194 0.92937
8 11672720 rs150001620 4.5979e-07
8 11672782 rs531003996 0.44896
8 11672899 rs7818952 4.789e-07
8 11672960 rs112060165 4.743e-07
8 11673033 rs7818816 1.7317999999999997e-07
8 11673055 rs57720356 4.4519e-07
8 11673388 rs60758961 0.72419
8 11673416 rs111711098 4.7408e-07
8 11673479 rs112333172 0.3359
8 11673503 rs115624506 0.58591
8 11673590 rs148662539 0.33987
8 11673601 rs117849877 0.3342
8 11673700 rs7823403 0.71343
8 11673958 rs28841679 0.73156
8 11673985 rs78709955 2.2273000000000002e-35
8 11673989 rs58161275 0.30535999999999996
8 11674072 rs554233310 0.004760100000000001
8 11674075 rs60817404 0.30233000000000004
8 11674077 rs28832388 0.7942100000000001
8 11674119 rs145837927 0.8264299999999999
8 11674137 rs7011491 1.1951e-07
8 11674264 rs28789776 0.7933600000000001
8 11674289 rs56686795 0.16835999999999998
8 11674291 rs148009554 0.93014
8 11674292 rs189542863 0.8698100000000001
8 11674301 rs57598819 0.28759
8 11674361 rs150535818 0.99665
8 11674472 rs138607629 0.99639
8 11674478 rs61585306 0.16741
8 11674541 rs530176813 0.29105
8 11674548 rs61610208 0.16601
8 11674793 rs6994126 5.7196e-08
8 11675011 rs139736418 3.5956e-05
8 11675028 rs191171924 0.94432
8 11675248 rs7002768 0.051438
8 11675304 rs144208819 0.76881
8 11675318 rs553962791 0.61292
8 11675363 rs79180062 0.050089
8 11675416 rs116597518 0.7247600000000001
8 11675445 rs55664726 0.27273000000000003
8 11675531 rs75793235 1.4831999999999998e-14
8 11675886 rs61691191 0.56099
8 11675900 rs141383936 0.25194
8 11676094 rs149027870 2.0618e-07
8 11676271 rs142817102 0.28168000000000004
8 11676358 rs555728320 0.041849000000000004
8 11676455 rs111405859 0.86285
8 11676468 rs190632438 0.0015444
8 11676519 rs7008523 1.8951e-07
8 11676592 rs4308694 0.026351999999999997
8 11676682 rs6984049 1.8905000000000002e-07
8 11676859 rs7005011 0.015352000000000001
8 11676964 rs7009163 3.5364000000000004e-07
8 11676994 rs6989363 3.3534e-07
8 11676996 rs7008990 3.6898e-07
8 11677110 rs4442098 1.4510999999999998e-07
8 11677217 rs181292686 0.67455
8 11677250 rs2898300 4.5438e-15
8 11677290 rs2409830 0.043945
8 11677305 rs2409831 1.295e-12
8 11677458 rs2409832 0.037282
8 11677472 rs2409833 0.016731
8 11677524 rs2409834 1.6812e-07
8 11677613 rs148265500 0.51139
8 11677640 rs141415150 0.21775999999999998
8 11677644 rs7839083 4.3993999999999994e-13
8 11677651 rs56365693 0.26558000000000004
8 11677702 rs533390570 0.0010004
8 11677774 rs56151220 0.30989
8 11677794 rs560329299 0.50753
8 11677803 rs146085494 0.49182
8 11677805 rs9644689 2.2601e-07
8 11677905 rs1293299 2.1256e-27
8 11677928 rs7821787 0.66657
8 11677980 rs115541408 0.74846
8 11678404 rs6601612 0.039734
8 11678447 rs145166451 0.96988
8 11678501 rs7015195 0.0041844
8 11678564 rs74757243 0.27583
8 11678668 rs7015547 0.0053739
8 11678926 rs185506041 0.91066
8 11678929 rs7015907 0.93168
8 11678933 rs190080348 0.15413
8 11679177 rs77559625 2.2750999999999998e-07
8 11679336 rs139354492 0.0035904000000000005
8 11679464 rs73663013 0.58345
8 11679472 rs71518538 0.00044176
8 11679531 rs73663014 0.46015
8 11679710 rs56693888 0.9218700000000001
8 11679783 rs34809309 2.7274e-07
8 11679793 rs73663015 0.45624
8 11679835 rs115019606 0.67309
8 11680007 rs1293300 1.2020999999999999e-06
8 11680117 rs114152703 0.70725
8 11680148 rs79170869 0.573
8 11680468 rs73547796 5.0671e-08
8 11680535 rs10097887 2.3498e-15
8 11680541 rs151207445 0.8331799999999999
8 11680719 rs116478238 0.94431
8 11680886 rs141242787 0.9484799999999999
8 11680982 rs144941865 0.006168
8 11681164 rs61690662 0.54457
8 11681203 rs112360282 0.9544299999999999
8 11681246 rs1692806 2.5503e-12
8 11681267 rs116286179 0.81826
8 11681340 rs112392263 0.90217
8 11681388 rs12543666 2.1181999999999997e-07
8 11681452 rs56130098 0.18752
8 11681465 rs112693927 0.42868
8 11681587 rs565146134 0.9139200000000001
8 11681615 rs77897185 0.31938
8 11681652 rs117188460 0.2906
8 11681725 rs558993427 0.27998
8 11681825 rs17756892 0.00011619
8 11681838 rs17149412 4.3189e-21
8 11681911 rs79660466 0.9042899999999999
8 11681993 rs73547802 0.99459
8 11682147 rs754533324 0.69885
8 11682168 rs576059819 0.94681
8 11682267 rs34015932 3.2701e-15
8 11682276 rs139459843 0.18838
8 11682306 rs190912300 0.5647300000000001
8 11682330 rs149699649 0.23676999999999998
8 11682418 rs111404831 2.3441999999999998e-07
8 11682446 rs188961353 0.62335
8 11682448 rs2686202 0.037537
8 11682476 rs2740591 1.5925999999999999e-15
8 11682477 rs570425283 0.90384
8 11682556 rs28441391 0.052636
8 11682566 rs2645427 1.4367e-15
8 11682670 rs17153891 0.85826
8 11682722 rs550854310 0.94711
8 11682771 rs2645426 0.0062981
8 11682772 rs144872921 0.36105
8 11682858 rs111808561 2.1487e-07
8 11682901 rs112315893 2.1896e-07
8 11683010 rs2686203 0.24583000000000002
8 11683144 rs73549709 0.71938
8 11683164 rs551648284 0.9775799999999999
8 11683330 rs143994470 0.98256
8 11683402 rs532360947 0.61679
8 11683622 rs2229247 0.10904000000000001
8 11683653 rs904011 0.24308000000000002
8 11683742 rs115409999 0.99951
8 11683818 rs2294136 1.3005999999999999e-16
8 11683874 rs74977236 0.9545
8 11684071 rs35383383 3.3739e-16
8 11684072 rs141133312 0.86921
8 11684141 rs1692800 0.19865
8 11684288 rs139151302 0.59533
8 11684403 rs962366 0.015803
8 11684463 rs2645424 0.026144999999999998
8 11684677 rs559435076 0.43331000000000003
8 11684721 rs80135711 1.2437000000000002e-07
8 11684787 rs74784024 1.0825999999999999e-07
8 11684922 rs118054987 0.81143
8 11684956 rs184562960 0.63255
8 11684974 rs145610585 0.59885
8 11685010 rs1123140 2.3556e-16
8 11685176 rs1736063 0.17494
8 11685178 rs115888200 0.34423000000000004
8 11685197 rs78351192 0.58733
8 11685320 rs1736064 0.24808000000000002
8 11685342 rs1692799 1.3342e-19
8 11685346 rs58181209 0.74215
8 11685380 rs148934360 0.35026
8 11685453 rs1736065 1.0369999999999999e-32
8 11685505 rs143630232 0.9882299999999999
8 11685536 rs2409835 2.3086e-16
8 11685549 rs142474421 0.57992
8 11685583 rs79973329 0.78535
8 11685591 rs28646165 0.38656
8 11685664 rs76573693 1.6634e-07
8 11685680 rs550840217 0.90181
8 11685729 rs189765608 0.15689
8 11685744 rs35787968 2.5351e-16
8 11685752 rs1692797 0.25076
8 11685765 rs111657290 0.34106
8 11685773 rs77933205 0.9828
8 11685925 rs533175254 0.9119700000000001
8 11685975 rs75266101 1.5037000000000002e-07
8 11685981 rs7009302 0.026823000000000003
8 11686089 rs10089520 2.5186e-08
8 11686306 rs73207292 0.00019832
8 11686413 rs10100571 0.80462
8 11686419 rs2686204 1.188e-19
8 11686420 rs183682745 0.8889100000000001
8 11686453 rs571306847 0.86861
8 11686466 rs7009969 0.39398
8 11686487 rs2645414 0.20635
8 11686509 rs188684153 0.50308
8 11686570 rs28575472 0.92806
8 11686757 rs118189720 0.46874
8 11686770 rs76572578 0.057978999999999996
8 11686835 rs1123141 2.0766e-20
8 11686905 rs150798353 0.43817
8 11686912 rs75722798 1.9439e-07
8 11686991 rs2645413 0.10277
8 11687034 rs73207295 0.00021606
8 11687054 rs75673635 0.10751
8 11687055 rs78947955 0.10655
8 11687060 rs541122604 0.43573999999999996
8 11687122 rs116030078 0.12636
8 11687123 rs58057768 0.9537100000000001
8 11687159 rs12676995 3.0131e-20
8 11687209 rs117979640 0.25355
8 11687308 rs17153899 0.6594800000000001
8 11687353 rs58625224 0.43787
8 11687354 rs547493632 0.44618
8 11687388 rs375859759 0.60544
8 11687393 rs185125386 0.69215
8 11687396 rs147894007 0.77605
8 11687484 rs570446814 0.1605
8 11687518 rs3779662 2.5278e-15
8 11687658 rs17153900 0.83909
8 11687683 rs148169644 0.5233899999999999
8 11687923 rs73207296 0.006782600000000001
8 11687938 rs1293313 0.43358
8 11687943 rs78698440 0.7689699999999999
8 11687959 rs2294137 4.2173e-16
8 11687998 rs17153904 0.0080555
8 11688076 rs77318013 0.36035
8 11688137 rs79569566 0.21743
8 11688148 rs4841600 2.7336e-50
8 11688304 rs73549728 1.2731e-07
8 11688335 rs74487295 0.73968
8 11688342 rs73549729 1.4946e-07
8 11688393 rs73549730 0.70031
8 11688485 rs1298295 1.7915e-11
8 11688607 rs73549732 0.6144
8 11688619 rs115347540 0.95839
8 11688676 rs73549733 0.72248
8 11688760 rs73549735 0.7588
8 11689119 rs9205 4.8392e-16
8 11689228 rs2409836 3.424e-51
8 11689695 rs564948925 0.27735
8 11689746 rs58192053 0.75047
8 11689791 rs117364124 0.37383
8 11690025 rs79121058 1.0696e-07
8 11690092 rs9886380 0.39663000000000004
8 11690106 rs1293314 0.60609
8 11690126 rs112550964 0.46286000000000005
8 11690130 rs113331840 0.46331000000000006
8 11690170 rs76237518 0.07403799999999999
8 11690234 rs73663016 0.48455
8 11690403 rs57725348 1.1177999999999999e-07
8 11690422 rs1293315 0.023527
8 11690428 rs113718933 0.5266
8 11690519 rs59018266 0.65025
8 11690534 rs73663017 0.9716
8 11690557 rs78812788 0.12925999999999999
8 11690870 rs77440795 0.095912
8 11690915 rs1293316 1.1845e-32
8 11691013 rs73663018 0.92689
8 11691026 rs73207298 0.0005826000000000001
8 11691142 rs11250168 3.3992e-13
8 11691145 rs73207299 1.2664e-08
8 11691203 rs76144878 0.8944799999999999
8 11691310 rs1293318 7.796e-06
8 11691330 rs1293319 0.26288
8 11691375 rs10091427 0.16262000000000001
8 11691393 rs61452742 0.051940999999999994
8 11691625 rs117231773 0.056513
8 11691939 rs1293320 5.0909000000000004e-20
8 11692128 rs17757392 1.4304e-19
8 11692294 rs762365322 0.5094
8 11692407 rs112097393 1.255e-07
8 11692481 rs7817408 0.84335
8 11692569 rs3779660 3.8956e-21
8 11692579 rs112209617 0.85798
8 11692638 rs1293322 2.2416999999999998e-32
8 11692666 rs10099327 0.9194100000000001
8 11692831 rs60818040 0.86784
8 11692841 rs3735810 1.038e-13
8 11692854 rs6601615 0.7316600000000001
8 11692922 rs13282158 0.0017622
8 11693048 rs3735809 0.048068
8 11693179 rs78453221 0.86872
8 11693224 rs76084838 0.6399600000000001
8 11693378 rs6990033 2.2067e-32
8 11693379 rs112635336 0.036812
8 11693406 rs1138666 1.0648e-07
8 11693439 rs2645454 0.34919
8 11693455 rs114226132 0.3952
8 11693577 rs1293325 1.2571e-32
8 11693770 rs114978908 0.92015
8 11693842 rs575830413 0.63355
8 11693919 rs58631438 1.7301e-21
8 11694299 rs62495674 0.00035583
8 11694604 rs6995787 7.2593e-15
8 11694641 rs58922796 0.8851100000000001
8 11694650 rs1296025 1.0722999999999999e-17
8 11694718 rs78788327 0.45072
8 11694765 rs1293326 1.1153999999999999e-32
8 11694920 rs34208771 0.00051844
8 11694972 rs114639990 0.71731
8 11694986 rs1293327 2.7609e-32
8 11695035 rs753384452 0.68474
8 11695060 rs1293328 1.1061e-32
8 11695161 rs148053641 0.44793999999999995
8 11695412 rs73543159 0.67791
8 11695539 rs142066591 0.88594
8 11695555 rs114773639 0.69258
8 11695619 rs7832214 0.38314000000000004
8 11695633 rs7832215 0.6290399999999999
8 11695731 rs55774923 0.81906
8 11695735 rs62495675 0.13842000000000002
8 11695872 rs10903343 7.7035e-52
8 11696061 rs10089896 0.64272
8 11696267 rs112683830 0.44828999999999997
8 11696322 rs754492789 0.58182
8 11696339 rs112278798 0.7379
8 11696352 rs3258 9.620299999999998e-21
8 11696394 rs3189016 0.78385
8 11696407 rs73209010 0.007379800000000001
8 11696440 rs10091118 0.61436
8 11696492 rs8944 3.7644e-15
8 11696533 rs141358091 0.15084
8 11696677 rs2446 0.9864
8 11696743 rs565256339 0.0022161
8 11696923 rs149123953 0.46792
8 11696993 rs112884456 0.67152
8 11697433 rs76705919 0.6156
8 11697442 rs1296026 6.8905e-33
8 11697452 rs12675819 9.553699999999999e-24
8 11697503 rs79492768 1.2257e-07
8 11697538 rs73543162 0.8896799999999999
8 11697561 rs1296027 0.067234
8 11697621 rs115016440 0.4124
8 11697643 rs557940071 0.29944
8 11697735 rs73209013 4.3666e-06
8 11697773 rs182282576 0.045322
8 11697844 rs73543167 0.73185
8 11697878 rs529384588 0.79101
8 11697975 rs144176129 0.00020751
8 11698204 rs1293329 0.076491
8 11698293 rs58690636 0.43293999999999994
8 11698337 rs1293330 0.22935999999999998
8 11698436 rs1293331 2.1428999999999998e-32
8 11698464 rs61394300 0.66906
8 11698568 rs543274911 0.61273
8 11698747 rs1296028 2.9059e-32
8 11698790 rs73209014 1.9781e-06
8 11698805 rs150990707 0.65188
8 11698815 rs544070664 0.65188
8 11698816 rs565437222 0.7308600000000001
8 11698828 rs112799823 0.72036
8 11699247 rs10102799 0.64646
8 11699279 rs4631423 1.1761e-14
8 11699408 rs11250169 8.5329e-07
8 11699424 rs1692823 0.5200100000000001
8 11699571 rs111815102 7.978699999999999e-07
8 11699600 rs188788517 0.27992
8 11699632 rs1613883 8.2161e-33
8 11699667 rs78763986 0.051448
8 11699687 rs116789205 0.21804
8 11699707 rs1692822 0.12362000000000001
8 11699730 rs4841601 1.3872e-19
8 11699910 rs116097524 0.30778
8 11699936 rs768191480 0.28395
8 11699947 rs73543173 0.21649000000000002
8 11699988 rs1692821 1.1516999999999998e-34
8 11699989 rs112086464 0.95962
8 11700101 rs6731 1.8834e-21
8 11700214 rs766205397 0.71453
8 11700215 rs142704150 0.9169799999999999
8 11700393 rs542101271 0.5333399999999999
8 11700507 rs113608066 7.0882e-06
8 11700527 rs186126038 0.31048000000000003
8 11700542 rs190531764 0.066112
8 11700705 rs148669985 0.046055
8 11700727 rs1142957 1.5450999999999998e-19
8 11700745 rs1736077 0.12237
8 11700805 rs28702827 0.94726
8 11700828 rs73663020 0.68714
8 11700896 rs77145771 0.027242000000000002
8 11700967 rs73209015 3.9876e-09
8 11700979 rs77301081 0.7731399999999999
8 11701096 rs8005 8.930699999999999e-35
8 11701160 rs59270740 0.47957
8 11701198 rs12898 1.76e-20
8 11701251 rs191935335 0.26100999999999996
8 11701253 rs2740592 3.7596999999999995e-33
8 11701278 rs2645425 8.0449e-33
8 11701294 rs140927391 0.2041
8 11701330 rs11786618 6.5156e-20
8 11701476 rs138778768 0.64257
8 11701602 rs1065714 0.41061000000000003
8 11701720 rs761257261 0.26239
8 11701815 rs530593275 0.70068
8 11701842 rs1736078 0.33083
8 11701933 rs4839 1.9149e-33
8 11702006 rs9009 2.6771e-35
8 11702122 rs1065712 0.019655000000000002
8 11702153 rs117403292 0.02136
8 11702180 rs13361 0.8700100000000001
8 11702204 rs6730 0.77158
8 11702239 rs4987129 0.6094
8 11702277 rs3088244 2.6273000000000002e-06
8 11702286 rs1803249 0.30025
8 11702313 rs709822 1.5792999999999997e-35
8 11702375 rs3947 2.3494999999999997e-33
8 11702441 rs3088245 0.047391
8 11702542 rs8898 6.113e-20
8 11702594 rs709821 7.5138e-33
8 11702767 rs142249463 0.037656
8 11702835 rs28460683 0.7640899999999999
8 11702840 rs1736081 3.9821999999999996e-33
8 11702878 rs140521029 0.64176
8 11703002 rs10107851 0.056671000000000006
8 11703033 rs114619491 0.35512
8 11703048 rs1692811 2.8453e-33
8 11703243 rs146909557 0.33026
8 11703420 rs1736082 4.7261e-33
8 11703497 rs1736083 3.1623e-33
8 11703523 rs1692812 3.865e-33
8 11703593 rs56270739 0.22738000000000003
8 11703644 rs62495681 0.017679
8 11703652 rs6601616 2.5413e-13
8 11703657 rs1736084 3.4893e-33
8 11703659 rs1736085 8.615599999999999e-33
8 11703820 rs28584056 0.2258
8 11703852 rs7017233 0.60678
8 11703960 rs73663021 0.41953
8 11703969 rs73663022 0.43293999999999994
8 11704112 rs548601218 0.59527
8 11704238 rs191156018 0.53457
8 11704256 rs141526573 0.33325
8 11704296 rs1692813 1.8547e-32
8 11704298 rs1692814 1.7235e-32
8 11704350 rs1692815 2.7131e-19
8 11704457 rs1692816 3.1671e-19
8 11704617 rs114308907 0.37365
8 11704650 rs17573 0.62669
8 11704655 rs115207582 0.6591100000000001
8 11704707 rs147685738 0.0012075
8 11704719 rs1692817 3.3315e-33
8 11704878 rs1692818 6.2555e-19
8 11704897 rs1736086 3.1038000000000004e-33
8 11705021 rs115274513 0.7357899999999999
8 11705139 rs2294138 0.0048277
8 11705160 rs192534545 0.8778100000000001
8 11705161 rs201709750 0.70957
8 11705282 rs2230070 0.50772
8 11705342 rs1736088 4.6666e-16
8 11705421 rs77133856 0.11055
8 11705442 rs2294139 0.0042216
8 11705448 rs1692819 1.7476e-33
8 11705677 rs2294140 0.028098
8 11705749 rs184984835 0.3003
8 11705779 rs114687032 0.47827
8 11705870 rs1736089 3.2379000000000004e-30
8 11705884 rs113628575 0.029698000000000002
8 11706151 rs116738904 0.71053
8 11706155 rs114551030 0.71053
8 11706159 rs377709174 0.4163
8 11706229 rs1736090 9.0472e-17
8 11706397 rs115776626 0.24266999999999997
8 11706418 rs149797657 0.076114
8 11706513 rs28592650 5.1905e-11
8 11706560 rs1137069 0.32909
8 11706812 rs55820571 0.30916
8 11706834 rs35581201 0.030749000000000002
8 11706856 rs13280858 5.163300000000001e-18
8 11706906 rs13254438 8.7473e-18
8 11706907 rs148977198 0.068115
8 11706937 rs13278902 8.7994e-18
8 11707027 rs2740593 1.522e-14
8 11707089 rs535622448 0.72848
8 11707174 rs2740594 2.9031999999999994e-31
8 11707272 rs146628196 0.051664
8 11707293 rs140237205 0.34531
8 11707332 rs186885924 0.2919
8 11707530 rs62495696 0.0011386
8 11707531 rs115154590 0.089305
8 11707556 rs74639061 0.067969
8 11707589 rs2645420 1.1388e-17
8 11707658 rs116858126 1.6349000000000002e-05
8 11707688 rs142507928 0.66443
8 11707792 rs28689832 0.29949000000000003
8 11707800 rs2645419 5.8369e-19
8 11707816 rs144610577 0.33712
8 11707822 rs139721746 0.34803
8 11707883 rs193198251 0.72467
8 11708216 rs73551254 0.5755100000000001
8 11708355 rs2272766 0.00089734
8 11708365 rs116738069 0.71285
8 11708421 rs148117767 0.33893
8 11708430 rs11548596 0.4888
8 11708609 rs11985225 0.54085
8 11708715 rs28577034 0.00043007
8 11708800 rs2645417 2.1488999999999998e-31
8 11708830 rs2740595 1.1397e-31
8 11708946 rs150023964 0.87097
8 11709007 rs62495697 0.00024469
8 11709055 rs528123231 0.9806
8 11709181 rs544253754 0.30635999999999997
8 11709253 rs568322840 0.09057899999999999
8 11709304 rs149029740 0.60109
8 11709316 rs1961986 0.00024298
8 11709320 rs148207375 0.29112
8 11709671 rs28412889 0.5103300000000001
8 11709804 rs3779659 0.02567
8 11709834 rs112616372 0.15813
8 11709886 rs185876175 0.51678
8 11709899 rs76106252 0.054237
8 11709957 rs1293290 5.2248999999999996e-33
8 11710174 rs1803250 7.2597e-06
8 11710301 rs1293291 9.5858e-14
8 11710369 rs1293292 1.5864e-33
8 11710396 rs79698974 0.052150999999999996
8 11710548 rs28564794 0.49412
8 11710556 rs74936424 0.006885
8 11710629 rs1122182 1.2520999999999998e-33
8 11710703 rs1293294 5.082e-06
8 11710888 rs12338 0.00044286
8 11710974 rs1137063 5.8136999999999996e-05
8 11710985 rs144735294 0.7873100000000001
8 11711059 rs2272767 7.0313e-05
8 11711149 rs1293295 6.966499999999999e-34
8 11711153 rs142867128 0.1173
8 11711157 rs1293296 7.0736e-34
8 11711237 rs58164566 5.098399999999999e-06
8 11711473 rs1293297 3.0148000000000003e-19
8 11711516 rs78631783 0.69071
8 11711664 rs62495698 0.49525
8 11711717 rs76215930 0.62005
8 11712279 rs185877525 0.17898
8 11712302 rs6998335 0.64284
8 11712331 rs115569738 0.49886
8 11712394 rs78174313 0.058696000000000005
8 11712425 rs114297510 0.17889000000000002
8 11712443 rs1293298 1.1099e-30
8 11712555 rs117700846 1.5819999999999998e-06
8 11712639 rs1736103 2.483e-31
8 11712856 rs28525320 0.11905999999999999
8 11713158 rs17814360 9.124799999999999e-07
8 11713309 rs143750891 0.046005000000000004
8 11713345 rs374747046 0.62689
8 11713474 rs73551266 0.070797
8 11713735 rs116392987 0.77373
8 11713852 rs17154027 0.00011558
8 11714041 rs151150212 0.051894
8 11714305 rs17814426 0.11037999999999999
8 11714405 rs115599693 0.2403
8 11714423 rs73209040 1.0043999999999999e-10
8 11714461 rs115148974 0.037491000000000003
8 11714557 rs145147919 0.060853
8 11714608 rs28651155 0.06401
8 11714698 rs79326726 8.9416e-06
8 11714787 rs113496738 0.68735
8 11714941 rs73209041 2.2533e-10
8 11714949 rs76481141 0.50353
8 11714978 rs76893470 0.050743
8 11715016 rs75462915 0.052365999999999996
8 11715083 rs148915739 0.045096
8 11715100 rs9644756 0.00022107
8 11715412 rs6996115 0.58114
8 11715710 rs148096757 0.004746500000000001
8 11715758 rs114107564 0.34195
8 11715960 rs180829639 0.6919
8 11716059 rs111503285 0.42975
8 11716167 rs114646075 0.44273
8 11716188 rs76695379 0.034774
8 11716236 rs115204343 0.25206999999999996
8 11716409 rs114389027 0.24835
8 11716437 rs115516264 0.24755
8 11716461 rs555786726 0.66375
8 11716473 rs6980952 0.00015248
8 11716588 rs73534703 0.046707
8 11716629 rs116492880 0.24933000000000002
8 11716640 rs6981167 0.8261200000000001
8 11716803 rs76881915 0.93748
8 11716837 rs562328829 0.90256
8 11716943 rs73209042 6.7898e-10
8 11717014 rs113463283 0.49701000000000006
8 11717185 rs144303659 0.29865
8 11717208 rs151203430 0.3876
8 11717228 rs113849768 0.71612
8 11717653 rs12334665 0.52847
8 11717712 rs118077488 0.9364600000000001
8 11717828 rs188051086 0.85335
8 11717843 rs73534705 0.56191
8 11717993 rs138810156 0.79577
8 11718404 rs376817360 0.67795
8 11718528 rs1293288 0.0036733000000000004
8 11719053 rs777230683 0.075412
8 11719067 rs1874547 0.23109000000000002
8 11719305 rs556085157 0.90105
8 11719344 rs73534706 0.60512
8 11719425 rs10217075 0.71397
8 11719469 rs545148401 0.43678999999999996
8 11719487 rs2142470 0.00058143
8 11719517 rs542341623 0.23164
8 11719579 rs565718680 0.64383
8 11719805 rs115009104 0.8213799999999999
8 11719836 rs114143730 0.30557
8 11720227 rs1293303 0.26065
8 11720246 rs531930072 0.64771
8 11720466 rs143345827 0.029077999999999996
8 11720545 rs1293304 0.00075707
8 11720785 rs150746791 0.023668
8 11721080 rs1293306 0.00012148
8 11721282 rs78811180 0.42573999999999995
8 11721315 rs73534709 0.027989999999999998
8 11721438 rs146747164 0.025214
8 11721498 rs73534712 0.44606
8 11721925 rs116026323 0.84675
8 11722046 rs2645415 0.00012105
8 11722090 rs188979037 0.098329
8 11722115 rs10095016 0.92422
8 11722125 rs1299525 0.9816600000000001
8 11722283 rs532236011 0.25722
8 11722300 rs147120460 0.68482
8 11722355 rs1296022 3.4776e-06
8 11722757 rs141699757 0.8335
8 11722806 rs145958781 0.13914
8 11722835 rs139929933 0.9217799999999999
8 11722877 rs113448138 0.022483000000000003
8 11722895 rs146275847 0.027202999999999998
8 11722919 rs139221783 0.39597
8 11722927 rs149956831 0.8341799999999999
8 11723158 rs190697171 0.098998
8 11723216 rs10099874 0.8636
8 11723423 rs1293308 1.4917e-07
8 11723633 rs74579126 0.46753
8 11723765 rs78221966 0.014052
8 11723775 rs1293309 1.1203e-09
8 11723892 rs147717950 0.41705
8 11723932 rs115091073 0.44719
8 11723936 rs141111503 0.0066722
8 11724138 rs61635988 0.009832700000000002
8 11724164 rs184550690 0.24563000000000001
8 11724189 rs150266502 0.80952
8 11724222 rs137920404 0.30954
8 11724626 rs7826216 0.34483
8 11724742 rs558926696 0.47025
8 11724878 rs551226449 0.22714
8 11724927 rs7827662 0.0074128
8 11725051 rs141806376 0.0063652
8 11725066 rs186432888 0.6463399999999999
8 11725155 rs73663035 0.3352
8 11725166 rs115920269 0.52879
8 11725307 rs139692427 0.30883
8 11725388 rs1293311 3.8868e-10
8 11725419 rs147906816 0.0039146
8 11725425 rs140012482 0.004831899999999999
8 11725447 8:11725447_C_T 0.7810199999999999
8 11725457 rs28459037 0.84872
8 11725756 rs544927441 0.23041
8 11725844 rs1293312 3.0759e-05
8 11725913 rs113125380 0.47117
8 11725914 rs377525142 0.8377600000000001
8 11726332 rs62495701 0.2465
8 11726670 rs151319073 0.47563999999999995
8 11726817 rs1296023 4.1881e-10
8 11726978 rs183401158 0.9620299999999999
8 11726998 rs138517043 0.49222
8 11727035 rs28699010 0.87879
8 11727054 rs141688967 0.73346
8 11727234 rs75535576 0.34625
8 11727288 rs145336151 0.78527
8 11727419 rs80057996 0.50027
8 11727566 rs74672754 0.0040259
8 11727568 rs75561686 0.0035402000000000003
8 11727740 rs144164814 0.0037816000000000004
8 11727762 rs148680916 0.12038
8 11727815 rs189209810 0.7631899999999999
8 11727944 rs550283167 0.23231
8 11728069 rs1297511 0.00012009999999999998
8 11728249 rs73663036 0.8923200000000001
8 11728426 rs7845259 0.28936999999999996
8 11728591 rs139906346 0.83567
8 11728641 rs75258061 0.9403600000000001
8 11728767 rs78826608 0.048105
8 11728832 rs115211444 0.0038693000000000004
8 11728862 rs191986876 0.75084
8 11728951 rs2740596 0.0001111
8 11729011 rs114996955 0.15307
8 11729422 rs4841602 2.7830000000000003e-06
8 11729449 rs55865186 0.86806
8 11729487 rs78337643 0.0028937
8 11730027 rs57498265 0.17435
8 11730092 rs73663037 0.44783999999999996
8 11730094 rs1692804 0.00013049
8 11730365 rs28694502 0.74757
8 11730586 rs76111443 3.8836e-06
8 11730750 rs73546750 0.19346
8 11731011 rs1736117 7.137499999999999e-10
8 11731065 rs763051617 0.69748
8 11731779 8:11731779_T_G 0.64584
8 11731996 rs73546751 0.0030531
8 11732081 rs79474372 0.20876
8 11732318 rs1736118 4.289899999999999e-11
8 11732454 rs62495702 1.0626e-05
8 11732603 rs1736119 1.2575e-10
8 11732654 rs1736120 7.912100000000002e-11
8 11732675 rs1692803 8.2985e-11
8 11732726 rs1692802 0.3039
8 11733069 rs2645412 9.6301e-11
8 11733078 rs2740600 9.860799999999999e-11
8 11733157 rs138840054 0.0020644
8 11733165 rs2740601 9.450399999999999e-11
8 11733609 rs532294189 0.9213899999999999
8 11733667 rs7844154 8.642399999999999e-11
8 11733682 rs113572535 0.011015
8 11733747 rs7828791 9.703e-11
8 11733929 rs564711614 0.7135199999999999
8 11733942 rs138175855 0.43485
8 11734178 rs3116070 9.309100000000001e-11
8 11734206 rs117489715 0.010787
8 11734248 rs3104255 8.5836e-11
8 11734292 rs3116071 4.5048e-11
8 11734308 rs558465909 0.71321
8 11734334 rs79677058 0.3702
8 11734618 rs1619003 8.619799999999999e-11
8 11734701 rs1619200 1.0803e-10
8 11734719 rs557161402 0.52163
8 11734875 rs1620833 1.2602e-10
8 11735088 rs1622599 0.30012
8 11735096 rs2008137 0.53071
8 11735184 rs2250903 1.0862999999999999e-10
8 11735224 rs876920 0.51899
8 11735226 rs1624088 1.1993e-10
8 11735303 rs1736121 1.5894e-10
8 11735315 rs904016 1.8215e-10
8 11735631 rs1692807 1.2702e-10
8 11735641 rs904017 1.2326e-10
8 11735683 rs116865667 0.7659
8 11735684 rs753320719 0.56893
8 11735939 rs880632 3.4082e-16
8 11736030 rs1692808 1.5481e-10
8 11736582 rs75311297 5.4021e-05
8 11736645 rs1692809 0.0057047
8 11736666 rs1692810 0.071026
8 11736858 rs78700274 4.5277000000000003e-20
8 11736872 rs145713416 0.5534899999999999
8 11736920 rs2740602 1.2918000000000001e-10
8 11737024 rs74353793 8.871799999999999e-17
8 11737597 rs76120569 2.4182e-14
8 11737891 rs1736124 0.0096148
8 11738559 rs78665641 0.011431
8 11738594 rs75586490 8.8729e-17
8 11738668 rs540758003 0.74342
8 11738794 rs112035049 0.014958
8 11738877 rs190925488 0.17549
8 11738937 rs11988405 3.5448000000000003e-14
8 11738960 rs2472430 1.1620999999999999e-10
8 11739207 rs112775767 0.015381
8 11739214 rs2645411 0.0085139
8 11739370 rs540761330 0.18024
8 11739388 rs148932551 0.8694
8 11739398 rs2645410 0.1109
8 11739489 rs117292573 0.033239
8 11740129 rs2645409 0.009625299999999998
8 11740508 rs181124036 0.7305
8 11740727 rs11990336 1.298e-16
8 11740886 rs11997338 7.121e-20
8 11740999 rs28592224 1.0141e-19
8 11741056 rs74678701 3.2818000000000005e-17
8 11741078 rs117707019 0.66325
8 11741357 rs1296352 0.44441
8 11741409 rs10096372 0.82994
8 11741987 rs181789320 0.6178899999999999
8 11742240 rs1293282 0.16115
8 11742324 rs543419614 0.72539
8 11742404 rs116303592 0.16163
8 11742429 rs76859319 0.00087261
8 11742445 rs1293283 0.020583
8 11742533 rs966785 1.2075999999999998e-11
8 11742545 rs114464096 0.15577
8 11742582 rs966786 2.7719999999999996e-11
8 11742651 rs148951542 0.6565300000000001
8 11742769 rs966787 2.1602999999999998e-11
8 11743049 rs11996898 8.9211e-20
8 11743064 rs78699995 0.0010705
8 11743251 rs144139483 0.63645
8 11743357 8:11743357_G_C 0.70991
8 11743561 rs74581440 0.01085
8 11743700 rs75701827 8.379200000000001e-20
8 11743765 rs73546771 6.1656e-19
8 11743803 rs10093052 0.55532
8 11743806 8:11743806_G_A 0.57017
8 11744116 rs73546773 1.5400000000000001e-16
8 11744219 rs1692791 2.1991e-11
8 11744640 8:11744640_G_C 0.5866
8 11744715 rs60409649 0.8735
8 11744732 rs181377081 0.8814799999999999
8 11744742 rs77423828 6.5682e-20
8 11745171 rs62495704 2.1619000000000003e-08
8 11745291 rs11993679 2.0152e-12
8 11745343 rs77229817 9.8006e-20
8 11745625 rs192310659 0.36291999999999996
8 11745786 rs142489033 0.8197399999999999
8 11745820 rs1630828 0.34819
8 11745862 rs1630950 0.00085744
8 11745965 rs532495657 0.0060923
8 11746358 rs2645408 4.6929e-09
8 11746370 rs2645407 3.5932e-05
8 11746372 rs78867821 1.6956e-08
8 11746494 rs76873576 0.65795
8 11746601 rs2645406 6.6316e-07
8 11746781 rs142528109 0.76363
8 11747171 rs118105989 0.016023
8 11747232 rs7818169 1.8529e-16
8 11747540 rs1692795 0.049736
8 11747554 rs1736128 0.048588
8 11747557 rs1692794 0.050128
8 11747653 rs1692792 0.043481
8 11747841 rs28735487 0.97141
8 11747853 rs76620842 0.5332899999999999
8 11747858 rs2645405 3.9942e-08
8 11747868 rs2645404 7.0532e-08
8 11747919 rs2645403 0.044405
8 11748038 rs35043734 1.5246e-16
8 11748230 rs746140864 0.37318
8 11748314 rs1736129 0.042843
8 11748334 rs114794226 0.4273
8 11748591 rs61592818 1.3698e-06
8 11748623 rs1736130 0.032108
8 11748637 rs115283801 0.18188
8 11748645 rs1692793 0.032338
8 11749242 rs55894533 2.2328000000000002e-07
8 11749271 rs55933859 1.2694e-07
8 11749447 rs13264683 0.040458
8 11749505 rs11786661 0.037101999999999996
8 11749542 rs553739164 0.55984
8 11749560 rs11786686 0.040715
8 11749630 rs11775368 0.042147000000000004
8 11749793 rs6984214 0.042423
8 11749867 rs187207828 0.11185
8 11749873 rs7018290 0.039077
8 11750124 rs61198382 0.50598
8 11750239 rs11783313 0.040179
8 11750527 rs55926829 1.6797e-16
8 11750537 rs56338466 0.8438700000000001
8 11750562 rs58529901 0.56506
8 11750649 rs11984506 5.848e-08
8 11750655 rs13255792 0.030139999999999997
8 11750685 rs56132024 0.039136000000000004
8 11750997 8:11750997_A_C 0.7809
8 11751018 rs62493564 1.3908e-07
8 11751096 rs10099282 0.035884
8 11751242 rs113061416 0.27699
8 11751367 rs11774140 0.039836
8 11751693 rs13265724 0.029692000000000003
8 11751855 rs66742107 9.027299999999999e-17
8 11752010 rs11778074 0.031812
8 11752021 rs35403894 9.4053e-17
8 11752246 rs116772481 0.19182000000000002
8 11752459 rs750496248 0.4579
8 11752652 rs10094076 4.6827e-08
8 11753232 rs7014308 6.2304e-08
8 11753430 rs10108499 0.9063399999999999
8 11753762 rs572568964 0.42772
8 11754211 rs11787152 6.9098e-09
8 11754289 rs73663042 0.00042552
8 11754523 rs7016116 7.6026e-06
8 11755055 rs1908814 5.5064e-49
8 11755190 rs73546792 0.18217
8 11755513 rs9644757 4.0616999999999996e-19
8 11755599 rs7831946 1.6485999999999998e-05
8 11755804 rs7819276 2.2726e-27
8 11755832 rs140818325 0.34758
8 11755927 rs77531698 0.56638
8 11756384 rs13279379 1.0054e-32
8 11756456 rs146203686 0.56183
8 11756600 rs4841605 1.3783e-32
8 11756603 rs4841606 1.7985e-32
8 11757353 rs61141262 0.87574
8 11757383 rs4841607 0.00047241
8 11757470 rs56016764 9.522e-07
8 11757766 rs28378644 6.852600000000001e-11
