CHR BP SNP P
10 16848831 rs2488348 1.4455e-14
10 16848864 rs12243703 1.0970999999999998e-17
10 16848901 rs2488347 5.6376000000000006e-39
10 16848997 rs11254205 1.0998999999999999e-14
10 16849021 rs67307755 1.0931e-14
10 16849048 rs67042207 1.3576e-14
10 16849430 rs66491181 7.4434e-18
10 16849464 rs76747421 0.32250999999999996
10 16849602 rs566843300 0.9456100000000001
10 16849659 rs11254206 0.0026151
10 16849732 rs17139234 1.1581e-17
10 16849775 rs11254207 1.3416999999999998e-06
10 16849797 rs11254208 1.3494e-06
10 16849879 rs187151365 0.025641000000000004
10 16850075 rs117025106 1.0745999999999998e-06
10 16850214 rs7923189 2.5018e-24
10 16850344 rs12269366 1.614e-17
10 16850415 rs145255050 0.5718300000000001
10 16850436 rs111624061 0.17934
10 16850519 rs189019676 0.16999
10 16850536 rs1671308 8.145399999999999e-15
10 16850729 rs11254209 3.0393000000000003e-06
10 16850795 rs1797089 2.2611e-09
10 16851396 rs184157183 0.9160200000000001
10 16851408 rs921742 2.2941e-09
10 16851432 rs921743 7.2741e-15
10 16851647 rs921744 8.940799999999999e-15
10 16851934 rs11254210 3.7961e-14
10 16851949 rs7090256 1.2022e-37
10 16852012 rs181631194 0.10912999999999999
10 16852091 rs558409062 0.00014692
10 16852179 rs144843809 0.06490499999999999
10 16852184 rs10795430 9.571799999999999e-14
10 16852185 rs11254213 1.529e-17
10 16852515 rs11254214 3.3901e-06
10 16852667 rs7076779 1.1571e-17
10 16852781 rs7076955 1.2700999999999999e-17
10 16852841 rs140522766 0.0048706
10 16852896 rs61844020 3.8528e-05
10 16852974 rs11254215 4.073e-06
10 16853076 rs1797076 1.4187999999999997e-45
10 16853252 rs1797077 1.5730000000000001e-56
10 16853255 rs74489437 0.33653
10 16853277 rs11254216 3.4038999999999997e-06
10 16853349 rs12246217 1.5057000000000002e-17
10 16853356 rs11254217 4.3081e-06
10 16853358 rs12253908 1.2936e-17
10 16853415 rs12253979 9.2071e-18
10 16853443 rs12355660 4.4599e-06
10 16853519 rs12355692 4.1013e-06
10 16853609 rs7905776 2.5508e-24
10 16853643 rs12357336 5.3502e-06
10 16853900 rs10752061 1.7167999999999997e-34
10 16854322 rs7909828 5.8571e-24
10 16854349 rs7910024 1.3580999999999999e-17
10 16854398 rs146821637 0.53112
10 16854588 rs8181291 5.7614e-07
10 16855070 rs4612698 1.3349e-17
10 16855094 rs3858182 1.3616e-17
10 16855344 rs12359531 4.3541e-06
10 16855422 rs181536471 0.55729
10 16855455 rs7074647 3.6411e-24
10 16855664 rs12358160 3.9810000000000005e-06
10 16855666 rs12356584 4.3876e-06
10 16855683 rs7091240 2.8460000000000004e-17
10 16855764 rs145592684 0.92565
10 16855790 rs188945153 0.18894
10 16855796 rs72771353 5.1062e-06
10 16855840 10:16855840_T_C 0.74748
10 16855929 rs780631 9.034100000000002e-11
10 16856434 rs55649260 0.009996
10 16856671 rs78868513 5.7098e-06
10 16856685 rs802171 1.2039999999999998e-58
10 16857133 rs812426 1.1305999999999998e-58
10 16857183 rs7916048 3.506e-52
10 16857203 rs7074293 1.238e-12
10 16857394 rs7899923 1.1246e-14
10 16857603 rs7899853 1.3081e-16
10 16857734 rs79979114 0.045465
10 16857992 rs7900527 1.7775e-16
10 16858031 rs77460264 0.041912
10 16858146 rs11254221 5.9135e-06
10 16858370 rs59946283 0.19335
10 16858556 rs17139260 0.18177000000000001
10 16858587 rs7904368 2.0071999999999998e-23
10 16858816 rs370047119 0.813
10 16859335 rs1130684 3.7580000000000005e-17
10 16859372 rs147854078 0.71133
10 16859375 rs113208527 0.17436
10 16859400 rs2248852 2.85e-10
10 16859618 rs811912 1.3373999999999998e-56
10 16860063 rs2603794 7.7168e-16
10 16860239 rs3808925 6.3467e-07
10 16860256 rs2603795 1.1303e-30
10 16860321 rs17156954 0.38154
10 16860359 rs79289023 0.26216
10 16860602 rs72771357 6.4946000000000005e-06
10 16860965 rs72771358 6.6958e-06
10 16861085 rs150125856 0.14432999999999999
10 16861211 rs148828848 0.14435
10 16861400 rs780632 4.9799999999999996e-55
10 16861476 rs45495501 1.1668e-16
10 16861525 rs11254222 6.6005e-06
10 16861864 rs11254223 0.00070751
10 16861992 rs114050372 0.43446
10 16862280 rs6602161 4.1833e-16
10 16862578 rs7099178 3.3989e-16
10 16862841 rs61844022 3.5614e-05
10 16863119 rs11254224 7.0376999999999996e-06
10 16863138 rs147464379 0.1456
10 16863161 rs780633 2.2218000000000004e-55
10 16863179 rs61844023 4.1302e-05
10 16863648 rs61421905 0.29617
10 16863652 rs4747284 2.2653e-12
10 16863777 rs11254225 6.6911e-06
10 16863877 rs11254226 0.00075293
10 16863884 rs534767711 0.037762000000000004
10 16864009 rs11254227 7.219e-06
10 16864020 rs7896040 0.10644
10 16864327 rs780634 9.1082e-57
10 16864506 rs546696490 0.42266000000000004
10 16864661 rs112840653 0.27382
10 16864695 rs11254228 7.037999999999999e-06
10 16864810 rs7075036 1.1774000000000001e-33
10 16865009 rs546336338 0.59325
10 16865050 rs150320081 0.09690900000000001
10 16865195 rs76233506 0.091678
10 16865301 rs112775407 0.19857
10 16865405 rs11254229 7.294400000000001e-06
10 16865866 rs192300904 0.8362700000000001
10 16865909 rs115625380 0.3168
10 16866373 rs780635 7.493800000000001e-26
10 16866840 rs780636 1.4172e-09
10 16868523 rs12263128 0.32126
10 16868680 rs187545407 0.5858
10 16869152 rs1797088 9.092699999999999e-10
10 16869203 rs75754656 0.47616
10 16869219 rs61844024 2.0764e-05
10 16869647 rs185597052 0.54667
10 16869993 rs115187489 0.4843
10 16870080 rs17139292 0.17934
10 16870128 rs188941086 0.45193999999999995
10 16870155 rs562021653 0.8953700000000001
10 16870160 rs79102389 0.6917
10 16870173 rs7918815 3.1553999999999996e-28
10 16870246 rs11254231 3.0280000000000003e-15
10 16870292 rs7918972 9.3746e-08
10 16870355 rs114464432 0.14262
10 16870625 rs2603803 6.4393e-10
10 16870675 rs112783364 0.37064
10 16870693 rs45442894 0.016279
10 16870761 rs138911609 0.16186
10 16870912 rs1801232 0.00040486
10 16871321 rs11254232 0.00050167
10 16871446 rs117615161 0.90649
10 16871456 rs2603796 1.3992000000000002e-35
10 16872337 rs7087360 4.1687e-16
10 16872743 rs114865639 0.49277
10 16872797 rs2603807 2.5519e-57
10 16872885 rs2603806 7.435e-16
10 16872929 rs12242261 5.354199999999999e-16
10 16872938 rs557570857 0.025005
10 16872957 rs11254234 3.3460000000000002e-06
10 16873080 rs7088468 2.7089999999999998e-20
10 16873174 rs74787946 0.59115
10 16873396 rs141937843 0.7815300000000001
10 16873467 rs114249988 0.83995
10 16873547 rs3740169 3.7059e-21
10 16873736 rs2603805 1.7915e-15
10 16873744 rs2603804 9.4481e-10
10 16873816 rs11254235 2.8111e-06
10 16873854 rs11254236 2.2901999999999996e-15
10 16874113 rs11254237 3.0879e-06
10 16874242 rs11254238 0.00029778
10 16874565 rs1797081 1.2525e-56
10 16874631 rs10904823 0.00035758
10 16874635 rs11254239 0.00035272
10 16874749 rs10904824 0.0040375
10 16874930 rs73590386 3.5236999999999997e-15
10 16875162 rs4088455 3.0701999999999996e-16
10 16875192 rs4088454 0.00035908
10 16875359 rs146007816 0.7170000000000001
10 16875553 rs139910146 0.89475
10 16875622 rs780820 9.358999999999998e-10
10 16875630 rs12240676 0.00031687
10 16875705 rs191336723 0.13569
10 16875965 rs74845795 0.89036
10 16876052 rs703058 8.194700000000001e-10
10 16876107 rs7897625 0.00037549999999999997
10 16876190 rs7897442 0.00049347
10 16876264 rs116485159 0.13183
10 16876337 rs193106834 0.54795
10 16876374 rs7897705 0.00036353
10 16876402 rs703059 1.4898e-56
10 16876417 rs149867187 0.11573
10 16876451 rs7897716 1.1349999999999999e-07
10 16876486 rs56936588 5.5108e-15
10 16876613 rs7898076 0.0010914000000000002
10 16876820 rs45620432 9.717e-14
10 16876827 rs72771367 2.2283000000000003e-06
10 16876922 rs703060 3.8707999999999995e-46
10 16877110 rs1801230 0.14748
10 16877275 rs148314512 0.79181
10 16877604 rs12765044 6.101200000000001e-20
10 16877761 rs72771370 2.4629e-05
10 16878204 rs703062 4.0872e-05
10 16879583 rs11254240 3.3699000000000004e-05
10 16879937 rs140290025 0.24070999999999998
10 16880094 rs12360083 4.1923000000000005e-05
10 16880108 rs56290621 9.5457e-06
10 16880207 rs7908449 2.1031e-05
10 16880226 rs7923308 4.1811e-05
10 16880353 rs12254488 1.6937e-05
10 16881004 rs76254339 2.5204e-06
10 16882518 rs703064 2.3842e-09
10 16883701 rs548458616 0.31681
10 16884373 rs780831 1.3455e-09
10 16885372 rs11254241 4.1586000000000005e-05
10 16885658 rs780829 7.443e-10
10 16886600 rs11254242 3.5008e-05
10 16886806 rs780827 2.4231999999999997e-09
10 16887553 rs72771373 4.3687e-05
10 16887740 rs115567947 0.28565999999999997
10 16887922 rs11254244 0.59863
10 16888647 rs12355556 3.7535e-05
10 16888900 rs576314909 0.59243
10 16890650 rs7089377 0.39718000000000003
10 16891275 rs17139346 0.9167
10 16891317 rs7094016 0.00014139
10 16891468 rs12251746 0.34970999999999997
10 16892171 rs11254246 0.18204
10 16894969 rs190163756 0.093314
10 16895964 rs11254248 0.00019251
10 16896387 rs10904826 0.0002082
10 16896691 rs73590400 0.30389
10 16897223 rs12357159 0.00031757
10 16897689 rs11254249 0.00032510000000000004
10 16897973 rs11254250 0.00033934
10 16898056 rs11254251 0.0002508
10 16898754 rs11815986 0.00020492
10 16899042 rs72771376 0.00020809
10 16899706 rs11254252 0.00026642
10 16900180 rs191818821 0.08880700000000001
10 16900738 rs546322575 0.69082
10 16903080 rs1891473 0.28438
10 16903301 rs12573238 0.0017785999999999998
10 16904441 rs189915006 0.30816
10 16905500 rs7893395 0.0018757000000000001
10 16906265 rs17426529 0.00011698
10 16906342 rs10904827 0.0021708
10 16906508 rs10752062 2.4162e-07
10 16906877 rs141681999 9.9694e-05
10 16907055 rs147059634 0.00011172
10 16908003 rs17426570 9.347e-05
10 16908598 rs17426584 9.8559e-05
10 16908878 rs72771378 8.1387e-05
10 16909589 rs17139378 0.0010487
10 16909605 rs78550718 8.6381e-06
10 16910208 rs112264215 0.15749000000000002
10 16910300 rs10508515 8.2499e-05
10 16910380 rs72771379 9.887200000000001e-05
10 16910620 rs72771380 8.0305e-05
10 16910772 rs76896924 3.6804e-05
10 16911605 rs703075 2.6635999999999998e-09
10 16911749 rs117035284 0.9101799999999999
10 16912104 rs45575131 0.00023633
10 16912134 rs780825 2.148e-05
10 16912145 rs780824 2.0694000000000002e-05
10 16912956 rs72771383 0.00027952
10 16913380 rs780823 3.6760999999999997e-09
10 16915117 rs117133557 0.23556999999999997
10 16915329 rs45465096 0.021106
10 16915759 rs7914434 1.4039e-05
10 16915894 rs77065187 8.4654e-06
10 16916029 rs759148646 0.9746600000000001
10 16916913 rs138578458 0.36657
10 16917228 rs143376446 0.54815
10 16917247 rs114942307 0.32565
10 16917423 rs12257975 0.11235
10 16917425 rs12257979 0.041402
10 16917452 rs187407693 0.034423
10 16917477 rs4747286 1.0162e-09
10 16917522 rs73592325 1.3609000000000001e-05
10 16917568 rs12251207 0.32563000000000003
10 16917626 rs116897261 9.7242e-06
10 16917981 rs17139411 0.93622
10 16918235 rs79437078 0.9430200000000001
10 16918550 rs117588832 9.5786e-06
10 16918704 rs2246163 3.1037000000000004e-10
10 16918779 rs145741235 0.6310399999999999
10 16918972 rs1801241 0.00045569
10 16918997 rs1801240 5.5558e-06
10 16919034 rs115888073 0.61419
10 16919052 rs1801239 4.3584e-06
10 16919219 rs4747287 0.94973
10 16919223 rs780843 3.0272e-10
10 16919394 rs4748327 0.9309700000000001
10 16919417 rs780842 2.7658999999999997e-10
10 16919473 rs780841 0.041497000000000006
10 16919512 rs11254256 0.7895300000000001
10 16919693 rs77328583 0.21361999999999998
10 16919815 rs780840 2.3042e-10
10 16919836 rs780653459 0.28019
10 16920158 rs146539793 9.0263e-06
10 16920201 rs55916559 0.9672700000000001
10 16920219 rs57507254 0.13093
10 16920230 rs12257223 0.57182
10 16920418 rs12249512 0.050441
10 16920690 rs7913111 0.30108
10 16920847 rs12257605 0.056170000000000005
10 16920892 rs74440730 6.3376e-06
10 16920956 rs79179843 0.28356
10 16921214 rs780839 4.1645e-10
10 16921370 rs780838 3.5664e-10
10 16921506 rs117537763 1.154e-05
10 16921583 rs144367164 0.21331999999999998
10 16921804 rs111558450 0.0021615
10 16921913 rs7917854 0.093252
10 16921976 rs78265863 0.051226999999999995
10 16922064 rs56291496 1.6091e-05
10 16922286 rs58613589 0.28060999999999997
10 16922498 rs114667811 0.053441999999999996
10 16922562 rs60578248 0.05273099999999999
10 16922832 rs55819050 0.046811
10 16923060 rs186517757 0.013125999999999999
10 16923088 rs59527883 0.14098
10 16923098 rs10904829 0.8286899999999999
10 16923390 rs780837 9.9659e-05
10 16923518 rs567502544 0.71663
10 16923549 rs556948438 0.39987
10 16923727 rs118019144 1.081e-05
10 16923812 rs55924371 0.43876000000000004
10 16924331 rs546487217 0.7014699999999999
10 16924443 rs535867880 0.69953
10 16924493 rs143350212 0.17467
10 16924592 rs117269944 1.0658e-05
10 16924599 rs192538458 0.9179999999999999
10 16924610 rs149424617 0.6029100000000001
10 16924822 rs780836 0.00022024
10 16924843 rs780835 0.00014704
10 16924862 rs780834 0.0001516
10 16924920 rs780833 0.00013609
10 16924968 rs780832 3.1641000000000005e-10
10 16924981 rs76462946 0.75269
10 16925108 rs73592340 0.15963
10 16925268 rs117358727 1.0457999999999999e-05
10 16925328 rs2796834 2.1655000000000002e-10
10 16925584 rs149955054 0.6255
10 16925588 rs2796833 0.00011409
10 16925662 rs12049735 0.89364
10 16925695 rs145884574 0.17903
10 16925721 rs58547865 0.16396
10 16925848 rs10508516 0.60978
10 16925880 rs2796832 0.054664
10 16925904 rs117901575 1.0521e-05
10 16926037 rs148830316 0.19997
10 16926077 rs12260328 0.64158
10 16926084 rs113145911 0.11795
10 16926123 rs780853 0.00017306
10 16926176 rs780852 0.00027471
10 16926233 rs11254259 0.85139
10 16926368 rs780851 0.00023842
10 16926417 rs780850 0.00018298
10 16926460 rs11254260 0.8399
10 16926506 rs11254261 0.83304
10 16926640 rs11254262 0.0012385999999999999
10 16926679 rs565831482 0.64132
10 16926733 rs780849 0.04135
10 16926739 rs115015903 0.18891
10 16926922 rs812975 0.00025305
10 16926947 rs17139440 0.84124
10 16927014 rs56727347 0.19771
10 16927027 rs809698 0.035804
10 16927133 rs115802949 0.87841
10 16927148 rs117521166 1.0485e-05
10 16927268 rs145299968 0.3256
10 16927601 rs77176023 1.0412000000000001e-05
10 16927877 rs78936062 5.4065e-06
10 16927895 rs57405501 0.42688000000000004
10 16928258 rs117717003 1.0630999999999999e-05
10 16928301 rs74942409 5.9845e-06
10 16928414 rs78879496 0.17364000000000002
10 16928435 rs703065 0.00023556
10 16928589 rs17336427 1.0287e-05
10 16928634 rs56396153 0.97672
10 16928828 rs780848 0.03335
10 16928873 rs111891375 0.72956
10 16929036 rs188828678 0.049221
10 16929610 rs6602162 0.27976
10 16929776 rs117441129 1.088e-05
10 16930010 rs12219595 0.74288
10 16930045 rs117068013 1.0937e-05
10 16930219 rs76265923 0.18847
10 16930279 rs780847 0.035618000000000004
10 16930307 rs532351314 0.33404
10 16930362 rs73592350 0.1723
10 16930366 rs116531800 0.08243400000000001
10 16930419 rs45569534 0.00036484
10 16930427 rs117620008 0.65225
10 16930735 rs17336476 1.0630999999999999e-05
10 16930738 rs141493439 0.017873
10 16930811 rs2221886 0.73531
10 16930850 rs117476426 1.1204000000000001e-05
10 16930861 rs116842866 1.1208e-05
10 16931010 rs780846 0.052006
10 16931197 rs61324346 0.43466000000000005
10 16931255 rs780845 0.031404
10 16931300 rs10904830 0.75659
10 16931344 rs10904831 0.00051416
10 16931465 rs780844 0.18481
10 16931489 rs17139466 0.1201
10 16931988 rs2796841 0.048192
10 16932035 rs117466020 1.0574e-05
10 16932038 rs140641971 0.2759
10 16932196 rs17343073 6.2829e-06
10 16932202 rs12220473 0.86619
10 16932209 rs191790702 0.041661000000000004
10 16932384 rs45551835 0.047681
10 16932454 rs150488625 0.13965999999999998
10 16932490 rs1801238 1.4744000000000001e-05
10 16932704 rs7087545 0.17057
10 16932744 rs115242977 0.1854
10 16932770 rs45452196 0.5241899999999999
10 16932810 rs183253713 0.10125
10 16932912 rs112265685 0.62457
10 16933121 rs77682438 0.31334
10 16933460 rs2669154 2.7226e-10
10 16933502 rs74116751 0.26171
10 16933540 rs2669153 2.5527e-07
10 16933546 rs11254265 0.9953200000000001
10 16933578 rs117104514 8.1176e-06
10 16933620 rs116830588 0.8946799999999999
10 16933684 rs773308394 0.5776100000000001
10 16933788 rs117232529 0.72019
10 16933839 rs78625146 8.5419e-06
10 16933914 rs2796839 0.042647000000000004
10 16933923 rs12098783 0.40972
10 16933930 rs34668480 0.091369
10 16933939 rs556557988 0.43638999999999994
10 16934034 rs2669150 3.0805000000000004e-10
10 16934170 rs2669149 1.8133e-10
10 16934206 rs184126384 0.99024
10 16934264 rs1877479 2.0509e-06
10 16934481 rs150784900 0.36439
10 16934939 rs2796838 0.030347000000000002
10 16935172 rs75010321 0.38427
10 16935316 rs74716410 6.8859000000000004e-06
10 16935506 rs7068023 0.057554999999999995
10 16935604 rs34260311 0.070947
10 16935944 rs193037557 0.32776
10 16935973 rs117238532 7.1286e-06
10 16936090 rs2458399 0.037045
10 16936122 rs537047483 0.74132
10 16936135 rs77583492 0.95235
10 16936327 rs369998675 0.92545
10 16936614 rs549474456 0.4759
10 16936673 rs117961065 7.2329e-06
10 16936713 rs116521441 0.42272
10 16936852 rs35411338 0.9815299999999999
10 16936900 rs11254267 0.9990600000000001
10 16937070 rs11254268 0.95495
10 16937348 rs530623522 0.59864
10 16937562 rs703066 1.6791e-10
10 16937589 rs114951651 0.0022866
10 16937624 rs116868594 0.00020491
10 16937659 rs79801018 3.4869e-06
10 16937775 rs78786782 2.9406e-06
10 16937787 rs73592376 3.6616000000000002e-06
10 16938238 rs780816 0.033906
10 16938271 rs77744173 6.3429e-06
10 16938375 rs780815 0.00014714
10 16938455 rs74116753 0.8708299999999999
10 16938457 rs117377973 5.7554e-06
10 16938684 rs72771395 0.09573999999999999
10 16938775 rs74116754 0.9820200000000001
10 16938943 rs780814 1.5590999999999998e-10
10 16939207 rs117795497 0.34753
10 16939251 rs2137426 0.9995200000000001
10 16939476 rs780813 2.0115e-10
10 16939489 rs780812 2.1166e-10
10 16939548 rs780811 2.2661e-06
10 16939703 rs150464411 0.54243
10 16939840 rs11254269 0.0027845
10 16939895 rs780810 0.060114
10 16939899 rs115395602 0.77247
10 16939976 rs10904833 6.4393e-09
10 16940353 rs760647446 0.28507
10 16940609 rs10904834 9.8874e-11
10 16940610 rs10904835 1.0919e-10
10 16940638 rs142954794 0.81055
10 16940846 rs45619139 3.9409e-08
10 16940850 rs556157763 0.37993000000000005
10 16941000 rs146847375 0.22885999999999998
10 16941196 rs141775273 0.23836999999999997
10 16941486 rs190318985 0.9550200000000001
10 16942131 rs114172757 0.62474
10 16942187 rs550030467 0.40353
10 16942635 rs141737312 0.8537899999999999
10 16943509 rs114528750 0.31675
10 16943934 rs189690002 0.22663000000000003
10 16944477 rs7918961 0.032068
10 16945037 rs72771398 0.11950999999999999
10 16945058 rs773861144 0.38119000000000003
10 16945073 rs376397219 0.91595
10 16945178 rs138136377 0.042989
10 16945193 rs7099855 0.42907
10 16945404 rs72771400 0.046830000000000004
10 16945411 rs558790530 0.47978999999999994
10 16945431 rs188307972 0.9358700000000001
10 16945501 rs7100290 0.047046
10 16946125 rs7088988 0.035016000000000005
10 16946819 rs796667 4.796e-11
10 16946830 rs112718794 0.09131399999999999
10 16946854 rs149300679 0.27409
10 16946885 rs74116758 0.75944
10 16947030 rs74116760 0.88887
10 16947174 rs114474925 0.6356
10 16947187 rs531606155 0.086051
10 16947285 rs74116762 0.78987
10 16947577 rs181259904 0.043049000000000004
10 16947664 rs74375025 1.8891e-08
10 16947838 rs780809 0.13519
10 16947891 rs780808 8.7335e-10
10 16948064 rs58855822 0.074202
10 16948068 rs138682430 0.0020178
10 16948177 rs780807 0.010397
10 16948208 rs137998687 0.67575
10 16948246 rs115449747 0.8654700000000001
10 16948390 rs3740168 0.39143
10 16948412 rs374979108 0.00229
10 16948801 rs780806 8.279700000000001e-11
10 16948856 rs7074108 0.43201000000000006
10 16949343 rs114695024 0.0022649000000000002
10 16949401 rs780805 2.9441e-10
10 16949447 rs780804 2.4244e-09
10 16949550 rs3740165 0.39929000000000003
10 16950052 rs78739898 0.53687
10 16950064 rs780803 5.4835e-11
10 16950755 rs74373919 0.53492
10 16950824 rs114078300 0.64155
10 16951409 rs147923966 0.14359
10 16951926 rs186037066 0.36075
10 16952018 rs78596621 0.66222
10 16952086 rs151037481 0.55348
10 16952240 rs187327521 0.4458
10 16952500 rs780854 4.2095999999999996e-10
10 16953315 rs116680586 0.53798
10 16954005 rs7904912 0.53969
10 16954188 rs780855 0.029087000000000002
10 16954359 rs115511812 0.51302
10 16954519 rs185682182 0.00012812
10 16954699 rs7084914 0.35796999999999995
10 16954925 rs181351828 0.27631999999999995
10 16954942 rs10904836 0.56775
10 16955080 rs11254273 0.9008
10 16955198 rs10752063 1.6243e-06
10 16955501 rs76351843 0.47668999999999995
10 16955616 rs2271459 0.93937
10 16956415 rs143911347 0.47758
10 16956765 rs147331467 0.06906699999999999
10 16956932 rs75179417 0.24693
10 16958653 rs45487598 1.0992e-08
10 16959106 rs531214352 0.10400000000000001
10 16959383 rs10904837 6.529300000000001e-07
10 16959773 rs12412584 0.80767
10 16959922 rs56130342 0.16299
10 16961682 rs72773207 0.17137
10 16961770 rs56383323 0.075614
10 16961995 rs2271460 0.44198999999999994
10 16962234 rs12260820 0.93061
10 16962352 rs11254275 1.8159999999999999e-06
10 16962538 rs111513471 0.15752
10 16962598 rs11254276 7.933800000000001e-07
10 16962790 rs55914634 0.15678
10 16962988 rs7921129 1.2884e-07
10 16963065 rs7906618 2.6244e-06
10 16963210 rs777101431 0.085245
10 16963798 rs76479669 0.020023
10 16964093 rs72773209 0.10604000000000001
10 16964443 rs11254277 2.0222e-06
10 16964698 rs1849381 1.9736e-06
10 16964980 rs72773210 0.14523
10 16964997 rs72773211 0.14481
10 16965178 rs10795432 5.2502e-07
10 16965227 rs1810205 5.0642000000000006e-06
10 16965326 rs1318309 2.2219e-06
10 16965329 rs1810206 3.9737e-06
10 16965467 rs116891533 0.00074851
10 16965837 rs79458926 0.56822
10 16966015 rs111472370 0.52977
10 16966125 rs79435585 4.6688000000000004e-05
10 16966660 rs150489129 0.49512
10 16966766 rs6602163 6.7363e-07
10 16967086 rs111994034 2.0087e-09
10 16967325 rs11254278 0.43775
10 16967417 rs144360241 0.6348600000000001
10 16967445 rs1276713 0.52613
10 16967586 rs62619939 2.5478000000000002e-09
10 16967769 rs146319349 0.016257
10 16968038 rs1276714 1.8229e-07
10 16968044 rs113346747 0.6367
10 16968283 rs45445198 3.0375999999999996e-07
10 16968533 rs117909190 0.00041783
10 16968542 rs111263197 1.2643999999999999e-09
10 16968785 rs3858184 9.6381e-07
10 16968845 rs1687716 0.18003
10 16968872 rs72773213 0.11289
10 16968917 rs1276715 0.14338
10 16968990 rs1276716 0.14382999999999999
10 16969052 rs72773214 0.087411
10 16969084 rs11254280 6.2652e-07
10 16969293 rs1276717 4.6081e-06
10 16969629 rs146961447 0.35269
10 16969687 rs1276718 1.4224e-07
10 16969923 rs10795433 4.838e-07
10 16970304 rs75386064 0.32576
10 16970620 rs1276719 7.853199999999999e-07
10 16970976 rs35205794 0.5220199999999999
10 16971263 rs114170761 0.56622
10 16971426 rs1276720 0.76335
10 16972011 rs10904838 0.4473
10 16972263 rs1276721 0.48003
10 16972307 rs1276722 0.52427
10 16972634 rs139638946 0.08139400000000001
10 16972809 rs61841435 0.14302
10 16972983 rs11254282 0.087484
10 16973065 rs193033741 0.9880899999999999
10 16973346 rs7090658 0.019259000000000002
10 16973499 rs72773218 0.48899
10 16973528 rs192257316 0.31051
10 16973722 rs7914868 0.00096794
10 16973834 rs184365268 0.57703
10 16974133 rs10904839 2.0796999999999998e-05
10 16974466 rs77469739 0.024534999999999998
10 16974597 rs145464293 0.27479000000000003
10 16974633 rs115868837 0.75305
10 16974651 rs2356586 0.051988
10 16974823 rs535902921 0.63952
10 16975024 rs61687032 0.7681600000000001
10 16975078 rs2271461 0.00011546
10 16975423 rs79968138 0.32803000000000004
10 16975463 rs3847363 0.044664999999999996
10 16975604 rs74853666 0.0032545
10 16976037 rs75055710 0.025231
10 16976226 rs11591673 0.00016775
10 16976306 rs56868323 0.70102
10 16976618 rs2883972 0.00010551
10 16976705 rs115461896 0.32495
10 16976740 rs139803724 0.12978
10 16976873 rs114401468 0.50949
10 16977719 rs11254283 0.12572
10 16977828 rs184231189 2.3536000000000002e-06
10 16977835 rs6602166 0.038100999999999996
10 16978250 rs140739639 0.077295
10 16978361 rs114245441 0.53674
10 16978419 rs117761513 0.49091999999999997
10 16978429 rs11254284 0.030632
10 16978464 rs115635663 0.32243
10 16978713 rs12264700 0.5595
10 16978809 rs116643787 0.28718
10 16978840 rs115153230 0.16984000000000002
10 16978979 rs7913759 0.042362000000000004
10 16979056 rs72773220 0.055428
10 16979125 rs561191247 0.39315
10 16979268 rs61841445 0.00010948
10 16979380 rs2356587 0.14202
10 16979381 rs2356588 0.050886
10 16979459 rs78125159 0.26254
10 16979566 rs2356589 0.060954999999999995
10 16979593 rs41289303 0.23933000000000001
10 16979606 rs2356590 0.04833
10 16979661 rs1801234 0.17852
10 16979714 rs41289305 0.00019433
10 16979988 rs72773221 0.049829000000000005
10 16980417 rs10904840 0.050513
10 16980465 rs112871180 0.35586999999999996
10 16980508 rs114959572 0.8829
10 16980552 rs3914238 0.0023418000000000002
10 16980574 rs147208908 0.31182
10 16980598 rs61841447 8.904799999999999e-05
10 16980670 rs61841448 0.9077200000000001
10 16980913 rs114873876 0.37005
10 16980925 rs3817218 0.050597
10 16981247 rs74116774 0.95715
10 16981368 rs7895036 0.89771
10 16981670 rs573019719 0.9283899999999999
10 16982061 rs2271462 0.052897
10 16982244 rs2271463 0.77156
10 16982265 rs112460214 0.23828000000000002
10 16982597 rs151107184 0.25639
10 16982830 rs80211342 0.1831
10 16983036 rs188106491 0.18792999999999999
10 16983075 rs7075681 3.8802e-05
10 16983290 rs12217784 0.23679
10 16983298 rs148967762 0.78282
10 16983421 rs115218108 0.42708999999999997
10 16983434 rs116712235 0.65193
10 16983449 rs75887289 0.54443
10 16983490 rs74829232 0.2057
10 16983539 rs73594260 0.67503
10 16984130 rs150781823 0.21131
10 16984259 rs142459121 0.8825200000000001
10 16984260 rs11254285 0.70552
10 16984309 rs11254286 0.058223000000000004
10 16984316 rs11254287 0.05538099999999999
10 16984423 rs61841449 0.92258
10 16984503 rs10904841 0.20322
10 16984525 rs7908452 0.7367600000000001
10 16984582 rs10904842 0.23884
10 16984616 rs145452658 0.34102
10 16984661 rs61841450 0.88707
10 16985159 rs7897704 0.73265
10 16985219 rs147065722 0.45514
10 16985302 rs7912504 0.52107
10 16985317 rs7912716 0.52845
10 16985498 rs7898138 0.0013799
10 16985689 rs11814549 0.95993
10 16985766 rs7913144 0.0013598
10 16985942 rs7898766 0.21488000000000002
10 16985962 rs76443406 0.55071
10 16986117 rs114243550 0.32628
10 16986159 rs114471271 0.88818
10 16986542 rs747192509 0.037834
10 16986639 rs57430172 0.064256
10 16986793 rs546964252 0.26499
10 16986810 rs3934024 0.21261
10 16986840 rs11254288 0.82695
10 16987129 rs34683673 6.3031e-05
10 16987314 rs113928443 0.40993
10 16987506 rs368443586 0.8883
10 16987572 rs12217430 0.21489
10 16987699 rs183828825 0.8208700000000001
10 16987841 rs9971057 0.8557799999999999
10 16987872 rs10904846 0.22574
10 16987987 rs75330002 0.28545
10 16988172 rs61841452 0.91559
10 16988186 rs10904847 0.21515
10 16988306 rs9971169 0.9386700000000001
10 16988644 rs141626124 0.84801
10 16988703 rs61841453 0.9173
10 16988736 rs188126412 0.03531
10 16988787 rs12217725 0.046278
10 16988844 rs4747288 0.048752
10 16988858 rs12245146 0.9404100000000001
10 16989048 rs2271464 0.001505
10 16989271 rs74116778 0.8871399999999999
10 16989272 rs61841454 0.9156700000000001
10 16989427 rs2271466 0.23263000000000003
10 16989486 rs2271467 0.058448
10 16989580 rs61841455 0.9201600000000001
10 16989688 rs114661587 0.22809000000000001
10 16989697 rs147716153 0.52967
10 16989892 rs4747289 0.00090556
10 16990025 rs6602167 0.27308000000000004
10 16990144 rs111461446 0.92561
10 16990218 rs74228756 0.26814
10 16990318 rs182671400 0.77671
10 16990552 rs2271468 0.056282000000000006
10 16990588 rs116114483 0.47698999999999997
10 16990869 rs11818224 0.058004999999999994
10 16990908 rs11814420 0.33152
10 16990937 rs11814421 0.057789
10 16991043 rs114400340 0.47753
10 16991054 rs753113196 0.023500999999999998
10 16991073 rs60719940 0.99675
10 16991124 rs185653611 0.8649899999999999
10 16991328 rs28649415 0.235
10 16991550 rs7916040 0.29967
10 16991750 rs559560790 0.94701
10 16991793 rs11254293 0.76058
10 16991794 rs28584990 0.058691
10 16991876 rs28473579 0.070145
10 16991983 rs79034718 0.73544
10 16992011 rs141640975 0.00598
10 16992132 rs74668791 3.5093000000000004e-05
10 16992203 rs141613327 0.63518
10 16992237 rs181272552 0.41996999999999995
10 16992296 rs61841459 0.91622
10 16992465 rs150503074 0.045748000000000004
10 16992570 rs61844360 3.2095e-05
10 16992737 rs140231852 0.93237
10 16992773 rs74833951 0.49333999999999995
10 16993200 rs72773227 2.9337999999999998e-06
10 16993472 rs7893507 0.46671999999999997
10 16993577 rs11254294 0.05765
10 16993821 rs3847364 0.84564
10 16993959 rs192500927 0.99905
10 16994022 rs11254295 0.9293899999999999
10 16994047 rs2271469 0.50079
10 16994372 rs114958584 0.9437
10 16994794 rs115521107 0.14861
10 16995017 rs7073690 0.39692
10 16995326 rs61844361 4.5371e-05
10 16995390 rs11254296 0.9281200000000001
10 16995472 rs115686185 0.69121
10 16995483 rs4747290 0.36641999999999997
10 16995535 rs11254297 0.9136200000000001
10 16995663 rs11817030 0.76186
10 16995713 rs148934823 0.70662
10 16995833 rs4747291 0.060689
10 16995872 rs7903108 3.1647e-05
10 16995876 rs72773232 0.32238
10 16996209 rs74116779 0.9471200000000001
10 16996212 rs78501390 0.91595
10 16996563 rs140260072 0.54255
10 16996627 rs115376431 0.7791600000000001
10 16996684 rs2271470 0.37484
10 16996953 rs10752064 0.34429
10 16996966 rs10795434 0.40418000000000004
10 16997246 rs10904848 3.1842e-05
10 16997266 rs10904849 3.3582e-05
10 16997454 rs55873797 0.31376
10 16997581 rs7919493 0.38882
10 16997707 rs10904850 3.3736e-05
10 16997791 rs74116780 0.89286
10 16997827 rs10904851 3.3259e-05
10 16997891 rs10508517 0.79701
10 16997908 rs11254298 0.93106
10 16998047 rs74877123 7.5583e-06
10 16998056 rs7905189 0.3946
10 16998234 rs10904852 3.231e-05
10 16998288 rs114713715 0.7036399999999999
10 16998340 rs4748329 0.7108
10 16998427 rs75143798 0.25077
10 16998503 rs11254299 3.4684e-05
10 16998529 rs4748330 0.048373
10 16998771 rs748475088 0.036163
10 16998859 rs3900015 0.37884
10 16998874 rs10904853 0.9203600000000001
10 16999180 rs74116781 0.42982
10 16999200 rs78964463 0.9736100000000001
10 16999286 rs10904854 0.00088501
10 16999350 rs7071576 3.3508000000000005e-05
10 16999451 rs10904855 0.00090883
10 16999530 rs60013263 0.42708999999999997
10 16999566 rs61844362 4.604e-05
10 16999715 rs55807207 0.00083509
10 16999937 rs147315391 0.28210999999999997
10 17000161 rs79458669 0.047362
10 17000617 rs4335444 0.44606999999999997
10 17000799 rs10737015 0.3961
10 17001052 rs74116782 0.41141000000000005
10 17001204 rs72773239 4.8336e-06
10 17001241 rs10795435 0.41202
10 17001338 rs12221306 0.42058
10 17001690 rs73596206 0.92517
10 17001698 rs148896543 0.29498
10 17001812 rs7906242 5.2285e-05
10 17001876 rs143567644 0.6421600000000001
10 17002096 rs79925815 0.50039
10 17002229 rs7909876 0.7360300000000001
10 17002535 rs116436716 0.9587899999999999
10 17002682 rs2932912 0.54474
10 17002759 rs7895600 0.5814600000000001
10 17003026 rs111867249 0.04367
10 17003105 rs115740000 0.004946
10 17003622 rs1707287 0.8032199999999999
10 17003771 rs7914762 0.34129
10 17003779 rs376604590 0.8993200000000001
10 17003792 rs7091105 0.15032
10 17003804 rs373796961 0.75152
10 17003814 rs181461997 0.52537
10 17003990 rs140034292 0.05739299999999999
10 17003999 rs1687715 0.78656
10 17004072 rs73596213 0.87164
10 17004193 rs76209010 4.8318e-05
10 17004264 rs78114045 5.1526999999999996e-05
10 17004305 rs7079346 0.40992
10 17004344 rs75286686 0.5889
10 17004421 rs1707288 2.7438e-05
10 17004530 rs61841463 5.9127e-05
10 17004559 rs1687714 0.55687
10 17004638 rs73596218 0.89315
10 17004691 rs61841464 0.00034733
10 17004709 rs1687713 0.58846
10 17004730 rs1707289 0.5675100000000001
10 17004814 rs61841465 0.00034752
10 17004817 rs76092887 3.9291e-05
10 17004825 rs1707290 2.7530999999999998e-05
10 17004857 rs75156328 3.6498e-05
10 17004858 rs79485906 0.95594
10 17004938 rs61841466 5.3533000000000004e-05
10 17005438 rs61841467 5.1558000000000003e-05
10 17005754 rs1687712 0.50654
10 17005818 rs61841468 0.00035044
10 17005956 rs73596224 0.9521299999999999
10 17005990 rs1707291 4.4792e-05
10 17006117 rs191579148 0.0029987
10 17006168 rs116435293 0.042006
10 17006171 rs79833998 0.5451
10 17006239 rs59357328 0.9907
10 17006287 rs111269960 0.056675
10 17006317 rs7071215 3.6668e-05
10 17006385 rs10904856 0.5060600000000001
10 17006555 rs9423958 0.53247
10 17006664 rs7071422 4.0083e-05
10 17006721 rs7071554 3.9411e-05
10 17006797 rs141577721 0.72
10 17006815 rs185658680 0.87484
10 17006849 rs12354787 0.97319
10 17006863 rs12768213 0.51363
10 17007173 rs112286408 0.025977999999999998
10 17007320 rs111652285 0.023993
10 17007347 rs11254302 0.9837299999999999
10 17007392 rs150471668 0.7738
10 17007402 rs1687711 0.53841
10 17007477 rs80233821 0.057539
10 17007506 rs11254303 0.9845
10 17007523 rs1687710 0.45037
10 17007623 rs113207413 0.46646000000000004
10 17007731 rs1687709 0.53832
10 17007913 rs111432343 0.025983999999999997
10 17007959 rs138894566 0.6311100000000001
10 17008183 rs1687706 0.5368
10 17008233 rs144705361 0.015989
10 17008254 rs116943915 0.33819
10 17008284 rs2932911 0.52789
10 17008313 rs2932910 0.53054
10 17008364 rs2942358 0.52547
10 17008422 rs2942359 1.4019e-05
10 17008620 rs2942360 0.52669
10 17008838 rs58568372 0.31928
10 17008873 rs7913601 5.6306000000000006e-05
10 17008901 rs1707273 0.52966
10 17008902 rs74860777 0.9867299999999999
10 17008946 rs1687705 0.52444
10 17008961 rs1707274 0.5263800000000001
10 17009000 rs72773253 0.3719
10 17009067 rs111266982 0.08565199999999999
10 17009071 rs79196324 0.9337
10 17009102 rs1707275 0.5352600000000001
10 17009203 rs750426236 0.90427
10 17009244 rs1707276 0.52717
10 17009299 rs1707277 0.53714
10 17009503 rs112339295 0.042776
10 17009523 rs12244831 1.3044e-05
10 17009619 rs77466901 0.9339700000000001
10 17009642 rs1707278 0.5360699999999999
10 17009650 rs1707279 0.1281
10 17009736 rs1707280 0.54063
10 17009794 rs78044804 0.99185
10 17009870 rs76336529 0.8446799999999999
10 17010337 rs11819462 0.41881
10 17010405 rs7082909 1.3800000000000002e-05
10 17010547 rs7099135 1.4024000000000002e-05
10 17010615 rs73596226 0.05474299999999999
10 17010732 rs1687704 0.51593
10 17010741 rs75176901 0.015522999999999999
10 17010742 rs1687703 0.5057699999999999
10 17010798 rs1687702 0.5272100000000001
10 17010832 rs12360372 0.9879700000000001
10 17010965 rs1707281 0.51331
10 17010991 rs1687701 0.5304399999999999
10 17011014 rs1687700 0.52617
10 17011125 rs144897885 0.44928
10 17011175 rs1398431 0.58415
10 17011298 rs1828624 0.13128
10 17011440 rs11591519 1.7007e-05
10 17011511 rs192261492 0.9938799999999999
10 17011581 rs148173898 0.31694
10 17011641 rs141408755 0.6620199999999999
10 17011643 rs61841469 0.9842
10 17011695 rs115169586 0.15003
10 17011716 rs78858833 2.3588000000000002e-05
10 17011769 rs41517646 2.3151e-05
10 17011777 rs77061223 0.034495
10 17011855 rs74116783 0.70467
10 17011862 rs138960520 0.60142
10 17011989 rs7895900 0.41784
10 17012098 rs9633766 0.78052
10 17012113 rs1687699 0.61217
10 17012127 rs61841470 0.015733
10 17012163 rs61841471 0.00053055
10 17012231 rs41526049 0.0006074
10 17012235 rs182090247 0.00085904
10 17012247 rs115534900 0.068747
10 17012259 rs61841472 0.00059779
10 17012301 rs142047200 0.47468
10 17012303 rs111721545 0.49233999999999994
10 17012333 rs7899152 0.00066057
10 17012505 rs187630157 0.00047955
10 17012522 rs113922985 0.00065437
10 17012532 rs1687698 0.61973
10 17012618 rs1687697 0.6174
10 17012658 rs1707283 0.58154
10 17012793 rs61841473 0.00064881
10 17012815 rs61841474 0.00074428
10 17012862 rs1687696 0.50564
10 17012888 rs61841475 0.00074738
10 17013022 rs58461774 0.42451000000000005
10 17013070 rs59085962 0.42425
10 17013099 rs1687695 0.10278
10 17013187 rs3858185 0.93132
10 17013192 rs1687694 0.15314
10 17013225 rs74116786 0.15889
10 17013295 rs7079269 0.37797
10 17013318 rs7079029 0.38445
10 17013321 rs7097045 0.63848
10 17013341 rs7097054 0.39391
10 17013629 rs7097499 0.80115
10 17013667 rs1707284 0.62462
10 17013677 rs7904136 0.5240199999999999
10 17013712 rs1707285 0.7909
10 17013740 rs7079966 0.07385
10 17013749 rs6602169 0.7790699999999999
10 17013849 rs7920933 0.81947
10 17013980 rs7904430 0.8237399999999999
10 17014033 rs7904675 0.8272200000000001
10 17014202 rs2932909 0.61328
10 17014217 rs547521851 0.3405
10 17014298 rs74116789 2.7163e-05
10 17014556 rs56311018 4.889e-05
10 17014599 rs55991441 4.675100000000001e-05
10 17014645 rs56294995 1.3848e-05
10 17014677 rs184216049 0.27917
10 17014682 rs61841477 1.4927000000000001e-05
10 17014690 rs55725648 5.169e-05
10 17014728 rs55634106 5.2037e-05
10 17014984 rs11254305 4.8797e-05
10 17014995 rs41335345 1.2907e-05
10 17015144 rs2932908 0.002013
10 17015197 rs59030005 0.12426
10 17015211 rs11814463 0.5391100000000001
10 17015233 rs569237834 0.014486
10 17015390 rs61841478 0.9487700000000001
10 17015405 rs12249562 2.0724e-05
10 17015495 rs12218417 0.10049
10 17015561 rs9888018 0.39394
10 17015591 rs141473486 0.057235
10 17015657 rs72773264 0.38677
10 17015851 rs12219559 0.11235
10 17015927 rs3012502 0.5874699999999999
10 17016004 rs41532144 0.15012
10 17016066 rs181975663 0.21558000000000002
10 17016096 rs75495264 0.13667
10 17016097 rs571477848 0.60623
10 17016216 rs11254306 0.73164
10 17016258 rs11254307 0.74139
10 17016282 rs61841479 0.5987600000000001
10 17016337 rs11254308 0.72768
10 17016484 rs190758722 0.35507
10 17016605 rs191222590 0.18395999999999998
10 17016662 rs182627144 0.61422
10 17016767 rs61841480 0.00012793
10 17016881 rs2932907 0.40415
10 17016906 rs60214638 0.9762700000000001
10 17016954 rs11254310 0.16699999999999998
10 17016962 rs78249812 2.1847e-05
10 17017066 rs10904857 0.76825
10 17017246 rs114543363 0.10350999999999999
10 17017337 rs11594134 1.3545999999999999e-05
10 17017468 rs183380410 0.53072
10 17017492 rs4366393 0.7542300000000001
10 17017510 rs9423960 0.52336
10 17017529 rs61841501 0.9747399999999999
10 17017565 rs4587628 0.72838
10 17017621 rs4466721 0.74883
10 17017690 rs2932905 0.13344
10 17017733 rs576136724 0.70754
10 17017796 rs4293024 0.77232
10 17017872 rs142111270 0.24131999999999998
10 17017920 rs4586046 0.77544
10 17018062 rs11254311 0.81592
10 17018123 rs146665921 0.61011
10 17018187 rs139054391 0.75036
10 17018268 rs11254312 0.8340200000000001
10 17018280 rs11254313 0.83731
10 17018318 rs11254314 0.871
10 17018481 rs11254315 0.78855
10 17018523 rs10904859 0.79186
10 17018554 rs116836653 0.080496
10 17018678 rs3012501 0.00011329
10 17018705 rs3012500 0.35397
10 17018821 rs72773273 0.12045
10 17018838 rs11254316 0.88845
10 17019004 rs80073928 0.5756600000000001
10 17019013 rs3012499 0.35188
10 17019171 rs149177561 0.54888
10 17019228 rs537226746 0.54888
10 17019503 rs184321190 0.011208
10 17019513 rs553892666 0.96526
10 17019559 rs61841503 2.1471999999999997e-05
10 17019652 rs78995156 0.16615
10 17019673 rs55796500 0.36595
10 17019845 rs2932904 0.81321
10 17020350 rs3012498 0.21313000000000001
10 17020373 rs181636422 0.37332
10 17020395 rs2932903 0.24268
10 17020506 rs61402668 0.58836
10 17020674 rs150574128 0.69326
10 17020776 rs59711315 0.7994899999999999
10 17020794 rs75090153 0.2288
10 17020952 rs113923145 0.49928
10 17021022 rs146203306 0.8637
10 17021081 rs2932902 0.22064
10 17021088 rs2932901 0.22537
10 17021195 rs377680585 0.80887
10 17021220 rs3012497 0.22132
10 17021225 rs3012496 0.22121
10 17021295 rs3012495 0.21281999999999998
10 17021360 rs2932900 0.21288
10 17021367 rs774976781 0.036584
10 17021648 rs12571010 0.10404000000000001
10 17021796 rs6602170 0.21300999999999998
10 17021797 rs141633270 0.86916
10 17021831 rs11254317 0.93314
10 17021843 rs7093100 0.0016114999999999999
10 17021915 rs149111920 0.86435
10 17022105 rs186792652 0.32971
10 17022460 rs2942362 0.22429000000000002
10 17022494 rs137957851 0.21794000000000002
10 17022570 rs2942361 0.49899
10 17022702 rs59510067 0.6441100000000001
10 17022790 rs2932896 0.22725
10 17022880 rs76801750 0.79298
10 17022940 rs41457851 0.83519
10 17022969 rs5015063 0.23008
10 17023116 rs11595451 1.6468e-05
10 17023213 rs74116790 0.59863
10 17023350 rs12255119 3.5893000000000003e-05
10 17023564 rs3012480 0.8294299999999999
10 17023587 rs116001876 0.41216
10 17023617 rs1512701 0.00098006
10 17023657 rs3012482 0.85156
10 17023668 rs1512702 0.85156
10 17023861 rs74616336 0.78745
10 17024025 rs2942364 0.85119
10 17024217 rs2942365 0.85365
10 17024375 rs2932895 0.85446
10 17024404 rs3012484 0.85446
10 17024441 rs41289309 0.7721100000000001
10 17024503 rs1801231 0.84509
10 17024615 rs1801229 0.8554799999999999
10 17024849 rs3012485 0.8429
10 17024959 rs3012486 0.8592
10 17024994 rs3012487 0.8375299999999999
10 17025064 rs7915275 0.70877
10 17025377 rs3012489 0.8291299999999999
10 17025378 rs1543092 0.61519
10 17025435 rs2932894 0.5681
10 17025489 rs118047777 0.021275
10 17025575 rs7077904 0.64508
10 17025645 rs3012490 0.87428
10 17025666 rs3012491 0.58817
10 17025685 rs3012492 0.21033000000000002
10 17025711 rs780693148 0.8827299999999999
10 17025828 rs3012493 0.87108
10 17026010 rs2291523 0.22227
10 17026384 rs3012494 0.68377
10 17026584 rs11254318 0.9180299999999999
10 17027205 rs12260088 0.71467
10 17027254 rs11254319 0.098763
10 17027329 rs116499934 0.42711000000000005
10 17027398 rs115941487 0.8523299999999999
10 17027451 rs11254320 0.98555
10 17027606 rs2932893 0.17919000000000002
10 17027943 rs2942357 0.20885
10 17028028 rs116006806 0.38526
10 17028469 rs45548338 0.036639
10 17028486 rs182394586 0.13954
10 17028562 rs117453002 6.1696e-06
10 17028631 rs74116794 0.68405
10 17028997 rs11254321 0.10800000000000001
10 17029125 rs45544332 0.023556
10 17029324 rs113988678 0.16128
10 17029438 rs45586333 0.45171000000000006
10 17029662 rs7896674 9.4685e-05
10 17029687 rs74407418 0.19295
10 17029697 rs73596274 0.68216
10 17029935 rs7072049 0.0007382999999999999
10 17030107 rs61486335 0.57809
10 17030147 rs75190039 0.64646
10 17030159 rs74686904 0.63861
10 17030396 rs11254322 0.35022
10 17030602 rs56384946 0.84145
10 17030729 rs3012475 0.00020857
10 17030775 rs10904861 0.00010487
10 17030782 rs79736351 0.5619
10 17030854 rs2942366 0.00019257
10 17030901 rs74759719 0.25435
10 17031423 rs143469370 0.1122
10 17031508 rs2932892 0.69801
10 17031834 rs1512706 0.26608000000000004
10 17032281 rs2291521 3.1556e-05
10 17032559 rs925522 0.27555
10 17032561 rs925523 0.28855
10 17032590 rs12359150 0.98372
10 17032828 rs3816871 0.85411
10 17032834 rs3816870 3.4686999999999995e-05
10 17032885 rs17345993 0.00018474
10 17033201 rs74116795 0.96772
10 17033429 rs3012477 0.20472
10 17033504 rs116867125 0.092922
10 17033723 rs2932891 0.20215999999999998
10 17033954 rs9733534 0.28781999999999996
10 17034613 10:17034613_G_A 0.18550999999999998
10 17034662 rs185332510 0.5253399999999999
10 17034686 rs7918831 0.9310799999999999
10 17035010 rs45626432 0.49508
10 17035014 rs113351275 0.15203
10 17035065 rs12267413 0.8522299999999999
10 17035394 rs3012478 0.27166
10 17035437 rs111269242 0.1519
10 17035490 rs2932890 0.27121999999999996
10 17035822 rs3012479 1.2909000000000001e-05
10 17036176 rs2932889 0.29429
10 17036849 rs117688784 0.31306999999999996
10 17036958 rs3847366 0.8937700000000001
10 17037921 rs7095468 0.7633300000000001
10 17038138 rs1276709 0.00020601
10 17038193 rs139996151 0.37237
10 17038701 rs1276711 0.0030280999999999997
10 17039108 rs11254324 0.06005
10 17039172 rs7087781 0.29348
10 17039192 rs145813268 0.06847
10 17039210 rs113416420 0.18602
10 17039555 rs186672717 0.34376999999999996
10 17039779 rs569534993 0.1714
10 17039809 rs11254325 0.043327
10 17039842 rs183461574 0.11631
10 17039983 rs141100013 0.72655
10 17039999 rs7071003 0.25948000000000004
10 17040116 rs12258009 0.0026118
10 17040237 rs6602171 0.08137899999999999
10 17040462 rs61364484 0.35483000000000003
10 17040783 rs7900377 0.01674
10 17040849 rs7900486 0.016841
10 17041078 rs12243761 0.17829
10 17041083 rs12414709 4.4317e-06
10 17041163 rs7904146 0.064229
10 17041210 rs7079381 0.11395
10 17041302 rs551996293 0.6483399999999999
10 17041473 rs10508518 3.1157999999999997e-10
10 17041611 rs45547336 0.029477
10 17041759 rs7921270 0.12557000000000001
10 17041809 rs530013256 0.09286
10 17041905 rs11597179 0.015571999999999999
10 17042163 rs7084165 0.015303
10 17042415 rs7068565 0.00041466
10 17042603 rs80008789 0.20901999999999998
10 17042938 rs45465994 0.39216999999999996
10 17043014 rs11597761 0.37071
10 17043024 rs547589942 0.090822
10 17043165 rs112194931 0.20477
10 17043478 rs77448135 0.34699
10 17043495 rs56276052 0.051169
10 17043497 rs111518767 0.18277000000000002
10 17043544 rs7089878 0.0042815
10 17043741 rs3847367 0.0081979
10 17043817 rs3847368 0.27631999999999995
10 17044020 rs75208528 0.22214
10 17044084 rs75278740 0.33554
10 17044118 rs114005216 0.96041
10 17044695 rs7094474 1.4312e-07
10 17044699 rs45562538 0.056538
10 17044764 rs117280735 0.11637
10 17045317 rs7098659 1.3987e-07
10 17045471 rs111275680 0.86505
10 17045641 rs117455737 0.12902
10 17045667 rs76098511 0.45887
10 17045711 rs7922356 0.32819
10 17045967 rs187495369 0.9788899999999999
10 17046009 rs117412228 0.00065661
10 17046254 rs61842770 0.31647
10 17046275 rs55675525 0.3315
10 17046288 rs191602051 0.17919000000000002
10 17046569 rs3847369 0.0002549
10 17046641 rs60918373 0.16512000000000002
10 17046804 rs7895884 9.0943e-07
10 17047519 rs59888122 0.37022
10 17047520 rs4748340 8.5976e-06
10 17047781 rs4748341 1.4559000000000002e-07
10 17047864 rs77520345 7.4227e-06
10 17048022 rs7084057 0.00055944
10 17048201 rs7087834 2.8887e-10
10 17048280 rs7087976 2.9507e-10
10 17048435 rs55767134 0.021359
10 17048650 rs112687668 0.22468000000000002
10 17048708 rs11254327 1.2878e-07
