CHR BP SNP P
13 41144402 rs184248022 0.47802
13 41144454 rs2721070 0.052314
13 41144507 rs2721071 3.926899999999999e-27
13 41144557 rs74791034 0.04828
13 41144722 rs74044534 0.91132
13 41144782 rs60250748 0.5254
13 41144919 rs2721072 3.196e-27
13 41144924 rs138199234 0.84644
13 41145011 rs756862180 0.31112
13 41145211 rs75700692 1.2507e-10
13 41145330 rs2253001 2.0939000000000004e-27
13 41145358 rs59488992 0.93786
13 41145515 rs56124227 0.9139799999999999
13 41145713 rs533390888 0.38104
13 41145825 rs150770806 0.56391
13 41145904 rs139168086 0.76725
13 41146082 rs548557886 0.43438000000000004
13 41146301 rs2755213 0.058573
13 41146329 rs17630155 0.50821
13 41146410 rs79475271 0.37832
13 41146734 rs76018406 0.52509
13 41146917 rs28522263 0.6602100000000001
13 41147158 rs9549236 2.8983e-27
13 41147159 rs527899313 0.8023600000000001
13 41147493 rs73173159 0.2496
13 41147789 rs146569295 0.66796
13 41148070 rs60194954 0.8691200000000001
13 41148353 rs4603422 3.0897e-27
13 41149210 rs138750306 0.34143
13 41149345 rs2755214 1.1105e-27
13 41149407 rs9577071 0.050816
13 41149864 rs141719030 0.27649
13 41150177 rs140356839 1.2030999999999999e-05
13 41150211 rs76473829 0.84677
13 41150505 rs2701880 0.068858
13 41150508 rs149848307 0.94414
13 41150596 rs113542672 0.50993
13 41151134 rs2995991 0.040873
13 41151497 rs114037385 0.4922
13 41151662 rs80274733 0.050816
13 41153017 rs9577072 0.048216
13 41153116 rs189751781 0.88305
13 41153225 rs2755215 0.070201
13 41153471 rs751682842 0.50618
13 41153585 rs9532562 2.6500999999999998e-27
13 41154474 rs188552820 0.88159
13 41154478 rs79901787 3.6167e-05
13 41154542 rs9566550 0.12527
13 41154612 rs187869940 0.13385
13 41154792 rs61963264 1.1055e-27
13 41154987 rs114358528 0.521
13 41155317 rs78696518 0.050816
13 41155529 rs141614641 0.521
13 41155632 rs73173162 0.25146999999999997
13 41155776 rs2701870 0.071426
13 41155993 rs556657322 0.68913
13 41156188 rs2721066 1.4444e-27
13 41156297 rs140147382 0.037149
13 41156708 rs2721067 1.4610999999999998e-27
13 41156910 rs116015107 0.84677
13 41156938 rs2755216 1.3880000000000001e-27
13 41157372 rs2701869 1.4479000000000001e-27
13 41157838 rs9577073 0.050819
13 41158233 rs12855780 0.72875
13 41158390 rs2701868 0.06704600000000001
13 41158839 rs112823264 0.47963
13 41159272 rs187402307 0.69313
13 41159273 rs192305518 0.56935
13 41159307 rs533834112 0.42891
13 41159832 rs763275376 0.097563
13 41160051 rs12585434 0.51962
13 41160211 rs17811138 0.050700999999999996
13 41160270 rs9532563 2.2795000000000002e-27
13 41160579 rs9532564 3.5009e-27
13 41160711 rs116880972 0.025976999999999997
13 41160943 rs184797113 0.5010899999999999
13 41161044 rs74637880 0.22318000000000002
13 41161770 rs2951787 0.028249
13 41161873 rs74044536 0.28165999999999997
13 41161979 rs2984121 0.7520100000000001
13 41161982 rs77211445 0.82991
13 41162018 rs142105706 0.75116
13 41162086 rs117853452 1.481e-05
13 41162225 rs2721044 1.7451e-27
13 41162327 rs57931209 0.5314
13 41162425 rs17209008 0.050700999999999996
13 41162493 rs17531144 6.0699e-07
13 41162632 rs2721045 1.9098999999999998e-27
13 41162686 rs150022462 0.88189
13 41162954 rs117000808 0.00046168
13 41163323 rs2755217 0.048694
13 41163373 rs2701865 0.066204
13 41163410 rs541733173 0.17655
13 41163610 rs79987045 0.23115
13 41163962 rs376224565 0.13645
13 41164419 rs9566551 0.049682
13 41164457 rs183982241 0.7469
13 41164505 rs188877669 0.6239100000000001
13 41164940 rs184264869 0.75116
13 41164969 rs17209022 0.049579000000000005
13 41165295 rs368127097 0.40565
13 41165739 rs140771543 0.8172699999999999
13 41165847 rs554961112 0.13879
13 41165897 rs190577540 0.22518000000000002
13 41166064 rs117469007 0.52588
13 41166439 rs75015412 0.80373
13 41166490 rs56288452 0.49154
13 41167301 rs145256643 0.066287
13 41167519 rs9566552 0.048542
13 41167736 rs7329912 0.26866999999999996
13 41167903 rs59310262 0.35461
13 41168416 rs79370226 0.048415
13 41169385 rs118159920 5.0681000000000005e-05
13 41169392 rs74044537 0.41867
13 41169562 rs9577075 0.04798
13 41169566 rs76409480 0.79892
13 41169625 rs2755219 8.1725e-28
13 41169858 rs193043942 0.41271
13 41169882 rs75242882 0.27307
13 41169961 rs542084029 0.20895
13 41170134 rs2701864 0.067449
13 41170244 rs141571747 0.065204
13 41171036 rs61963266 8.221699999999999e-28
13 41171897 rs374243649 0.8570200000000001
13 41171952 rs3858869 0.17078
13 41172343 rs75326462 0.54189
13 41172362 rs7990638 0.52679
13 41172368 rs139632463 0.84095
13 41172813 rs201624080 0.90251
13 41173408 rs4943794 8.545099999999999e-28
13 41173433 rs4943795 1.4440999999999998e-27
13 41173507 rs560895956 0.83568
13 41173651 rs117611437 0.00051259
13 41173681 rs146725986 0.11135999999999999
13 41173859 rs144064542 0.74855
13 41174149 rs17592371 0.4806
13 41174224 rs55708275 0.054998000000000005
13 41174231 rs9566553 1.1753e-27
13 41174260 rs141103099 0.61159
13 41174368 rs111526707 0.46806000000000003
13 41174504 rs74044542 0.9358299999999999
13 41174534 rs55851253 0.067328
13 41174656 rs115394850 0.5657300000000001
13 41174980 rs79117929 0.35424
13 41175062 rs147490482 0.055673
13 41175830 rs115420968 0.38913000000000003
13 41176179 rs569282815 0.74855
13 41176450 rs9532568 0.0013302
13 41176457 rs538125582 0.64591
13 41176718 rs79701034 0.00039248
13 41176924 rs74044543 0.35443
13 41177065 rs17061445 0.96504
13 41177259 rs7324943 0.06827000000000001
13 41177291 rs117843805 0.18016
13 41178165 rs572937715 0.67062
13 41178204 rs139342313 0.12040999999999999
13 41178824 rs1986649 5.019600000000001e-27
13 41179321 rs9549238 4.7725e-27
13 41179580 rs7985364 9.959499999999999e-28
13 41179750 rs149656702 0.9422299999999999
13 41179798 rs7986407 4.1927e-27
13 41179970 rs146915830 0.81272
13 41180507 rs141718583 0.0085506
13 41180594 rs147091605 0.9915700000000001
13 41181245 rs150192180 0.30639
13 41181385 rs17061448 0.25263
13 41181416 rs78740185 0.91561
13 41181606 rs118082115 0.69707
13 41181774 rs3908773 0.053364
13 41181832 rs544393321 0.010453
13 41182274 rs142526488 0.43833
13 41182675 rs151141190 0.021782
13 41183050 rs3908774 0.77985
13 41183348 rs571854197 0.16022
13 41183620 rs546636216 0.02213
13 41183716 rs17061450 6.5417999999999995e-28
13 41183853 rs187629599 0.2347
13 41184262 rs540099581 0.63574
13 41184358 rs17061453 0.044599
13 41185309 rs7331212 4.0722999999999997e-23
13 41185511 rs77563897 0.6254
13 41186035 rs145646871 0.5300600000000001
13 41186319 rs150562247 0.53182
13 41186382 rs79123773 0.84849
13 41186501 rs10507486 4.9093e-28
13 41186644 rs9549240 5.5134e-28
13 41187169 rs75385933 0.8141
13 41187379 rs117466734 0.6648
13 41187641 rs183907085 0.40813
13 41187678 rs139573535 0.41516000000000003
13 41188061 rs147562498 0.90625
13 41188252 rs67188841 0.065737
13 41188292 rs3900833 7.687099999999999e-28
13 41188295 rs142996055 0.7437699999999999
13 41188761 rs532300752 0.52571
13 41189143 rs4429172 6.2767e-28
13 41189391 rs188097601 0.26284
13 41189455 rs191395431 0.059475
13 41189551 rs567665879 0.47116
13 41189703 rs4941986 1.4098e-27
13 41189773 rs55743443 0.07118300000000001
13 41189878 rs143204786 0.06225700000000001
13 41190189 rs576885974 0.69343
13 41190264 rs190082553 0.36833
13 41190792 rs61187777 0.80904
13 41191021 rs140330684 0.39054
13 41191363 rs3924477 5.4003e-28
13 41191381 rs7336080 0.06876900000000001
13 41191473 rs3924478 6.274499999999999e-28
13 41191777 rs56158801 0.3743
13 41191834 rs183090164 0.76005
13 41192149 rs78593852 0.17223
13 41192405 rs754985562 0.10873
13 41192626 rs146543096 0.15659
13 41192645 rs66879157 0.067259
13 41192837 rs9577076 0.053396000000000006
13 41192991 rs117161142 0.003296
13 41193205 rs150196757 0.32458000000000004
13 41193313 rs146982053 9.478799999999999e-05
13 41193475 rs4435111 0.068727
13 41194032 rs17630266 0.5554899999999999
13 41194178 rs76949687 8.294e-06
13 41194291 rs74490585 0.03904
13 41194337 rs530536100 0.29841
13 41194784 rs77573636 0.039109
13 41195283 rs114217746 0.32266
13 41195411 rs12583418 5.4623e-28
13 41195505 rs115474921 0.68518
13 41195550 rs114502779 0.00051132
13 41195654 rs76983463 0.038189
13 41195969 rs148745868 0.9647
13 41195992 rs4941987 9.1889e-28
13 41196006 rs4941988 1.4570000000000001e-27
13 41196010 rs116346297 0.43411000000000005
13 41196016 rs4943796 1.2914e-27
13 41196130 rs184862690 0.8250299999999999
13 41196394 rs76408511 0.43038999999999994
13 41196407 rs7335520 5.776e-28
13 41196543 rs115603584 0.015088999999999998
13 41196703 rs74044545 0.13551
13 41196877 rs12876443 7.076300000000001e-07
13 41196994 rs140387019 0.015671
13 41197500 rs553233428 0.19484
13 41198001 rs9577077 0.040206
13 41198587 rs543626080 0.22860999999999998
13 41198660 rs9566554 0.054735
13 41198835 rs74044547 0.92725
13 41198916 rs75923054 0.25317
13 41199421 rs7330614 8.6414e-28
13 41199487 rs12585870 8.6328e-28
13 41199531 rs12585875 7.5653e-28
13 41199697 rs10162172 0.76655
13 41200091 rs7338669 8.476799999999999e-28
13 41200602 rs146402492 0.17115999999999998
13 41200909 rs78516256 0.26866
13 41200976 rs17592468 0.45808000000000004
13 41200988 rs78495084 0.048601
13 41201292 rs753955108 0.75166
13 41201633 rs4943797 8.680099999999999e-28
13 41201734 rs148515300 0.00042537
13 41201830 rs368576471 0.02001
13 41201929 rs9577079 0.062391999999999996
13 41202122 rs145366440 0.9209799999999999
13 41202135 rs772518148 0.7646
13 41202185 rs9577080 0.054965999999999994
13 41202384 rs12854161 6.485599999999999e-24
13 41202401 rs28553411 0.45111
13 41202561 rs187463552 0.16462000000000002
13 41202669 rs78601796 0.080712
13 41202939 rs868267131 0.77353
13 41202948 rs4943798 7.484399999999999e-28
13 41203344 rs182431436 0.8252700000000001
13 41203365 rs113377887 5.0362e-28
13 41203558 rs546745176 0.51741
13 41203905 rs4581585 8.751499999999999e-28
13 41204015 rs7323267 2.3445000000000005e-27
13 41204242 rs66527125 0.088706
13 41204246 rs79692440 0.27824
13 41204554 rs144614149 0.2827
13 41204808 rs527374632 0.34919
13 41205289 rs73173180 0.90645
13 41205299 rs116429273 0.42854
13 41205512 rs7319021 0.45443
13 41205656 rs564427123 0.98365
13 41205898 rs79918395 0.45848999999999995
13 41206298 rs12584715 0.08036499999999999
13 41206542 rs80196127 0.060752999999999995
13 41206612 rs112410290 0.5081
13 41206697 rs75150434 0.054965999999999994
13 41206800 rs145558142 0.41418999999999995
13 41206872 rs60832433 0.51403
13 41206895 rs368962535 0.054965999999999994
13 41206933 rs551299470 0.57068
13 41206936 rs150949094 8.358600000000001e-05
13 41207024 rs76829895 0.054965999999999994
13 41207158 rs78045646 1.0071e-05
13 41207567 rs75529520 0.32483
13 41207681 rs762339184 0.54083
13 41207752 rs115956796 0.41418999999999995
13 41208063 rs12585134 0.50793
13 41208067 rs149394307 0.41418999999999995
13 41208290 rs79918938 0.060752999999999995
13 41208607 rs17531346 0.48315
13 41208718 rs75330027 0.04024
13 41208905 rs560994575 0.11237
13 41208940 rs113762195 0.00030604
13 41209236 rs7981045 1.5299000000000002e-22
13 41209406 rs115466001 0.98324
13 41209881 rs9577081 0.060752999999999995
13 41209912 rs34451422 0.10115
13 41209951 rs143303286 0.1959
13 41210041 rs9549241 6.3963e-28
13 41210524 rs78600427 0.92725
13 41210878 rs4583096 3.6330999999999997e-28
13 41211426 rs78116170 0.40147
13 41211783 rs80100743 0.42923
13 41212111 rs141808253 0.2827
13 41212225 rs17446928 0.10240999999999999
13 41212562 rs77563600 0.63295
13 41212732 rs12866643 0.6441899999999999
13 41212827 rs143399596 0.98324
13 41212949 rs146685185 0.82316
13 41213097 rs60491937 0.33458000000000004
13 41213098 rs55750647 0.11015
13 41213101 rs149865716 0.39576
13 41214582 rs77416541 0.061265999999999994
13 41215256 rs7333037 4.910099999999999e-28
13 41215374 rs9577084 0.055732000000000004
13 41215680 rs75772229 0.31361999999999995
13 41215696 rs7989711 4.862499999999999e-28
13 41215766 rs80213093 0.39688
13 41215802 rs7988604 4.9227999999999995e-28
13 41215972 rs7990923 4.9103e-28
13 41216007 rs9566555 0.06097
13 41216052 rs7989165 0.06659
13 41216437 rs4325426 4.9108e-28
13 41216438 rs9577085 0.055284
13 41216483 rs192771420 0.012287000000000001
13 41216534 rs4325427 1.6448e-27
13 41216646 rs8001443 4.9442e-28
13 41216831 rs4943800 4.9606e-28
13 41216841 rs184743555 0.60638
13 41217205 rs9549243 2.4205e-28
13 41217219 rs150927662 0.63484
13 41217275 rs139478238 0.9202899999999999
13 41217351 rs7334136 0.06669299999999999
13 41217410 rs7334318 4.9183e-28
13 41217565 rs9566556 0.041283
13 41217734 rs12874490 0.10221000000000001
13 41217849 rs7317254 4.933e-28
13 41217864 rs115136897 0.58826
13 41217965 rs189158707 0.8845299999999999
13 41217967 rs181821596 0.59653
13 41217991 rs7139990 0.066709
13 41218134 rs10507484 4.949599999999999e-28
13 41218451 rs1413482 5.8454e-28
13 41218608 rs564634795 0.9414799999999999
13 41218670 rs9532571 5.7979e-28
13 41218685 rs9549244 5.2463e-28
13 41218696 rs78368075 0.94709
13 41218860 rs56141801 0.32133
13 41219125 rs60018329 0.066694
13 41219434 rs7993233 5.771e-28
13 41219441 rs9577086 0.056054
13 41219945 rs77668874 0.55676
13 41220072 rs117828578 0.0458
13 41220101 rs75281903 0.059740999999999995
13 41220117 rs71427417 0.8613299999999999
13 41220272 rs116966000 0.018307
13 41220755 rs9549246 3.0374e-28
13 41220777 rs9549247 5.010099999999999e-28
13 41220951 rs192857780 0.056054
13 41221589 rs9577087 5.770299999999999e-28
13 41222063 rs552556784 0.6334
13 41222067 rs116879506 0.90143
13 41222112 rs55920113 4.998299999999999e-28
13 41222528 rs34778628 0.10824
13 41222625 rs77932068 0.5586899999999999
13 41222645 rs577076991 0.33161
13 41223110 rs1334241 2.7311e-28
13 41223652 13:41223652_T_C 0.93096
13 41223735 rs11147808 0.041562
13 41223886 rs9603776 0.73614
13 41224442 rs9549249 5.792999999999999e-28
13 41224499 rs138833973 0.0891
13 41224748 rs115469619 0.44318
13 41224798 rs75900759 0.0056565
13 41224813 rs12585277 6.4989e-28
13 41224993 rs550735023 0.30971
13 41224995 rs192103090 0.40768000000000004
13 41225094 rs111659253 0.4916
13 41225097 rs9577088 5.6491e-28
13 41225222 rs9577089 0.056228999999999994
13 41225361 rs9532575 4.912e-28
13 41225852 rs138419541 0.58307
13 41225874 rs1360719 5.6153e-28
13 41226485 rs58919811 4.8864e-28
13 41226561 rs57735994 4.8725e-28
13 41227769 rs74044557 0.33885
13 41227790 rs145049956 0.09295700000000001
13 41227857 rs550644985 0.8382299999999999
13 41227865 rs9577091 5.836599999999999e-28
13 41228210 rs17061491 4.8326e-28
13 41228371 rs9577092 0.056585
13 41228392 rs9577093 5.5696e-28
13 41228892 rs9577094 0.049169
13 41229095 rs756090557 0.8354299999999999
13 41229167 rs9577095 0.060742
13 41229310 rs9577096 0.042033
13 41229429 rs112440988 0.048139
13 41229905 rs7328677 5.944999999999999e-28
13 41230062 rs9603777 0.16402
13 41230098 rs149113170 0.9844799999999999
13 41230141 rs9549252 4.9041e-28
13 41230306 rs188242716 0.5675600000000001
13 41230569 rs779232779 0.7511
13 41231030 rs142738531 0.19183
13 41231093 rs9532576 3.1089e-28
13 41231160 rs138026848 0.060715
13 41231542 rs9532577 4.8028e-28
13 41231556 rs9549253 1.5372999999999998e-22
13 41231748 rs143374675 0.51742
13 41232340 rs73173195 0.24649000000000001
13 41232509 rs115327144 0.46321
13 41233073 rs61963289 3.1092999999999997e-28
13 41233345 rs7324081 4.9267e-28
13 41233505 rs7324319 4.8822e-28
13 41233905 rs2297628 2.7154e-28
13 41233931 rs2297627 4.8828e-28
13 41233977 rs9566558 0.056675
13 41234002 rs2297626 0.51977
13 41234314 rs73469056 0.6782199999999999
13 41234397 rs56204202 0.06804299999999999
13 41234763 rs9549254 2.6635999999999997e-28
13 41234785 rs80130736 0.0011555
13 41234972 rs542823271 0.2669
13 41234980 rs115607807 0.0027955
13 41235165 rs74044558 0.92963
13 41235213 rs9549255 5.8093e-28
13 41235422 rs9566559 0.043263
13 41235587 rs188266847 0.27192
13 41235836 rs752127880 0.57563
13 41236134 rs141994863 0.39816
13 41236238 rs186118388 0.089644
13 41236407 rs9532578 3.3312e-28
13 41237075 rs9566560 0.056901
13 41237339 rs112710960 0.97778
13 41237549 rs568829384 0.5656800000000001
13 41237680 rs537780186 0.26571999999999996
13 41238347 rs187946370 0.45661999999999997
13 41238348 rs61963317 0.2832
13 41238406 rs61224310 0.9280799999999999
13 41238415 rs74857105 0.54345
13 41238424 rs115992163 0.92263
13 41238471 rs57449484 0.72168
13 41238710 rs74372760 0.24611999999999998
13 41238720 rs113181287 0.8773799999999999
13 41238783 rs116113914 0.0011503
13 41238829 rs79224640 0.057244
13 41238918 rs116384052 0.21566999999999997
13 41239178 rs6563841 1.0408e-27
13 41239308 rs374199120 0.057435
13 41239542 rs528286256 0.35003
13 41240106 rs34733279 0.49923
13 41240379 rs202030645 0.50503
13 41240436 rs184872976 0.73905
13 41240608 rs534780466 0.21900999999999998
13 41240758 rs574022211 0.45621000000000006
13 41240783 rs35594717 3.2264e-28
13 41241006 rs866062189 0.22511
13 41241091 rs561148542 0.45568000000000003
13 41241121 rs529982014 0.34779
13 41241149 rs546938054 0.45568000000000003
13 41241163 rs372912706 0.7720100000000001
13 41242710 rs57050634 0.37888
13 41242790 rs9577097 0.060307000000000006
13 41242858 rs145253452 0.78887
13 41242889 rs184195476 0.7936
13 41243231 rs35240899 3.2500999999999996e-28
13 41243458 rs9532579 5.3537e-28
13 41243629 rs73469075 0.6056600000000001
13 41243660 rs2151785 4.9606e-28
13 41243845 rs117538016 0.011468
13 41243900 rs116466811 0.28947
13 41244026 rs56105846 0.33626
13 41244260 rs9532580 1.0015999999999999e-28
13 41244276 rs541734552 0.046754000000000004
13 41244297 rs6563842 3.3211e-28
13 41244409 rs73469083 0.59583
13 41244458 rs73469084 0.5783
13 41244600 rs73469086 0.48053
13 41244712 rs12869720 0.13076
13 41245079 rs59308928 6.5993e-28
13 41245144 rs9549257 3.2411999999999996e-23
13 41245162 rs75928304 0.84905
13 41246243 rs7318062 0.8814700000000001
13 41246281 rs114559910 0.66684
13 41246376 rs73173198 0.051457
13 41246758 rs17061503 9.2759e-28
13 41246773 rs9577098 0.068841
13 41247753 rs189086066 0.27974
13 41247860 rs116659058 0.8999
13 41248026 rs9549258 1.3402e-23
13 41248037 rs966968 1.4333e-23
13 41248564 rs145315042 0.7398100000000001
13 41248698 rs964901 3.966e-24
13 41248804 rs78654152 0.011418000000000001
13 41248863 rs113889541 0.69622
13 41249040 rs7337995 3.7326e-24
13 41249355 rs9566561 0.011452
13 41249615 rs190735721 0.7814300000000001
13 41249722 rs7325594 0.6963699999999999
13 41249973 rs151159034 0.45764
13 41250113 rs9549259 0.006644
13 41250254 rs140201295 0.84241
13 41250273 rs190132845 0.7891100000000001
13 41250277 rs145241255 0.7406
13 41250617 rs2065635 0.012019
13 41250642 rs140709761 0.0020629999999999997
13 41250785 rs115509941 0.20811
13 41251042 rs9532581 0.1789
13 41251082 rs550173228 0.93248
13 41251206 rs144338596 0.19509
13 41251207 rs9532582 3.5688e-24
13 41251359 rs139610812 0.015202
13 41251536 rs74829486 0.36051
13 41251900 rs2065634 0.070246
13 41251918 rs143150328 0.28261
13 41252056 rs191551237 0.18781
13 41252132 rs189965690 0.95862
13 41252446 rs190441452 0.64205
13 41252646 rs145590627 0.65459
13 41252674 rs112158214 0.6543899999999999
13 41252965 rs9919834 0.70701
13 41253087 rs561050803 0.14329
13 41253140 rs112338360 0.21281
13 41253569 rs7991748 0.75065
13 41253764 rs7328594 4.019e-24
13 41253958 rs7324090 4.0921e-24
13 41254104 rs9549260 3.4779e-20
13 41254360 rs74980030 0.098902
13 41254527 rs7329077 0.0027819000000000003
13 41255157 rs76051949 0.063315
13 41255423 rs74633551 0.09819
13 41255553 rs57627329 0.42908999999999997
13 41255771 rs74671786 0.5993
13 41255783 rs79612209 0.34255
13 41255841 rs73469097 0.16433
13 41255903 rs73469098 0.1645
13 41255904 rs77255812 0.16171
13 41256051 rs17061518 0.16557
13 41256360 rs55776591 0.0022006
13 41256423 rs185164759 0.39645
13 41256473 rs9532583 2.4279e-20
13 41256519 rs112993772 0.1633
13 41256996 rs9315779 0.0042751
13 41257027 rs111275804 0.073163
13 41257085 rs73471006 0.16475
13 41257371 rs7333119 0.004197
13 41257405 rs188277652 0.07259299999999999
13 41257418 rs78984855 0.083863
13 41257773 rs151331637 0.35875
13 41257811 rs141714454 0.5959
13 41257826 rs570451598 0.14177
13 41258312 rs76989259 0.099611
13 41258407 rs7985288 0.0037181999999999996
13 41258822 rs139859502 0.6452600000000001
13 41259242 rs190644678 0.07259299999999999
13 41259782 rs151137055 0.76431
13 41259834 rs113270694 0.54874
13 41259854 rs77147127 0.24636999999999998
13 41259912 rs60333767 0.60105
13 41260861 rs61683434 0.17248
13 41260864 rs561806976 0.13589
13 41260923 rs145845052 0.30574
13 41261019 rs9532584 2.1489e-17
13 41261126 rs147730296 0.70012
13 41261189 rs9577102 0.0034031999999999995
13 41261258 rs112014551 0.69998
13 41261477 rs554613648 0.5902
13 41262838 rs79271561 0.0093735
13 41262901 rs114962355 0.9485299999999999
13 41263055 rs184352950 0.88475
13 41263403 rs117231170 0.4817
13 41263960 rs9315780 5.9594e-19
13 41264053 rs9315781 5.9169e-19
13 41264608 rs78644733 0.70297
13 41264784 rs9549263 2.5702e-18
13 41265058 rs73471033 0.16602999999999998
13 41265389 rs145741624 0.62388
13 41265468 rs115247746 0.25463
13 41265535 rs117246167 0.3169
13 41265978 rs9549264 0.20043
13 41265979 rs7332730 2.4789e-19
13 41265982 rs111437842 0.5816399999999999
13 41266182 rs7995073 0.17092000000000002
13 41266240 rs572873400 0.88023
13 41266456 rs138771110 0.0094101
13 41266608 rs8002209 5.000999999999999e-19
13 41266857 rs140330521 0.47818999999999995
13 41267161 rs111373582 0.7067899999999999
13 41267321 rs750772430 0.44872
13 41267601 rs113374360 0.08670599999999999
13 41268006 rs112225646 0.072616
13 41268086 rs9532585 1.0505e-17
13 41268328 rs115535790 0.61953
13 41268333 rs144991623 0.0018817
13 41268594 rs17630456 0.42799
13 41268823 rs7997896 8.8797e-19
13 41268924 rs7998086 1.0229999999999999e-18
13 41269126 rs145596578 0.24441999999999997
13 41269258 rs767896132 0.24788000000000002
13 41269274 rs75907919 0.6328199999999999
13 41269382 rs148913503 0.78223
13 41269632 rs143549193 0.6411100000000001
13 41269656 rs148041301 0.6128
13 41269994 rs4943804 1.0015000000000002e-18
13 41270041 rs17061521 0.65792
13 41270080 rs4943805 4.0771000000000003e-19
13 41270203 rs200132874 0.84244
13 41270491 rs531237337 0.51483
13 41270778 rs138742982 0.17209000000000002
13 41270963 rs17068701 0.17153
13 41270978 rs17068704 0.084731
13 41271461 rs139986558 0.5535100000000001
13 41271601 rs113467541 0.18299
13 41271607 rs9577106 0.25938
13 41271655 rs374993208 0.020998
13 41271676 rs9577107 7.4801e-19
13 41271764 rs9577108 7.5374e-19
13 41271782 rs9577109 1.1839000000000001e-18
13 41271878 rs9577110 1.2937e-18
13 41272020 rs9577111 3.9292e-18
13 41272085 rs73471065 0.35889
13 41272108 rs112908305 0.45583999999999997
13 41272233 rs144426417 0.78238
13 41272320 rs77451491 0.34714
13 41272392 rs73471067 0.35921
13 41273206 rs150385021 0.99692
13 41273239 rs9566564 0.009529600000000001
13 41273352 rs572174672 0.95436
13 41273481 rs9577112 3.4832e-19
13 41273490 rs8001944 0.40406
13 41273518 rs113204272 0.052048000000000004
13 41273625 rs142778930 0.70811
13 41273659 rs146925971 0.45655
13 41273776 rs73471072 0.091552
13 41273981 rs73471074 0.38932
13 41274072 rs61963324 0.10407000000000001
13 41274267 rs74242785 0.0095818
13 41274665 rs77613616 0.47901000000000005
13 41275046 rs367965760 0.020998
13 41275319 rs117073308 3.5921e-12
13 41275624 rs112755345 0.38966
13 41275726 rs77615197 0.37346999999999997
13 41276341 rs7982072 1.3896000000000001e-18
13 41276516 rs9577114 0.0095789
13 41276553 rs9577115 1.3697e-18
13 41276600 rs142818567 0.96741
13 41276833 rs112420969 5.1421000000000004e-17
13 41276932 rs7323670 0.008391299999999999
13 41277071 rs116541893 0.60641
13 41277321 rs113655575 0.35415
13 41277470 rs9566566 0.015390000000000001
13 41277736 rs4245401 1.3587e-18
13 41277794 rs4575411 1.3647999999999999e-18
13 41277986 rs114046096 0.59606
13 41278121 rs12585059 0.39385
13 41278164 rs113202142 0.18084
13 41278374 rs146114974 0.099875
13 41278409 rs9549266 5.082e-17
13 41278410 rs9603779 0.75855
13 41278442 rs9566567 0.011601
13 41278468 rs59479745 0.38834
13 41278802 rs13378732 0.015233000000000002
13 41278882 rs115114050 0.29262
13 41279214 rs9532586 1.0804e-16
13 41279270 rs144253563 0.081219
13 41279409 rs115833031 0.5962
13 41279488 rs8000965 1.3429e-18
13 41279516 rs140590100 0.77756
13 41279626 rs10161872 0.01524
13 41279814 rs115773422 0.60617
13 41279847 rs114523386 0.60617
13 41279854 rs113284986 0.25655
13 41279875 rs9577116 0.0095267
13 41279953 rs4943807 1.4823e-18
13 41280053 rs7984362 0.40486
13 41280088 rs535867678 0.05491
13 41280408 rs569527977 0.06663
13 41280525 rs75967617 0.35764
13 41280803 rs79992780 0.40493
13 41280865 rs184207415 0.66313
13 41280979 rs7990957 3.6739000000000003e-19
13 41281017 rs374655915 0.27464
13 41281123 rs189576363 0.097389
13 41281258 rs372655107 0.39382
13 41281265 rs577999971 0.4997
13 41281555 rs145143447 0.091668
13 41281720 rs565647766 0.8336899999999999
13 41281731 rs7996228 1.455e-18
13 41282015 rs190755119 0.10991
13 41282057 rs111921957 0.073727
13 41282351 rs74612350 0.35799000000000003
13 41282770 rs140681090 0.35846999999999996
13 41283079 rs182944304 0.34241
13 41283095 rs147419135 0.35809
13 41283296 rs551546619 0.66406
13 41283595 rs187600104 0.5213
13 41284098 rs111992700 0.072511
13 41284193 rs9549270 5.6862e-19
13 41284336 rs142131777 0.53377
13 41284485 rs146699610 0.9665100000000001
13 41284538 rs140219257 0.18127000000000001
13 41284574 rs548305919 0.9249700000000001
13 41284777 rs111443390 0.18043
13 41284968 rs73471101 0.38829
13 41285177 rs567756042 0.00084566
13 41285210 rs138292919 0.37484
13 41285241 rs149619536 0.7088399999999999
13 41285352 rs9577121 0.0095267
13 41285483 rs139146159 0.74502
13 41285488 rs142957131 0.7821100000000001
13 41285528 rs9566568 0.0095789
13 41285823 rs112687082 0.07343
13 41285996 rs141802964 0.18120999999999998
13 41286022 rs111364628 0.38806
13 41286051 rs112151105 0.35065999999999997
13 41286092 rs118034287 0.0022574
13 41286132 rs117219838 0.3789
13 41286334 rs111572177 0.38856999999999997
13 41286375 rs73174804 0.043607
13 41286527 rs73473009 0.38818
13 41286764 rs139207269 0.084445
13 41287346 rs143983363 0.7107100000000001
13 41287350 rs146437586 0.37227
13 41287458 rs73473011 0.1722
13 41287540 rs4245402 1.4778999999999999e-18
13 41287861 rs113869577 0.07302
13 41288167 rs9635107 1.4337000000000001e-18
13 41288311 rs114224075 0.5987899999999999
13 41288580 rs9603781 0.5929
13 41288587 rs565929167 0.64623
13 41288615 rs75501286 0.23066
13 41289003 rs138168491 0.0095267
13 41289164 rs9315783 2.273e-18
13 41289166 rs9315784 2.3551e-18
13 41289188 rs117101937 0.0095267
13 41289572 rs185171140 0.013693
13 41289613 rs9577122 0.0095789
13 41289643 rs115152291 0.17386
13 41289969 rs112008289 0.090298
13 41290131 rs144057983 0.37418
13 41290179 rs113064602 0.38815
13 41290260 rs139449509 0.089463
13 41290366 rs77932365 0.0095789
13 41290528 rs79128216 0.22233000000000003
13 41290610 rs115034313 0.27662
13 41290696 rs113569749 0.07193200000000001
13 41290739 rs147937712 3.0572e-05
13 41290906 rs117900859 0.008465899999999998
13 41291213 rs61963343 0.18604
13 41291240 rs9566569 0.015179
13 41291335 rs181252006 0.44259
13 41291706 rs7330618 6.1217e-17
13 41291794 rs12584053 0.38824000000000003
13 41291896 rs141900806 0.96624
13 41291928 rs12184871 1.3413999999999998e-18
13 41292094 rs111753663 0.071541
13 41292159 rs112230154 0.70925
13 41292412 rs571689403 0.06603300000000001
13 41292493 rs17630491 0.34051
13 41292581 rs113563159 0.23006999999999997
13 41292603 rs60253736 0.9813700000000001
13 41292735 rs575234092 0.026525999999999997
13 41293052 rs9577123 0.015466999999999998
13 41293157 rs77456907 0.97425
13 41293521 rs150731404 0.2649
13 41293523 rs111309572 0.38190999999999997
13 41293757 rs113666422 0.071155
13 41293774 rs78494883 0.40412
13 41293950 rs4943808 1.5736e-18
13 41294493 rs9577124 0.009521
13 41294521 rs141720588 0.46313000000000004
13 41294934 rs115769999 0.00076589
13 41295477 rs9549271 3.4031999999999994e-19
13 41295647 rs371745904 0.3114
13 41295887 rs56302456 1.1854e-16
13 41295925 rs151254721 0.9668899999999999
13 41296373 rs573506397 0.095726
13 41296442 rs145533285 0.20640999999999998
13 41296483 rs138132662 0.011781
13 41296661 rs7338577 0.089701
13 41297404 rs4943809 1.2444e-16
13 41297405 rs4943810 1.6318e-16
13 41297483 rs551343361 0.17952
13 41297599 rs191721759 0.70975
13 41297675 rs59753508 0.09135700000000001
13 41297734 rs139419264 0.11292
13 41297991 rs578215200 0.71849
13 41298002 rs73457335 0.35952
13 41298087 rs542782054 0.071155
13 41298101 rs7328188 0.39004
13 41298109 rs143440309 0.44575
13 41298190 rs6563844 4.4042e-19
13 41298211 rs190897409 0.66866
13 41298388 rs549169403 0.10995
13 41298485 rs112009602 0.7099300000000001
13 41298622 rs151101610 0.55669
13 41298625 rs7328961 0.35977
13 41298628 rs112902824 0.71121
13 41298783 rs139750835 0.7790100000000001
13 41298799 rs114606634 0.45677
13 41298914 rs112421132 0.71239
13 41298959 rs9603782 0.024457
13 41299129 rs61963345 5.923699999999999e-19
13 41299489 rs73457340 0.39009
13 41299540 rs115449458 0.28853
13 41299597 rs74825080 0.39004
13 41299598 rs77235249 0.84411
13 41299687 rs4941989 1.4215000000000001e-18
13 41299698 rs146515153 0.27788
13 41299762 rs116775750 0.60055
13 41299802 rs73457344 0.39004
13 41299857 rs4941990 1.4214e-18
13 41299880 rs73457346 0.089759
13 41300082 rs143120236 0.33821999999999997
13 41300116 rs148256131 0.33821999999999997
13 41300512 rs192567518 0.79605
13 41300628 rs138014915 0.3211
13 41300723 rs73457348 0.091616
13 41301264 rs113552903 0.39005
13 41301339 rs113944487 0.39783
13 41301414 rs144328696 0.28517
13 41301524 rs148760651 0.16782
13 41301558 rs9577126 0.01444
13 41301852 rs13378489 0.014440999999999999
13 41302104 rs111506854 0.71239
13 41302147 rs9549273 6.6737e-17
13 41302457 rs145648494 0.9798399999999999
13 41302472 rs7332128 0.3902
13 41302694 rs9532587 6.9193e-17
13 41302775 rs115212526 0.22235
13 41302791 rs552320972 0.40003
13 41302913 rs9532588 3.6519e-19
13 41303004 rs9577127 0.010381999999999999
13 41303026 rs9577128 0.010381999999999999
13 41303383 rs143555264 0.00071931
13 41303685 rs77896392 0.28986
13 41303966 rs142112995 0.36446
13 41304020 rs567807124 0.071155
13 41304174 rs117981056 0.9426200000000001
13 41304216 rs73457351 0.39029
13 41304522 rs78032251 0.074528
13 41304685 rs111371776 0.071462
13 41304699 rs9566572 0.011781
13 41304735 rs545873237 0.19605
13 41304736 rs112193678 0.071462
13 41304765 rs59442599 0.39566999999999997
13 41304825 rs139601201 0.9798399999999999
13 41305262 rs9566573 0.010381999999999999
13 41305483 rs73457354 0.39025
13 41305866 rs10459370 0.010381999999999999
13 41306078 rs58902704 0.36380999999999997
13 41306260 rs151210923 0.67703
13 41306278 rs117544120 0.23856
13 41306621 rs145232747 0.77976
13 41306834 rs9566574 1.3729e-18
13 41306884 rs9577129 0.015228
13 41307381 rs145833502 0.32765
13 41307382 rs138479283 0.32271
13 41307440 rs74242787 0.42163999999999996
13 41307789 rs10459371 0.81024
13 41308173 rs573105355 0.21721999999999997
13 41308301 rs9646110 4.915e-19
13 41308346 rs74220471 0.010381999999999999
13 41308368 rs74386471 0.010381999999999999
13 41308424 rs114551609 0.66287
13 41308586 rs557145481 0.57721
13 41308784 rs141592260 0.26482
13 41309211 rs7337330 3.3854999999999997e-19
13 41309223 rs113218351 1.0617000000000001e-16
13 41309261 rs149769092 0.36379
13 41309414 rs193260840 0.39457
13 41309423 rs184158904 0.7099
13 41309461 rs191625806 0.71117
13 41309482 rs148475907 0.42956000000000005
13 41310364 rs115005599 0.30972
13 41310370 rs188931462 0.77989
13 41311193 rs200391948 0.35416
13 41311703 rs145314016 0.7099
13 41311836 rs140474002 0.39331
13 41311866 rs190254519 0.54063
13 41312043 rs552655127 0.26836
13 41312814 rs151167499 0.99735
13 41313191 rs144912290 0.9961
13 41315241 rs61372890 0.9677
13 41315380 rs145872274 0.70932
13 41315434 rs59185569 0.21463000000000002
13 41315582 rs9549279 1.3415999999999999e-18
13 41315811 rs77741391 0.27376999999999996
13 41315995 rs9577134 0.0145
13 41315998 rs73174811 6.349899999999999e-17
13 41316150 rs73457373 0.3999
13 41316155 rs183250752 0.18984
13 41316181 rs73457374 0.38666
13 41316364 rs9603786 1.3978999999999999e-18
13 41316599 rs117825046 0.97196
13 41316697 rs73457378 0.39352
13 41316825 rs73457381 0.36234
13 41316958 rs74242788 0.42766000000000004
13 41317224 rs141483689 0.29712
13 41317324 rs58908501 0.31944
13 41317500 rs113934843 0.23131999999999997
13 41317527 rs72476607 0.4197
13 41317593 rs79304257 0.36388000000000004
13 41317936 rs4943811 1.2592e-16
13 41318129 rs116490109 0.00068658
13 41318138 rs140654309 0.9108799999999999
13 41318197 rs144408369 0.23976999999999998
13 41318755 rs192944688 0.7739199999999999
13 41318760 rs563448029 0.62676
13 41318822 rs61963351 7.6359e-17
13 41318845 rs112606041 0.24881
13 41318907 rs6563845 1.2068e-18
13 41319537 rs9577136 1.1223e-18
13 41320639 rs114997392 0.89549
13 41320734 rs115444934 0.22276999999999997
13 41321582 rs9577137 0.10207000000000001
13 41321593 rs143693725 0.61961
13 41321834 rs551896864 0.81713
13 41322004 rs115712627 0.36796
13 41322374 rs147258358 0.81452
13 41322481 rs140589929 0.34241
13 41322660 rs9549280 4.3406e-19
13 41322732 rs9315785 1.3234e-18
13 41322884 rs186085462 0.06438200000000001
13 41322977 rs7322754 8.7372e-22
13 41323397 rs13508 1.5437e-16
13 41324358 rs79810906 0.81918
13 41324623 rs8000482 0.012417000000000001
13 41324793 rs7998724 1.4159e-18
13 41325018 rs9577138 0.017755
13 41325858 rs564763534 0.66999
13 41325914 rs192559920 0.23792
13 41326356 rs146673610 0.30241999999999997
13 41326391 rs141410783 0.82125
13 41326559 rs7992974 0.012221
13 41326654 rs73459567 0.37317
13 41326667 rs75354079 0.37317
13 41327074 rs35469886 0.25195
13 41327138 rs12585814 0.37334
13 41327256 rs74044572 0.65447
13 41327301 rs61963353 1.6699e-16
13 41327478 rs112924165 0.22326999999999997
13 41328022 rs190783711 0.99624
13 41328032 rs149356477 0.35334
13 41328588 rs188071979 0.89133
13 41329475 rs114280506 0.40374
13 41329890 rs139853338 0.71982
13 41329993 rs143305402 0.19143
13 41330070 rs146218054 0.44953999999999994
13 41330171 rs9549281 7.762100000000001e-17
13 41330419 rs12585336 0.33848
13 41330468 rs189719010 0.6168100000000001
13 41330890 rs112194704 0.34341
13 41330973 rs12430415 0.596
13 41331026 rs35247606 0.37337
13 41331027 rs1854421 0.58731
13 41331172 rs201166213 0.64673
13 41331210 rs9577139 0.021105000000000002
13 41331332 rs180713198 0.23792
13 41331442 rs558840825 0.55242
13 41331466 rs61438297 0.9162799999999999
13 41331497 rs8002412 7.622399999999999e-17
13 41331895 rs9549282 3.2965e-17
13 41331951 rs73459574 0.34059
13 41331991 rs73459577 0.33826
13 41332212 rs562762529 0.6168100000000001
13 41332533 rs77010761 0.37325
13 41332537 rs77095080 0.37321
13 41332551 rs111542120 0.82724
13 41332733 rs73459583 0.37321
13 41332822 rs73459585 0.36809000000000003
13 41332884 rs9577140 0.021105000000000002
13 41333433 rs553996184 0.60222
13 41333469 rs183055267 0.76676
13 41333596 rs368960078 0.38283
13 41333643 rs545861125 0.23781
13 41334096 rs80005623 0.3757
13 41334327 rs7328453 9.3343e-17
13 41334417 rs75088918 0.40315
13 41334453 rs73459587 0.37134
13 41334492 rs56109752 0.9162799999999999
13 41334497 rs72623307 0.50448
13 41334887 rs75924449 0.40260999999999997
13 41335139 rs116768896 0.032169
13 41335141 rs77614209 0.30254000000000003
13 41335380 rs9566577 0.021105000000000002
13 41335551 rs181371700 2.1726e-05
13 41335719 rs4941991 4.5622e-19
13 41335816 rs4943812 1.2352999999999999e-18
13 41335950 rs79886151 0.9162799999999999
13 41336496 rs73459590 0.37299
13 41336878 rs571074289 0.60018
13 41337096 rs78696328 0.40764
13 41337151 rs79174604 0.3757
13 41337694 rs117439653 0.0058731
13 41337980 rs139403210 0.5343600000000001
13 41338134 rs4943813 1.2645e-18
13 41338147 rs77473576 0.4033
13 41338433 rs116682926 0.30258
13 41338739 rs112544191 0.21434
13 41338880 rs73459600 0.37248000000000003
13 41339405 rs78087732 0.8338399999999999
13 41339503 rs185707695 0.37773
13 41339644 rs114544971 0.8930799999999999
13 41339682 rs115261066 0.31731
13 41340684 rs7986077 9.023700000000001e-19
13 41340691 rs148967701 0.39078
13 41340730 rs9577141 0.65868
13 41340768 rs151045387 0.56989
13 41341292 rs1969978 0.8388
13 41341419 rs9549285 1.4744999999999999e-16
13 41341865 rs138759111 0.65149
13 41342231 rs373985925 0.83604
13 41342308 rs753111173 0.67874
13 41342338 rs76957500 0.39831
13 41342455 rs145496414 0.9474299999999999
13 41342494 rs116770271 0.00087606
13 41342541 rs143961934 0.76473
13 41343171 rs9603787 0.62351
13 41343312 rs112355444 0.34176999999999996
13 41343323 rs192594520 0.7348600000000001
13 41343386 rs183714507 0.00095665
13 41343753 rs73461206 0.37825
13 41344172 rs117287058 0.016465
13 41344204 rs76080821 0.08629400000000001
13 41344252 rs75715054 0.35907
