CHR BP SNP P
12 123094720 rs2277346 0.017595
12 123094838 rs61275910 0.7662100000000001
12 123094865 rs56019922 0.7809
12 123094926 rs143411337 0.8996299999999999
12 123095041 rs1392237 2.6905e-07
12 123095569 rs115270786 0.5448
12 123096056 rs145828423 0.11832999999999999
12 123096205 rs138717843 0.8981600000000001
12 123096295 rs79054853 0.54585
12 123096476 rs75314411 0.26598
12 123096614 rs74459683 0.00023749
12 123096692 rs544040404 0.18698
12 123097023 rs2173628 0.48423
12 123097027 rs146037744 0.39671
12 123097143 rs533936462 0.8579600000000001
12 123097336 rs148532600 0.5891
12 123097528 rs10744294 2.2958000000000002e-07
12 123097650 rs80161612 0.80006
12 123098036 rs141052376 0.8114399999999999
12 123098858 rs66893471 2.4988e-07
12 123098893 rs78273934 0.2424
12 123099564 rs115447517 0.55403
12 123099573 rs75711038 0.55403
12 123100056 rs201035166 0.78692
12 123100144 rs7307052 0.9184700000000001
12 123100188 rs34023619 0.00022976
12 123100282 rs11059000 0.14765999999999999
12 123100283 rs7134209 0.7683399999999999
12 123100293 rs7301082 0.36345
12 123100397 rs6489156 0.32888
12 123100960 rs181388770 0.0095271
12 123101029 rs141898886 0.28991999999999996
12 123101030 rs553276590 0.034658999999999995
12 123101352 rs144296687 0.77453
12 123101673 rs6489157 0.32752
12 123101807 rs544371381 0.064782
12 123102082 rs79229195 0.61933
12 123102144 rs111882438 0.43228999999999995
12 123102921 rs11837038 5.1809e-05
12 123102968 rs145699814 0.81971
12 123103482 rs116171358 0.7830600000000001
12 123103893 rs11059008 1.3840999999999998e-07
12 123103908 rs7959304 0.5551699999999999
12 123104021 rs553164097 0.94501
12 123104208 12:123104208_C_T 0.18638
12 123104211 rs140945465 0.7760100000000001
12 123104584 rs183560690 0.36473
12 123104640 rs745956929 0.047369
12 123104687 rs10847298 0.14715999999999999
12 123105143 rs2270775 1.7522000000000003e-07
12 123105191 rs7298002 0.8589700000000001
12 123105295 rs186388100 0.65088
12 123105744 rs77265531 0.7750600000000001
12 123106101 rs57142071 0.7831
12 123106128 rs150625856 0.030743
12 123106375 rs12315377 0.32605
12 123106455 rs186319199 0.075179
12 123106604 rs190957247 0.81202
12 123106893 rs1014188 4.5474e-05
12 123106911 rs116262440 0.7751100000000001
12 123107420 12:123107420_G_A 0.28254
12 123107893 rs74673531 0.24161999999999997
12 123108274 rs375842310 0.10893
12 123108356 rs7974671 4.8046e-05
12 123108554 rs112327013 0.27205
12 123108563 rs11059023 1.5329000000000002e-07
12 123108990 rs11059028 1.6375999999999998e-07
12 123109212 rs79125234 0.52493
12 123109621 rs114956649 0.53442
12 123109673 rs7309140 8.2681e-05
12 123109811 rs113814792 0.17789000000000002
12 123109904 rs371123477 0.11360999999999999
12 123110018 rs140352220 0.78078
12 123110230 rs36103570 0.00012197
12 123110365 rs6489158 0.00079819
12 123110393 rs77842044 4.7583e-05
12 123110401 rs75614848 0.7756
12 123110422 rs7309390 0.27463000000000004
12 123110453 rs35685258 1.5856e-07
12 123110489 rs149124522 0.021711
12 123110585 rs3803004 0.16403
12 123110654 rs3803005 0.3314
12 123110785 rs78276281 0.00019962
12 123111198 rs77668260 0.6074
12 123111496 rs147489762 0.48873999999999995
12 123111648 rs138442236 0.19280999999999998
12 123112356 rs7296826 7.5548e-08
12 123112510 rs149858505 0.55557
12 123112806 rs6489159 0.62912
12 123113080 rs140319679 0.23412
12 123113264 rs56393302 0.40695
12 123113417 rs10773378 0.014515
12 123114017 rs6489161 0.8613700000000001
12 123114090 rs78167763 0.2574
12 123114186 rs74661041 0.77889
12 123114390 rs77144863 0.56037
12 123114500 rs80186707 0.54365
12 123114572 rs78953261 0.24318
12 123115222 rs147052474 0.10189
12 123115321 rs562226379 0.95504
12 123115591 rs7960415 4.6377e-05
12 123115617 rs144325215 0.24364
12 123115771 rs7966094 0.45833999999999997
12 123115907 rs148359324 0.33666999999999997
12 123115936 rs74400458 0.24224
12 123116047 12:123116047_A_G 0.46792
12 123116172 rs141556355 0.0035055
12 123116209 rs7295397 0.54359
12 123116315 rs139787664 0.16463
12 123116355 rs73409839 1.6156e-07
12 123116483 rs113166793 4.8135e-05
12 123116525 rs139176679 0.54683
12 123116531 rs149913938 0.7952600000000001
12 123116678 rs7316493 0.00011286
12 123116690 rs144983316 0.98151
12 123116854 rs61954998 1.7882e-07
12 123117153 rs76987593 0.24805
12 123117290 rs142195921 0.73552
12 123117425 rs7316734 0.31145
12 123117747 rs572596021 0.23663
12 123118066 rs147674113 0.89279
12 123118476 rs117269855 0.069352
12 123118595 rs12318097 0.47605
12 123118611 rs112925718 0.20645
12 123118748 rs79754760 0.41236999999999996
12 123118790 rs74991609 0.72852
12 123118970 rs78275612 0.81593
12 123119472 rs7397990 0.28966
12 123119563 rs10847329 0.14175
12 123119585 rs114291419 0.73851
12 123119599 rs7964259 0.00013341
12 123119707 rs34031587 1.3917999999999998e-07
12 123119861 rs551423081 0.028765
12 123120006 rs138876120 0.87587
12 123120354 rs76869145 1.6737e-05
12 123120600 rs78684493 0.00012284
12 123120621 rs116027382 0.99446
12 123120623 rs78784487 0.56772
12 123120721 rs191885943 1.2212e-09
12 123120753 rs113423479 3.5858e-07
12 123120756 rs139111385 0.24409
12 123120759 rs111282334 0.0048848
12 123120895 rs572164074 0.98487
12 123121234 rs71456751 0.00012214
12 123121365 rs61955000 4.3867000000000005e-08
12 123121444 rs76031786 0.887
12 123121706 rs11614147 0.0015651
12 123122290 rs114766820 0.5169600000000001
12 123122358 rs11614277 0.0016187
12 123122392 rs140519968 0.70906
12 123122570 rs55817227 0.67697
12 123123258 rs10847335 8.8392e-08
12 123123414 rs34773022 2.1961e-06
12 123123684 rs11059097 0.0018133
12 123123709 rs374378626 0.11410999999999999
12 123124088 rs181275078 0.5431699999999999
12 123124138 rs113480808 8.327699999999999e-35
12 123124225 rs7295105 0.2737
12 123124277 rs76189851 0.53466
12 123124301 rs7307233 0.27378
12 123124614 rs79534604 0.62208
12 123124631 rs189736920 0.10668
12 123124702 rs11059100 5.3445e-08
12 123124778 rs10773394 0.23317
12 123124819 rs7298718 0.1678
12 123125044 rs145280896 0.24447
12 123125291 rs60849764 0.16247999999999999
12 123125467 rs73224112 0.016722
12 123125627 rs145733457 0.62329
12 123125897 rs9795701 1.7106999999999998e-07
12 123126249 rs78633365 0.53145
12 123126288 rs73224116 9.8635e-08
12 123126819 rs11829188 0.38285
12 123127276 rs61955003 2.4112e-05
12 123127925 rs10083096 0.59201
12 123127994 rs574238286 0.8942899999999999
12 123128213 rs74240759 0.98031
12 123128373 rs78093888 0.5353
12 123128389 rs537439081 0.71675
12 123128675 rs114660020 0.50939
12 123128784 rs144079323 0.6129399999999999
12 123129159 rs7976284 0.32927
12 123129304 rs11059120 2.3026e-15
12 123130086 12:123130086_G_A 0.35477
12 123130124 rs61487184 0.39314
12 123130125 rs114866519 0.16655999999999999
12 123130279 rs528516587 0.28303
12 123130290 rs183609403 0.04382
12 123130384 rs113231801 0.39143
12 123130389 rs59404321 0.13827
12 123130558 rs57818488 0.39942
12 123130591 rs7134265 2.3489e-07
12 123130764 rs55995122 0.84993
12 123131498 rs7959238 0.26383
12 123131578 rs35297311 9.735e-08
12 123131651 rs35157148 9.133100000000001e-08
12 123131824 rs7954006 0.25223
12 123132066 rs7954270 0.1275
12 123132095 rs145830407 0.25743
12 123132169 rs113172797 0.22539
12 123132255 rs7397194 2.4250999999999997e-07
12 123132431 rs775065485 0.93789
12 123133437 rs7961532 0.11263
12 123133941 rs116193868 0.56037
12 123134338 rs561203990 0.95616
12 123134609 rs73224181 0.010735
12 123134725 rs58814069 0.042874
12 123134731 rs7398147 1.4311e-07
12 123135148 rs138608943 0.37866
12 123135240 rs11059214 2.6858e-15
12 123135319 rs553685457 0.9738899999999999
12 123135469 rs545731514 0.9600799999999999
12 123135659 rs142756640 0.65596
12 123135805 rs146076259 0.12563
12 123135979 rs142370701 0.13253
12 123136244 rs6489179 1.4830999999999998e-07
12 123136567 rs74937887 0.08719199999999999
12 123136983 rs139368905 0.17912999999999998
12 123137035 rs150049038 0.50331
12 123137142 rs182241594 0.52435
12 123137658 12:123137658_C_T 0.81177
12 123137721 rs142664188 0.18104
12 123137781 rs114935901 0.92799
12 123137794 rs11059237 1.5049000000000002e-07
12 123137882 rs74701512 0.63341
12 123137924 rs190382521 1.0839000000000002e-09
12 123138239 rs12299649 0.56326
12 123138242 rs12309203 0.56326
12 123138851 rs112432331 0.16774
12 123139084 rs34357107 1.4725e-07
12 123139394 rs80265946 0.51964
12 123139553 rs76554679 7.5111e-05
12 123139861 rs78275921 0.5389
12 123140411 rs73224188 3.1252e-08
12 123140565 rs644989 0.18700999999999998
12 123140597 rs645348 3.1219e-08
12 123140819 rs77331130 0.53613
12 123141278 rs534177156 0.52093
12 123141346 rs11059257 0.00038032
12 123141373 rs114997187 0.5138699999999999
12 123141374 rs115785070 0.5138699999999999
12 123141687 rs11059258 0.00036205
12 123142216 rs76612324 0.21039000000000002
12 123142266 rs7962159 7.8308e-05
12 123142323 rs142917618 0.0044198
12 123142617 rs140998934 0.024697999999999998
12 123143084 rs563697204 0.95519
12 123143153 rs140712070 0.15253
12 123143832 rs11059272 0.48175
12 123143965 rs77894797 8.586200000000001e-05
12 123144062 rs78829499 0.44066000000000005
12 123144189 rs78440611 8.1436e-05
12 123144293 rs10847415 0.19014
12 123144307 rs35296629 0.00027786
12 123144441 rs612465 3.2649e-08
12 123144580 rs2936731 3.2875999999999996e-08
12 123145210 rs59475428 0.5022300000000001
12 123145776 rs115964348 0.50031
12 123145828 rs12821949 0.00028526
12 123145864 rs2245199 1.9256999999999998e-08
12 123145865 rs149595713 0.5005
12 123146180 rs113542092 0.20388
12 123147634 rs74613143 0.16363
12 123147647 rs182090727 0.42923
12 123147957 rs75886719 0.6895
12 123147962 12:123147962_T_C 0.26053000000000004
12 123148060 rs56060411 0.010052
12 123148155 rs7311493 0.28625
12 123148589 rs79957053 0.65656
12 123148625 rs112245865 0.16063
12 123148630 rs143200169 0.25533
12 123148936 rs147522256 0.02877
12 123148955 rs184740132 4.874e-09
12 123149068 rs186471389 0.17845
12 123149926 rs117394831 0.00027557
12 123150043 rs79293402 0.6372800000000001
12 123150085 rs78334122 0.6389199999999999
12 123150159 rs113852766 0.27363000000000004
12 123150167 rs80329600 0.62903
12 123150482 rs664881 0.19854000000000002
12 123150847 rs79018846 0.16598
12 123151953 rs7307887 5.705099999999999e-10
12 123152216 rs4759370 0.0080551
12 123152304 rs7316857 0.4104
12 123152363 rs11059306 2.284e-16
12 123152855 rs117210083 0.37968
12 123153527 rs150380606 0.34191
12 123153825 rs6489190 2.1823000000000002e-16
12 123154039 rs6489191 0.38318
12 123154171 rs76027293 0.6098600000000001
12 123154707 rs77750132 0.62669
12 123155218 rs35576166 0.0059654
12 123155263 rs9788287 6.2902e-12
12 123155443 rs582927 0.021477
12 123155565 rs7979037 0.33621
12 123155683 rs34371863 0.0028839
12 123156399 rs79445502 0.52676
12 123156551 rs598322 8.315700000000001e-07
12 123156676 rs7350636 1.9649000000000001e-16
12 123156717 rs117657573 0.11485999999999999
12 123156900 rs117921591 0.13253
12 123156938 rs143307459 0.18281
12 123157029 rs527877 2.1538000000000003e-05
12 123157730 rs10450705 0.12993
12 123157968 rs759632339 0.5155
12 123158048 rs112349866 0.47003999999999996
12 123158062 rs117750369 0.14223
12 123158193 rs474564 0.0013472000000000002
12 123158245 rs150434500 0.017182
12 123158291 rs642895 3.2663e-05
12 123158362 rs60052807 0.68599
12 123158783 rs11059328 0.14277
12 123159176 rs838778 5.9368000000000005e-05
12 123159400 rs2133633 4.3545e-05
12 123159426 rs1097964 4.8373999999999995e-05
12 123159814 rs515431 5.2245e-05
12 123160180 rs11059333 0.15141
12 123160304 rs10847446 1.4152e-16
12 123160365 rs12231722 0.15311
12 123160494 rs11059337 0.1555
12 123160512 rs112750480 0.33886
12 123160545 rs6489194 0.48517
12 123160557 rs6489195 0.48466000000000004
12 123160676 rs185820890 0.26681
12 123160730 rs486036 9.4535e-05
12 123160886 rs645987 6.8624e-05
12 123160901 rs646001 2.2214000000000003e-07
12 123161014 rs6489201 4.3878000000000005e-16
12 123161100 rs149247560 0.32344
12 123161187 rs187574536 0.017737
12 123161556 rs567285 0.25146
12 123161990 rs11610408 2.1906e-05
12 123162566 rs7966605 1.5032e-07
12 123162656 rs4759404 1.9402000000000003e-18
12 123162786 rs4759364 3.0902e-18
12 123162954 rs2088678 0.078033
12 123163077 rs535338195 0.084965
12 123163173 rs10773429 0.080221
12 123163208 rs149161181 0.38695999999999997
12 123163469 rs188987957 0.44355
12 123163803 rs11059356 0.087547
12 123163848 rs10847452 0.077025
12 123164062 rs35683065 1.3722999999999998e-18
12 123164170 rs77611438 0.41581999999999997
12 123164303 rs568161246 0.34013000000000004
12 123164383 rs138478431 0.59309
12 123164553 rs10847456 0.082888
12 123165081 rs6489203 1.2145999999999999e-18
12 123165304 rs858137 0.49943000000000004
12 123165562 rs7969474 0.07968099999999999
12 123165586 rs114964809 0.8988799999999999
12 123165668 rs192203797 3.2634e-07
12 123165669 rs182085268 3.2634e-07
12 123165673 rs36030505 2.6068000000000003e-07
12 123165883 rs7958805 0.06726900000000001
12 123165909 rs10847464 0.59067
12 123165949 rs118029747 0.2062
12 123166094 rs7959072 0.06659
12 123166177 rs2248067 0.039428
12 123166252 rs10773433 0.06743500000000001
12 123166296 rs10773434 0.067384
12 123166298 rs10773435 0.06740700000000001
12 123166300 rs78924778 0.025115000000000002
12 123166354 rs147417993 0.7501800000000001
12 123166371 rs10773436 0.066683
12 123166913 rs7296217 2.1418e-18
12 123166964 rs139704746 0.6452100000000001
12 123167138 rs644626 5.6921e-07
12 123167344 rs7970419 0.071783
12 123167793 rs7309056 0.068618
12 123167853 rs576686770 0.96777
12 123167894 rs114141722 0.9451200000000001
12 123167921 rs554301941 0.99454
12 123168193 rs6489204 0.065728
12 123168305 rs2936766 0.056442
12 123168333 rs6489205 0.030292000000000003
12 123168341 rs774427961 0.69499
12 123168636 rs7969523 2.4878999999999997e-18
12 123168647 rs117229593 2.8881e-05
12 123169056 rs594168 0.50456
12 123169235 rs71456760 0.8809
12 123169369 rs540366483 0.49035
12 123169428 rs61955021 0.20257
12 123169960 rs149529385 0.9897100000000001
12 123170301 rs11059384 2.4094999999999998e-18
12 123170670 rs77063821 0.8353700000000001
12 123170973 rs141949587 0.5923
12 123171088 rs146310905 0.044795999999999996
12 123171089 rs635400 2.0372000000000002e-18
12 123171218 rs2454722 1.7187999999999999e-18
12 123171407 rs151082097 0.23156999999999997
12 123171419 rs2247409 0.50116
12 123171678 rs672737 0.7490100000000001
12 123172280 rs149018547 0.25301999999999997
12 123172330 rs2244689 2.3931999999999997e-18
12 123172353 rs73224198 2.6150999999999997e-05
12 123172612 rs531791 0.064751
12 123172729 rs148021936 0.6782600000000001
12 123172822 rs630408 2.2981e-18
12 123173009 rs555113718 0.81384
12 123173295 rs184815822 0.007786399999999999
12 123173639 rs562042 2.0352e-18
12 123174675 rs11836556 0.8429
12 123174743 rs601339 1.9284e-18
12 123174884 rs73409889 0.67824
12 123175129 rs589154 2.1311e-18
12 123175316 rs76601473 0.8401
12 123175965 rs585465 2.0919e-18
12 123176160 rs549175367 0.5655
12 123177007 rs113250372 0.34658
12 123177108 rs10773445 0.063554
12 123177128 rs568853 1.9367e-18
12 123177181 rs114950085 0.57038
12 123178208 rs138780624 0.7206600000000001
12 123178280 rs4759361 1.6798000000000001e-18
12 123178410 rs491489 2.5569e-15
12 123178723 rs115656760 0.15349000000000002
12 123178817 rs632393 1.8521e-18
12 123178911 rs631955 0.029841000000000003
12 123178956 rs147328736 0.6991
12 123179045 rs375506504 0.024011
12 123179430 rs11059418 0.074126
12 123179461 rs2649991 1.7322000000000001e-18
12 123179771 rs525215 1.7134e-18
12 123179842 rs1696336 1.5113e-18
12 123179888 rs193211495 0.94085
12 123180061 rs1798219 2.6256e-18
12 123181652 rs546721789 0.27831
12 123181661 rs645491 1.5088999999999997e-18
12 123181855 rs509548 1.6216000000000001e-18
12 123182054 rs149434927 0.60783
12 123182151 rs643285 1.1881999999999998e-18
12 123182310 rs535010 1.3961e-11
12 123182332 rs7972971 0.8610899999999999
12 123182470 rs187304646 0.6114
12 123182484 rs536270525 0.040603
12 123182882 rs139247371 0.05443099999999999
12 123183017 rs7956284 1.2944999999999997e-18
12 123183113 rs150173506 0.42081999999999997
12 123184235 rs4453272 1.7199000000000002e-18
12 123185563 rs146478919 0.40481
12 123185601 rs586573 1.4775999999999998e-11
12 123185891 rs151219789 0.79996
12 123186006 rs140418074 0.48508999999999997
12 123186064 rs147030932 0.0036915
12 123186401 rs149401193 0.60105
12 123186458 rs582856 1.8288e-18
12 123186539 rs582452 2.3636e-18
12 123187273 rs137895931 0.28075
12 123188076 rs545234 1.4916e-18
12 123188126 rs590447 0.7361800000000001
12 123188531 rs145305866 0.0082708
12 123188577 rs116950578 0.8836799999999999
12 123188598 rs112400581 0.7623300000000001
12 123189080 rs568766575 0.7426699999999999
12 123189208 rs7305589 0.99179
12 123189285 rs112378089 0.42496999999999996
12 123189286 rs562386642 0.8008
12 123189369 rs151273279 0.74653
12 123189499 rs6489222 1.0800000000000001e-11
12 123189559 rs12303524 0.8636
12 123189678 rs488391 1.0629000000000001e-11
12 123189794 rs7133768 0.68685
12 123190086 rs61955028 0.10880999999999999
12 123190230 rs7974561 0.0052851999999999994
12 123190700 rs9668547 1.1440999999999999e-11
12 123190842 rs141223196 0.55137
12 123190945 rs9668559 1.2355e-11
12 123191127 rs145274109 0.80461
12 123191359 rs2454706 0.016309999999999998
12 123191375 rs2454718 1.0827e-11
12 123191491 rs10444445 0.9725299999999999
12 123191779 rs111497721 0.6446
12 123191912 rs1798184 1.0623e-11
12 123192010 rs142881326 0.13151
12 123192170 rs10773474 0.97167
12 123192193 rs190270716 0.19044
12 123192202 rs112801549 0.58425
12 123192258 rs557109693 0.9094200000000001
12 123192422 rs140732731 0.27923000000000003
12 123192454 rs526276 1.5122999999999998e-18
12 123192508 rs2649984 6.1816e-09
12 123192521 rs111799370 0.5985199999999999
12 123192599 rs11059476 0.98019
12 123192738 rs117195351 3.1788e-05
12 123192846 rs548572887 0.53381
12 123193725 rs540114980 0.31893
12 123194636 rs602293 9.4934e-12
12 123195014 rs600501 1.086e-11
12 123195022 rs145243708 0.33775
12 123195036 rs11059504 0.9667399999999999
12 123195131 rs201814215 0.36999
12 123195163 rs563456126 0.73547
12 123195310 rs11059507 0.9655299999999999
12 123195427 rs588293 9.6429e-12
12 123195436 rs143780098 0.30935999999999997
12 123195487 rs58212873 0.59746
12 123195800 rs61955029 0.9638100000000001
12 123195831 rs113109171 0.33963000000000004
12 123196078 rs73226103 0.087823
12 123196288 rs562175656 0.94719
12 123196457 rs138848243 0.00042997
12 123196474 rs681317 1.3962e-11
12 123196508 rs680934 1.399e-11
12 123196572 rs680838 1.13e-11
12 123197734 rs140068905 0.49356000000000005
12 123198772 rs145405476 0.81609
12 123198832 rs55776099 0.1431
12 123198921 rs2262194 6.3812e-11
12 123198936 rs2256936 1.1593e-11
12 123199134 rs554634912 0.56499
12 123199342 rs140288839 0.68204
12 123199410 rs113740515 6.3428e-11
12 123199640 rs141997200 0.22955
12 123199676 rs28675952 0.15527
12 123199755 rs493623 2.1986e-11
12 123199826 rs61955032 4.9292e-07
12 123199842 rs61955033 1.3667999999999999e-11
12 123200016 rs139948644 0.18079
12 123200046 rs184656046 0.66613
12 123200768 rs1798192 1.1835e-11
12 123200861 rs202161035 0.9333100000000001
12 123200937 rs1696352 2.3351e-11
12 123201039 rs11059549 0.60633
12 123201291 rs3825156 0.14955
12 123201508 rs2256572 1.1423e-11
12 123201539 rs28710048 2.1195999999999997e-11
12 123201740 rs563465200 0.21319000000000002
12 123203214 rs12308931 0.88679
12 123203258 rs488635 7.0013e-11
12 123203360 rs3858543 1.9867e-06
12 123203615 rs184513034 0.44606999999999997
12 123203630 rs151152945 0.93509
12 123203731 rs2454703 1.0684000000000001e-11
12 123203986 rs34699072 5.9064e-11
12 123203995 rs575892022 0.75597
12 123204297 rs3104614 7.4062e-11
12 123204419 rs3104613 7.332700000000001e-11
12 123204669 rs140440488 0.53578
12 123204937 rs111743371 0.29618
12 123205436 rs12322238 0.8305899999999999
12 123205650 rs111425307 0.26179
12 123206340 rs580063 1.0998e-10
12 123206641 rs117722534 0.89635
12 123206691 rs10847570 0.042459
12 123206933 rs11059583 0.048884
12 123206961 rs186964340 0.34417
12 123207805 rs10847574 0.045086
12 123208039 rs1468017 0.67076
12 123208055 rs76067876 0.42093
12 123208890 rs150955368 0.9664799999999999
12 123208929 rs6489237 0.05391900000000001
12 123209149 rs7960134 0.77735
12 123209159 rs2454702 1.4015999999999998e-10
12 123209295 rs3922628 1.4283e-10
12 123210410 rs114509722 0.7420800000000001
12 123210723 rs2454700 0.60605
12 123210757 rs35173057 0.54511
12 123211327 rs10773515 0.043177
12 123211660 rs75445873 0.53903
12 123211817 rs1696348 4.9787e-06
12 123212108 rs7307192 0.041277
12 123212195 rs150695532 0.9910100000000001
12 123212236 rs7313367 0.042111
12 123212416 rs547141739 0.76575
12 123212509 rs114550073 0.8381
12 123212740 rs7131791 0.040014
12 123213236 rs513567 6.0734e-06
12 123213376 rs146228231 0.23478000000000002
12 123214372 rs61742326 0.73238
12 123215286 rs75873566 0.59906
12 123215410 rs527902 1.128e-05
12 123215734 rs525017 8.5916e-06
12 123215850 rs4759383 0.11377999999999999
12 123216236 rs34647278 0.96468
12 123216469 rs496911 0.10898
12 123216975 rs35331147 0.8449399999999999
12 123217436 rs115728521 0.83278
12 123217748 rs112081651 0.8557899999999999
12 123218514 rs145389821 0.51232
12 123218732 rs147693262 0.27211
12 123219363 rs113269294 0.73875
12 123219659 rs148994189 0.37131
12 123219785 rs11059650 0.10450999999999999
12 123220416 rs34623699 0.026898000000000002
12 123220549 rs4759368 0.090853
12 123221131 rs777107067 0.35298
12 123221699 rs145339629 0.7590100000000001
12 123221922 rs7296732 0.11838
12 123221923 rs7302768 0.12569
12 123222033 rs7302908 0.12414000000000001
12 123222095 rs151288979 0.47663
12 123223330 rs2245611 0.85477
12 123223399 rs76609110 0.13296
12 123223584 rs184791398 0.24706
12 123223785 rs143084382 0.22901
12 123223920 rs7138436 0.75954
12 123223944 rs549321213 0.86413
12 123224577 rs147412874 0.095037
12 123224909 rs548349 0.86955
12 123225036 rs60201019 0.13197
12 123225200 rs189383136 0.56526
12 123225533 rs139695358 0.1263
12 123225555 rs61955056 2.2262999999999998e-06
12 123225609 rs528748813 0.41098999999999997
12 123225627 rs145759662 0.20576
12 123225660 rs111645593 0.12946
12 123225748 rs9645762 0.76808
12 123225865 rs7978294 0.07545700000000001
12 123225948 rs145164235 0.023347
12 123226358 rs112015529 0.10563
12 123226457 rs112816446 0.1177
12 123226606 rs181172276 0.23206999999999997
12 123227104 rs146975724 9.204e-06
12 123227138 rs182798510 0.28474
12 123227535 rs57629892 0.11490999999999998
12 123227553 rs61098256 0.11762
12 123227568 rs144130336 0.48399
12 123227600 rs58904977 0.10337
12 123227647 rs572098234 0.65654
12 123227696 rs183268437 0.48053999999999997
12 123227941 rs144318986 0.54023
12 123228418 rs542083003 0.3968
12 123228869 rs75568628 0.1793
12 123229106 rs10466883 0.81525
12 123229270 rs77590492 0.11925999999999999
12 123229473 rs142054061 0.07760700000000001
12 123229545 rs652533 0.73564
12 123229693 rs651683 0.85574
12 123229719 rs77091500 0.11599000000000001
12 123229740 rs146959279 0.10847000000000001
12 123229771 rs117414813 0.7552
12 123229862 rs113488923 0.038551
12 123229896 rs73413684 0.1888
12 123230094 rs555288535 0.40224
12 123230768 rs76610770 0.017333
12 123231327 rs114079142 0.73387
12 123231606 rs10466884 0.6996
12 123231644 rs149327980 0.1961
12 123231927 rs75462226 0.11307
12 123232019 rs76995100 0.45821000000000006
12 123232087 rs187275179 0.18681
12 123232741 rs568891903 0.48393
12 123233311 rs114317283 0.2838
12 123233430 rs187369956 0.76598
12 123233574 rs112057518 0.10719000000000001
12 123233892 rs11059711 0.66996
12 123234197 rs184299555 0.85434
12 123234309 rs150887732 0.37429
12 123234398 rs150061982 2.9465e-05
12 123234477 rs117453081 6.6859e-16
12 123234598 rs78503583 0.02182
12 123234974 rs368904001 0.24523000000000003
12 123235240 rs116862333 0.0019539
12 123235314 rs76002837 0.11385999999999999
12 123235327 rs147582771 0.79106
12 123235568 rs10734959 0.9607399999999999
12 123235651 rs114784852 0.89533
12 123235844 rs185795290 0.9137200000000001
12 123235890 rs370457655 0.5204300000000001
12 123235978 rs11059724 0.82978
12 123236425 rs150379193 0.12636
12 123236499 rs10773547 0.87282
12 123236546 rs11059729 0.47718999999999995
12 123236589 rs116267231 0.01556
12 123237266 rs559906093 0.8195600000000001
12 123237290 rs115400503 0.20349
12 123237523 rs147324218 0.79991
12 123238151 rs58901651 0.69808
12 123238416 rs79350782 0.6763100000000001
12 123238775 rs149693817 0.6863600000000001
12 123238797 rs2649896 0.8729299999999999
12 123239059 rs117742602 7.6061e-15
12 123239064 rs116967486 0.17478
12 123239472 rs76386119 0.10925
12 123239620 rs12310386 0.66901
12 123239716 rs7297797 0.078984
12 123239978 rs148874285 7.547700000000001e-23
12 123240050 rs143575557 0.8704299999999999
12 123240057 rs188469535 0.9775200000000001
12 123240058 rs1260123 0.8237
12 123240082 rs75789455 0.67292
12 123240112 rs556742601 0.7335699999999999
12 123240120 rs115057875 0.62065
12 123240297 rs57366988 0.8124600000000001
12 123241298 rs77800216 0.09369
12 123241569 rs149608420 0.014906
12 123241578 rs1260122 0.9950899999999999
12 123241608 rs75876669 0.80025
12 123241687 rs75955869 0.66869
12 123241926 rs74970176 0.67282
12 123242091 rs7980906 0.094385
12 123242179 rs147308141 0.12780999999999998
12 123242877 rs12316263 0.67711
12 123243346 rs112064785 0.67555
12 123243687 rs2649902 0.69635
12 123243804 rs114323075 0.88518
12 123244603 rs12321556 0.8046800000000001
12 123244686 rs116235597 0.86166
12 123244859 rs2649903 0.85905
12 123244984 rs2656812 0.8588600000000001
12 123245054 rs112212056 0.23785
12 123245158 rs182203329 0.7926
12 123245227 rs113204814 1.6403e-11
12 123245247 rs148927792 0.06492300000000001
12 123245367 rs115362859 0.49583
12 123245467 rs143669701 0.062622
12 123245514 rs80140873 0.8113100000000001
12 123245569 rs112476248 0.7248899999999999
12 123245924 rs139246019 0.77359
12 123245981 rs143275730 0.79182
12 123246050 rs147534198 0.54879
12 123246249 rs57733128 0.32266999999999996
12 123246355 rs1260121 0.8477899999999999
12 123246711 rs73413694 0.30848000000000003
12 123246781 rs78591962 0.6794600000000001
12 123246797 rs75389155 0.5362
12 123246869 rs78501176 0.68871
12 123247059 rs111506123 0.92415
12 123247142 rs75593389 0.8779600000000001
12 123247506 rs3817095 0.6853100000000001
12 123247803 rs536021507 0.79369
12 123248207 rs151215497 0.47092
12 123248255 rs111933537 0.0034888000000000007
12 123248481 rs80220833 0.81433
12 123248507 rs78119124 0.091994
12 123248701 rs77347649 0.21666
12 123248805 rs140409822 0.57244
12 123248869 rs115672487 0.32778
12 123248943 rs11612331 0.7964100000000001
12 123249072 rs1260120 0.74007
12 123249102 rs113903550 0.68708
12 123249236 rs113856090 0.68847
12 123249974 rs75480045 0.064466
12 123250351 rs139184011 0.68528
12 123250394 rs61176973 0.68762
12 123250814 rs116639036 0.92122
12 123251076 rs78986312 0.07324800000000001
12 123251162 rs141748188 0.68528
12 123251367 rs839357 0.48331999999999997
12 123251637 rs839356 0.81045
12 123252434 rs80322782 0.6563899999999999
12 123253764 rs542595768 0.26428
12 123253883 rs142692917 0.54581
12 123254063 rs79106137 0.8277
12 123254396 rs201545860 0.54581
12 123254538 rs2154 8.825700000000001e-09
12 123254699 rs1975761 0.8287
12 123254762 rs11059834 0.66264
12 123254930 rs76920270 0.067504
12 123255058 rs150447436 0.63872
12 123255544 rs143399969 0.47152
12 123255733 rs1671688 0.76454
12 123255797 rs116823557 0.7941699999999999
12 123256043 rs562153561 0.68782
12 123256299 rs187417279 0.88075
12 123256847 rs141661356 0.11399000000000001
12 123256894 rs188972224 0.11855999999999998
12 123256913 rs755925087 0.25301
12 123257123 rs114306131 0.9139299999999999
12 123257189 rs189208792 0.36896999999999996
12 123257289 rs139151803 0.8518399999999999
12 123257352 rs2649914 0.84506
12 123257478 rs149520776 0.74811
12 123257573 rs117245107 0.5412399999999999
12 123257622 rs78552965 0.70191
12 123257728 rs144603652 0.12674000000000002
12 123258129 rs188812167 0.16129000000000002
12 123258480 rs114703724 0.36322
12 123258583 rs1671687 0.8355899999999999
12 123258609 rs61955059 4.8422e-07
12 123258997 rs185886243 0.00085235
12 123259043 rs116033263 0.09198200000000001
12 123259144 rs549123858 0.68542
12 123259739 rs563269231 0.68782
12 123260221 rs7962224 0.09162999999999999
12 123260285 rs839355 0.85914
12 123260380 rs140724670 0.0041008
12 123260702 rs138529013 0.12686
12 123260840 rs34444845 1.3973e-06
12 123260985 rs182274105 0.40933
12 123261147 rs540289444 0.048875999999999996
12 123261470 rs149260224 0.5475
12 123261535 rs148020258 0.067621
12 123261801 rs112566758 0.9075
12 123261909 rs60589503 0.6802699999999999
12 123261962 rs12307038 0.7067899999999999
12 123262043 rs61956960 2.288e-10
12 123262304 rs115662875 0.16951
12 123262476 rs117814385 0.27676999999999996
12 123262751 rs184852970 0.24593
12 123262757 rs142918938 0.43993999999999994
12 123262816 rs147445573 0.013978999999999998
12 123262947 rs139885474 0.54827
12 123263329 rs701484 0.74466
12 123263383 rs541112005 0.2262
12 123263853 rs146853693 0.12029000000000001
12 123264370 rs146647401 0.72124
12 123264709 rs12310901 0.81382
12 123264806 rs150304720 0.23781999999999998
12 123264879 rs551946836 0.43993999999999994
12 123265083 rs188298138 0.8197200000000001
12 123265277 rs12303270 0.70138
12 123265410 rs839354 0.84988
12 123265481 rs570227180 0.41152
12 123265688 rs12312837 0.7015
12 123265946 rs116426080 0.018315
12 123265952 rs1798563 0.85211
12 123266088 rs839353 0.9421799999999999
12 123266383 rs839352 0.050102999999999995
12 123266836 rs138244074 0.69242
12 123266935 rs141830796 0.20674
12 123266961 rs139082140 0.71417
12 123267020 rs113207140 0.079697
12 123267123 rs115303983 0.014398
12 123267137 rs12302287 0.69792
12 123267390 rs11831249 0.31364000000000003
12 123267421 rs11059932 0.77485
12 123267798 rs180813390 0.9125200000000001
12 123267856 rs149798767 0.30029
12 123267866 rs12303951 0.6974
12 123268000 rs2936730 0.70209
12 123268068 12:123268068_T_C 0.45025
12 123268181 rs60469279 0.74156
12 123268348 rs4759394 1.1636e-26
12 123268734 rs12305822 0.86966
12 123268777 rs1696355 0.8470200000000001
12 123268840 rs2454699 0.59296
12 123268884 rs75875275 0.8755299999999999
12 123269407 rs116518454 0.45033999999999996
12 123269423 rs192413221 0.0006163
12 123269441 rs11059953 0.73964
12 123269591 rs11059954 0.7367199999999999
12 123269668 rs138769202 0.066726
12 123269758 rs79095539 0.10277
12 123269759 rs55928229 0.30063
12 123269814 rs1696320 0.80523
12 123269877 rs60571418 0.1769
12 123270291 rs58131754 0.23165
12 123270656 rs115620601 0.8342200000000001
12 123270717 rs1671679 0.7429100000000001
12 123270759 rs545693467 0.97895
12 123270798 rs7967318 0.8609700000000001
12 123270964 rs372448006 0.2569
12 123271364 rs183166844 0.44478999999999996
12 123271380 rs111437967 0.076981
12 123271745 rs193302018 0.5763699999999999
12 123272487 rs144873024 0.55419
12 123273206 rs7486414 0.8628600000000001
12 123273263 rs370931122 0.24370999999999998
12 123273334 rs115194113 0.4701
12 123273472 rs79659982 0.012154
12 123273573 rs76417864 0.0004243
12 123273830 rs114032551 0.81086
12 123273927 rs74619326 0.15805
12 123273999 rs146975464 0.68075
12 123274034 rs188680145 1.3994999999999999e-08
12 123274411 rs186044343 0.69096
12 123274480 rs190345452 0.05243099999999999
12 123274756 rs543911170 0.40598
12 123274786 rs71456775 5.8425e-08
12 123275030 rs6489240 0.77785
12 123275222 rs142876831 0.17515
12 123275403 rs77989197 0.5098600000000001
12 123275555 rs116516249 0.73448
12 123275556 rs7311369 0.47392
12 123275609 rs7311386 0.8753200000000001
12 123275751 rs141545138 0.81721
12 123275771 rs7138313 0.81586
12 123275773 rs12319160 0.66872
12 123275869 rs188827634 0.41376
12 123275952 rs75381856 0.73624
12 123276242 rs144163272 0.7794
12 123276332 rs139509127 0.51483
12 123276860 rs184124678 0.5323100000000001
12 123276924 rs839363 0.77073
12 123276925 rs111512221 0.078311
12 123277131 rs74741778 0.72618
12 123277170 rs839362 0.7942100000000001
12 123277213 rs839361 0.7914100000000001
12 123277217 rs113956084 0.72513
12 123277286 rs112399227 0.8242799999999999
12 123277347 rs113861936 0.078414
12 123277415 rs773780620 0.2764
12 123277697 rs71456776 0.84409
12 123277741 rs78935817 0.69715
12 123277965 rs80023119 0.71507
12 123278139 rs113175484 0.083593
12 123278460 rs79426485 0.7128899999999999
12 123278634 rs74447817 0.1795
12 123278845 rs112727290 0.092568
12 123279014 rs78287354 0.085911
12 123279030 rs79537935 0.15354
12 123279158 rs2649895 0.80777
12 123279330 rs113870520 0.90031
12 123279564 rs75481785 0.7015399999999999
12 123279862 rs12321100 0.74729
12 123280033 rs2649894 0.23162
12 123280143 rs191927653 0.31118
12 123280196 rs2604850 0.43705
12 123280470 rs1671677 0.060363
12 123280725 rs73415535 0.61465
12 123281052 rs148321673 0.12680999999999998
12 123281167 rs12313538 0.54903
12 123281175 rs12318871 0.54902
12 123281177 rs186685509 0.27115
12 123281262 rs12313600 0.54932
12 123281512 rs144033346 0.17861
12 123281967 rs10744394 0.39403
12 123282275 rs12315520 0.55204
12 123282292 rs12298293 0.55523
12 123282390 rs116207617 0.10194
12 123282405 rs115199154 0.17931
12 123282532 rs4759393 0.29364
12 123282708 rs78361567 0.5194
12 123282811 rs76762460 0.17931
12 123282926 rs79433554 0.5576800000000001
12 123283324 rs146511746 0.18035
12 123283537 rs112365238 0.00012613
12 123283584 rs181145014 0.23171999999999998
12 123283841 rs839360 0.52071
12 123283864 rs12297553 0.52646
12 123283945 rs839359 0.7449899999999999
12 123284175 rs149763641 0.28456
12 123284395 rs77908463 0.6129899999999999
12 123284429 rs11610441 0.14300000000000002
12 123284431 rs183242678 0.75037
12 123284472 rs75482067 0.60898
12 123284643 rs60174680 0.33638
12 123284794 12:123284794_G_T 0.2566
12 123285037 rs113265587 0.76226
12 123285110 rs138436155 0.24722
12 123285124 rs12321131 0.6211899999999999
12 123285131 rs4759392 0.9011299999999999
12 123285269 rs139312408 0.12547
12 123285785 rs61735889 0.35043
12 123285957 rs148126897 0.23593000000000003
12 123286269 rs141689290 0.75643
12 123286287 rs75175797 0.063023
12 123286478 rs11060064 0.60773
12 123286491 rs11060065 0.63536
12 123286774 rs79775390 0.63267
12 123286780 rs7294991 0.8889600000000001
12 123287029 rs7305256 0.86661
12 123287229 rs142223818 0.1287
12 123287329 rs75794148 0.6317699999999999
12 123287445 rs113377308 0.77165
12 123287708 rs58182048 0.63237
12 123288133 rs147689196 0.28024
12 123288147 rs142450020 0.12515
12 123288313 rs77422670 0.66303
12 123288439 rs7309225 0.85567
12 123288595 rs75910729 0.50895
12 123288739 rs6489241 0.8239700000000001
12 123288891 rs145815036 0.5092300000000001
12 123288985 rs148996724 0.1286
12 123289266 rs73415550 0.70819
12 123289395 rs10847742 0.85841
12 123290300 rs112785552 0.19749
12 123290606 rs77254301 0.00034107
12 123290890 rs369388070 0.56219
12 123290957 rs544062772 0.08943200000000001
12 123291085 rs9788290 0.6432399999999999
12 123291090 rs139562720 0.54571
12 123291506 rs10847749 0.8610399999999999
12 123291742 rs10847751 0.8690700000000001
12 123291838 rs193140864 0.058382
12 123291993 rs147668400 0.078
12 123292179 rs967281 0.8670200000000001
12 123292186 rs77970074 0.64349
12 123292481 rs78840932 0.6329199999999999
12 123292503 rs11060112 0.14528
12 123292915 rs4038080 0.87421
12 123292922 rs4038081 0.85955
12 123292993 rs73415555 0.62955
12 123293048 rs4307760 0.8624700000000001
12 123293302 rs4424710 0.86198
12 123293355 rs140538653 0.00013433
12 123293539 rs145401490 0.35881
12 123293559 rs3844369 0.8641
12 123293578 rs530498852 0.24558000000000002
12 123293656 rs3852535 0.88184
12 123293753 rs143579638 0.56401
12 123293807 rs4426165 0.86725
12 123294006 rs145190117 0.12043
12 123294287 rs546393446 0.74644
