CHR BP SNP P
3 124277759 rs77786467 0.6499
3 124278032 rs114883423 0.020850999999999998
3 124278168 rs13085463 0.5210199999999999
3 124278188 rs143777161 0.12513
3 124278488 rs34531562 0.84814
3 124278592 rs113857640 0.21258000000000002
3 124278645 rs115004276 0.31611999999999996
3 124279080 rs79955245 0.35777
3 124279186 rs78973634 0.29228000000000004
3 124279191 rs9837509 0.046571
3 124279423 rs78638913 0.28998
3 124280487 rs556515718 0.77058
3 124280780 rs553297294 0.089492
3 124280788 rs188903394 0.5354300000000001
3 124280898 rs78250553 0.17459000000000002
3 124281313 rs13083456 0.008275
3 124281373 rs77459022 0.23586
3 124281382 rs528326838 0.62238
3 124281432 rs114516129 0.023684
3 124281447 rs115446918 0.22393000000000002
3 124281604 rs2279784 9.1608e-05
3 124281844 rs78202770 0.70189
3 124281980 rs2256831 1.0860999999999998e-47
3 124282103 rs73189578 0.0014943
3 124282310 rs7624255 3.1694e-35
3 124282649 rs57715370 0.6727
3 124282827 rs35784970 0.33842
3 124283138 rs190665351 0.61859
3 124283365 rs34399394 0.37766
3 124283421 rs77421961 5.3016999999999996e-06
3 124283448 rs35993356 0.37869
3 124283631 rs56040824 0.0012264
3 124283689 rs116184057 0.37882
3 124283899 rs139686661 0.0071944999999999995
3 124283901 rs986909 0.36386
3 124283916 rs35847329 0.0012034
3 124283918 rs986910 0.36362
3 124283993 rs986911 0.40424
3 124284021 rs143727980 0.34379
3 124284055 rs986912 0.39278
3 124284102 rs146328823 0.32965
3 124284256 rs34578394 0.0006632999999999999
3 124284325 rs2651625 1.0451e-36
3 124284458 rs16835592 0.17165
3 124284624 rs1995321 0.45565
3 124284649 rs1995322 0.4596
3 124285048 rs7633134 0.46142
3 124285073 rs548973051 0.31816
3 124285077 3:124285077_G_A 0.18982000000000002
3 124285104 rs7645022 0.47768999999999995
3 124285194 rs113165521 0.28843
3 124285311 rs189563682 0.056797
3 124285457 rs7633543 0.00030876
3 124285566 rs868129 0.46881000000000006
3 124285582 rs67960564 0.0012753
3 124285647 rs66516543 0.0012066
3 124285861 rs146965765 3.7738000000000004e-05
3 124285892 rs1501189 1.809e-42
3 124286174 rs745498995 0.32719000000000004
3 124286584 rs77683090 9.49e-06
3 124286706 rs4678133 1.7711000000000003e-42
3 124286751 rs116523833 0.62264
3 124286971 rs80190614 8.6085e-06
3 124286980 rs73189588 9.8218e-20
3 124287276 rs2713645 6.7673e-37
3 124287541 rs79537473 0.16658
3 124287654 rs1604298 0.5633100000000001
3 124288058 rs79497858 0.4165
3 124288187 rs114180244 0.96864
3 124288213 rs67647396 0.001074
3 124288325 rs986306 0.45783
3 124288879 rs56822079 0.3487
3 124288962 rs16835606 0.46038
3 124289241 rs139574813 0.28288
3 124289285 rs115938536 0.24054
3 124289287 rs13077090 0.0012534
3 124289413 rs1501190 0.44247
3 124289574 rs1021748 0.46276000000000006
3 124289632 rs1021749 0.46175
3 124289744 rs34206787 0.0010384
3 124289923 rs75637890 0.57867
3 124289933 rs78971978 0.53798
3 124290084 rs115300403 0.95455
3 124290306 rs1532668 0.27003
3 124290320 rs1021750 0.26845
3 124290375 rs117360296 0.94734
3 124290753 rs145115089 0.72607
3 124290943 rs7372055 3.6678e-32
3 124291069 rs7373767 1.9027999999999998e-39
3 124291245 rs12695439 3.2288999999999997e-38
3 124291351 rs7613600 3.7027999999999997e-38
3 124291416 rs73189597 2.1269e-16
3 124291579 rs7649882 3.7386e-38
3 124291871 rs62267575 1.9413e-16
3 124292021 rs2713647 2.8762e-38
3 124292105 rs2713648 2.7387999999999997e-38
3 124292219 rs2713649 3.858399999999999e-38
3 124292296 rs60452261 0.15717
3 124292371 rs59723795 0.15627
3 124292429 rs2713650 9.940699999999999e-40
3 124292884 rs2246776 2.887e-38
3 124293374 rs12629014 0.15796
3 124293406 rs73191604 0.6772600000000001
3 124293828 rs2713644 3.4523e-21
3 124294031 rs2088842 6.505599999999999e-38
3 124294128 rs116780695 0.83768
3 124294281 rs78365741 2.8642000000000004e-14
3 124294700 rs2651613 1.3221e-19
3 124294872 rs2713643 3.0884e-21
3 124294978 rs150909887 0.16493
3 124295287 rs73191608 0.66813
3 124295324 rs2651614 1.9350000000000002e-19
3 124295388 rs112112789 0.20801999999999998
3 124295763 rs56097528 6.5516999999999995e-06
3 124295926 rs2713642 1.9159999999999998e-38
3 124295928 rs68134893 0.0012896
3 124296119 rs149702269 0.27624
3 124296340 rs41323545 0.86608
3 124296751 rs575754230 0.50972
3 124296919 rs2713640 2.1175999999999997e-21
3 124297169 rs532822747 0.011948
3 124297547 rs6438844 7.9646e-22
3 124297548 rs6438845 2.4398000000000002e-21
3 124297645 rs6438847 7.989e-22
3 124297782 rs34742444 0.0014663
3 124297850 rs35081439 0.15697
3 124297865 rs6790058 5.517199999999999e-62
3 124298006 rs6765865 5.043299999999999e-62
3 124298174 rs6766077 8.2089e-41
3 124298212 rs6778968 6.5075e-41
3 124298225 rs6790479 6.4351e-41
3 124298423 rs62267576 5.2558e-41
3 124298452 rs6779206 6.9861e-10
3 124298564 rs2713646 2.725e-10
3 124298577 rs79355550 0.8438899999999999
3 124298601 rs13100061 3.6856e-41
3 124298812 rs13100536 2.5968000000000003e-41
3 124298903 rs13062285 4.1839e-41
3 124298955 rs115650998 0.8412
3 124298991 rs13062446 3.1910999999999997e-41
3 124299022 rs13062330 2.0719999999999997e-40
3 124299047 rs13062340 3.3027999999999994e-40
3 124299054 rs13062584 2.6211e-40
3 124299095 rs116358073 9.019200000000001e-15
3 124299096 rs7427631 5.907399999999999e-39
3 124299126 rs34584919 0.81567
3 124299175 rs112179262 0.22355
3 124299231 rs56193059 4.9307e-41
3 124299416 rs35876759 3.579699999999999e-41
3 124299621 rs11915234 3.8218e-41
3 124299636 rs149403979 0.55114
3 124299730 rs35035206 0.18787
3 124299820 rs13063778 0.0012380000000000002
3 124299947 rs114344140 0.20586999999999997
3 124299968 rs6772598 2.9164e-41
3 124300063 rs6785708 3.0236999999999996e-41
3 124300101 rs6797196 3.0141e-41
3 124300112 rs13068534 0.79138
3 124300134 rs1808092 3.5320999999999993e-40
3 124300195 rs6773065 3.1622999999999998e-40
3 124300257 rs2010099 0.14479
3 124300365 rs66540012 0.7948
3 124300387 rs956457 3.216e-40
3 124300393 rs188917847 0.057201
3 124300425 rs4678135 2.7806999999999996e-41
3 124300426 rs181579940 0.17477
3 124300469 rs4678136 3.093e-41
3 124300765 rs4678137 2.6671999999999993e-41
3 124300791 rs4678138 2.6677e-41
3 124300913 rs140314178 0.70425
3 124300993 rs6789955 0.78325
3 124301021 rs6789768 2.3158e-41
3 124301066 rs6789793 2.7529e-41
3 124301157 rs6802657 2.7202999999999994e-41
3 124301164 rs115058977 0.83967
3 124301390 rs62267587 7.678699999999998e-41
3 124301453 rs568003205 0.095381
3 124301480 rs62267588 2.9586e-41
3 124301657 rs6792792 0.76855
3 124301837 rs4678140 3.6148e-40
3 124301840 rs73191618 0.15425
3 124302170 rs4678141 2.508e-41
3 124302358 rs34455219 2.1719000000000001e-41
3 124302388 rs17226259 9.4451e-20
3 124302601 rs6438848 2.9483e-17
3 124302856 rs4290840 0.80218
3 124302917 rs116579173 0.8419399999999999
3 124302960 rs6809086 2.3821e-41
3 124303033 rs1875362 0.0012425000000000001
3 124303090 rs73191621 0.15854000000000001
3 124303176 rs6797006 2.4559e-41
3 124303203 rs80134422 0.84119
3 124303254 rs1875363 0.2228
3 124303337 rs9834127 0.073772
3 124303393 rs1875364 9.013899999999998e-41
3 124303531 rs531630309 0.55567
3 124303696 rs56407180 0.20865999999999998
3 124303786 rs2250757 3.6486e-48
3 124303850 rs116742187 0.8507600000000001
3 124304132 rs143520729 0.70954
3 124304309 rs883497 1.1982e-42
3 124304348 rs3863066 0.94484
3 124304383 rs3863067 0.9462700000000001
3 124304410 rs34912626 0.95615
3 124304489 rs3863068 0.9505100000000001
3 124304577 rs146745102 0.70398
3 124304679 rs2250890 0.29853
3 124304681 rs3851350 3.4651e-13
3 124304984 rs3851351 1.1625e-13
3 124305124 rs143211892 0.89894
3 124305295 rs2713656 1.4953e-39
3 124305429 rs148327289 0.9695
3 124305494 rs2651616 1.3658e-16
3 124305514 rs9827855 0.029352999999999997
3 124305845 rs4677935 1.0017e-13
3 124305984 rs13085770 1.1657e-13
3 124305990 rs13065485 1.3312e-13
3 124306008 rs2651617 0.1027
3 124306060 rs13085467 5.5946000000000005e-14
3 124306203 rs13086167 5.5697e-14
3 124306212 rs13085691 5.773400000000001e-14
3 124306366 rs41357048 6.365199999999999e-16
3 124306418 rs35897732 7.1726e-16
3 124306469 rs9870980 1.0155e-08
3 124306507 rs35949922 0.97764
3 124306607 rs13066572 3.8913e-16
3 124306636 rs13086469 3.8592e-16
3 124306770 rs143958343 0.4827
3 124306821 rs13087266 1.4705e-17
3 124306859 rs540246144 0.53551
3 124306921 rs114588991 0.8045
3 124306972 rs2713657 0.052869000000000006
3 124307092 rs571365047 0.31548000000000004
3 124307188 rs80120273 0.71068
3 124307440 rs13072203 1.5047e-19
3 124307462 rs13092888 1.5178e-19
3 124307551 rs13092930 1.5132e-19
3 124307558 rs13072516 4.0551999999999996e-25
3 124307673 rs116245550 0.35731
3 124307742 rs2076719 1.5675999999999998e-19
3 124307795 rs9877098 0.027576999999999997
3 124307861 rs2651618 0.13717000000000001
3 124308094 rs11720789 1.4509e-25
3 124308208 rs73191624 0.24477
3 124308221 rs2713658 3.4009999999999994e-45
3 124308224 rs11709257 3.9496e-09
3 124308324 rs13098323 1.5071e-19
3 124308333 rs13098646 1.4930999999999998e-19
3 124308363 rs2651619 0.15135
3 124308564 rs187949821 0.034677
3 124308622 rs58364271 6.366600000000001e-10
3 124308634 rs13078654 1.371e-19
3 124308713 rs73191627 4.9667e-10
3 124308719 rs2713659 0.12788
3 124308781 rs2254141 0.11843
3 124308866 rs7627019 0.020352000000000002
3 124308935 rs3851352 0.24164000000000002
3 124309016 rs146756363 0.71262
3 124309139 rs116187019 0.00047019
3 124309162 rs139177108 0.9470000000000001
3 124309249 rs67889059 0.2738
3 124309338 rs2651620 0.13269
3 124309387 rs2669926 0.15004
3 124309494 rs4677936 2.0933e-45
3 124309674 rs35695095 0.033991
3 124309810 rs114018645 0.16255999999999998
3 124309890 rs2669925 0.14215999999999998
3 124309917 rs13089412 0.27279000000000003
3 124310019 rs2651621 0.13673
3 124310042 rs2713660 0.14907
3 124310064 rs147686427 0.043206
3 124310131 rs2713661 0.14762
3 124310210 rs2713662 1.3236999999999999e-45
3 124310338 rs67474118 0.27105999999999997
3 124310534 rs67722884 0.29061
3 124310616 rs78247698 0.021276
3 124310631 rs532506878 0.36641
3 124310666 rs13068227 0.26481
3 124310668 rs13068228 0.26976
3 124310709 rs115325254 0.48458
3 124310771 rs13068262 0.26818000000000003
3 124310918 rs139233947 0.16338
3 124310978 rs536499981 0.33655
3 124311302 rs374577003 0.039724
3 124311336 rs13096370 0.26905
3 124311372 rs9822400 0.020266
3 124311552 rs73191633 3.3232e-10
3 124311569 rs137944233 0.16205999999999998
3 124311590 rs34185890 0.26800999999999997
3 124311875 rs57387392 0.94301
3 124311883 rs34086101 0.2738
3 124311929 rs2669922 0.14626
3 124311935 rs2651626 0.14585
3 124312243 rs34571534 0.27826
3 124312352 rs13079662 0.27641
3 124312727 rs61587110 0.22809000000000001
3 124312751 rs186696422 0.48641
3 124312757 rs60620328 0.22774
3 124312942 rs113888996 1.0849000000000001e-13
3 124312984 rs13085037 0.39198
3 124313104 rs146254423 2.4251999999999996e-13
3 124313186 rs4678131 0.015703
3 124313221 rs142718459 0.57491
3 124313314 rs1846893 0.22675
3 124313330 rs34699891 1.8163999999999998e-50
3 124313353 rs188756819 0.33738
3 124313604 rs6791518 0.29749000000000003
3 124313650 rs6791528 0.29215
3 124313816 rs116435630 4.8834e-06
3 124313896 rs7614499 0.23421999999999998
3 124313953 rs924542 1.7825e-50
3 124314403 rs112773135 0.25637
3 124314508 rs115527729 0.9813
3 124314560 rs7639225 0.007598000000000001
3 124314797 rs55806309 0.29798
3 124314801 rs333251 4.606799999999999e-65
3 124315061 rs77415686 0.29623
3 124315090 rs78339634 0.89602
3 124315121 rs66569153 0.29679
3 124315185 rs333252 1.2624999999999999e-48
3 124315187 rs71323873 0.29684
3 124315336 rs333253 0.16658
3 124315401 rs868791119 0.068136
3 124315623 rs112519474 2.4948e-13
3 124315810 rs333254 0.014577000000000001
3 124315858 rs116915119 0.48036999999999996
3 124315878 rs1978893 1.3497e-10
3 124316258 rs114919343 0.63681
3 124316264 rs16835634 0.0075999
3 124316289 rs35480125 0.29824
3 124316582 rs56357320 0.2971
3 124316753 rs144567812 0.9771700000000001
3 124316763 rs34853315 0.29439
3 124316792 rs16835636 0.29612
3 124316881 rs115127416 0.265
3 124317040 rs78943373 0.28294
3 124317113 rs114340133 0.49186
3 124317151 rs16835637 0.29436
3 124317279 rs73191639 2.7456999999999996e-10
3 124317334 rs149500968 0.03885
3 124317376 rs13077896 0.29431999999999997
3 124317479 rs13078492 0.29431999999999997
3 124317537 rs79321507 9.587999999999999e-14
3 124317579 rs67294407 2.0723999999999996e-50
3 124317673 rs147258141 6.5012e-06
3 124317743 rs35910945 2.1929e-50
3 124317776 rs35010210 0.29457
3 124317843 rs34700559 2.4065999999999998e-50
3 124317859 rs16835638 0.29559
3 124317915 rs114026073 0.85426
3 124318026 rs34904084 0.2954
3 124318106 rs16835639 0.29446
3 124318135 rs35086798 0.29434
3 124318139 rs333250 0.009329299999999999
3 124318194 rs144760148 0.89269
3 124318394 rs333249 0.0093449
3 124318402 rs16835642 0.29434
3 124318780 rs151265749 0.89269
3 124318900 rs6797559 0.29443
3 124318963 rs333248 1.3459999999999998e-48
3 124318969 rs6808591 0.29443
3 124319030 rs140563199 0.70434
3 124319122 rs333247 0.031909
3 124319298 rs16835646 0.29362
3 124319328 rs1513289 2.2920999999999997e-50
3 124319801 rs774733180 0.90715
3 124319910 rs34765415 0.29117
3 124319934 rs115984530 0.9164
3 124319935 rs67910194 0.29123000000000004
3 124320213 rs10512626 0.2948
3 124320319 rs13096410 0.29418
3 124320443 rs55987743 0.30425
3 124320679 rs13096817 8.952600000000001e-27
3 124320805 rs34977843 0.29388000000000003
3 124320806 rs13097341 1.3199e-50
3 124320975 rs73191651 3.0279e-10
3 124320981 rs67026356 0.29172
3 124321134 rs13058993 3.9320999999999996e-46
3 124321135 rs2083427 2.5014e-49
3 124321185 rs115310982 0.67697
3 124321193 rs3863070 4.0198999999999994e-45
3 124321224 rs333246 0.0099683
3 124321237 rs66538419 2.5879000000000004e-10
3 124321599 rs534312543 0.12138
3 124321625 rs147995437 0.58067
3 124321704 rs6776396 2.1417e-07
3 124321731 rs6438849 1.9732e-49
3 124321881 rs753109240 0.30006
3 124321893 rs6800980 3.4448e-13
3 124321945 rs7623070 1.6036999999999998e-44
3 124322142 rs6438850 1.9668e-49
3 124322183 rs79158841 0.63252
3 124322233 rs6776954 1.8686e-49
3 124322393 rs12496161 2.4654e-49
3 124322511 rs333245 1.8792e-48
3 124322518 rs13065712 1.495e-48
3 124322523 rs13065562 1.5418e-48
3 124322663 rs147427787 0.42296000000000006
3 124322816 rs13066544 0.030570999999999997
3 124322966 rs333244 0.01704
3 124323140 rs115397766 0.075477
3 124323168 rs333243 3.9513e-50
3 124323191 rs4678130 7.864899999999998e-51
3 124323226 rs16835659 0.23383
3 124323228 rs73191655 1.0020000000000001e-18
3 124323272 rs867347434 0.034281
3 124323285 rs34722804 0.23226999999999998
3 124323326 rs12493681 9.8591e-51
3 124323346 rs7626419 7.7338e-51
3 124323404 rs148523034 0.25918
3 124323432 rs7648525 7.864899999999998e-51
3 124323518 rs7628897 8.0501e-51
3 124323560 rs142864809 0.7562399999999999
3 124323595 rs6438851 7.9603e-51
3 124323762 rs113122720 2.3069e-14
3 124323778 rs12487316 1.0145e-28
3 124323927 rs62267604 1.2751e-10
3 124324068 rs141337834 0.73078
3 124324167 rs7629317 7.932099999999998e-51
3 124324262 rs139021787 4.3772e-06
3 124324334 rs71618091 8.6387e-51
3 124324533 rs56087186 7.3515e-51
3 124324632 rs2651624 0.0079734
3 124324695 rs17227052 7.596999999999999e-51
3 124324784 rs17233461 7.4896e-51
3 124324839 rs111936276 0.21275
3 124324856 rs55892553 7.113099999999999e-51
3 124324947 rs1513293 6.863400000000001e-51
3 124324970 rs1513292 6.538699999999999e-51
3 124325150 rs535031310 0.87508
3 124325447 rs7632861 0.23178
3 124325512 rs374967840 0.49312
3 124325563 rs77648351 0.42571000000000003
3 124325795 rs7373759 4.0571e-51
3 124326225 rs333340 4.9245e-51
3 124326335 rs333339 8.3165e-51
3 124326654 rs657565 7.5796e-29
3 124326658 rs657566 5.3593e-29
3 124326756 rs116835302 0.94116
3 124326801 rs333338 8.4664e-30
3 124326875 rs149595347 0.44091
3 124326922 rs144277757 0.65236
3 124327097 rs111513288 0.8734799999999999
3 124327131 rs13063610 4.2902e-27
3 124327205 rs333337 0.15406
3 124327247 rs16835687 1.6663e-17
3 124327279 rs333336 2.021e-31
3 124327305 rs333335 1.299e-31
3 124327394 rs73191660 4.9844e-21
3 124327409 rs114054467 0.55114
3 124327477 rs116347356 0.55737
3 124327601 rs79951941 0.9279299999999999
3 124327748 rs139781163 0.62534
3 124328346 rs333334 2.2974999999999998e-48
3 124328388 rs333333 1.8703999999999998e-48
3 124328431 rs62267607 6.906999999999999e-17
3 124328494 rs333332 1.3390999999999998e-48
3 124328506 rs1561578 0.039275
3 124328568 rs78989953 0.00032028
3 124328633 rs1561579 0.057039
3 124329161 rs34151455 0.0011626
3 124329232 rs149548370 0.65852
3 124329381 rs143173461 0.13637
3 124329468 rs56370669 0.051177999999999994
3 124329491 rs333331 0.041341
3 124329501 rs148095854 0.77828
3 124329531 rs333330 0.045337
3 124329607 rs141821573 0.66793
3 124329669 rs333329 2.3869000000000003e-10
3 124329747 rs542057026 0.7621399999999999
3 124329748 rs72962889 4.989e-16
3 124329969 rs333328 0.11445999999999999
3 124330211 rs74768386 0.72073
3 124330316 rs10934675 1.8303e-34
3 124330415 rs16835717 4.8525e-08
3 124330441 rs571813964 0.91289
3 124330717 rs77643554 2.7534e-08
3 124330744 rs333327 2.1606999999999997e-40
3 124330975 rs982018 3.813e-06
3 124331000 rs333326 1.1913e-08
3 124331073 rs333325 0.051534
3 124331144 rs12637939 0.12272999999999999
3 124331243 rs549709997 0.70765
3 124331249 rs333324 0.11504
3 124331329 rs147801025 0.095731
3 124331342 rs112978458 0.5978100000000001
3 124331484 rs333323 4.0712e-40
3 124331559 rs114036211 0.70787
3 124331571 rs333322 4.707699999999999e-71
3 124331600 rs333321 2.1289e-71
3 124331664 rs181730580 0.91369
3 124331837 rs2651609 0.050589
3 124332628 rs58225826 0.65738
3 124332831 rs116691338 0.68072
3 124332855 rs333320 1.3975e-07
3 124332860 rs6796587 0.24294000000000002
3 124333184 rs333319 0.051746
3 124333501 rs57418675 4.6183e-16
3 124333707 rs142070822 0.66675
3 124334061 rs80177467 0.32166
3 124334065 rs115331468 0.69996
3 124334251 rs4677932 2.7186e-34
3 124334450 rs62267609 3.6537e-06
3 124334559 rs9813545 0.1472
3 124334565 rs141931646 0.013719
3 124334599 rs333318 3.7960999999999995e-35
3 124334603 rs62267610 8.119300000000001e-17
3 124334659 rs150694458 0.9482299999999999
3 124334843 rs144914726 0.22324000000000002
3 124334892 rs16835731 0.58859
3 124334893 rs147363833 0.1268
3 124335076 rs56107458 0.59348
3 124335164 rs115559094 0.20376
3 124335206 rs145164680 0.95796
3 124335281 rs149091096 0.20239000000000001
3 124335414 rs142141772 0.10747000000000001
3 124335436 rs28645918 4.4991000000000004e-27
3 124335498 rs151224324 0.1809
3 124335573 rs333317 2.993899999999999e-67
3 124335669 rs145717424 0.04381
3 124335685 rs138183977 0.026395
3 124335886 rs116127859 2.7560000000000004e-06
3 124335909 rs9754916 7.860399999999999e-17
3 124336025 rs181784709 0.063249
3 124336042 rs147531827 0.043595
3 124336521 rs68174494 5.0474e-07
3 124336622 rs67631613 3.4453000000000004e-05
3 124336779 rs114086815 1.6043e-09
3 124336892 rs139494367 0.12506
3 124337049 rs145579701 0.88685
3 124337112 rs11920280 7.9708e-20
3 124337153 rs181107244 0.08657100000000001
3 124337402 rs34605102 7.7851e-20
3 124337590 rs113743873 0.93858
3 124338371 rs333316 0.11180999999999999
3 124338375 rs151034690 0.15222
3 124338526 rs333315 0.15285
3 124338708 rs74715472 4.9078e-08
3 124338739 rs116434599 0.16282
3 124338960 rs333314 9.384599999999999e-71
3 124338974 rs138511403 4.8273e-06
3 124339093 rs333313 1.9731999999999998e-70
3 124339152 rs190470296 0.57
3 124339247 rs114493565 0.37004000000000004
3 124339474 rs333312 2.6605999999999997e-28
3 124339527 rs6771416 5.4429999999999995e-18
3 124339750 rs333311 2.8084999999999998e-28
3 124340025 rs333310 9.470599999999997e-72
3 124340093 rs13067286 1.9139e-18
3 124340149 rs333309 1.0500999999999999e-71
3 124340222 rs10512627 1.7123e-18
3 124340432 rs11707390 0.049052
3 124340477 rs73191676 1.953e-07
3 124340508 rs141222391 0.56055
3 124340591 rs597184 8.220199999999999e-72
3 124340654 rs139329762 0.6857
3 124340830 rs56414162 5.9075e-07
3 124340847 rs644511 7.154999999999999e-72
3 124341099 rs584495 3.3406e-28
3 124341148 rs584113 4.3437999999999996e-72
3 124341152 rs7616881 1.615e-18
3 124341219 rs78665539 0.5421199999999999
3 124341413 rs582766 1.7129999999999997e-23
3 124341535 rs582288 2.8011e-28
3 124341536 rs113401312 0.72906
3 124341806 rs10512628 1.9384e-18
3 124341894 rs146520412 0.16706
3 124342011 rs139994310 0.059015
3 124342414 rs1617030 2.3849e-28
3 124342627 rs678925 2.188e-28
3 124342633 rs678911 1.9969999999999996e-28
3 124342777 rs116308540 0.50163
3 124342785 rs664057 2.2915e-28
3 124342913 rs116802695 0.7013699999999999
3 124342954 rs663202 3.7913e-28
3 124343067 rs62265570 1.2017000000000002e-07
3 124343250 rs35990653 0.060283
3 124343256 rs676091 0.1502
3 124343361 rs145208391 0.056613
3 124343365 rs149133555 0.1321
3 124343394 rs34480718 0.11615999999999999
3 124343666 rs663985 1.4347e-07
3 124343741 rs143296788 0.21778000000000003
3 124343808 rs67769955 4.2227e-18
3 124344088 rs2076720 8.533799999999999e-05
3 124344105 rs647565 2.0468e-12
3 124344109 rs661837 1.9395e-12
3 124344339 rs650632 0.022785
3 124344379 rs650571 0.023490999999999998
3 124344417 rs564296091 0.8365
3 124344779 rs138469721 0.5458
3 124344883 rs2173851 0.024413
3 124345144 rs1532669 0.024029
3 124345166 rs2119185 2.6545999999999996e-71
3 124345362 rs2165252 1.0343999999999997e-92
3 124345374 rs73191691 5.0001e-16
3 124345464 rs139159006 0.32799
3 124345877 rs619460 1.1760999999999998e-92
3 124345910 rs589663 0.022808000000000002
3 124345983 rs13071295 0.0012154000000000002
3 124346141 rs618105 0.022553
3 124346439 rs1708318 0.022413
3 124346630 rs13071977 0.0012422000000000002
3 124346718 rs149759180 0.079914
3 124346723 rs603634 0.022408
3 124346752 rs116652894 0.7249800000000001
3 124346783 rs73191697 3.1593e-16
3 124346863 rs113752157 1.7257000000000002e-07
3 124346939 rs10934677 0.022512
3 124347292 rs115101981 0.71748
3 124347443 rs35659984 0.0013115
3 124347459 rs56688610 4.690199999999999e-71
3 124347468 rs59409188 1.1285999999999998e-53
3 124347625 rs78030017 0.19471
3 124347748 rs77569241 2.2353e-16
3 124347783 rs2581159 3.1745e-71
3 124347872 rs116058406 0.61523
3 124347962 rs1660039 1.1522e-05
3 124347965 rs77472867 1.9877e-16
3 124347974 rs11710195 1.2819999999999997e-53
3 124348001 rs59329079 5.9288e-11
3 124348016 rs72964663 6.625800000000001e-09
3 124348221 rs34552500 1.0238999999999999e-53
3 124348234 rs60582273 0.42966000000000004
3 124348678 rs4678142 6.404699999999999e-53
3 124348728 rs145963824 0.15420999999999999
3 124348923 rs138684557 0.022951
3 124348999 rs16835749 1.6353999999999998e-53
3 124349120 rs16835753 8.945099999999999e-54
3 124349126 rs62265576 2.9592000000000002e-59
3 124349274 rs759696886 0.29046
3 124349330 rs112445600 2.7654e-09
3 124349339 rs62265577 4.067899999999999e-60
3 124349703 rs114087326 0.7754800000000001
3 124349818 rs112678377 0.5112399999999999
3 124350039 rs76851232 8.2328e-14
3 124350073 rs62265578 1.1821999999999997e-72
3 124350218 rs145464962 0.54995
3 124350438 rs6764025 0.12796
3 124350548 rs113407141 0.72656
3 124350619 rs12152359 0.058339999999999996
3 124350621 rs74661846 5.6523000000000004e-09
3 124350655 rs28600956 0.08097
3 124350678 rs2651603 8.834799999999997e-61
3 124350712 rs147686357 0.24117
3 124350721 rs141046382 0.11697
3 124350850 rs2013773 1.3688e-32
3 124350856 rs2013774 1.7629999999999998e-55
3 124351105 rs7619841 0.63168
3 124351229 rs3816201 1.9238e-08
3 124351316 rs1708303 8.1416e-88
3 124351424 rs1660038 1.4937000000000002e-87
3 124351573 rs41264661 3.0600999999999997e-06
3 124352070 rs621260 9.630599999999997e-84
3 124352085 rs13087350 1.8654999999999998e-63
3 124352109 rs75482167 5.9499e-08
3 124352135 rs13087377 1.2406999999999998e-71
3 124352236 rs13064861 1.7279e-51
3 124352363 rs57367501 0.50395
3 124352573 rs652046 1.7816999999999994e-88
3 124352596 rs114082360 0.70919
3 124352728 rs652863 1.2358e-07
3 124352758 rs55915606 0.29203
3 124352836 rs75438989 1.4580000000000002e-08
3 124352846 rs116291853 0.6111800000000001
3 124352868 rs10428097 0.5026
3 124352900 rs111284721 0.59425
3 124352904 rs114284605 0.46516
3 124353366 rs186633260 0.052110000000000004
3 124353393 rs67708930 0.48681
3 124353532 rs864748 1.5152999999999997e-87
3 124353586 rs604162 1.5357999999999995e-87
3 124353637 rs147209951 0.23679
3 124353668 rs139895213 0.85369
3 124353772 rs607700 1.5682999999999998e-87
3 124353868 rs13076802 4.8035e-05
3 124354315 rs609911 7.059099999999999e-87
3 124354590 rs535981806 0.22286
3 124354607 rs686507 6.940699999999999e-87
3 124354684 rs686412 5.893199999999998e-87
3 124354877 rs685545 5.303999999999999e-87
3 124355155 rs684237 1.3976999999999998e-87
3 124355364 rs2669911 7.4338e-06
3 124355476 rs4677937 2.3051e-55
3 124355822 rs144569755 0.6643399999999999
3 124355881 rs115395904 0.63284
3 124355934 rs2276741 0.6134
3 124356078 rs78141278 0.8338399999999999
3 124356082 rs34157843 0.029733
3 124356460 rs3755680 1.9155000000000002e-54
3 124356462 rs667883 2.4549999999999998e-67
3 124356582 rs112004811 0.81314
3 124356662 rs3755682 5.274299999999999e-67
3 124357125 rs2581158 5.5164e-07
3 124357190 rs551319394 0.55314
3 124357413 rs561784451 0.27587
3 124357537 rs618198 0.0046435
3 124357729 rs58264949 0.36286
3 124357776 rs58076697 0.36130999999999996
3 124357840 rs60960767 0.2104
3 124357902 rs640766 5.5304999999999995e-68
3 124358039 rs640253 0.17895
3 124358041 rs7653534 9.4038e-67
3 124358148 rs77396120 0.036470999999999996
3 124358160 rs569014657 0.70933
3 124358461 rs190598086 0.18795
3 124358517 rs632874 0.0050397
3 124358700 rs146637972 0.79706
3 124358713 rs61521797 0.20995
3 124358715 rs13069961 6.0929e-55
3 124358907 rs626084 0.0049493
3 124359092 rs1708317 0.0050059
3 124359288 rs11720780 5.9287e-17
3 124359422 rs114164177 0.57227
3 124359716 rs1392910 0.0049938000000000005
3 124359741 rs6803877 0.5656899999999999
3 124359842 rs62265580 6.589899999999999e-55
3 124359863 rs1354083 0.0049529
3 124360027 rs3755684 0.20889000000000002
3 124360073 rs58563555 9.1003e-06
3 124360079 rs114289141 0.47181000000000006
3 124360162 rs3755685 2.7089e-08
3 124360427 rs11709895 5.9225e-17
3 124360436 rs115328062 0.6664
3 124360499 rs612303 0.005222600000000001
3 124360523 rs592017 0.005195399999999999
3 124360529 rs146032611 0.56993
3 124360895 rs1660036 0.0051728
3 124360932 rs143593818 0.47133
3 124361003 rs1708304 0.0051734
3 124361019 rs1660035 0.0051558
3 124361025 rs557849748 0.8335799999999999
3 124361046 rs141401130 0.59232
3 124361098 rs116153464 0.00014956
3 124361202 rs67923558 0.33679000000000003
3 124361333 rs35593328 0.00014922
3 124361426 rs1708305 0.0051808
3 124361445 rs34693116 0.00014918
3 124361821 rs189382712 0.24008000000000002
3 124361853 rs1708307 0.0051722999999999995
3 124361872 rs192305728 0.8362
3 124361899 rs1611980 0.12994
3 124362323 rs670994 0.0051846
3 124362325 rs111489751 0.65263
3 124362349 rs1708308 0.0050295
3 124362367 rs115864081 0.46155
3 124362493 rs35919599 0.00014831
3 124362663 rs773572776 0.16113
3 124362675 rs674145 4.1604e-07
3 124362734 rs115798913 0.41083000000000003
3 124362829 rs148403561 0.034524
3 124362830 rs73193734 2.0393999999999998e-22
3 124363001 rs7618562 1.1019999999999999e-66
3 124363006 rs672763 0.0051099
3 124363022 rs657715 0.005483699999999999
3 124363220 rs656851 4.1611000000000004e-07
3 124363283 rs112024275 1.2446999999999999e-08
3 124363485 rs150382930 8.982e-23
3 124363488 rs138063348 0.34048
3 124363540 rs148932006 2.1846999999999997e-07
3 124363796 rs149803909 1.3769999999999997e-66
3 124363835 rs149006384 0.0051063
3 124364040 rs75124778 0.0054638
3 124364050 rs139431190 0.13725
3 124364209 rs558248827 0.70611
3 124364345 rs1708309 0.0050996
3 124364368 rs1660034 0.0050958999999999996
3 124364569 rs615408 0.0051123
3 124364584 rs75570092 0.85529
3 124364624 rs629999 0.005111999999999999
3 124364656 rs13064031 0.00014546
3 124364741 rs192433282 0.41412
3 124364770 rs755792481 0.059999000000000004
3 124364780 rs614500 0.0053972000000000004
3 124364803 rs112633029 0.34844
3 124364827 rs629075 0.016633000000000002
3 124364828 rs28532106 0.018724
3 124364840 rs2953132 0.12771
3 124364920 rs628635 0.0050168
3 124365036 rs116009364 0.00037369
3 124365071 rs115945547 0.8254
3 124365161 rs12494927 0.2022
3 124365209 rs12185948 9.1347e-05
3 124365307 rs12494957 0.20199
3 124365401 rs184876380 0.32456
3 124365414 rs11705946 8.268299999999997e-67
3 124365471 rs1660033 1.2185e-05
3 124365530 rs12495013 0.20464000000000002
3 124365593 rs2651606 0.0051222
3 124365624 rs114638702 0.32372
3 124365631 rs150161581 0.61879
3 124365803 rs6806224 7.1778e-67
3 124365804 rs1708312 0.0050605
3 124365968 rs1660032 1.3623e-05
3 124366024 rs115559265 0.46738
3 124366049 rs74281220 2.813e-08
3 124366132 rs138252689 0.5613100000000001
3 124366273 rs6806928 0.9490700000000001
3 124366274 rs1708313 3.5118e-07
3 124366277 rs1660031 0.006369
3 124366286 rs1708314 0.006264199999999999
3 124366347 rs1660030 0.0049587
3 124366473 rs1660029 0.0049114
3 124366483 rs2651605 1.1782999999999999e-05
3 124366662 rs1392912 2.2613000000000003e-07
3 124366750 rs2713652 5.3464999999999996e-08
3 124366884 rs694671 0.0054005
3 124366890 rs76445378 5.7553e-23
3 124367128 rs598248 1.7367999999999998e-07
3 124367132 rs868009579 0.027191000000000003
3 124367236 rs57715554 7.7013e-17
3 124367319 rs148134074 0.00042512
3 124367360 rs74935166 0.46576999999999996
3 124367574 rs35303401 0.00013658
3 124367881 rs115389050 0.6817
3 124367916 rs114195616 0.6821699999999999
3 124367999 rs1866676 0.26734
3 124368046 rs191381583 0.28447
3 124368149 rs1875361 2.7005999999999996e-70
3 124368345 rs2669917 1.1708e-90
3 124368757 rs192966444 0.6287699999999999
3 124369211 rs2651604 2.2505e-70
3 124369360 rs3772775 4.9113e-67
3 124369367 rs115413196 0.23290999999999998
3 124369671 rs56098940 6.9614e-05
3 124369744 rs12106716 8.830100000000001e-05
3 124369782 rs35298864 0.1286
3 124369972 rs79763273 0.17274
3 124370341 rs2581155 2.5623999999999997e-70
3 124370363 rs75350694 0.61625
3 124370526 rs13067579 0.00022054
3 124370533 rs61590403 0.8206600000000001
3 124370635 rs13067746 8.7571e-05
3 124370733 rs333308 1.9315999999999997e-90
3 124370791 rs333307 0.0013309
3 124371035 rs333306 1.5232999999999997e-70
3 124371154 rs146785753 0.33041
3 124371157 rs333305 5.849099999999999e-91
3 124371232 rs114601945 0.6139600000000001
3 124371451 rs3863069 0.17614000000000002
3 124371495 rs7651957 9.056799999999999e-67
3 124371544 rs111274440 0.81465
3 124371556 rs367546135 0.52259
3 124371579 rs149606731 0.77936
3 124371757 rs116252299 0.075262
3 124371934 rs73193749 6.0179e-22
3 124372014 rs75626067 8.337e-09
3 124372066 rs116733509 0.46353
3 124372075 rs333304 5.923699999999998e-91
3 124372103 rs1440146 3.9645999999999994e-91
3 124372108 rs1501184 0.14657
3 124372449 rs3772777 5.754699999999999e-67
3 124373166 rs76183765 0.94316
3 124373432 rs3772778 2.7374e-08
3 124373723 rs66817733 0.27579000000000004
3 124373772 rs60947240 0.98141
3 124374102 rs11920185 0.00013022
3 124374215 rs11711670 7.397499999999999e-67
3 124374259 rs4677938 7.537699999999998e-67
3 124374405 rs4677939 9.068e-67
3 124374869 rs113483270 0.67447
3 124374940 rs13064734 8.6952e-67
3 124375246 rs141050479 0.6137699999999999
3 124375259 rs59517002 0.21886999999999998
3 124375389 rs141889988 2.8382e-08
3 124375414 rs113867992 0.6774600000000001
3 124375435 rs137922596 0.6286
3 124375689 rs75445608 7.4325e-12
3 124375799 rs11707114 1.2167e-66
3 124375908 rs333303 0.16738
3 124376012 rs333302 8.842999999999999e-91
3 124376510 rs2289426 0.19694
3 124376650 rs115886457 0.76726
3 124376653 rs106520 1.5119999999999995e-64
3 124376662 rs74888568 0.4566
3 124376676 rs1004840 0.59511
3 124376900 rs552188858 0.7832399999999999
3 124377049 rs333301 8.749999999999998e-92
3 124377094 rs113959528 0.54608
3 124377165 rs2175740 1.1692999999999999e-15
3 124377179 rs79876003 0.9814200000000001
3 124377196 rs10804562 2.5965999999999997e-51
3 124377298 rs116515655 0.3763
3 124377326 rs56106611 4.4079999999999996e-23
3 124377337 rs61745758 0.73773
3 124377352 rs150581055 0.919
3 124377430 rs56342323 5.394e-09
3 124377432 rs73193757 0.00049645
3 124377632 rs333300 6.997199999999999e-81
3 124377732 rs16835783 0.00017214
3 124377767 rs57220091 1.1714999999999999e-18
3 124377820 rs333299 7.940599999999999e-101
3 124377849 rs113817646 0.86003
3 124377858 rs66540238 0.00017218
3 124377915 rs333298 1.2023999999999998e-101
3 124378386 rs333297 1.5516999999999997e-100
3 124378412 rs10755078 4.5853e-61
3 124378447 rs145189655 0.8846299999999999
3 124378520 rs333296 1.6834e-101
3 124378838 rs333294 2.2341999999999992e-101
3 124378970 rs333293 2.2745999999999995e-101
3 124378991 rs59819563 1.4123e-05
3 124379031 rs231602 2.6358999999999995e-101
3 124379058 rs333292 2.5308999999999994e-101
3 124379266 rs179688 1.7311e-25
3 124379432 rs148154400 0.00017827
3 124379488 rs67948135 0.73135
3 124379497 rs138369502 0.8834
3 124379641 rs333291 2.7112999999999996e-101
3 124379748 rs333290 3.065899999999999e-101
3 124379817 rs333289 2.5036999999999992e-101
3 124379987 rs767225807 0.24464
3 124380214 rs79697624 3.5419e-09
3 124380290 rs180947269 0.069849
3 124380409 rs73193766 1.0888e-18
3 124380447 rs333288 8.722499999999998e-31
3 124380593 rs191989637 0.6784100000000001
3 124380793 rs665927 2.5243000000000006e-25
3 124380838 rs6772913 0.041874
3 124380839 rs73193769 1.0312e-18
3 124380849 rs77102625 0.48546999999999996
3 124380992 rs3772779 0.00016567
3 124381198 rs13058958 0.000167
3 124381439 rs333287 1.0215e-30
3 124382045 rs13064503 0.00015764
3 124382092 rs115555516 0.048739
3 124382147 rs73193773 1.1742e-18
3 124382637 rs78906817 0.56887
3 124382676 rs231601 4.245399999999999e-101
3 124382724 rs73193775 9.8427e-19
3 124383367 rs149225935 0.56271
3 124383395 rs541289914 0.18168
3 124383406 rs333346 0.077314
3 124383414 rs9857582 1.5842000000000002e-05
3 124383499 rs140218946 0.5634600000000001
3 124383508 rs145348474 0.91753
3 124383543 rs73193778 9.9746e-19
3 124383593 rs333345 0.07751
3 124383686 rs3755688 2.6551999999999998e-20
3 124383811 rs3755689 9.8809e-19
3 124383854 rs333344 5.281999999999999e-101
3 124383870 rs111434781 0.9443799999999999
3 124384163 rs111343232 0.94319
3 124384187 rs58159645 1.0193e-18
3 124384431 rs11716888 1.0139e-18
3 124384554 rs11716957 8.9027e-19
3 124384601 rs11709152 1.0109e-18
3 124384854 rs34785698 1.0155e-18
3 124385301 rs55689161 9.9499e-19
3 124385342 rs139843692 0.36313
3 124385361 rs41264663 1.1467e-18
3 124385556 rs73193781 1.0491e-18
3 124385619 rs2289425 9.875399999999999e-19
3 124385622 rs2289424 9.854e-19
3 124385624 rs149857405 0.60288
3 124385722 rs2289423 1.2794e-18
3 124385814 rs2289422 9.8447e-19
3 124385823 rs2289421 9.8447e-19
3 124385835 rs114624298 0.92605
3 124385942 rs2289420 9.8015e-19
3 124385960 rs2289419 9.787799999999999e-19
3 124386197 rs3755692 9.681100000000002e-19
3 124386202 rs333343 0.074377
3 124386339 rs11713231 9.6424e-19
3 124386593 rs58013713 0.00014828
3 124387016 rs11714209 5.652e-17
3 124387045 rs11714268 1.3953e-18
3 124387048 rs11714215 1.3721e-18
3 124387079 rs78687408 0.00024957
3 124387152 rs11706499 9.4316e-19
3 124387220 rs76383402 0.36107
3 124387246 rs11714330 9.4219e-19
3 124387335 rs73195542 8.5823e-19
3 124387410 rs10512629 2.7954e-20
3 124387416 rs73195544 9.1775e-19
3 124387427 rs180789404 0.27114
3 124387439 rs3772781 4.2028999999999986e-61
3 124387581 rs74681793 9.4826e-19
3 124387598 rs149067553 0.60143
3 124387747 rs76326417 0.5521
3 124388244 rs73195546 9.3536e-19
3 124388374 rs77082611 9.3225e-19
3 124388488 rs78334752 9.3085e-19
3 124388629 rs35052310 0.00014594
3 124388656 rs114830893 0.9485
3 124388729 rs142381155 0.9074700000000001
3 124388795 rs58139320 1.1247000000000001e-05
3 124388878 rs117017930 1.125e-18
3 124388932 rs116348984 9.2413e-19
3 124389099 rs139783079 9.2036e-19
3 124389101 rs112798538 0.5987899999999999
3 124389241 rs76516014 0.69192
3 124389286 rs73195549 8.2436e-19
3 124389312 rs56299577 0.00014958
3 124389446 rs73195550 9.136700000000002e-19
3 124389468 rs73195551 9.146e-19
3 124389597 rs73195552 9.5786e-19
3 124389605 rs333342 0.071906
3 124389687 rs148879574 0.88046
3 124389759 rs73195554 6.787200000000001e-19
3 124389813 rs116717978 0.18824000000000002
3 124390172 rs77447092 0.00011926
3 124390242 rs57877822 9.093899999999998e-19
3 124390321 rs115215234 0.69421
3 124390337 rs150642919 0.2874
3 124390352 rs60467114 8.974600000000001e-19
3 124390722 rs35653635 7.942900000000001e-19
3 124390796 rs3772782 6.2673e-20
3 124390898 rs144526164 0.75122
3 124390985 rs148612821 0.38189
3 124391033 rs142040592 0.43954
3 124391324 rs4678143 9.7237e-69
3 124391461 rs111913616 0.10305999999999998
3 124391627 rs73195557 9.2855e-19
3 124391737 rs147618788 0.12524000000000002
3 124391795 rs638779 9.9295e-100
3 124391843 rs73195559 1.1802e-18
3 124391857 rs73195561 8.8735e-19
3 124391886 rs73195562 9.350299999999998e-19
3 124392021 rs75919677 9.3431e-19
3 124392681 rs73195563 1.0004e-18
3 124392796 rs60912009 5.2607e-19
3 124392819 rs111337320 0.8762200000000001
3 124392835 rs73195564 9.5484e-19
3 124392859 rs73195565 1.0057e-18
3 124392891 rs73195566 1.0047000000000001e-18
3 124392911 rs73195567 1.015e-18
3 124393040 rs333357 0.00016312
3 124393074 rs333356 3.782399999999999e-86
3 124393490 rs9845054 1.1812e-05
3 124393595 rs333355 4.228799999999999e-60
3 124393610 rs333354 1.443e-88
3 124393896 rs333353 0.00016542
3 124393901 rs74389625 0.8604700000000001
3 124393940 rs333352 1.7102999999999995e-88
3 124393955 rs778982697 0.78418
3 124394276 rs9832357 1.0937e-05
3 124394321 rs9812527 1.1955e-05
3 124394641 rs16835816 1.0688e-05
3 124394657 rs3772784 2.9237e-35
3 124394667 rs3772785 3.5671e-11
3 124394702 rs11710722 6.5996e-19
3 124394791 rs76898321 0.49415
3 124395081 rs6778762 0.5324
3 124395138 rs189151 0.00014344
3 124395250 rs3772786 1.4883999999999999e-60
3 124395368 rs3772787 3.4795999999999994e-61
3 124395387 rs333350 2.2883999999999998e-89
3 124395571 rs151193964 0.21084
3 124395607 rs3772789 9.8922e-61
3 124395987 rs11718359 1.0546999999999999e-60
3 124396104 rs76683338 0.8734200000000001
3 124396338 rs333349 4.333299999999999e-99
3 124396650 rs333348 2.0342e-89
3 124396704 rs550741243 0.25974
3 124396741 rs79348582 0.9497700000000001
3 124396928 rs75236952 1.7488e-12
3 124397261 rs66958635 5.2026e-19
3 124397437 rs74590646 0.55906
3 124397958 rs76647416 0.86946
3 124398031 rs2242426 1.0028999999999999e-60
3 124398112 rs13097459 6.129199999999999e-61
3 124398180 rs78020606 0.8492200000000001
3 124398251 rs77679707 0.84993
3 124398571 rs821365 9.058399999999997e-89
3 124398589 rs821364 5.070899999999998e-89
3 124398644 rs2242425 5.5694999999999994e-61
3 124398686 rs116258522 0.5332600000000001
3 124398865 rs16835851 0.00011402
3 124398914 rs17307881 0.85395
3 124399030 rs538066190 0.6723399999999999
3 124399116 rs2242424 0.46546000000000004
3 124399138 rs180835599 0.0030368
3 124399196 rs149686480 0.0038539
3 124399293 rs1846892 5.5632999999999994e-61
3 124399397 rs1846891 5.8025999999999993e-61
3 124400085 rs189182864 0.71333
3 124400092 rs637551 8.105199999999999e-47
3 124400107 rs879535 6.794899999999999e-61
3 124400192 rs6771794 1.1355e-05
3 124400211 rs3755697 2.1432e-11
3 124400290 rs638475 0.066233
3 124400719 rs650995 0.038389
3 124401068 rs181429290 0.7095199999999999
3 124401193 rs73195575 0.00087254
3 124401225 rs3772790 0.0041523
3 124401439 rs114773679 0.7142
3 124401692 rs586395 0.23326999999999998
3 124401797 rs849157 0.38461
3 124402135 rs116733942 0.21166
3 124402162 rs75361114 0.5646899999999999
3 124402221 rs17307972 1.5118e-05
3 124402257 rs16835861 1.1198e-05
3 124402365 rs680822 3.1828000000000003e-13
3 124402397 rs374267948 0.48331
3 124402618 rs3821532 9.263699999999999e-61
3 124402853 rs678633 3.0713e-89
3 124403026 rs75339318 0.9457
3 124403275 rs1708320 2.4374999999999996e-89
3 124403507 rs57876057 5.4688e-19
3 124403555 rs59058650 0.51061
3 124403594 rs1440147 3.8747999999999995e-89
3 124403643 rs1501187 2.7030999999999998e-11
3 124403739 rs60523444 5.2832e-19
3 124403831 rs861959 0.07381599999999999
3 124403860 rs821368 3.769e-89
3 124404188 rs821367 4.4661000000000005e-15
3 124404399 rs4678144 4.988799999999999e-60
3 124404514 rs2713637 8.9891e-12
3 124404632 rs3755699 9.329600000000001e-05
3 124404696 rs821366 8.8021e-12
3 124404817 rs77823543 0.56698
3 124404958 rs12639478 2.8710000000000004e-60
3 124405042 rs12631364 2.8039999999999996e-60
3 124405176 rs66484237 9.7859e-05
3 124405397 rs605137 8.8879e-12
3 124405513 rs35816663 2.7373e-60
3 124405723 rs3772793 3.0992999999999994e-60
3 124405794 rs617149 0.00014844
3 124406098 rs17308266 2.1471999999999996e-11
3 124406175 rs189150 1.4824999999999994e-75
3 124406221 rs374793807 0.53597
3 124406342 rs78211460 0.9450299999999999
3 124406410 rs114253953 0.47572
3 124406411 rs115555531 0.47533000000000003
3 124406513 rs77546346 9.0631e-11
3 124406652 rs61254249 0.4997
3 124407090 rs56764514 3.3812e-53
3 124407145 rs116112271 3.9434e-05
3 124407196 rs11707771 2.1529e-18
3 124407500 rs3772794 0.50102
3 124407829 rs61154020 2.2399000000000003e-18
3 124407955 rs9879431 0.071074
3 124407960 rs141190005 0.20870999999999998
3 124408149 rs11928787 1.3806999999999997e-60
3 124408201 rs148761666 0.00091875
3 124408490 rs34350296 0.00011226
3 124408676 rs11720590 1.7184000000000002e-18
3 124408691 rs3772795 1.7184000000000002e-18
3 124408740 rs111460832 0.46513000000000004
3 124408795 rs66491676 1.6513999999999997e-18
3 124409067 rs72968713 0.46603999999999995
3 124409129 rs333286 0.070561
3 124409501 rs113927031 0.47623000000000004
3 124409665 rs7617373 0.00011289
3 124409741 rs58183628 0.27812
3 124409948 rs78581523 0.46547
3 124410051 rs6770949 1.6335999999999997e-11
3 124410097 rs9814969 4.4386e-08
3 124410143 rs71323881 0.016006
3 124410346 rs6795603 7.214399999999999e-11
3 124410501 rs59813869 0.5223899999999999
3 124410569 rs9815726 0.21996999999999997
3 124410672 rs11707172 2.1961999999999996e-53
3 124410808 rs11707153 6.037500000000001e-19
3 124411545 rs73195581 6.072999999999999e-19
3 124411690 rs333285 0.005974
3 124411922 rs3772796 5.1463e-80
3 124412153 rs333284 4.7625e-55
3 124412471 rs2289429 0.46326000000000006
3 124412524 rs2289428 1.2463999999999998e-60
3 124412634 rs333283 1.1751e-90
3 124412691 rs16835881 0.00012502
3 124412751 rs72968723 0.46908
3 124412821 rs78668360 3.3549999999999997e-11
3 124413219 rs333282 0.06913
3 124413404 rs41264667 0.00035579
3 124413418 rs41264669 0.00033081
3 124413434 rs145430248 0.28822
3 124413500 rs76527393 0.88907
3 124413803 rs114037258 0.006156399999999999
3 124413850 rs184894925 0.77415
3 124414059 rs6766433 0.48165
3 124414332 rs333281 0.046321
3 124414360 rs755504604 0.82027
3 124414454 rs3755702 8.404e-16
3 124415222 rs333280 5.4977999999999993e-76
3 124415254 rs7616856 0.0015655999999999999
3 124415404 rs333279 0.5077699999999999
3 124415424 rs113216917 0.45566
3 124415457 rs115615769 0.9454799999999999
3 124415668 rs333278 1.1382e-18
3 124416186 rs16845650 0.48041999999999996
3 124416698 rs333277 4.3255000000000005e-39
3 124416711 rs333276 3.488e-39
3 124416729 rs34274007 0.00024617
3 124416744 rs141774078 0.38559
3 124416802 rs150833123 0.78258
3 124416976 rs333275 0.088201
3 124417054 rs56004133 0.00012428
3 124417137 rs114770814 0.6722899999999999
3 124417179 rs7645156 0.7306199999999999
3 124417217 rs9824248 1.1503e-05
3 124417219 rs9843925 1.1594000000000001e-05
3 124417578 rs115907750 0.55979
3 124418073 rs55933223 1.0967999999999999e-05
3 124418303 rs143810490 0.53074
3 124418383 rs3772798 0.48667
3 124418530 rs140772121 0.013050999999999998
3 124418846 rs2289427 3.2508e-11
3 124418847 rs56320013 0.8821100000000001
3 124418879 rs56047676 0.00011762
3 124418903 rs138620359 0.71828
3 124419235 rs113413242 0.44148000000000004
3 124420063 rs555853160 0.31959
3 124420102 rs2173852 1.5846999999999997e-66
3 124420110 rs774571900 0.1796
3 124420310 rs333272 7.588099999999998e-82
3 124420625 rs333271 7.7857e-82
3 124420735 rs56078722 0.00018686
3 124421437 rs191222672 0.86044
3 124421438 rs181570928 0.9449700000000001
3 124421940 rs593672 1.2316999999999998e-81
3 124422005 rs7621976 0.00011326
3 124422097 rs144118190 0.036867000000000004
3 124422262 rs78611122 2.7568000000000004e-11
3 124422414 rs1616515 5.845100000000001e-17
3 124422722 rs11714527 1.9162999999999997e-66
3 124423032 rs7636897 0.61492
3 124423525 rs140305856 2.5179e-19
3 124423582 rs6806199 0.00013876
3 124423650 rs143478468 6.553e-19
3 124423675 rs11715641 1.5846e-66
3 124423688 rs148039415 0.074937
3 124423729 rs74281223 2.6594e-11
3 124423730 rs1708321 0.066713
3 124424114 rs7650393 0.49463999999999997
3 124424654 rs148632662 0.036581
3 124424673 rs138671438 0.07961
3 124424888 rs112079112 3.3881999999999995e-11
3 124425263 rs189337702 0.52104
3 124425499 rs113801012 0.44136000000000003
3 124425524 rs1660020 0.034588
3 124425659 rs143127471 0.37159000000000003
3 124425777 rs554712518 0.28811
3 124426270 rs564327461 0.47588
3 124426756 rs333264 4.541399999999998e-91
3 124426959 rs333263 2.6773000000000003e-43
3 124427322 rs77614255 3.617800000000001e-11
3 124427418 rs333262 5.574899999999999e-91
3 124427595 rs75771831 3.3497e-11
3 124427608 rs80003343 3.5517e-11
3 124427654 rs7640331 0.5402899999999999
3 124427707 rs333261 0.059029
3 124428193 rs144925401 0.33288
3 124428207 rs369484200 0.33755
3 124428388 rs149057211 2.8281e-11
3 124428841 rs645703 2.6611e-43
3 124428896 rs184559 2.6313e-43
3 124429408 rs115146054 2.9649999999999996e-11
3 124429600 rs12494089 0.5371100000000001
3 124429848 rs13097438 1.2562999999999997e-66
3 124429923 rs73195597 8.298500000000001e-19
3 124430037 rs332511 9.532499999999998e-81
3 124430339 rs116474858 0.6794
3 124430776 rs11918310 0.00046465
3 124430913 rs73195600 2.0429000000000004e-19
3 124431172 rs332510 0.44695
3 124431782 rs201457472 0.45158999999999994
3 124432260 rs332508 2.0721999999999996e-69
3 124432392 rs179581 2.8e-69
3 124432712 rs77117320 0.90333
3 124433163 rs57842743 0.51299
3 124433207 rs116001473 0.13759000000000002
3 124433512 rs3863064 0.55218
3 124433550 rs893830 0.008229700000000001
3 124433660 rs1808852 0.51903
3 124433705 rs145038267 0.00046731
3 124433725 rs528625418 0.75977
3 124433755 rs113403463 1.6972e-06
3 124434059 rs878855 0.52451
3 124434407 rs149635362 0.00074951
3 124434576 rs78747398 0.011822
3 124434615 rs80338230 0.5444899999999999
3 124435015 rs6766463 0.54562
3 124435093 rs6802487 0.51562
3 124435110 rs332507 1.5318e-44
3 124435141 rs116179800 2.7479000000000004e-06
3 124435266 rs115228980 0.38666
3 124435337 rs112689050 3.0148000000000003e-06
3 124435359 rs142126824 0.12774000000000002
3 124435780 rs113307483 0.53979
3 124435888 rs332506 2.5618999999999993e-69
3 124436308 rs61432569 0.7784
3 124436665 rs114277582 0.00035743
3 124436728 rs187897638 6.8339e-15
3 124436803 rs142039223 0.40724
3 124436836 rs182440091 0.53888
3 124436949 rs11711269 2.1231e-58
3 124437299 rs151184 1.9887000000000002e-21
3 124438329 rs4234221 9.9487e-09
3 124438439 rs332512 1.11e-44
3 124438512 rs1064321 0.060063
3 124438586 rs3772800 4.2443000000000005e-31
3 124439049 rs537185411 0.07376100000000001
3 124439127 rs332513 7.3276e-10
3 124439567 rs332514 1.6282e-15
3 124439684 rs588080 0.044876
3 124439685 rs1162 5.8524e-45
3 124439970 rs142221779 0.044006
3 124440780 rs10934680 2.3431999999999988e-154
3 124441237 rs162740 1.5696999999999994e-154
3 124441344 rs117853931 0.064706
3 124441457 rs332515 7.7693e-23
3 124441501 rs606552 4.137499999999999e-158
3 124441505 rs606570 0.041932
3 124441695 rs332516 4.878899999999998e-158
3 124442146 rs57522349 0.089336
3 124442381 rs73197605 0.0018394000000000001
3 124442738 rs34410053 3.3704999999999997e-62
3 124442956 rs117622312 0.074448
3 124443009 rs184989919 0.48407
3 124443081 rs74433424 0.2599
3 124443108 rs115160780 0.50784
3 124443194 rs162812 0.06557400000000001
3 124443291 rs162813 0.065728
3 124443522 rs3736388 4.603099999999999e-62
3 124443873 rs137868075 0.60141
3 124444002 rs118032230 0.077628
3 124444307 rs333267 4.5679000000000004e-14
3 124444599 rs961077 5.2070000000000006e-23
3 124445282 rs115934375 2.2635e-08
3 124445685 rs2581163 0.064154
3 124445764 rs16835902 1.1310999999999998e-61
3 124445904 rs16835912 2.4010000000000004e-23
3 124446077 rs17282057 1.1388e-24
3 124446195 rs60088087 3.2884e-15
3 124446520 rs9838750 2.366e-15
3 124446764 rs757519066 0.34326999999999996
3 124446904 rs13075273 2.5788e-15
3 124447007 rs112794964 0.25505
3 124447278 rs56736848 0.65287
3 124447572 rs62265615 9.052799999999999e-25
3 124447588 rs183212147 0.071309
3 124447590 rs12487941 2.5241e-15
3 124447646 rs186969490 0.58099
3 124447792 rs137907519 0.06638200000000001
3 124447801 rs143378322 0.21241999999999997
3 124447817 rs191310117 0.52503
3 124447889 rs116428427 0.7047
3 124447956 rs12492095 2.3478999999999998e-15
3 124448023 rs116189207 0.24036
3 124448149 rs576924227 0.97824
3 124448206 rs17843765 0.29284
3 124448268 rs72968766 0.50872
3 124448293 rs2669920 7.598100000000001e-13
3 124448363 rs1440148 2.3485e-15
3 124448385 rs17843768 1.0336e-24
3 124448930 rs2669919 9.0067e-11
3 124449148 rs2279197 2.327e-15
3 124449191 rs17843771 0.5322399999999999
3 124449209 rs2279198 2.1803e-23
3 124449291 rs1139538 2.19e-23
3 124449336 rs141501397 0.22029
3 124449339 rs17843775 0.53287
3 124449733 rs17843778 6.036e-09
3 124449817 rs669736 1.7306e-25
3 124450036 rs543681812 0.8915700000000001
3 124450081 rs4678145 1.1499e-24
3 124450183 rs17843783 5.1778e-29
3 124450258 rs4678146 2.4026999999999996e-23
3 124450284 rs9840078 2.1267e-15
3 124450286 rs112798401 0.49713
3 124450321 rs10934681 2.4693999999999994e-153
3 124450369 rs17843787 6.189399999999999e-11
3 124450406 rs114811275 0.0027668000000000002
3 124450424 rs7632533 0.65155
3 124450472 rs149994723 0.21384
3 124450847 rs113605792 0.77787
3 124450938 rs535103937 0.26675
3 124451047 rs606967 0.03123
3 124451064 rs9844948 2.0513e-15
3 124451160 rs36090952 1.2271999999999997e-152
3 124451226 rs115735795 0.33581
3 124451284 rs16835925 6.788599999999998e-153
3 124451312 rs10934682 2.0049e-15
3 124451434 rs147116506 0.20698000000000003
3 124451570 rs17843793 4.465499999999998e-151
3 124451604 rs147755705 0.21241
3 124452159 rs9870260 1.9529e-15
3 124452491 rs190480754 0.46858999999999995
3 124452524 rs17843796 0.54118
3 124452730 rs114891326 0.7245
3 124453022 rs17843797 2.2291e-24
3 124453109 rs546586435 0.72612
3 124453114 rs11916134 8.819499999999998e-153
3 124453193 rs17843800 1.9437e-08
3 124453383 rs10934683 2.0704999999999996e-143
3 124453401 rs185617987 0.44661999999999996
3 124453596 rs138027917 0.34221
3 124453663 rs13092695 2.0082e-15
3 124453689 rs17843803 0.074612
3 124453741 rs17843804 0.46543999999999996
3 124454174 rs3772804 6.568599999999998e-153
3 124454206 rs180853845 0.29955
3 124454449 rs17282064 2.2161e-24
3 124454482 rs77262511 0.6047600000000001
3 124454540 rs78639310 0.57822
3 124454684 rs1966981 1.9126999999999997e-15
3 124455194 rs17843811 0.6047600000000001
3 124455214 rs16835929 2.2688e-15
3 124455567 rs17843815 0.54638
3 124455680 rs4678147 2.9021e-23
3 124456136 rs17843817 0.0013755999999999998
3 124456742 rs1801019 1.7872e-15
3 124456931 rs140804035 0.40126
3 124457197 rs17843821 0.079076
3 124457223 rs17843822 0.078321
3 124457272 rs13061561 2.2062e-15
3 124457291 rs17843825 0.2104
3 124457483 rs17843826 1.8259e-15
3 124457487 rs13061943 5.8782e-23
3 124457755 rs17843828 0.75129
3 124457995 rs180864232 0.9613799999999999
3 124458328 rs572601478 0.212
3 124458333 rs3772806 1.7839999999999998e-15
3 124458816 rs694897 4.4044e-23
3 124458938 rs2291078 0.043881
3 124459126 rs73858826 0.53989
3 124459988 rs555244690 0.6946399999999999
3 124460279 rs17843839 0.049086000000000005
3 124460431 rs3821535 8.140199999999997e-151
3 124460461 rs17843841 0.0003353
3 124460617 rs72968776 0.41905
3 124460734 rs116770826 0.34573000000000004
3 124460771 rs622505 0.05827
3 124460856 rs532822686 0.212
3 124460915 rs17843842 0.60424
3 124461168 rs56889361 0.41441000000000006
3 124461276 rs17843843 0.081162
3 124461346 rs140008282 0.20897
3 124461544 rs9832767 0.096023
3 124461705 rs114888272 0.9010100000000001
3 124461711 rs77539959 0.0026337
3 124461755 rs668471 1.4128999999999998e-65
3 124461782 rs149852739 0.74362
3 124461804 rs4678148 1.6815000000000002e-15
3 124461827 rs117274765 0.072201
3 124461993 rs189557483 0.91476
3 124462058 rs4678149 1.6616e-15
3 124462105 rs113272616 0.0049599
3 124462327 rs140942351 0.76169
3 124462438 rs181613061 0.74461
3 124462646 rs17843844 8.619799999999999e-05
3 124462710 rs3772807 1.5040999999999995e-152
3 124462808 rs13146 1.5205999999999999e-15
3 124462824 rs3772809 0.079328
3 124462959 rs3772810 0.08213999999999999
3 124463457 rs2242246 0.078753
3 124463656 rs2242247 1.5333e-15
3 124463657 rs649652 1.3056999999999997e-65
3 124463914 rs11706036 0.08131000000000001
3 124463924 rs74704429 0.013057
3 124463982 rs2242248 1.7748000000000002e-15
3 124464019 rs535422876 0.28654
3 124464142 rs11706118 3.7833999999999997e-143
3 124464250 rs821375 0.13312000000000002
3 124464257 rs2242249 0.07817400000000001
3 124464280 rs138112683 0.35928000000000004
3 124464642 rs10934684 1.4427999999999996e-152
3 124464797 rs72968787 0.44653999999999994
3 124464862 rs143926148 0.9920700000000001
3 124465545 rs4677940 1.6678e-15
3 124465815 rs139426908 0.06296900000000001
3 124465832 rs144492816 0.06296900000000001
3 124465926 rs1979411 1.5657e-15
3 124465957 rs1979412 2.0835e-15
3 124466062 rs140750390 0.32495999999999997
3 124466083 rs1979413 1.5695e-15
3 124466307 rs76151694 0.077689
3 124466468 rs606369 0.066565
3 124466520 rs10934685 7.088499999999998e-153
3 124466663 rs111966656 0.47152
3 124466716 rs181697356 0.94544
3 124466921 rs77082052 1.5667e-15
3 124467009 rs13315593 0.23060999999999998
3 124467069 rs593292 6.7948e-11
3 124467183 rs117707217 0.081849
3 124467209 rs11927687 7.772399999999997e-153
3 124467247 rs689449 2.3926999999999995e-143
3 124467275 rs180944864 0.21461999999999998
3 124467361 rs591963 0.13205
3 124467371 rs113839746 0.598
3 124467416 rs591896 0.062088
3 124467417 rs591886 0.061528
3 124467624 rs757504757 0.06274199999999999
3 124467648 rs117624716 0.076892
3 124467670 rs73858830 0.64679
3 124467807 rs192036374 0.51776
3 124467837 rs702039 0.067388
3 124468137 rs187099233 0.94544
3 124468577 rs572034117 0.35135
3 124468770 rs191546949 0.7517
3 124468775 rs821376 0.058401
3 124468922 rs191274636 0.37316
3 124469459 rs564568236 0.24525
3 124470381 rs193157122 0.94544
3 124470541 rs188735214 0.37256
3 124470558 rs849017 3.4864000000000005e-11
3 124470817 rs9835423 2.1846999999999998e-15
3 124470880 rs55877933 1.1917999999999995e-152
3 124470973 rs143212377 0.16951
3 124471097 rs56256730 1.1143999999999998e-152
3 124471471 rs35879352 1.6273e-15
3 124471507 rs35603744 1.6278e-15
3 124471512 rs34914738 0.84259
3 124471687 rs13323057 1.5990999999999999e-15
3 124471899 rs4429671 1.8335999999999997e-15
3 124471983 rs182048508 0.94544
3 124472060 rs113636208 3.453999999999999e-143
3 124472069 rs138419028 0.65242
3 124472225 rs61113644 0.6585300000000001
3 124472674 rs9826258 2.1541e-15
3 124472766 rs150947185 0.074911
3 124472897 rs639341 2.9603000000000003e-25
3 124473130 rs574996358 0.6963699999999999
3 124473398 rs552302557 0.45068
3 124473563 rs376093207 0.12685
3 124473587 rs142834084 0.24574000000000001
3 124473872 rs564077808 0.9613799999999999
3 124473912 rs59037526 0.07309500000000001
3 124474014 rs769392148 0.55201
3 124474212 rs147409432 0.083763
3 124474420 rs111561112 0.9613799999999999
3 124474430 rs533343160 0.9613799999999999
3 124474439 rs529500895 0.9613799999999999
3 124474576 rs151020061 0.1407
3 124474619 rs10470419 1.8132e-15
3 124474624 rs10470420 1.7152999999999999e-15
3 124474712 rs10470421 1.7152999999999999e-15
3 124474793 rs180997045 0.19664
3 124475722 rs1069388 0.14725
3 124475862 rs116568164 3.5911e-15
3 124475899 rs10470424 1.6451e-15
3 124475911 rs10470425 1.6451e-15
3 124476131 rs62265631 0.30414
3 124476178 rs35972866 1.0042999999999997e-143
3 124476192 rs10470428 2.0099e-15
3 124476361 rs191067404 0.0046958
3 124476445 rs115927779 0.20176
3 124476531 rs567949680 0.05455
3 124476645 rs187709014 0.9981200000000001
3 124476674 rs10934689 3.0312999999999994e-153
3 124476683 rs112624991 0.8216
3 124477205 rs12054256 2.7798999999999996e-63
3 124477219 rs139553884 0.55442
3 124477260 rs13075349 1.7117000000000002e-15
3 124477338 rs116786897 0.7641399999999999
