CHR BP SNP P
17 44242958 rs186066735 0.9555
17 44243312 17:44243312_C_G 1.1892e-06
17 44243734 17:44243734_C_T 0.21549000000000001
17 44245023 rs184358591 0.5253899999999999
17 44246624 17:44246624_C_A 5.4299e-06
17 44246777 rs376095717 0.9045200000000001
17 44247415 17:44247415_C_T 0.27016
17 44248203 rs150225895 0.49978
17 44248499 17:44248499_G_C 1.1562e-06
17 44248783 rs142096969 0.47038
17 44248822 rs34756740 0.1971
17 44248848 17:44248848_G_A 2.3394e-06
17 44248875 rs141110759 0.43173
17 44250433 17:44250433_T_C 0.28468000000000004
17 44251110 rs147713354 0.92086
17 44251436 rs142571089 0.9722700000000001
17 44252598 rs117026337 0.6511
17 44253926 rs138661506 0.1515
17 44254247 rs568649554 0.45913000000000004
17 44255105 rs181697531 0.6271
17 44255300 rs529335178 0.86803
17 44259289 rs139376647 0.34247
17 44259690 17:44259690_T_G 1.4946e-06
17 44260018 rs144997692 0.88625
17 44260433 rs190854554 0.84736
17 44261340 rs183058374 0.89871
17 44262517 rs142680430 0.078787
17 44262754 rs780677135 0.33114
17 44262950 17:44262950_G_A 1.8926e-12
17 44263494 17:44263494_C_A 0.2037
17 44264420 17:44264420_G_C 2.6197e-06
17 44264584 rs148559137 0.12473
17 44265334 17:44265334_A_G 0.077185
17 44265839 17:44265839_C_T 1.9569e-14
17 44266531 17:44266531_G_A 3.1495e-06
17 44268463 rs117446119 0.30524
17 44268488 17:44268488_C_T 3.1554000000000003e-06
17 44268905 17:44268905_A_G 1.9376e-06
17 44269922 17:44269922_T_C 4.2481e-05
17 44269964 17:44269964_T_A 3.1848e-06
17 44270059 17:44270059_A_T 3.148e-06
17 44270181 17:44270181_G_A 8.1235e-16
17 44270982 rs528622179 0.63812
17 44272166 rs376528770 0.1599
17 44273218 17:44273218_C_T 3.2271e-06
17 44274044 rs563105348 0.25625
17 44275404 rs751922075 0.29853
17 44275616 rs117464802 0.4039
17 44276109 rs149022547 0.030233999999999997
17 44277265 17:44277265_A_C 3.4018e-06
17 44278742 17:44278742_A_G 3.3779000000000003e-06
17 44279069 rs117666809 0.56105
17 44279101 rs1918786 3.3820999999999998e-06
17 44279252 rs1918787 3.3395999999999998e-06
17 44279783 rs117477548 0.53372
17 44281754 rs143002542 0.064828
17 44282481 17:44282481_C_A 0.039326
17 44284760 rs139566238 0.5633199999999999
17 44285332 rs149044326 0.61138
17 44286168 rs144091433 0.092918
17 44286384 17:44286384_C_A 1.0548000000000001e-15
17 44286503 rs144037969 0.43391
17 44287362 17:44287362_C_T 0.56593
17 44288281 17:44288281_C_T 3.4008000000000004e-05
17 44288284 17:44288284_G_A 1.1109000000000002e-05
17 44288579 17:44288579_T_C 3.4612e-06
17 44289046 rs140912760 0.94876
17 44289101 rs2732629 3.4761e-06
17 44289628 rs2668670 3.4738e-06
17 44289781 17:44289781_T_A 0.26646
17 44289832 17:44289832_A_G 2.1582e-14
17 44289959 rs145604059 0.6752
17 44290047 rs2668665 3.4795e-06
17 44290759 rs2668662 3.4571e-06
17 44291365 17:44291365_C_T 3.4888999999999997e-06
17 44291381 17:44291381_A_G 3.4836e-06
17 44291479 rs2732601 3.4794e-06
17 44291820 rs2696610 3.4720999999999998e-06
17 44291980 17:44291980_G_A 2.8095e-12
17 44292126 17:44292126_T_C 3.3957e-06
17 44292235 rs116508757 0.057340999999999996
17 44292319 rs2668694 3.4986000000000003e-06
17 44293205 17:44293205_A_G 5.5186e-06
17 44293671 17:44293671_A_G 2.2206e-05
17 44296103 17:44296103_C_A 0.32393
17 44297293 17:44297293_C_T 1.5775e-05
17 44297565 rs146105481 0.049384
17 44307598 rs139935845 0.05171
17 44307622 rs56864675 0.24849000000000002
17 44311082 rs143726776 0.7680899999999999
17 44313148 rs140388865 0.17361
17 44313695 rs148547649 0.060065
17 44316076 rs55653937 3.7877999999999995e-06
17 44316449 rs62073098 3.7412e-06
17 44316955 rs143038311 0.061777
17 44318723 rs2732635 0.51084
17 44319366 rs2668632 4.5729e-06
17 44319405 rs143267269 0.93235
17 44326895 rs79475968 1.2504000000000001e-06
17 44332959 rs12953096 9.375299999999999e-07
17 44333343 rs76583033 0.034999
17 44333423 rs2532363 4.7336e-06
17 44334052 rs62073157 4.214e-06
17 44339409 rs2732684 0.5498
17 44339461 rs11871260 0.029544
17 44339636 rs12603479 0.033677
17 44340334 rs56289714 0.033922
17 44342378 rs4988900 1.1669e-14
17 44342782 rs544120695 0.23826
17 44343902 rs2532345 0.0037132
17 44344769 rs3744462 0.26345999999999997
17 44345063 rs2732651 0.00012441
17 44346361 rs2532337 0.64542
17 44348298 rs2950694 0.00013294
17 44349079 rs75257416 0.00012376
17 44350025 rs561790281 0.1363
17 44350090 rs2532329 5.6869000000000006e-06
17 44350293 rs2732711 1.7502999999999998e-05
17 44351387 rs2732708 5.577799999999999e-06
17 44351686 rs2732706 5.5376e-06
17 44351743 rs2696541 1.7549e-05
17 44351929 rs2732705 6.1374e-06
17 44352131 rs2668622 8.2151e-06
17 44353222 rs2732703 1.3508e-05
17 44353770 rs143275150 0.81958
17 44354232 rs75134797 0.022032
17 44354796 rs2732700 0.65377
17 44355602 rs2696532 6.9753e-06
17 44356058 rs62071628 8.8905e-14
17 44356793 rs2696524 6.3134e-06
17 44357351 rs17665188 6.7188e-06
17 44358098 rs75098428 0.024702
17 44358286 rs74606758 0.024828
17 44359663 rs36123991 1.8114e-05
17 44362035 rs143562817 0.73555
17 44364056 rs2732615 0.00012549
17 44365270 rs145375602 0.8311700000000001
17 44368212 rs2957297 0.00011864
17 44368308 rs117491902 0.54648
17 44410226 17:44410226_T_C 0.16021
