CHR BP SNP P
2 69877783 rs7568057 0.40526
2 69877786 rs188116888 0.36416
2 69877973 rs2175131 0.14165
2 69878514 rs144628494 0.43806999999999996
2 69878585 rs58164379 0.20188
2 69878725 rs148706955 0.9933299999999999
2 69878864 rs532016745 0.32981
2 69879219 rs143005042 0.88208
2 69879366 rs78300420 0.87697
2 69879665 rs147483261 0.34722
2 69879773 rs115923356 0.077783
2 69879932 rs4557002 0.8657799999999999
2 69879947 rs4287792 0.45786000000000004
2 69879970 rs145534526 0.0022719000000000003
2 69880229 rs55719575 0.07659400000000001
2 69880282 rs78803165 0.33153
2 69880314 rs10519183 0.84098
2 69880377 rs139902330 0.34596
2 69880384 rs149842048 0.027494
2 69880410 rs145869912 0.95985
2 69880570 rs12469261 0.86597
2 69880884 rs187374804 0.75238
2 69880928 rs7591795 0.77713
2 69880936 rs192556773 0.45905
2 69880986 rs116490524 0.85706
2 69881427 rs144697056 0.34624
2 69881468 rs61173169 0.8616299999999999
2 69881686 rs59131493 0.995
2 69882423 rs147465503 0.8576299999999999
2 69882457 rs139951759 0.9708100000000001
2 69882481 rs116379474 0.86145
2 69882489 rs191167882 0.24138
2 69882573 rs113384096 0.8614299999999999
2 69882637 rs144293469 0.059118
2 69883360 rs139781069 0.76674
2 69883561 rs148876366 0.34624
2 69883592 rs17036909 0.82075
2 69883742 rs143573327 0.34596
2 69883754 rs189050052 0.34596
2 69883844 rs7602816 0.71964
2 69884081 rs12478160 0.44291
2 69884196 rs12470094 0.8494
2 69884236 rs150628560 0.30562
2 69884304 rs138853070 0.96977
2 69884408 rs114859818 0.28631999999999996
2 69884415 rs12478218 0.9679399999999999
2 69884512 rs60767119 0.026435000000000004
2 69885647 rs4286306 0.7005600000000001
2 69886019 rs57535785 0.19604000000000002
2 69886099 rs139788951 0.15366
2 69886119 rs561789103 0.72364
2 69886343 rs116463148 0.064203
2 69886372 rs116700659 0.82019
2 69886629 rs76555031 0.8423200000000001
2 69886757 rs10779953 0.6379600000000001
2 69886852 rs77991360 0.0023642
2 69887117 rs2136437 0.95268
2 69887235 rs2136438 0.75573
2 69887238 rs79544613 1.4963e-06
2 69887369 rs2175132 0.84573
2 69887510 rs61312782 0.84573
2 69887534 rs4361149 0.8469
2 69887584 rs4547549 0.8466600000000001
2 69887601 rs76371146 0.53537
2 69887634 rs4452174 0.8466600000000001
2 69887646 rs4300855 0.8427600000000001
2 69887750 rs4300856 0.843
2 69887752 rs78921396 0.86826
2 69887837 rs1396798 0.76998
2 69887883 rs1396799 0.89945
2 69888019 rs1396800 0.84241
2 69888023 rs1396801 0.8427100000000001
2 69888150 rs4337497 0.84298
2 69888756 rs114719128 0.843
2 69888777 rs117591015 0.8782200000000001
2 69888944 rs138382413 0.50124
2 69888996 rs2018469 0.83915
2 69889333 rs12475834 0.9863700000000001
2 69889436 rs115872909 0.8428399999999999
2 69889601 rs4852906 0.7885300000000001
2 69889689 rs372998951 0.7369
2 69889795 rs116277812 0.45737
2 69889926 rs185170123 0.11193
2 69890117 rs115333646 0.64683
2 69890123 rs147590641 0.64683
2 69890211 rs140455311 0.80166
2 69890348 rs191799702 0.29396
2 69890569 rs4487110 0.83891
2 69890654 rs56398515 0.2445
2 69890938 rs186475874 0.29368
2 69891141 rs116034660 0.86029
2 69891318 rs79509798 0.98931
2 69891367 rs13027712 0.76052
2 69891396 rs74427429 0.9701700000000001
2 69891422 rs34878028 0.48862
2 69891708 rs62133967 0.76613
2 69891728 rs190187118 0.32725
2 69891856 rs77480980 0.9893299999999999
2 69891910 rs62133968 0.76489
2 69892347 rs145691503 0.30432
2 69892367 rs527308811 0.36424
2 69892438 rs148931652 0.7036
2 69892521 rs74773765 0.18155
2 69892618 rs77098043 0.9707600000000001
2 69893096 rs11895472 0.9813200000000001
2 69893111 rs58096411 0.19744
2 69893405 rs116156011 0.77293
2 69893509 rs72899459 0.13267
2 69893691 rs115493505 0.9610700000000001
2 69893960 2:69893960_T_A 0.53972
2 69894150 rs542992812 0.15313
2 69894157 rs116738882 0.98065
2 69894211 rs71413196 0.14904
2 69894608 rs546482035 0.28126999999999996
2 69894886 rs190910733 0.007148999999999999
2 69895246 rs116455774 0.53235
2 69895252 rs12468574 0.9772
2 69895749 rs78036081 0.17106
2 69895765 rs560982046 0.29899000000000003
2 69895837 rs67903381 0.2307
2 69895975 rs80274483 0.055794
2 69896226 rs116765520 0.97505
2 69896255 rs12105454 0.64199
2 69896344 rs12105462 0.9754200000000001
2 69896561 rs142647928 0.72634
2 69896671 rs112131866 0.83178
2 69896691 rs190472659 0.30859000000000003
2 69896692 rs182039263 0.3552
2 69896697 rs56012956 0.22596
2 69896825 rs56019552 0.22598000000000001
2 69896958 rs114943479 0.5197
2 69897331 rs140028128 0.05608200000000001
2 69897766 rs72899462 0.12382
2 69897809 rs138875308 0.79923
2 69897941 rs115155005 0.6815
2 69898889 rs79893827 0.83273
2 69898963 rs76321912 0.83105
2 69899154 rs142737018 0.5614100000000001
2 69899208 rs181560985 0.25719000000000003
2 69899538 rs149943212 0.095144
2 69900055 rs185740607 0.029024
2 69900493 rs113035547 0.86835
2 69901177 rs75566632 0.9348
2 69901259 rs77428277 0.41472
2 69901565 rs150467391 0.94999
2 69901631 rs187353942 0.46981000000000006
2 69901632 rs76134445 0.26194
2 69901866 rs572239284 0.066598
2 69902010 rs183819964 0.54172
2 69902350 rs116658302 1.5157999999999998e-07
2 69902377 rs77760176 0.027051
2 69902938 rs138319797 0.8267100000000001
2 69902993 rs187174763 0.9499799999999999
2 69903310 rs138612367 0.27616999999999997
2 69903504 rs116340194 0.17059000000000002
2 69903576 rs62133969 0.61621
2 69904213 rs72837995 0.047072
2 69904369 rs72899466 0.38634
2 69904906 rs116236389 0.33497
2 69905400 rs6546540 6.9086e-11
2 69905679 rs72899467 0.26848
2 69905757 rs115585613 3.8366e-17
2 69906488 rs7584522 7.293899999999999e-11
2 69906658 rs13433043 0.69162
2 69906968 rs80240862 3.3113000000000006e-17
2 69906989 rs80181786 0.38528
2 69907095 rs4852912 2.2391e-17
2 69907247 rs530205790 0.56566
2 69907275 rs79627679 0.12262
2 69907559 rs115745220 0.072624
2 69907853 rs4852913 2.8081000000000003e-17
2 69907895 rs534328020 0.47358999999999996
2 69907988 rs190471931 0.79503
2 69908128 rs115128602 0.072216
2 69908427 rs149475953 0.35196
2 69908535 rs113361510 9.3997e-18
2 69908548 rs192009977 0.26587
2 69908621 rs6546541 7.5908e-08
2 69908821 rs146272670 0.6413399999999999
2 69908891 rs77566865 0.8421200000000001
2 69909358 rs77901537 2.8748e-17
2 69909593 rs115767037 0.10059
2 69909925 rs78395586 2.8392e-17
2 69909977 rs6718872 0.63103
2 69910110 rs6721715 7.1035e-08
2 69910298 rs75774734 0.039389999999999994
2 69910484 rs187921703 0.75238
2 69910529 rs72899485 0.6105
2 69910558 rs536871875 0.51702
2 69910675 rs375634903 0.64295
2 69911916 rs7576953 0.60832
2 69912571 rs184897365 0.52323
2 69912928 rs59915978 0.12803
2 69913202 rs72899494 1.7672000000000003e-17
2 69913595 rs190468483 0.52252
2 69913705 rs186173486 0.065491
2 69913971 rs78804599 0.062845
2 69914434 rs559683929 0.75189
2 69914515 rs116398058 0.0634
2 69915274 rs115752812 0.063584
2 69915375 rs4852918 3.7482e-11
2 69915476 rs12471316 4.319399999999999e-11
2 69915482 rs111996602 3.7378999999999996e-07
2 69915498 rs140851316 0.024798
2 69915610 rs78928376 0.048373
2 69916099 rs12468494 1.5512999999999997e-17
2 69916401 rs78365331 1.1752e-17
2 69916624 rs12472483 1.5470000000000002e-17
2 69916829 rs139365674 0.83429
2 69917193 rs115286614 0.042457999999999996
2 69917473 rs13402557 3.8159999999999994e-11
2 69917516 rs145410740 0.76532
2 69917901 rs61658460 1.1599000000000001e-17
2 69917908 rs79073220 0.68216
2 69918260 rs11893444 1.6808000000000002e-17
2 69918315 rs146691130 0.22096
2 69918325 rs548404250 0.7741899999999999
2 69918493 rs113638074 1.9233e-17
2 69918574 rs116262835 0.85167
2 69918657 rs6704754 0.00065715
2 69918843 rs59859363 0.1517
2 69918942 rs12620484 2.6879999999999997e-07
2 69919010 rs150166024 0.6460100000000001
2 69919019 rs564281522 0.96316
2 69919027 rs138670297 0.23970999999999998
2 69919121 rs139057568 1.885e-17
2 69919419 rs186110904 0.2423
2 69919489 rs61285631 1.8624000000000002e-17
2 69919619 rs11900122 0.24869000000000002
2 69920119 rs71413197 0.23715
2 69920871 rs7578474 0.24700999999999998
2 69921009 rs144949257 0.012759999999999999
2 69921138 rs7567406 0.80695
2 69921844 rs4852922 1.6965999999999997e-17
2 69922111 rs749925662 0.30355
2 69922155 rs59326525 0.6318699999999999
2 69922998 rs10865379 2.3768000000000003e-09
2 69923281 rs78741061 1.5010999999999998e-17
2 69923383 rs4852303 1.5248e-17
2 69923459 rs6546542 0.20373
2 69923493 rs4852304 1.5786e-17
2 69923768 rs2136439 1.2567000000000001e-17
2 69923853 rs577856220 0.57134
2 69923879 rs771784884 0.58057
2 69923906 rs7589674 0.044361000000000005
2 69924117 rs115261738 0.46693
2 69924157 rs4852925 1.4446e-17
2 69924235 rs7558897 0.25216
2 69924295 rs7558821 0.25134
2 69925339 rs76567690 0.35523000000000005
2 69925411 rs57695549 0.05200900000000001
2 69925770 rs80013306 0.2473
2 69925771 rs112454217 0.2473
2 69925775 rs116387388 0.21795
2 69926174 rs115527489 0.5122800000000001
2 69926370 rs190096313 0.8569
2 69926382 rs113243070 0.24544000000000002
2 69926635 rs115497487 0.063088
2 69927753 rs56718363 1.1006e-17
2 69928273 rs10202199 0.80545
2 69928457 rs118050824 0.52013
2 69928518 rs112035188 7.2032e-18
2 69928585 rs72837999 0.24475
2 69928865 rs76871319 0.0014654000000000002
2 69928925 rs6724142 1.8547000000000002e-18
2 69929000 rs6724451 2.4987e-18
2 69929188 2:69929188_G_A 0.7126899999999999
2 69929720 rs7578107 2.2213e-18
2 69929944 rs189937552 0.0021789
2 69930227 rs4852928 1.9309e-18
2 69930569 rs4852929 4.9891999999999996e-18
2 69930748 rs762983705 0.032804
2 69931182 rs114559325 0.33853
2 69931423 rs11126243 2.8544e-10
2 69931498 rs139777290 0.6662100000000001
2 69931581 rs13383061 1.3281999999999998e-18
2 69931737 rs73935629 0.72759
2 69932223 rs182969079 0.96005
2 69932303 rs114434636 0.4201
2 69932967 rs151169728 0.045355
2 69933047 rs62133971 0.019464
2 69933106 rs11886697 0.26671
2 69933491 rs113809425 3.8418e-18
2 69933502 rs11891903 9.278100000000001e-19
2 69933557 rs11902521 0.26487
2 69933631 rs7593152 9.9453e-19
2 69933733 rs11693776 0.28469
2 69933814 rs184490323 0.074043
2 69933865 rs114872718 0.23323000000000002
2 69933880 rs193004009 0.73897
2 69934344 rs76441037 3.4087e-18
2 69935504 rs72838001 0.21045999999999998
2 69935516 rs75046936 0.020534999999999998
2 69935597 rs72901449 0.073784
2 69935612 rs114691343 0.43263
2 69935620 rs143025220 0.42803
2 69936635 rs2048255 1.765e-18
2 69936747 rs78657173 0.021105000000000002
2 69937215 rs149256484 0.048219
2 69937338 rs59717587 0.021095
2 69937369 rs58372606 0.021095
2 69937396 rs61637716 0.021202000000000002
2 69937397 rs147185851 0.34602
2 69937489 2:69937489_G_C 0.84659
2 69937926 rs72901452 0.066221
2 69937994 rs80216067 0.021194
2 69938188 rs140934376 0.24715
2 69938232 rs11886285 0.021079
2 69938586 rs72839803 0.25859
2 69938771 rs60050852 9.2123e-19
2 69939589 rs884595 0.021511000000000002
2 69939639 rs4268946 2.0699e-18
2 69939652 rs884594 0.02157
2 69939840 rs80124243 0.10412
2 69939841 rs2312547 5.2003e-19
2 69939955 rs11888175 0.021759999999999998
2 69939966 rs4592873 5.5747e-19
2 69940780 rs35907069 0.055496000000000004
2 69941224 rs1355199 1.4750999999999998e-18
2 69941287 rs12612409 0.053152
2 69941471 rs182209669 0.76395
2 69941485 rs12328440 5.8525e-19
2 69941559 rs188256396 0.002184
2 69941672 rs56692662 0.024048
2 69941831 rs62133973 0.34961
2 69942011 rs6726789 0.021836
2 69942273 rs114810806 0.54871
2 69942436 rs6758994 1.0175e-18
2 69942539 rs6758921 0.022616999999999998
2 69942863 rs12465967 1.1151000000000001e-18
2 69943347 rs114745784 0.050457999999999996
2 69943552 rs17038209 0.025353
2 69943610 rs12614359 0.153
2 69943666 rs115327307 0.05298200000000001
2 69943798 rs149000254 0.17815
2 69943800 rs79798755 0.027957999999999997
2 69943801 rs747602232 0.072862
2 69943854 rs115198353 0.46513000000000004
2 69943866 rs17036942 0.097099
2 69944063 rs76283200 0.75165
2 69944160 rs877123 5.5449e-19
2 69944501 rs76713202 0.5553
2 69944663 rs765285861 0.88389
2 69944748 rs79707486 0.40525
2 69944992 rs78872250 0.5706600000000001
2 69945018 rs80249266 0.51315
2 69945529 rs6749748 0.59307
2 69945813 rs72901473 0.064185
2 69945907 rs751547943 0.13892000000000002
2 69946061 rs147102251 0.11649000000000001
2 69946068 rs6724395 0.3733
2 69946594 rs147757635 0.29564
2 69946649 rs6753991 0.065712
2 69946667 rs181964576 0.23181999999999997
2 69946670 rs6711807 1.1085e-10
2 69947172 rs6757540 0.062798
2 69947249 rs74738594 0.29896
2 69947373 rs56785746 0.38586
2 69947554 rs57821911 0.066009
2 69948265 rs6761399 1.5167e-24
2 69948647 rs571515320 0.38706999999999997
2 69948718 rs78735494 0.46992
2 69948729 rs35200231 0.9471299999999999
2 69949316 rs6546544 1.2801000000000001e-26
2 69949870 rs116366863 0.2172
2 69950112 rs369138545 0.0017547999999999997
2 69950212 rs572932462 0.69844
2 69950308 rs11890955 2.3125e-20
2 69950772 rs4852944 5.1609e-12
2 69951584 rs115873233 0.22429000000000002
2 69951601 rs114068330 0.96745
2 69952106 rs72901491 0.7915399999999999
2 69952282 rs142540217 0.20686
2 69952409 rs6720617 0.21414
2 69952413 rs555775822 0.12355
2 69952703 rs72839807 1.95e-20
2 69952791 rs181753599 0.45703
2 69953064 rs138692510 0.00042488
2 69953121 rs78532656 0.46126999999999996
2 69953620 rs115626624 0.00038813
2 69953995 rs141440509 0.21243
2 69954281 rs112673382 0.79381
2 69954313 rs55969633 2.2238e-20
2 69954339 rs56259758 0.76539
2 69954387 rs1912118 5.1132e-09
2 69954428 rs72901501 0.7461899999999999
2 69955214 rs73935682 0.87965
2 69955520 rs59451097 0.96031
2 69955760 rs2312548 1.1200000000000001e-08
2 69956334 rs78376655 0.9055
2 69956386 rs77740778 0.81842
2 69956721 rs12616553 0.80683
2 69957206 rs79199854 0.97996
2 69957212 rs1472950 5.235300000000001e-09
2 69957325 rs74908112 0.5455899999999999
2 69957613 rs116707357 0.9591799999999999
2 69957808 rs189316288 0.8850399999999999
2 69957995 rs73935683 0.5532
2 69958239 rs771629846 0.61101
2 69958288 rs76080899 0.11984000000000002
2 69958446 rs79693808 0.0081189
2 69958664 rs73935684 0.91681
2 69958836 rs147273053 0.20501999999999998
2 69958864 rs6739060 0.8037
2 69958944 rs2312549 5.4555e-09
2 69959005 rs2312550 5.0666999999999995e-09
2 69959178 rs189125834 0.40824
2 69959475 rs115990129 0.6957300000000001
2 69959717 rs182875806 0.20564000000000002
2 69960944 rs62133977 0.79473
2 69961176 rs6735338 0.67288
2 69961199 rs73935685 0.56408
2 69961512 rs13420511 6.6637000000000005e-09
2 69961568 rs6735755 0.68161
2 69961820 rs72839808 0.9056700000000001
2 69961847 rs6546545 5.061399999999999e-09
2 69961874 rs35424503 0.8106
2 69962092 rs6739358 5.0038000000000004e-09
2 69962140 rs6739197 6.3174e-09
2 69962499 rs6739661 4.8139e-09
2 69962580 rs78318397 0.9204100000000001
2 69962650 rs148054992 0.8756200000000001
2 69962727 rs114896072 0.91225
2 69962793 rs10203645 5.2284e-09
2 69962901 rs75941339 0.0079973
2 69962946 rs75976039 0.019409
2 69963046 rs2872073 5.215e-09
2 69963069 rs111278859 0.2177
2 69963447 rs4852980 6.6135e-09
2 69963655 rs4852981 5.476e-09
2 69963685 rs114022023 0.54519
2 69964179 rs187075792 0.29285
2 69964233 rs146531815 0.8032100000000001
2 69964349 rs112995426 0.16379000000000002
2 69965457 rs114374655 0.64708
2 69965788 rs115265767 0.8103199999999999
2 69965891 rs116521792 0.98718
2 69965943 rs146690717 0.024858
2 69965963 rs115970053 0.65365
2 69966289 rs2013427 7.562e-09
2 69966346 rs762648274 0.96198
2 69966518 rs7424888 7.5009e-09
2 69966555 rs562987110 0.40954
2 69966731 rs35999343 0.75525
2 69967255 rs75399899 0.20269
2 69967680 rs114524677 0.0456
2 69967726 rs4852982 0.7852399999999999
2 69967732 rs2136441 0.44922
2 69968487 rs115862356 0.205
2 69968936 rs115803588 0.077927
2 69970120 rs6750104 6.14e-08
2 69970243 rs77687645 0.63625
2 69970310 rs72839814 2.9535e-20
2 69970649 rs79921370 0.5869300000000001
2 69970819 rs115435217 0.20884
2 69971317 rs4852984 7.1553999999999995e-09
2 69971429 rs4852319 5.3525e-09
2 69971911 rs139564093 0.081593
2 69971984 rs77111681 0.0093256
2 69972338 rs73935689 0.58001
2 69972704 rs13028222 6.084500000000001e-09
2 69972719 rs555279488 0.7207899999999999
2 69973393 rs111936965 0.008551999999999999
2 69973737 rs6705820 1.2052000000000001e-08
2 69974076 rs111272246 0.14799
2 69974078 rs55901770 0.65759
2 69974720 rs11694473 0.15175
2 69974873 rs11126244 3.0836e-08
2 69974953 rs72903064 0.72788
2 69975000 rs11126245 3.1439e-08
2 69975298 rs144326001 0.20546999999999999
2 69975342 rs183044228 0.14843
2 69975605 rs111997179 9.7857e-10
2 69975623 rs145270841 0.19179000000000002
2 69975682 rs114370077 0.23908000000000001
2 69975819 rs10211658 4.1216e-09
2 69975928 rs72903068 0.67715
2 69976037 rs116750579 0.0054499
2 69976152 rs62133982 0.059403
2 69976176 rs9711602 4.0517000000000005e-08
2 69976384 rs62133983 3.622e-09
2 69976424 rs62133984 0.99225
2 69976592 rs72839820 1.9818e-20
2 69976661 rs115809993 0.1129
2 69976921 rs7602292 0.2078
2 69977251 rs67264067 0.8494700000000001
2 69977585 rs114637047 0.7770100000000001
2 69977697 rs7605867 1.8437999999999998e-20
2 69978143 rs73935690 0.34774
2 69978290 rs4852988 9.7791e-09
2 69978389 rs190488576 0.8584200000000001
2 69978593 rs185891606 0.43876000000000004
2 69978945 rs2068927 0.1503
2 69979290 rs10177224 2.1447e-20
2 69979389 rs559209120 0.5848800000000001
2 69979395 rs6736776 0.90089
2 69979986 rs4852993 1.9954e-20
2 69980174 rs7577493 8.6664e-09
2 69980193 rs7563401 8.4926e-09
2 69980204 rs13424666 0.41478999999999994
2 69980275 rs147378940 0.47021999999999997
2 69980296 rs13020111 0.29681
2 69980337 rs73935692 0.58065
2 69980419 rs13020369 0.16202
2 69980427 rs7589995 8.7033e-09
2 69980606 rs115932558 1.3731e-05
2 69980809 rs61209653 0.91346
2 69980910 rs10181122 1.0111e-08
2 69981026 rs12622388 0.16983
2 69981066 rs73935693 0.57928
2 69981115 rs17348270 0.8354299999999999
2 69981295 rs7567400 1.0518e-08
2 69981702 rs555253978 0.5374399999999999
2 69981785 rs115879900 0.9340700000000001
2 69982091 rs722265 0.13172999999999999
2 69982933 rs10187847 0.29765
2 69983406 rs10190821 0.35178000000000004
2 69983663 rs4852995 2.0827e-08
2 69984110 rs146955160 0.9833299999999999
2 69985435 rs7597155 1.0228999999999998e-08
2 69985644 rs11695548 5.7408e-27
2 69986037 rs6749078 1.4441e-08
2 69986136 rs6752048 1.4464999999999999e-08
2 69987001 rs6724464 1.5048999999999998e-08
2 69987384 rs6727897 1.1525e-08
2 69988717 rs4853002 1.1506e-08
2 69989457 rs79366130 0.40734000000000004
2 69989801 rs13012793 0.81008
2 69990290 rs13412112 0.0033686999999999996
2 69990868 rs7420167 0.005956100000000001
2 69990952 rs60876645 0.0032123000000000004
2 69991539 rs748094456 0.87813
2 69991828 rs62133987 0.011895000000000001
2 69992546 rs56383217 0.008750399999999998
2 69992752 rs56234191 0.043606
2 69992895 rs10187042 0.0041369
2 69993113 rs562228469 0.80024
2 69993982 rs75207769 0.7158800000000001
2 69994543 rs7572000 0.0046273
2 69995460 rs80095152 0.6227
2 69995506 rs554309197 0.17768
2 69995579 rs78523913 0.83231
2 69995580 rs9309429 6.8464e-11
2 69995606 rs12993700 0.052443
2 69995994 rs753428703 0.5441199999999999
2 69996147 rs148303219 0.72211
2 69996154 rs10205368 0.063774
2 69996210 rs565307910 0.46612
2 69996369 rs115688774 0.72211
2 69996382 rs34612240 0.011955
2 69996942 rs13025083 0.020261
2 69997366 rs115632610 0.79847
2 69997623 rs10185719 0.20795999999999998
2 69997995 rs10209551 0.0059553
2 69998688 rs6722971 0.093328
2 69999436 rs4852328 0.27326999999999996
2 69999498 rs2136440 0.36853
2 69999727 rs10204989 0.012038
2 69999728 rs55941844 0.015529
2 69999814 rs771608779 0.31640999999999997
2 69999917 rs567859459 0.6176
2 70000097 rs184651019 0.57665
2 70000209 rs7606557 0.18081
2 70000634 rs576725302 0.62138
2 70001442 rs114061098 0.9977
2 70002475 rs10202279 0.013047999999999999
2 70003052 rs74580560 0.76656
2 70003164 rs10205377 0.014981
2 70003344 rs113197138 0.11874000000000001
2 70003662 rs116703464 0.77996
2 70003838 rs11693348 0.00028742
2 70004024 rs10182437 0.016141
2 70004278 rs4852330 0.016377000000000003
2 70004281 rs13410896 0.17979
2 70004302 rs4853013 0.016588
2 70004328 rs2168116 0.0011249
2 70004368 rs4852331 0.016890000000000002
2 70005173 rs35286755 0.015816999999999998
2 70005206 rs6744090 0.59646
2 70005544 rs35066995 0.015600999999999999
2 70005695 rs143602519 0.006481399999999999
2 70005755 rs7606026 0.013266
2 70005830 rs35686743 0.015482
2 70005839 rs4852332 0.01529
2 70006049 rs62133992 0.015526
2 70006363 rs13392554 0.015338999999999998
2 70006998 rs11898974 0.45171999999999995
2 70007023 rs7597675 0.15993
2 70007059 rs7583731 0.16054000000000002
2 70007072 rs772543922 0.76902
2 70007115 rs7586494 0.013409
2 70007350 rs548541431 0.5314300000000001
2 70007357 rs2312551 0.01399
2 70007395 rs112908421 0.45705
2 70007401 rs555473708 0.8246700000000001
2 70007470 rs116143699 9.379e-06
2 70007587 rs2872074 0.013918
2 70007695 rs116161454 0.11467000000000001
2 70007788 rs149940684 0.2136
2 70008376 rs438020 0.8584200000000001
2 70008492 rs7590609 0.039157
2 70008561 rs2312552 0.32045999999999997
2 70009035 rs6546546 0.01465
2 70009951 rs6745943 0.013099000000000001
2 70010351 rs7558899 0.015026
2 70010453 rs181977567 0.0017442999999999998
2 70010626 rs7598181 0.0087008
2 70011316 rs4853017 0.00091094
2 70011340 rs75272015 0.77061
2 70011509 rs74669675 0.0051242
2 70011679 rs115462916 0.024999
2 70011876 rs72905097 0.0085565
2 70011952 rs12993911 0.012549
2 70012251 rs6546547 0.012941
2 70012933 rs34198970 0.014983000000000002
2 70013191 rs4852334 0.0096252
2 70013733 rs721566 4.328899999999999e-35
2 70013808 rs187984818 0.8791
2 70013876 rs115877017 0.29407
2 70014133 rs112496616 0.59432
2 70014135 rs746712823 0.33621
2 70014171 rs746336022 0.32523
2 70014252 rs72906903 0.59706
2 70014561 rs13428251 0.025003
2 70014710 rs34704699 0.029633999999999997
2 70014986 rs11677629 4.9106e-35
2 70015108 rs11683908 3.2518e-30
2 70015181 rs10496171 0.025346
2 70015491 rs10186725 4.6724e-16
2 70015629 rs10210563 0.023888
2 70016053 rs10210787 0.0255
2 70017022 rs6546548 3.7093e-16
2 70017057 rs76670727 0.0088458
2 70017103 rs921712 0.026355
2 70017392 rs57830265 4.0726e-35
2 70017663 rs13388084 0.026445999999999997
2 70018272 rs56398743 3.4872e-35
2 70018394 rs76418195 0.87318
2 70018462 rs6718517 2.4498000000000004e-16
2 70018496 rs6731941 2.365e-16
2 70018637 rs11677920 0.00015331
2 70019127 rs12467361 1.8253999999999998e-16
2 70019169 rs185620765 0.22035
2 70019868 rs7559354 0.032208
2 70020131 rs147177954 0.9212799999999999
2 70020173 rs140493646 0.22419
2 70020210 rs112415603 0.27974
2 70020333 rs13018262 0.041056
2 70020489 rs6739875 0.041094
2 70020532 rs151237761 0.29834
2 70020549 rs761194811 0.9908600000000001
2 70020684 rs72906915 0.13046
2 70020769 rs116113170 0.41325
2 70020770 rs6711777 0.037744
2 70020777 rs79880532 0.37105
2 70021639 rs62133997 0.031401
2 70021733 rs111581114 0.12875
2 70021935 rs138753300 0.3298
2 70021963 rs72906923 0.1284
2 70022077 rs10186107 0.78897
2 70022269 rs537365549 0.33905
2 70022446 rs1598179 2.5733999999999995e-38
2 70022607 rs62133998 0.036772000000000006
2 70022657 rs13431370 0.11602
2 70022786 rs72906929 0.12999000000000002
2 70022906 rs2124010 0.32395999999999997
2 70022992 rs538363493 0.9617899999999999
2 70023213 rs116222491 0.45883
2 70023469 rs7588022 1.5002000000000002e-10
2 70023543 rs79414773 0.78632
2 70024147 rs76863660 0.9416
2 70024665 rs6734869 0.030798000000000002
2 70024823 rs34764641 0.027918000000000002
2 70025165 rs35293234 0.027995999999999997
2 70025407 rs549606110 0.9759399999999999
2 70025457 rs1840340 0.026413
2 70025589 rs1598180 0.027787
2 70025737 rs7561890 3.8232e-38
2 70025988 rs13018194 0.029194
2 70026512 rs192668207 0.9328799999999999
2 70026808 rs115577664 0.54602
2 70027221 rs728128 0.026918
2 70027796 rs57558477 0.69987
2 70027802 rs12474858 0.026961000000000002
2 70027919 rs80250978 4.7561e-30
2 70028251 rs12328692 0.6442
2 70028453 rs72906938 0.45335
2 70028582 rs72906939 0.67323
2 70028858 rs10165448 0.40293
2 70028904 rs4853025 0.033205
2 70028976 rs12988897 0.029756
2 70029310 rs3771542 0.031941000000000004
2 70029627 rs6755068 0.7211
2 70029812 rs12995760 0.031979
2 70029962 rs10205101 0.73726
2 70030202 rs1840341 0.72085
2 70030269 rs1840342 0.70316
2 70030469 rs6546549 0.031086000000000003
2 70030827 rs6730981 0.7375
2 70030905 rs6759494 0.030795999999999997
2 70030996 rs9309431 0.58868
2 70031010 rs6759603 1.0015000000000001e-09
2 70031797 rs3771541 2.22e-14
2 70031941 rs3771540 2.0508000000000003e-14
2 70032145 rs112145044 0.8334299999999999
2 70032316 rs13015957 0.0035367
2 70032552 rs112376895 0.58527
2 70032635 rs9309432 0.8801
2 70032653 rs9309433 0.8655700000000001
2 70032702 rs35689321 0.0035430999999999995
2 70032867 rs35667002 0.0036156
2 70033041 rs150844807 0.73974
2 70033584 rs2228203 2.0067e-37
2 70033649 rs17037076 1.3181e-37
2 70033711 rs3771539 0.0041818
2 70033795 rs3771538 1.312e-37
2 70033857 rs114733670 0.099576
2 70034282 rs72839859 0.13535
2 70034465 rs2124009 5.770199999999999e-38
2 70034490 rs115802067 0.88189
2 70034793 rs2168115 3.2009e-15
2 70035152 rs141109795 0.7203
2 70035482 rs17037082 2.8615999999999998e-37
2 70035538 rs79708621 0.00048171
2 70035928 rs183620355 0.31755
2 70035936 rs577432233 0.7036600000000001
2 70036213 rs114971684 0.7157899999999999
2 70036288 rs6748104 0.9786299999999999
2 70036711 rs13392884 2.6600000000000002e-15
2 70037038 rs72893323 0.98019
2 70037491 rs192096278 0.1469
2 70037739 rs2228202 0.61487
2 70038086 rs546581288 0.56139
2 70038198 rs6712296 0.602
2 70038232 rs6546550 2.8089000000000003e-15
2 70038311 rs6712417 0.9615299999999999
2 70038792 rs3771537 2.1619e-15
2 70038865 rs72839863 0.49578999999999995
2 70039224 rs4853027 5.046800000000001e-15
2 70039226 rs115628746 0.65028
2 70039355 rs111939635 0.58777
2 70039409 rs116704411 0.42144
2 70039677 rs2305523 4.1323e-15
2 70039914 rs371943367 0.36974
2 70040034 rs41285959 1.9184e-05
2 70040144 rs13432169 0.8533299999999999
2 70040147 rs13011127 0.0060569
2 70040323 rs10496172 0.9085799999999999
2 70040542 rs2312555 3.9024000000000005e-15
2 70041004 rs11673732 6.9616e-38
2 70041033 rs11673826 4.589899999999999e-15
2 70041181 rs72839869 6.7454e-38
2 70041440 rs4853028 8.014400000000001e-38
2 70041729 rs4853029 0.94201
2 70041784 rs4852335 0.9365
2 70041829 rs146704574 0.5725399999999999
2 70041858 rs4852336 0.9440299999999999
2 70041865 rs115298216 0.9165200000000001
2 70041979 rs6725442 0.91489
2 70042218 rs6757253 0.94365
2 70042325 rs10170560 0.93576
2 70042332 rs60168146 7.3587e-38
2 70042593 rs78862988 0.41717
2 70042613 rs145419639 0.015725
2 70042771 rs60184582 0.58792
2 70042820 rs60480902 0.89213
2 70042915 rs72839870 7.4389e-38
2 70042997 rs115221757 0.75949
2 70043040 rs59520327 0.58995
2 70043145 rs13392215 0.93916
2 70043215 rs13405647 0.9667
2 70043249 rs145269105 0.25784
2 70043387 rs10173964 0.92191
2 70043598 rs3771536 9.3972e-38
2 70043775 rs3771535 7.2962e-38
2 70043817 rs115114574 0.45763000000000004
2 70043927 rs6733520 0.93195
2 70044159 rs13025205 0.0057333
2 70044208 rs6743808 0.92961
2 70044366 rs17037110 0.92301
2 70044610 rs72839873 0.60729
2 70045013 rs11126247 0.58916
2 70045063 rs6744970 5.842999999999999e-38
2 70045145 rs6719256 0.41297
2 70045146 rs6719258 0.40833
2 70045485 rs115818636 0.19655
2 70045503 rs11126248 0.65073
2 70045588 rs191505569 0.10952
2 70045787 rs34461855 0.80172
2 70046065 rs17403799 0.9877600000000001
2 70046070 rs41291183 0.27115
2 70046255 rs3732269 0.0060567
2 70046262 rs3732268 0.041716
2 70046463 rs140302494 0.58644
2 70046860 rs10179242 0.64922
2 70046861 rs10166636 0.64541
2 70046964 rs72839874 7.3719e-38
2 70047030 rs114377129 2.5876999999999997e-08
2 70047064 rs10166982 0.63767
2 70047497 rs74447281 0.11635999999999999
2 70047644 rs2290452 5.147200000000001e-38
2 70047948 rs140968278 0.056849000000000004
2 70048377 rs749706870 0.9591200000000001
2 70048534 rs3816491 0.0050405
2 70049222 rs58819073 7.215e-38
2 70049242 rs6706694 0.9620799999999999
2 70049267 rs139055446 0.38076
2 70049715 rs56223710 0.0054903999999999994
2 70050641 rs62134006 0.005519
2 70050725 rs7563062 4.3873e-15
2 70051309 rs139096836 0.86525
2 70051622 rs4853034 0.61025
2 70052825 rs114136135 0.20489000000000002
2 70053619 rs35690619 0.040126999999999996
2 70053639 rs62134008 0.053461
2 70053668 rs7600468 7.3687e-15
2 70053816 rs11900749 8.3317e-38
2 70054296 rs62134009 0.0058019
2 70054605 rs7571883 0.9711700000000001
2 70055042 rs7572381 0.96206
2 70055171 rs33992437 7.963599999999999e-38
2 70055236 rs7575302 0.0051368
2 70055251 rs72895221 0.48236999999999997
2 70055438 rs75533170 0.26371
2 70055505 rs1531025 5.4938e-15
2 70055657 rs138896100 0.14165
2 70055970 rs188484710 0.080724
2 70056077 rs12616091 0.44367
2 70056116 rs2278932 1.1493e-37
2 70056365 rs2278933 9.4072e-38
2 70056422 rs28362603 0.61259
2 70056492 rs9808358 0.35155
2 70056516 rs79286195 0.58039
2 70056866 rs28362672 0.007872800000000001
2 70056946 rs9808176 0.9643299999999999
2 70057448 rs3732266 1.6945e-15
2 70057600 rs117772525 0.059780999999999994
2 70058025 rs9808224 0.88374
2 70058460 rs72895232 0.605
2 70058609 rs111258254 0.4908
2 70058883 rs147652791 0.8819899999999999
2 70058995 rs192715815 0.07260599999999999
2 70059509 rs186278221 0.68855
2 70059531 rs190203891 0.46107
2 70059607 rs72839877 1.061e-37
2 70059824 rs4853036 0.0081681
2 70060278 rs11903034 0.0075485
2 70060406 rs13001921 0.82624
2 70060565 rs10171779 0.9545399999999999
2 70061902 rs114890207 0.26050999999999996
2 70062230 rs151023645 0.9321200000000001
2 70062276 rs72839879 1.1476e-37
2 70062360 rs10167142 2.2359000000000003e-15
2 70062454 rs10202159 1.9473e-15
2 70062630 rs72895242 0.63535
2 70062939 rs1454499 0.0086066
2 70063315 rs60483174 1.5705999999999998e-37
2 70063527 rs4420721 8.109299999999999e-38
2 70063563 rs4401231 3.2441000000000004e-15
2 70063575 rs72895248 0.47672
2 70063586 rs111902813 0.64577
2 70063660 rs4241261 2.0135e-15
2 70063718 rs35664010 0.51605
2 70063773 rs4853040 0.38633
2 70063960 rs72895255 0.14132999999999998
2 70064155 rs1377995 2.3083e-15
2 70064197 rs73936266 0.5533600000000001
2 70064280 rs72895257 0.49678
2 70064432 rs116533206 0.66008
2 70064435 rs3771534 1.3725999999999998e-37
2 70064840 rs41285963 0.06275499999999999
2 70064927 rs1377996 1.5577999999999997e-37
2 70065135 rs72895259 0.67769
2 70065243 rs114494893 0.13908
2 70065531 rs13388982 0.55102
2 70065571 rs550606734 0.0086973
2 70065675 rs765638505 0.71854
2 70065866 rs75737685 0.38793
2 70065997 rs12619656 1.4292e-37
2 70066102 rs12613917 1.4241999999999999e-37
2 70066499 rs76399530 0.4385
2 70066512 rs149322788 0.8467899999999999
2 70066891 rs11888098 1.6085999999999998e-37
2 70066922 rs11888102 2.427e-37
2 70067307 rs4853056 0.7379600000000001
2 70067733 rs528538731 0.88736
2 70067864 rs56347203 0.74234
2 70068057 rs3771533 1.3616999999999999e-37
2 70068282 rs57032153 0.9226
2 70068496 rs774752056 0.48973
2 70068635 rs2872075 3.8742e-15
2 70068642 rs13020991 0.007051600000000001
2 70068755 rs2872076 1.3249000000000001e-37
2 70069108 rs10496173 0.60843
2 70069145 rs13391033 0.41018000000000004
2 70069751 rs116524008 0.15385
2 70069959 rs72895269 0.59107
2 70070047 rs111370854 0.31105
2 70070106 rs17037133 0.70718
2 70070140 rs148243781 0.58263
2 70070391 rs72895274 0.59107
2 70070459 rs4853060 0.63288
2 70070749 rs112410226 0.036403
2 70071305 rs17263534 0.65064
2 70071338 rs149540745 0.34414
2 70071529 rs7575111 7.8348e-37
2 70072216 rs115224281 0.22988000000000003
2 70072230 rs75554398 0.8799299999999999
2 70072355 rs182000633 0.64628
2 70072415 rs146104734 0.0047251
2 70072464 rs17037145 0.5624399999999999
2 70072780 rs17037156 0.59978
2 70072979 rs77434137 0.72045
2 70073013 rs12328891 0.13984000000000002
2 70073245 rs13392221 0.89085
2 70073703 rs6546551 4.7134e-15
2 70074288 rs10206771 0.62646
2 70075219 rs573251368 0.17924
2 70075486 rs75735780 0.58082
2 70075583 rs12470908 0.64812
2 70076650 rs6546552 2.1066e-37
2 70076954 rs4852349 3.2435000000000003e-15
2 70077239 rs4852350 0.66956
2 70077388 rs778653214 0.73516
2 70077422 rs7577662 7.8861e-37
2 70077433 rs7565230 2.2586e-37
