CHR BP SNP P
2 70064840 rs41285963 0.06275499999999999
2 70064927 rs1377996 1.5577999999999997e-37
2 70065135 rs72895259 0.67769
2 70065243 rs114494893 0.13908
2 70065531 rs13388982 0.55102
2 70065571 rs550606734 0.0086973
2 70065675 rs765638505 0.71854
2 70065866 rs75737685 0.38793
2 70065997 rs12619656 1.4292e-37
2 70066102 rs12613917 1.4241999999999999e-37
2 70066499 rs76399530 0.4385
2 70066512 rs149322788 0.8467899999999999
2 70066891 rs11888098 1.6085999999999998e-37
2 70066922 rs11888102 2.427e-37
2 70067307 rs4853056 0.7379600000000001
2 70067733 rs528538731 0.88736
2 70067864 rs56347203 0.74234
2 70068057 rs3771533 1.3616999999999999e-37
2 70068282 rs57032153 0.9226
2 70068496 rs774752056 0.48973
2 70068635 rs2872075 3.8742e-15
2 70068642 rs13020991 0.007051600000000001
2 70068755 rs2872076 1.3249000000000001e-37
2 70069108 rs10496173 0.60843
2 70069145 rs13391033 0.41018000000000004
2 70069751 rs116524008 0.15385
2 70069959 rs72895269 0.59107
2 70070047 rs111370854 0.31105
2 70070106 rs17037133 0.70718
2 70070140 rs148243781 0.58263
2 70070391 rs72895274 0.59107
2 70070459 rs4853060 0.63288
2 70070749 rs112410226 0.036403
2 70071305 rs17263534 0.65064
2 70071338 rs149540745 0.34414
2 70071529 rs7575111 7.8348e-37
2 70072216 rs115224281 0.22988000000000003
2 70072230 rs75554398 0.8799299999999999
2 70072355 rs182000633 0.64628
2 70072415 rs146104734 0.0047251
2 70072464 rs17037145 0.5624399999999999
2 70072780 rs17037156 0.59978
2 70072979 rs77434137 0.72045
2 70073013 rs12328891 0.13984000000000002
2 70073245 rs13392221 0.89085
2 70073703 rs6546551 4.7134e-15
2 70074288 rs10206771 0.62646
2 70075219 rs573251368 0.17924
2 70075486 rs75735780 0.58082
2 70075583 rs12470908 0.64812
2 70076650 rs6546552 2.1066e-37
2 70076954 rs4852349 3.2435000000000003e-15
2 70077239 rs4852350 0.66956
2 70077388 rs778653214 0.73516
2 70077422 rs7577662 7.8861e-37
2 70077433 rs7565230 2.2586e-37
2 70077831 rs4853073 0.63285
2 70077872 rs770225752 0.67787
2 70078258 rs6718012 0.0074034999999999995
2 70078606 rs191625507 0.92564
2 70078724 rs11887526 0.057315
2 70078908 rs140282743 0.64382
2 70079195 rs150325895 0.14887
2 70079400 rs12614581 0.006745999999999999
2 70079420 rs563143004 8.9899e-05
2 70079633 rs1551374 5.1031000000000004e-15
2 70079700 rs13408629 0.51867
2 70079905 rs111874106 0.86114
2 70080117 rs72899264 0.93147
2 70080126 rs75986540 0.040951999999999995
2 70080129 rs7588490 0.73855
2 70080397 rs6711065 2.1847e-12
2 70081060 rs34459059 0.8133
2 70081168 rs12469540 0.6785100000000001
2 70081480 rs10206461 0.7148899999999999
2 70081501 rs34587942 0.0081395
2 70082291 rs10209539 0.65384
2 70082348 rs114827226 0.59968
2 70082464 rs10209666 0.76494
2 70082758 rs115950970 0.79413
2 70082896 rs13406307 0.52257
2 70083334 rs74480597 0.47984
2 70083611 rs72899272 0.73619
2 70083634 rs573986679 0.5963
2 70084382 rs150864271 0.96611
2 70084599 rs11902295 0.0034241999999999996
2 70084743 rs185236023 0.76225
2 70084977 rs921711 9.5724e-38
2 70085219 rs144928870 0.60692
2 70085526 rs72899278 0.67189
2 70085961 rs7596535 1.0711e-37
2 70086002 rs4853091 0.56386
2 70086009 rs142560550 0.34985
2 70086363 rs36081078 1.1489e-37
2 70086425 rs140990140 0.509
2 70086480 rs4853092 0.61529
2 70086728 rs72839885 1.1637e-37
2 70087028 rs140374561 0.63188
2 70087159 rs4852356 7.9809e-12
2 70087193 rs540868975 0.0065082
2 70087338 rs112731324 0.48576
2 70087459 rs138362000 0.5060600000000001
2 70087719 rs72899283 0.62974
2 70088016 rs13412830 1.1415999999999999e-37
2 70088043 rs192875390 0.9529299999999999
2 70089012 rs10172750 0.07862899999999999
2 70089034 rs536365638 0.83536
2 70089130 rs56222989 1.356e-37
2 70089324 rs2054045 0.39389
2 70089826 rs12475256 0.7703399999999999
2 70089908 rs140367449 0.5083
2 70090243 rs2312557 0.021273
2 70090579 rs13017134 1.2902000000000002e-14
2 70090674 rs72899292 0.5309699999999999
2 70090913 rs56168154 8.894899999999999e-38
2 70091225 rs187861148 0.86905
2 70091246 rs10865380 1.6181e-14
2 70091299 rs35002543 0.0035594999999999997
2 70091772 rs60390734 9.123300000000001e-38
2 70091992 rs35874751 0.65028
2 70092013 rs200699097 0.64544
2 70092196 rs115076547 0.43109
2 70092346 rs79102790 2.6571999999999997e-07
2 70092518 rs113907341 0.48578999999999994
2 70092716 rs148727915 1.2260999999999998e-05
2 70093152 rs144830469 0.61641
2 70093647 rs57278310 1.5497e-14
2 70093656 rs78229678 0.2231
2 70093898 rs60248458 1.0596e-37
2 70093910 rs60207187 1.5157e-14
2 70094137 rs35084691 0.0033236
2 70094266 rs146222504 0.4269
2 70094490 rs4853101 0.51839
2 70094904 rs111446508 0.79088
2 70095706 rs10190660 0.57112
2 70095791 rs10178230 0.5075
2 70096155 rs192658321 0.81285
2 70096187 rs541046881 0.50063
2 70096310 rs190191519 0.5060100000000001
2 70096862 rs114517801 0.011669
2 70096978 rs61756683 0.62773
2 70097101 rs138272390 0.8784200000000001
2 70097120 rs184698124 0.77889
2 70097632 rs76823104 0.05909400000000001
2 70097735 rs7568485 1.0884000000000001e-37
2 70098170 rs116771585 0.5044
2 70098808 rs3214007 1.501e-14
2 70098994 rs377381028 0.81086
2 70099358 rs146187671 0.78477
2 70099415 rs114471675 0.10505
2 70099424 rs1013083 4.0305999999999997e-38
2 70099704 rs141684459 0.047648
2 70100098 rs114352353 0.49771000000000004
2 70100151 rs147857392 0.86554
2 70100600 rs115650110 0.49665
2 70101727 rs114109413 0.44597
2 70101848 rs72899299 0.54824
2 70101889 rs61138247 2.2458e-37
2 70102024 rs112320521 0.5939
2 70102554 rs145193201 0.9818
2 70102735 rs4853109 5.0611e-38
2 70103301 rs2054044 0.0045373
2 70103504 rs17037193 7.7911e-38
2 70103801 rs149481639 0.90889
2 70103802 rs17037194 8.1685e-38
2 70103977 rs142824924 0.6996899999999999
2 70104273 rs139734281 0.42049
2 70104313 rs6752271 0.12487000000000001
2 70104771 rs139279708 0.48951000000000006
2 70104946 rs113927996 0.013597
2 70105176 rs145094560 0.6261899999999999
2 70105812 rs1015436 0.54704
2 70106018 rs1015437 0.42346000000000006
2 70106832 rs6747542 1.2921000000000002e-14
2 70107409 rs2124007 4.778799999999999e-38
2 70107958 rs186346199 0.7034100000000001
2 70108071 rs7588986 0.69082
2 70108256 rs1056482 1.6729e-14
2 70108795 rs531557230 0.89376
2 70108858 rs142762404 0.021529
2 70108968 rs147392038 0.8937799999999999
2 70109054 rs138122697 0.9089799999999999
2 70109314 rs746299473 0.35581999999999997
2 70109471 rs183040098 0.7262
2 70110249 rs61422548 0.0068735
2 70110471 rs13431502 0.48398
2 70110836 rs115647771 0.086686
2 70111035 rs146844391 0.00087268
2 70111347 rs140689558 0.48034
2 70111525 rs72904940 0.60105
2 70111689 rs77425727 0.7079
2 70111711 rs6546553 6.9711e-16
2 70112504 rs72904944 0.47797
2 70112580 rs12612925 0.045158
2 70112781 rs529080803 0.9559700000000001
2 70113033 rs17037209 0.38011999999999996
2 70113726 rs113025778 0.65122
2 70113900 rs35413900 0.042720999999999995
2 70115017 rs181275453 0.46211
2 70116045 rs141172652 0.9558700000000001
2 70116448 rs60515724 2.1506e-39
2 70116712 rs72904947 0.3952
2 70117015 rs10165883 3.0118999999999997e-16
2 70117074 rs2054046 2.3459e-39
2 70117176 rs12232914 4.9992e-16
2 70117279 rs190281380 0.039341
2 70117372 rs12233079 5.3701e-16
2 70117421 rs2054047 3.0926e-16
2 70117602 rs13021969 0.0061373
2 70117807 rs116268778 0.086643
2 70117857 rs141986123 0.88176
2 70118035 rs146307238 0.43538999999999994
2 70118385 rs55723319 0.0040672
2 70118388 rs13002091 7.3419e-16
2 70118427 rs13028508 8.507199999999999e-16
2 70118655 rs148780526 0.8832899999999999
2 70118746 rs79275898 0.98129
2 70118884 rs534182087 0.7706
2 70119005 rs193232117 0.0034042
2 70119255 rs13393656 0.0056268
2 70119469 rs3755389 7.3225e-16
2 70119826 rs140210141 0.26279
2 70119930 rs145002802 0.7581399999999999
2 70120078 rs55866046 3.5296999999999994e-39
2 70120608 rs6738783 0.0057333
2 70120632 rs6710444 0.0059716000000000005
2 70121197 rs2278934 0.0055786
2 70121751 rs78539092 0.13168
2 70121909 rs6714919 0.0044804
2 70122305 rs11540988 0.78078
2 70122490 rs12328592 0.70896
2 70122705 rs143177050 0.0016896
2 70122732 rs62151994 0.8619100000000001
2 70122736 rs111237838 0.054421000000000004
2 70122908 rs2034739 0.0044768
2 70123137 rs180747382 0.9178200000000001
2 70123291 rs112099060 0.9736
2 70123564 rs17037234 0.47611000000000003
2 70124057 rs76649959 0.29229
2 70124316 rs3752781 1.0357e-15
2 70124805 rs6720498 6.160399999999999e-17
2 70124846 rs111402734 0.97264
2 70125519 2:70125519_G_A 0.843
2 70125763 rs13015457 7.5751e-16
2 70125988 rs4852375 5.2993e-16
2 70126412 rs143117240 0.8723299999999999
2 70126666 rs58206747 9.633899999999999e-40
2 70127229 rs6716937 8.9117e-16
2 70127734 rs77335043 0.018338999999999998
2 70127991 rs558672315 0.87084
2 70128231 rs114247629 0.10572000000000001
2 70128346 rs10187831 0.39343
2 70128630 rs538220211 0.47653
2 70128717 rs7598283 8.3192e-16
2 70129699 rs115291321 0.18822
2 70129839 rs111067373 0.91527
2 70130419 rs58801074 0.30444
2 70130755 rs58609924 0.21075
2 70130815 rs192480293 0.25481
2 70131545 rs114879649 0.98014
2 70131584 rs1048130 5.621299999999999e-40
2 70131791 rs1048139 0.0038772
2 70131945 rs186647495 0.98035
2 70131949 rs10198316 0.95757
2 70132676 rs1048266 7.3737e-16
2 70133258 rs186299790 0.8926200000000001
2 70133410 rs34766235 0.0040554
2 70133781 rs188410902 0.85787
2 70134064 rs57445512 0.0042347999999999995
2 70134107 rs10166011 7.573599999999999e-16
2 70134119 rs10189869 0.68405
2 70134184 rs10166091 0.65236
2 70135211 rs145976931 0.7883
2 70135695 rs7578366 0.0039915
2 70135706 rs6546554 8.145099999999999e-16
2 70135760 rs6546555 8.839299999999999e-16
2 70135821 rs113500752 0.33357
2 70136038 rs115180539 0.63637
2 70136617 rs11126249 7.8764e-40
2 70136752 rs114183863 0.77368
2 70136923 rs12466409 0.25334
2 70137034 rs141574238 0.45095
2 70137333 rs147058530 0.8937799999999999
2 70137498 rs1979214 9.8068e-16
2 70137774 rs6736408 5.0648e-16
2 70138018 rs17037247 0.7051
2 70138111 rs6739780 5.0743e-16
2 70138170 rs6754896 5.1771e-16
2 70138316 rs191921045 0.16901
2 70138646 rs73936302 0.96846
2 70138868 rs114810631 0.4975
2 70139001 rs6546556 4.3086e-16
2 70139104 rs72904954 0.34476999999999997
2 70139134 rs7592647 5.4885e-16
2 70139298 rs137870221 0.48633999999999994
2 70140039 rs13428430 0.16064
2 70140271 rs897122 4.5984e-16
2 70140759 rs114867935 0.015350999999999998
2 70140841 rs570530334 0.33544
2 70141029 rs184669799 0.12292
2 70141146 rs6546557 0.6522399999999999
2 70141221 rs80310084 1.7201e-11
2 70141243 rs4853160 0.1379
2 70141453 rs139173132 0.9844
2 70141519 rs3755391 0.004696199999999999
2 70141592 rs7600633 0.6510699999999999
2 70143065 rs73938903 0.51289
2 70143089 rs4853161 0.12425
2 70143471 rs577220441 0.12065999999999999
2 70143806 rs147650458 0.62317
2 70144084 rs6713743 0.3776
2 70144245 rs72904959 0.33904
2 70144298 rs34480104 0.72663
2 70144348 rs73938904 0.5118
2 70144596 rs11902198 4.5031e-16
2 70144634 rs189190069 0.67498
2 70144635 rs116199708 0.06881
2 70144808 rs76885659 0.95801
2 70145078 rs73938905 0.26721
2 70145245 rs111807691 0.1379
2 70145450 rs6718298 0.004522399999999999
2 70145458 rs76630440 0.13049000000000002
2 70145559 rs78051100 0.10324000000000001
2 70145717 rs6546558 2.5508999999999997e-16
2 70145833 rs6546559 3.6432e-16
2 70146033 rs114836051 0.46741000000000005
2 70146121 rs6721891 7.232199999999999e-16
2 70146125 rs6750488 3.1647e-16
2 70146363 rs10165061 0.0050526
2 70146625 rs7419837 5.0515e-16
2 70146705 rs138458011 0.044763
2 70146775 rs143082458 0.40246
2 70146812 rs144573629 0.9302299999999999
2 70147097 rs111426254 0.96891
2 70147264 rs532417657 0.67338
2 70147631 rs74857061 0.17363
2 70147664 rs62152020 0.0041053
2 70148093 rs35344582 0.004439500000000001
2 70148415 rs141717952 0.0094172
2 70148434 rs77239710 0.54437
2 70148582 rs540007345 0.49488000000000004
2 70148629 rs147198806 0.6239600000000001
2 70148711 rs74666996 0.65655
2 70148718 2:70148718_T_A 0.012985
2 70149225 rs1454498 3.0960999999999997e-16
2 70149427 rs555758879 0.18547
2 70149472 rs9309435 0.20396
2 70149873 rs80352135 7.575199999999999e-40
2 70150007 rs529159235 0.44427
2 70150157 rs139720833 0.095234
2 70150215 rs6738174 5.349599999999999e-16
2 70150412 rs180964080 0.49706999999999996
2 70150480 rs17037250 0.1385
2 70150622 rs78025009 0.94691
2 70150674 rs6725425 3.6707e-16
2 70151471 rs10205487 4.151e-16
2 70151656 rs115057852 0.17515999999999998
2 70152027 rs726920 3.7402e-16
2 70152201 rs141420703 0.09314700000000001
2 70152236 rs75555818 0.46193
2 70152407 rs10185266 0.005135600000000001
2 70152599 rs145189878 0.2717
2 70152737 rs13404878 0.52266
2 70152957 rs4853167 0.15399000000000002
2 70153098 rs10200718 0.58114
2 70153436 rs10496174 4.0382999999999995e-16
2 70153848 rs10496175 0.004211100000000001
2 70154037 rs7573442 4.0290999999999997e-16
2 70154134 rs12713682 4.0573e-16
2 70154187 rs11893500 4.0011e-16
2 70154528 rs75332799 0.35141
2 70154535 rs4852383 0.17001
2 70154539 rs4852384 0.20506
2 70155482 rs4144081 3.5903e-16
2 70155820 rs148712348 0.015806999999999998
2 70156198 rs142253440 0.06970499999999999
2 70156321 rs12713683 0.0056714
2 70156533 rs146606972 0.13918
2 70156540 rs6712827 3.7808e-16
2 70156580 rs79231910 0.23593000000000003
2 70156589 rs6741449 3.3757000000000003e-16
2 70157158 rs10196546 0.0079322
2 70157286 rs72904966 0.33374000000000004
2 70157298 rs77097782 0.7461399999999999
2 70157479 rs71413201 0.90602
2 70158111 rs115477859 0.46436000000000005
2 70158550 rs547401705 0.91604
2 70158561 rs147983515 0.93214
2 70159325 rs146987083 0.98229
2 70159444 rs4241266 0.16925
2 70159858 rs142836905 0.84791
2 70159904 rs371358422 0.76998
2 70160229 rs146102779 0.6667
2 70160658 rs897119 3.5003000000000004e-16
2 70160873 rs73938907 0.8478700000000001
2 70160982 rs897120 3.6762e-16
2 70161010 rs575236715 0.7478
2 70161032 rs6729760 1.9529000000000001e-16
2 70161342 rs12613947 3.6888e-16
2 70161693 rs12623961 0.16692
2 70162091 rs75516840 0.037344
2 70162425 rs72904970 0.78351
2 70162534 rs2228183 2.961e-16
2 70162884 rs193251629 0.8801399999999999
2 70162900 rs78742140 0.60148
2 70163131 rs75943912 0.53864
2 70163144 rs147787988 0.64893
2 70163316 rs34586537 3.0873e-16
2 70163434 rs11126251 1.9552e-16
2 70163525 rs184517438 0.73645
2 70163689 rs56707330 0.3351
2 70163883 rs142732503 0.28749
2 70163992 rs74670004 0.68774
2 70164034 rs3771531 3.4674e-16
2 70164635 rs144780333 0.1389
2 70164709 rs11685814 0.10149
2 70164805 rs3771530 4.0523000000000004e-18
2 70164840 rs3771529 4.1219e-40
2 70165170 rs144170039 0.52352
2 70165316 rs150336449 0.7397699999999999
2 70165930 rs112799607 0.9689700000000001
2 70165966 rs7349311 4.6458e-39
2 70166003 rs114126112 0.8628600000000001
2 70166479 rs116134299 0.48686999999999997
2 70166817 rs76663564 0.80776
2 70167097 rs79291987 0.13793
2 70167197 rs12475412 7.711399999999999e-17
2 70168022 rs4853173 0.16852
2 70168995 rs2124008 9.800399999999999e-39
2 70169197 rs188711237 0.38927
2 70169227 rs528276512 0.3694
2 70169286 rs116257941 0.10346
2 70169610 rs7607134 0.047393
2 70169611 rs7607135 0.047393
2 70169691 rs9917371 0.092408
2 70169758 rs60688846 0.43393000000000004
2 70170642 rs559182790 0.45706
2 70170779 rs72904981 0.8563
2 70170927 rs114860243 0.13467
2 70170984 rs17037263 0.075985
2 70171238 rs4853175 0.27458
2 70171570 rs897121 3.5801e-12
2 70171710 rs72839899 0.00056395
2 70172076 rs55985145 0.041354
2 70172116 rs11686934 1.6324e-12
2 70172120 rs114890448 0.32174
2 70172139 rs17037265 0.43367
2 70172349 rs764011366 0.27626
2 70172466 rs12713684 5.0049e-14
2 70172535 rs76385899 0.96895
2 70172587 rs6756513 1.0696e-28
2 70172614 rs113572551 0.87849
2 70172771 rs143662811 0.49678
2 70172886 rs58979454 0.22983
2 70172923 rs61270354 0.9999
2 70172951 rs9678702 0.16946
2 70173327 rs6731423 2.6663e-16
2 70173434 rs147545391 0.05235599999999999
2 70173600 rs77303779 0.54956
2 70173615 rs10221839 0.93858
2 70173629 rs10496176 0.010681
2 70173690 rs6546560 1.2407999999999999e-16
2 70173823 rs6718659 0.024797
2 70173893 rs72904995 0.26158000000000003
2 70174011 rs780231122 0.9511
2 70174030 rs7569566 1.3514999999999999e-16
2 70174054 rs7581977 1.2784e-16
2 70174217 rs72904998 0.0069188
2 70174295 rs13389063 0.67675
2 70174388 rs61053177 0.014490000000000001
2 70174421 rs13389202 0.89156
2 70174647 rs74685150 0.46397
2 70174691 rs6546561 8.3762e-18
2 70174766 rs4853177 0.008679899999999999
2 70174875 rs80112697 0.86061
2 70174945 rs7606377 0.038431
2 70175050 rs4853178 0.011349
2 70175106 rs188400727 0.18257
2 70175158 rs7595115 0.020419999999999997
2 70175206 rs541826906 0.14966
2 70175234 rs527383823 0.14202
2 70175240 rs4853179 0.01554
2 70175327 rs4853180 5.5189e-17
2 70175588 rs17037270 0.9961899999999999
2 70175592 rs116598777 0.8887
2 70175645 rs115879913 0.46352
2 70175957 rs10209606 3.3787e-20
2 70176443 rs10188747 0.06291000000000001
2 70176489 rs146725414 0.80774
2 70176543 rs10165166 0.04002
2 70176616 rs6722390 0.09551
2 70176685 rs17573853 0.22837
2 70176772 rs6709103 0.053463
2 70176837 rs17037280 0.7461
2 70176882 rs6709246 0.050355000000000004
2 70176906 rs115595175 0.26165
2 70177145 rs10191755 0.062094
2 70177261 rs72910642 0.58219
2 70177398 rs4852386 0.043873
2 70177428 rs10168616 0.14520999999999998
2 70177452 rs72839901 0.10934
2 70177878 rs111516984 0.21172
2 70178339 rs13389975 0.046745999999999996
2 70178397 rs10195333 0.63673
2 70178438 rs190968591 0.25887
2 70178460 rs530725333 0.7016
2 70178647 rs58297510 0.85974
2 70178661 rs185936762 0.09098300000000001
2 70179233 rs75942985 0.57611
2 70179614 rs4853181 0.05245
2 70179849 rs10175629 0.027926999999999997
2 70180081 rs76032056 0.33136
2 70180248 rs58602885 0.55409
2 70180271 rs10178406 0.032775
2 70180280 rs143175219 0.28869
2 70180626 rs13397617 0.21441
2 70180671 rs72910647 0.5309
2 70180853 rs72839902 0.034263
2 70180977 rs11895879 0.034529000000000004
2 70180988 rs13397875 0.24631999999999998
2 70181154 rs11126252 0.0258
2 70181220 rs74908349 0.68477
2 70181318 rs11126253 0.022541
2 70181393 rs72910651 0.19726
2 70181537 rs72910653 0.19318
2 70181559 rs74377167 0.54871
2 70181975 rs10182547 0.036726
2 70182254 rs141611798 0.7903600000000001
2 70182338 rs12617061 0.021186
2 70182389 rs13404590 0.8452299999999999
2 70182491 rs11126254 0.03719
2 70182583 rs1869560 0.76363
2 70182776 rs7569331 0.02289
2 70182805 rs7583236 0.023771
2 70182949 rs72910656 0.24625
2 70182985 rs13418556 0.43696999999999997
2 70182987 rs113116035 0.29075
2 70183432 rs559423078 0.81886
2 70183505 rs183879000 0.97414
2 70183506 rs114963145 0.26275
2 70183507 rs116504853 0.26275
2 70183540 rs72910659 0.26385
2 70183847 rs72910661 0.34924
2 70183848 rs372363042 0.94886
2 70184040 rs72910662 0.26089
2 70184118 rs368755130 0.2183
2 70184137 rs151035306 0.8225399999999999
2 70184229 rs114728727 0.28874
2 70184388 rs13412905 0.38995
2 70184395 rs140955855 0.36849
2 70184534 rs59668910 0.57285
2 70184570 rs13399790 0.3916
2 70184590 rs7577762 0.082827
2 70184599 rs58033497 0.58396
2 70184689 rs7577869 0.082518
2 70184775 rs72910664 0.26248
2 70184995 rs2901932 0.11385
2 70185108 rs7567025 0.13030999999999998
2 70185236 rs72910666 0.27166
2 70185314 rs13416348 0.40981000000000006
2 70185412 rs149640153 0.17815999999999999
2 70186189 rs115833431 0.13375
2 70186204 rs554493474 0.49731000000000003
2 70186370 rs3821275 0.15571
2 70186440 rs146188386 0.6380899999999999
2 70186647 rs139146783 0.82209
2 70186729 rs183508280 0.26259
2 70186787 rs61217590 0.80106
2 70187105 rs114508053 0.093852
2 70187130 rs72910668 0.74452
2 70187173 rs3821276 0.17562
2 70187252 rs72910670 0.27595
2 70187481 rs139791269 0.07938200000000001
2 70187538 rs3087933 0.18675
2 70187727 rs12464297 0.20454
2 70187734 rs75427851 0.22676999999999997
2 70187848 rs115036001 0.12727
2 70188531 rs141061540 0.060478
2 70188562 rs148290351 0.02547
2 70188676 rs3796097 2.1685e-06
2 70188880 rs536939824 0.39371
2 70189141 rs77274135 0.005508600000000001
2 70189529 rs58631510 0.36941
2 70189881 rs145199093 0.73866
2 70190154 rs7585691 0.97152
2 70190248 rs80322862 0.29320999999999997
2 70190288 rs34641834 2.8433e-13
2 70190535 rs72910672 0.87039
2 70190872 rs1987094 0.068524
2 70190891 rs72910674 0.65487
2 70191360 rs10203732 0.075036
2 70191520 rs113091568 0.42763999999999996
2 70191902 rs114757777 0.53267
2 70192088 rs142377198 0.65623
2 70192320 rs113652007 0.81266
2 70192335 rs140711626 0.61374
2 70192669 rs530994478 0.07335499999999999
2 70192898 rs75327951 0.60949
2 70193447 rs140834007 0.83467
2 70193623 rs77959950 0.13243
2 70194056 rs149273845 0.9295399999999999
2 70194200 rs72910680 0.8221799999999999
2 70194441 rs115412971 0.70476
2 70194470 rs113417601 0.64874
2 70194826 rs11126255 0.066731
2 70195234 rs59654644 0.9970600000000001
2 70195556 rs6750467 0.06752000000000001
2 70195880 rs113221291 0.86975
2 70196019 rs11899723 7.9644e-09
2 70196124 rs12464553 0.06323200000000001
2 70196272 rs190629205 0.8955799999999999
2 70196273 rs13423517 0.26753000000000005
2 70196293 rs12468263 0.063885
2 70196318 rs13423375 0.077299
2 70196457 rs72910685 0.65265
2 70196497 rs13423562 0.077299
2 70197347 rs6714570 0.06374099999999999
2 70197620 rs182726487 0.12625
2 70197743 rs116839730 0.8977799999999999
2 70197945 rs114848513 0.61771
2 70197956 rs4853196 0.25638
2 70198001 rs144489071 0.42394
2 70198008 rs557083983 0.76131
2 70198051 rs546113510 0.76112
2 70198314 rs117174539 0.1677
2 70198507 rs13393377 0.32356999999999997
2 70198870 rs7570007 1.2448e-05
2 70198890 rs116938551 0.9162299999999999
2 70199567 rs6751704 0.070497
2 70199638 rs539124058 0.37544
2 70199756 rs62152025 0.07543
2 70199800 rs190014161 0.37544
2 70199809 rs13397297 0.06251799999999999
2 70199871 rs75180898 0.087253
2 70200017 rs58066280 0.23165999999999998
2 70200422 rs185826707 0.03598
2 70200634 rs6755757 0.065212
2 70201112 rs116345954 0.25529
2 70201296 rs10184696 0.35625999999999997
2 70201497 rs13404132 0.067489
2 70201522 rs555288821 0.010976999999999999
2 70201599 rs575430393 0.21234
2 70202007 rs78558556 0.392
2 70202220 rs57165552 0.19312
2 70202613 rs7558246 1.3055000000000002e-08
2 70202694 rs59428040 0.21686999999999998
2 70202738 rs572239534 0.3754
2 70203116 rs72894705 0.8663700000000001
2 70203244 rs11680465 0.08945399999999999
2 70203575 rs78740873 0.2371
2 70203647 rs145450528 0.76866
2 70204015 rs6711139 0.06807200000000001
2 70204029 rs6711147 0.077537
2 70204193 rs188697964 0.13183
2 70204395 rs544289886 0.29736999999999997
2 70204434 rs73936750 0.99393
2 70204661 rs551063044 0.42139
2 70205075 rs114557033 0.007489399999999999
2 70205404 rs77115228 0.68943
2 70205447 rs13385955 0.072689
2 70205482 rs13399530 0.069358
2 70205690 rs13386444 0.072464
2 70205860 rs72896730 0.8752700000000001
2 70206243 rs145911228 0.83478
2 70206438 rs113154354 0.30518
2 70206460 rs60400410 0.30865
2 70206492 rs7579773 0.5515399999999999
2 70206645 rs184547857 0.5200600000000001
2 70207196 rs4853201 0.072874
2 70207222 rs73936751 0.99956
2 70207503 rs1986601 2.6370999999999997e-06
2 70207563 rs11898874 0.66225
2 70207687 rs138705909 0.81842
2 70207847 rs369685619 0.9020600000000001
2 70208133 rs146122366 0.392
2 70208454 rs6724348 0.072737
2 70209485 rs562199982 0.9477700000000001
2 70209624 rs10194048 0.065348
2 70209665 rs114393702 0.65427
2 70209701 rs544782827 0.043658999999999996
2 70209963 rs75185569 0.66272
2 70209968 rs113137304 0.42965
2 70210175 rs142050664 0.0029998
2 70210212 rs145553640 0.70926
2 70210618 rs747683170 0.65259
2 70210814 rs74319739 0.66225
2 70210865 rs72896734 0.8694299999999999
2 70211026 rs145634423 0.9875
2 70211040 rs138265061 0.81842
2 70211106 rs190082428 0.62437
2 70211119 rs115482941 0.72112
2 70211216 rs112853897 0.7772600000000001
2 70211272 rs755369275 0.31185999999999997
2 70211405 rs138823508 0.7088300000000001
2 70212467 rs190865510 0.19389
2 70213378 rs563770090 0.082814
2 70213513 rs60653314 0.072362
2 70213737 rs184846760 0.18862
2 70213740 rs571220164 0.38043000000000005
2 70213755 rs10207492 0.49488999999999994
2 70214601 rs548075352 0.25811999999999996
2 70214604 rs72896738 0.8663
2 70214901 rs180734785 0.10565999999999999
2 70215245 rs72896739 0.8685799999999999
2 70215624 rs540800066 0.47403999999999996
2 70216128 rs541637792 0.40798
2 70216267 rs11126256 0.0059240000000000004
2 70216339 rs76953981 0.5402600000000001
2 70216677 rs114485660 0.99892
2 70217045 rs34078574 0.2689
2 70217146 rs188925209 0.44076000000000004
2 70217270 rs117322744 0.22361
2 70217574 rs369089064 0.74995
2 70217677 rs62152028 0.038948
2 70218783 rs113564528 0.8409399999999999
2 70218828 rs11897063 0.61592
2 70220069 rs146747741 0.19552999999999998
2 70220314 rs140411127 0.40625
2 70220315 rs114542288 0.64518
2 70221116 rs72896744 0.9584799999999999
2 70221227 rs72841107 0.017995
2 70221412 rs114289027 0.69487
2 70221452 rs58825955 0.99644
2 70221869 rs150718178 0.8778799999999999
2 70221939 rs139055231 0.45782
2 70222153 rs11886941 3.0937e-11
2 70222545 rs73936752 0.8043600000000001
2 70222563 rs11682652 0.069758
2 70222630 rs73936765 0.80456
2 70222644 rs185194320 0.7511800000000001
2 70223060 rs72896747 0.99644
2 70223101 rs12713685 1.0029e-06
2 70223455 rs115092307 0.37617
2 70223879 rs150406575 0.38451
2 70224592 rs149001442 0.40703
2 70224626 rs80205657 0.035249
2 70225152 rs115077120 0.68281
2 70225397 rs6546562 0.078843
2 70225581 rs115065303 0.68281
2 70225792 rs10199774 0.59922
2 70225855 rs141685102 0.6629999999999999
2 70225905 rs11899637 0.53505
2 70226045 rs4853242 0.066535
2 70226140 rs4853243 0.26786
2 70226310 rs111925915 0.35746999999999995
2 70226431 rs58479335 0.6227699999999999
2 70226482 rs10469956 0.066535
2 70226516 rs75386098 0.12345
2 70226550 rs752192730 0.7427199999999999
2 70226603 rs112401094 0.48153999999999997
2 70227080 rs148696024 0.41491999999999996
2 70227168 rs59784100 0.56088
2 70227201 rs147669750 0.8279700000000001
2 70227659 rs10206266 0.54537
2 70227781 rs78777077 0.99126
2 70227916 rs2901935 0.30212
2 70228146 rs77756365 0.10514000000000001
2 70228439 rs113067520 0.99593
2 70228906 rs79637062 0.9852700000000001
2 70229093 rs115366761 0.49254
2 70229357 rs4852405 0.07179400000000001
2 70229401 rs115270697 0.28124
2 70229578 rs558722889 0.19742
2 70230684 rs114769412 0.10627
2 70230837 rs115389143 0.53295
2 70230992 rs79451842 0.69002
2 70231087 rs114546579 0.48406000000000005
2 70231184 rs77252731 0.69002
2 70231213 rs114637858 0.69002
2 70231347 rs6546563 0.069156
2 70231373 rs747110708 0.28151
2 70231391 rs7607197 0.06912599999999999
2 70231472 rs150562850 0.58102
2 70231479 rs113941299 0.92947
2 70232054 rs116350471 0.53505
2 70232102 rs144634825 0.93878
2 70232380 rs151101461 0.0027299
2 70232463 rs7557968 0.065886
2 70232938 rs189514755 0.7414
2 70233162 rs113888193 0.6924899999999999
2 70233325 rs116355345 0.26195999999999997
2 70233392 rs6546564 1.1619e-06
2 70233422 rs114416731 0.41908
2 70233545 rs75407772 0.6044
2 70233625 rs140215383 0.53432
2 70234387 rs112263020 0.42972
2 70234513 rs77059719 0.74765
2 70234623 rs11126257 0.071594
2 70234788 rs143126240 0.9012600000000001
2 70234864 rs4853249 0.06548
2 70234911 rs563721832 0.53475
2 70235007 rs4853250 0.06548
2 70235577 rs73936767 0.80481
2 70235608 rs2861358 0.33638
2 70235707 rs142875825 0.1458
2 70236169 rs78685714 0.63571
2 70236559 rs112826899 0.5423899999999999
2 70236757 rs11682894 0.049665
2 70236774 rs11677036 0.045939
2 70237360 rs4853252 0.065261
2 70237472 rs11126258 0.077539
2 70237863 rs72896768 0.6239899999999999
2 70237894 rs140146405 0.40538
2 70237899 rs143811130 0.97278
2 70238098 rs12614930 0.065607
2 70238112 rs77378959 0.32761
2 70238239 rs116656140 0.6629999999999999
2 70238435 rs58247918 0.068899
2 70238557 rs13396885 0.6511600000000001
2 70238580 rs111836416 0.65446
2 70238967 rs115109456 0.40829
2 70239047 rs79289060 0.26144
2 70239210 rs76534579 0.80481
2 70239339 rs111542027 0.93001
2 70239416 rs13425589 0.6078899999999999
2 70239444 rs11891219 0.18528
2 70239643 rs78009305 0.26148000000000005
2 70240162 rs13403675 0.6044
2 70240336 rs2901933 0.068898
2 70240797 rs4853256 0.26321
2 70240920 rs13417837 0.59422
2 70240967 rs114286809 0.15011
2 70241054 rs74955288 0.9852700000000001
2 70241124 rs57970352 0.48605
2 70241195 rs148788020 0.010984
2 70241214 rs7571713 0.06551799999999999
2 70241268 rs533876310 0.63072
2 70241292 rs116532997 0.6948
2 70241636 rs182138593 0.23825
2 70241750 rs59064990 0.30212
2 70242561 rs79887846 0.9852700000000001
2 70243043 rs60336778 0.99251
2 70243064 rs138159542 0.55978
2 70243078 rs10170639 0.06552100000000001
2 70243180 rs750720888 0.025848000000000003
2 70243485 rs116474770 0.76042
2 70244039 rs115643714 0.87864
2 70244984 rs7564043 0.07570700000000001
2 70245005 rs112507475 0.644
2 70245010 rs113318848 0.25915
2 70245157 rs4309604 0.090557
2 70245309 rs181773203 0.48212
2 70245359 rs13416168 0.5827899999999999
2 70245408 rs11892263 0.71123
2 70245423 rs79845058 0.59875
2 70245461 rs72896775 0.7898
2 70245585 rs11892275 0.75603
2 70245742 rs142931726 0.055670000000000004
2 70245783 rs111389372 0.4071
2 70245835 rs72896776 0.99593
2 70245873 rs58681736 0.8102
2 70246337 rs74263598 0.067174
2 70246500 rs571418857 0.8685799999999999
2 70246692 rs147611573 0.4671
2 70246801 rs114274671 0.17559
2 70246869 rs61109612 0.26953
2 70247122 rs187605523 0.3838
2 70247201 rs74807523 0.01014
2 70247261 rs12621795 0.070778
2 70247467 rs11895265 0.63571
2 70247654 rs79163498 0.009945299999999999
2 70247676 rs116569311 0.49331
2 70248020 rs7575384 0.070075
2 70248159 rs7604214 0.91774
2 70248391 rs114641976 0.40829
2 70248436 rs79717218 0.65471
2 70248611 rs13413836 0.056790999999999994
2 70248651 rs13427239 0.070075
2 70249000 rs62152032 0.13858
2 70249079 rs186487404 0.6492899999999999
2 70249671 rs148795237 0.77178
2 70250131 rs754526173 0.29716
2 70250305 rs80231126 0.88015
2 70250566 rs10165654 0.58229
2 70251211 rs72841109 0.15334
2 70251490 rs4563251 4.5685e-06
2 70251628 rs79026073 0.55079
2 70251853 rs2861361 0.07010599999999999
2 70251994 rs7604106 0.35043
2 70252144 rs7566263 0.9234100000000001
2 70252298 rs10172183 0.069814
2 70252311 rs114648549 0.75603
2 70252381 rs4853261 0.27041
2 70252664 rs13428402 0.64194
2 70253142 rs556455786 0.7511800000000001
2 70253320 rs112995132 0.81113
2 70253361 rs149427445 0.82825
2 70253631 rs60835447 0.91665
2 70253819 rs72896780 0.99644
2 70253835 rs147528201 0.40417
2 70254251 rs10195981 0.076771
2 70254280 rs56113948 0.80124
2 70254306 rs187410793 0.94626
2 70254312 rs116072620 0.53442
2 70254357 rs76649606 0.11546
2 70254541 rs10196130 0.07546900000000001
2 70254876 rs79510256 0.6943
2 70254906 rs55703143 0.84259
2 70256013 rs72896781 0.72717
2 70256052 rs2861362 0.0662
2 70256119 rs113087886 0.58285
2 70256255 rs12329148 0.06417300000000001
2 70256276 rs72896783 0.9638200000000001
2 70256574 rs13423467 0.0662
2 70256700 rs12615407 1.1073e-06
2 70256790 rs185382807 0.27111999999999997
2 70256792 rs188246282 0.27111999999999997
2 70256812 rs116435134 0.55051
2 70256976 rs72896785 0.7898
2 70257070 rs115186043 0.54493
2 70257093 rs76355274 0.7528699999999999
2 70257849 rs57074397 0.9852700000000001
2 70257969 rs74933174 0.5863
2 70258216 rs75358041 0.4487
2 70258630 rs139478184 0.63298
2 70258645 rs11126259 0.070617
2 70258782 rs144477467 0.53708
2 70259035 rs111896901 0.5832
2 70259153 rs4853264 0.06991
2 70259495 rs2901936 0.06619
2 70259685 rs536913198 0.97777
2 70260612 rs4853266 0.070315
2 70261041 rs565120424 0.7511800000000001
2 70261202 rs113084101 0.80742
2 70261622 rs11677478 0.22009
2 70261657 rs10184849 1.0878e-06
2 70261689 rs10172482 0.59497
2 70261813 rs149776965 0.6240100000000001
2 70261911 rs74996625 0.034866
2 70261991 rs572913198 0.62776
2 70262029 rs78686611 0.69128
2 70262557 rs10188148 0.06590399999999999
2 70262561 rs753072831 0.77387
2 70262729 rs59118222 0.27271999999999996
2 70262985 rs13394649 0.066134
2 70263260 rs13016716 2.8531999999999996e-09
2 70263468 rs541854322 0.86103
2 70263520 rs13397848 0.06590399999999999
2 70263561 rs76855549 0.60501
2 70264358 rs72896793 0.9283899999999999
2 70264581 rs150721256 0.59738
2 70264783 rs12611505 0.0098711
2 70264789 rs7572311 0.8758
