CHR BP SNP P
4 2682816 4:2682816_A_G 0.042815
4 2683002 rs115747257 0.60777
4 2683055 rs11732673 5.3811000000000004e-05
4 2683079 rs75417364 0.34542
4 2683233 rs231701 0.5513399999999999
4 2683277 rs148555741 0.5148699999999999
4 2683336 rs116466071 0.10132999999999999
4 2683400 rs13139534 0.87928
4 2683436 rs147738006 0.3946
4 2683580 rs77167939 4.6653e-05
4 2683619 rs189044462 0.36155
4 2683716 rs575894638 0.088615
4 2683774 rs59080809 0.89633
4 2683873 rs144157168 0.17321
4 2683911 rs147771840 0.89646
4 2684064 rs137998623 0.76748
4 2684077 rs149078986 0.85554
4 2684110 rs77844767 0.023747
4 2684433 rs141856060 0.28239000000000003
4 2684582 rs6836434 0.8568899999999999
4 2684972 rs77228605 0.89175
4 2685022 rs150845032 0.99464
4 2685057 rs181113193 0.51462
4 2685085 rs13119919 0.00019955
4 2685520 rs78370945 0.11235
4 2685751 rs112975957 0.067325
4 2685889 rs144920529 0.16632
4 2686102 rs548438508 0.16355
4 2686191 rs231702 0.172
4 2686335 rs231703 0.81728
4 2686344 rs116535588 0.09296900000000001
4 2686428 rs142523426 0.78513
4 2686848 rs146725146 0.22426
4 2687004 rs75012485 0.46207
4 2687024 rs116100149 0.024975
4 2687091 rs170784 0.00046754
4 2687331 rs573453546 0.022033
4 2687444 rs114811331 0.61944
4 2687472 rs78486415 0.085344
4 2687484 rs115664217 0.66076
4 2687493 rs115990459 0.396
4 2687521 rs231704 0.00063504
4 2687670 rs138102110 0.084895
4 2688062 rs143914148 0.02155
4 2688403 rs115698854 0.29955
4 2688407 rs11736152 1.5364e-05
4 2688490 rs10937923 4.6144e-05
4 2688706 rs150897730 0.7014699999999999
4 2688719 rs12509340 0.0079551
4 2689006 rs7340952 0.005732699999999999
4 2689061 rs7340951 0.57238
4 2689297 rs143260541 0.017141
4 2689449 rs1828803 0.00067641
4 2689454 rs16843203 0.03779
4 2689456 rs567051028 0.8194899999999999
4 2689743 rs6605352 0.7105
4 2689822 rs114973837 0.57648
4 2689861 rs143562308 0.10545
4 2690153 rs769622204 0.61619
4 2690163 rs231705 0.00036687
4 2691065 rs554455934 0.025699
4 2691551 rs188142882 0.9306
4 2691716 rs538382309 0.62917
4 2692215 rs115876069 0.6076600000000001
4 2692479 rs146516940 0.30954
4 2692704 rs79752154 0.63247
4 2692724 rs114063677 0.073817
4 2692729 rs17629977 0.00018915
4 2692831 rs55835310 0.0067561999999999995
4 2692993 rs112094240 0.8506600000000001
4 2693025 rs531352802 0.32216999999999996
4 2693054 rs6605351 0.71331
4 2693078 rs115115407 0.049605
4 2693237 rs60004707 0.22182
4 2693284 rs77734969 2.531e-05
4 2693738 rs142007299 0.5455399999999999
4 2693775 4:2693775_G_A 0.083189
4 2693896 rs28483 0.37756
4 2693979 rs231706 0.013538999999999999
4 2694081 rs11945928 0.014899
4 2694193 rs116108300 0.19965
4 2694199 rs756135335 0.54474
4 2694201 rs75248207 0.9302799999999999
4 2694305 rs78415510 0.0050227
4 2694385 rs231707 0.010527
4 2694416 rs79480957 0.019403
4 2694483 rs16843208 0.3067
4 2694773 rs231708 0.00030308
4 2694997 rs746942404 0.12178
4 2695117 rs231709 0.00057958
4 2695225 rs116675392 0.57221
4 2695585 rs139214890 0.7901
4 2695700 rs16843212 0.83749
4 2695728 rs149920264 0.90915
4 2695761 rs186776119 0.34355
4 2696120 rs115144921 0.63236
4 2696154 rs2006168 0.058388999999999996
4 2696168 rs149097242 0.5676899999999999
4 2696194 rs142214405 0.072251
4 2696245 rs179695 0.00064634
4 2696333 rs10019119 0.24739
4 2696444 rs549062463 0.64186
4 2696487 rs115820200 0.84444
4 2696501 rs113389201 0.0189
4 2696510 rs231710 0.00059411
4 2696701 rs149980051 0.97396
4 2696715 rs146560056 0.99372
4 2697089 rs2239726 0.00033392
4 2697266 rs10022186 0.24733000000000002
4 2697300 rs4690085 3.3476999999999997e-06
4 2697569 rs231711 0.18072
4 2697741 rs546216915 0.6951
4 2697794 rs55859546 0.0029999000000000002
4 2698230 rs16843217 0.005229800000000001
4 2698364 rs3733215 7.807800000000001e-05
4 2698422 rs231712 0.19817
4 2698431 rs114238019 0.0061218999999999996
4 2698524 rs4690086 5.4924e-05
4 2698640 rs9684079 0.7027800000000001
4 2698865 rs4690088 7.670100000000001e-05
4 2699031 rs147841623 0.27049
4 2699041 rs4690089 7.696399999999999e-05
4 2699396 rs148940316 0.3145
4 2699606 rs533150411 0.044554
4 2699607 rs2298964 0.00011899999999999999
4 2699655 rs2298965 6.9293e-05
4 2699682 rs16843228 0.78203
4 2699805 rs191442236 0.5222100000000001
4 2699972 rs231713 0.00054645
4 2700073 rs80241754 0.30942
4 2700137 rs71608225 0.00034276
4 2700844 rs231694 0.00094522
4 2701099 rs231695 0.5898899999999999
4 2701170 rs567903445 0.59335
4 2701320 rs17774505 0.00034172
4 2701540 rs10010434 0.18891
4 2701672 rs115821661 0.20549
4 2701724 rs137878199 0.7238399999999999
4 2701816 rs79969925 0.20549
4 2702034 rs139214563 0.33744
4 2702066 rs78288161 0.2978
4 2702115 rs17681870 0.00025008
4 2702193 rs113844274 0.064055
4 2702398 rs114517635 0.13677
4 2702513 rs543692112 0.35720999999999997
4 2702804 rs9683585 5.2034e-06
4 2702807 rs12503424 0.00021063
4 2702871 rs193189342 0.11073
4 2702873 rs182857144 0.36723
4 2703050 rs111234007 0.07750499999999999
4 2703081 rs12499320 0.00020899999999999998
4 2703094 rs572369265 0.94266
4 2703101 rs231697 0.7482
4 2703186 rs115336152 0.086353
4 2703272 rs371560677 0.027826
4 2703289 rs577326595 0.056057
4 2703329 rs11933556 0.0058228
4 2703862 rs55671848 0.0054794
4 2703995 rs75973497 0.0090998
4 2704046 rs10937931 0.0054521
4 2704426 rs79709021 0.014512
4 2704456 rs374617560 0.91438
4 2704621 rs55641756 0.0002768
4 2704628 rs55688738 0.00051174
4 2704909 rs79730507 0.50067
4 2704910 rs55993221 0.00026077
4 2705042 rs188681024 0.016756
4 2705371 rs115235580 0.8200799999999999
4 2705425 rs563786503 0.56316
4 2705429 rs191150060 0.8391700000000001
4 2705442 rs375218192 0.46196000000000004
4 2705449 rs13137721 0.00031848
4 2705638 rs13138097 0.00028202
4 2705644 rs73189408 0.00044826
4 2705919 rs541827578 0.53882
4 2705941 rs140685576 0.0055034
4 2706029 rs529380029 0.58509
4 2706040 rs182429253 0.6531
4 2706103 rs55712042 0.0011353
4 2706301 rs11723413 0.0054168
4 2706614 rs114433415 0.98561
4 2706699 rs71608226 0.00050758
4 2706739 rs7677399 0.00021168
4 2706926 rs149270663 0.32156999999999997
4 2706949 rs73080320 0.5892
4 2707032 rs4690015 0.8489899999999999
4 2707132 rs4690016 0.00018336
4 2707218 rs181538807 0.57584
4 2707325 rs55679022 0.00010919
4 2707424 rs147389197 0.14390999999999998
4 2707588 rs35030132 0.00078223
4 2707889 rs13122980 0.00078493
4 2707898 rs115990220 0.96016
4 2708000 rs139651261 0.9078200000000001
4 2708068 rs147212115 0.77163
4 2708544 rs16843240 0.09811399999999999
4 2708681 rs28586572 0.24871
4 2708814 rs1913448 2.4807e-06
4 2708822 rs76353035 0.56742
4 2709369 rs554174162 0.866
4 2709535 rs116406617 0.33434
4 2709563 rs61791165 0.35602
4 2709606 rs146826510 0.0032013000000000007
4 2709860 rs144422719 0.014468
4 2709883 rs182856204 0.9703799999999999
4 2709940 rs9683962 0.006622399999999999
4 2709969 rs112277114 0.13241
4 2710019 rs114573345 0.1791
4 2710104 rs187454064 0.19322999999999999
4 2710147 rs76040495 0.007298100000000001
4 2710252 rs73189410 0.00011129
4 2710306 rs148191142 0.49827
4 2710625 rs113653987 0.48925
4 2710644 rs232708 0.55966
4 2710851 rs143594383 0.9383600000000001
4 2710962 rs12509102 0.00010881
4 2711162 rs57978437 0.00016278
4 2711163 rs762718788 0.21961
4 2711177 rs138617981 0.014415
4 2711229 rs149322507 0.29602
4 2711329 rs9761503 0.00027062
4 2711519 rs17825741 0.00017145
4 2711556 4:2711556_C_A 0.30903
4 2711940 rs528745690 0.017699
4 2711952 rs184578 0.00033937
4 2712075 rs73189411 0.00014682
4 2712122 rs11726971 2.7549e-06
4 2712348 rs74608961 0.32542
4 2712403 rs12506536 0.00017269
4 2712413 rs186537829 0.8316100000000001
4 2712688 rs191448856 0.014305000000000002
4 2712735 rs151089296 0.9219700000000001
4 2712746 rs186431778 0.31283
4 2712795 rs189994562 0.35612
4 2712989 rs182276363 0.5716600000000001
4 2713004 rs529432 0.00029808
4 2713007 rs115551078 0.017626
4 2713515 rs34658712 0.55188
4 2713576 rs745727980 0.30637
4 2713603 rs188244329 0.28546
4 2714023 rs12502642 0.00011228
4 2714134 rs77255212 0.23174
4 2714169 rs684553 0.5564600000000001
4 2714232 rs116006541 0.80893
4 2714322 rs13152126 9.0919e-05
4 2714325 rs770129011 0.32611
4 2714370 rs773722421 0.28953
4 2714425 rs78702895 0.46066999999999997
4 2714482 rs12503560 9.8439e-05
4 2714921 rs146935691 0.0050881
4 2715025 rs137972608 0.32345999999999997
4 2715138 rs13122925 0.00058791
4 2715218 rs555423108 0.52451
4 2715373 rs187024093 0.027993999999999998
4 2715374 rs190108302 0.023406
4 2715418 rs142065025 0.018309
4 2715758 rs12499258 0.00023862
4 2715854 rs748835112 0.98705
4 2715903 rs79716113 0.013784000000000001
4 2716066 rs148243466 0.95936
4 2716087 rs76633590 0.9569799999999999
4 2716147 rs2282768 0.00012805
4 2716285 rs141278369 0.016909
4 2716704 rs16843264 0.72504
4 2716848 rs115112040 0.089406
4 2716930 rs570063528 0.72382
4 2717290 rs16843266 0.7924100000000001
4 2717311 rs183626823 0.8214299999999999
4 2717316 rs542115349 0.67756
4 2717327 rs2237003 0.00031119
4 2717408 rs17697511 0.00038038
4 2717468 rs191480386 0.78771
4 2717515 rs16843272 0.00023764
4 2717638 rs557824698 0.70157
4 2717690 rs2295499 3.5254e-06
4 2717840 rs80247234 0.0029676
4 2718163 rs16843279 0.5524399999999999
4 2718448 rs111929483 0.5027699999999999
4 2718602 rs114287284 0.97019
4 2718714 rs57282339 0.6463399999999999
4 2718795 rs534579407 0.013303
4 2718863 rs144303930 0.1813
4 2718898 rs148765322 0.6812
4 2718967 rs151317652 0.30066
4 2719012 rs140202404 0.9072
4 2719058 rs111559317 0.00028137
4 2719538 rs11936155 0.75165
4 2720077 rs642626 0.00028069
4 2720191 rs75539632 0.16197999999999999
4 2720223 rs141998070 0.013227000000000001
4 2720435 rs114894702 0.72593
4 2720790 rs115466838 0.96459
4 2721080 rs13125136 4.803e-05
4 2721132 rs16843281 2.2751e-06
4 2721199 rs59425183 0.00023643
4 2721239 rs60108859 1.4765e-06
4 2721342 rs553815699 0.51156
4 2721368 rs182427702 0.58024
4 2721445 rs112736408 0.32741
4 2721670 rs56186950 0.0061398
4 2721682 rs58338325 0.00627
4 2721759 rs142661776 0.10496
4 2721811 rs556203 0.66522
4 2722181 rs565266028 0.8741399999999999
4 2722754 rs74651143 0.95721
4 2722793 rs4690028 0.00058293
4 2722815 rs4690029 1.2147e-05
4 2722822 rs4690030 0.21070999999999998
4 2723192 rs11730858 0.005423399999999999
4 2723249 rs232711 0.00024052
4 2723266 rs232710 0.25865
4 2723438 rs115803410 0.62656
4 2723531 rs4690032 0.018827
4 2723869 rs11725776 0.0053177
4 2723964 rs75807625 0.19204000000000002
4 2724304 rs181066832 0.58024
4 2724489 rs9291155 0.37826
4 2725073 rs188172622 0.025925
4 2725588 rs79582601 0.0053449
4 2725598 rs114320834 0.78962
4 2725831 rs144861508 0.09478400000000001
4 2725890 rs114878179 0.6281899999999999
4 2725914 rs114217661 0.0030395
4 2725960 rs114873893 0.073681
4 2726196 rs138772110 0.48303
4 2726396 rs76075679 0.58796
4 2726545 rs76889177 0.012936000000000001
4 2726589 rs116374492 0.56704
4 2726943 rs115698684 0.33988
4 2727024 rs187826053 0.25101
4 2727239 rs112556070 0.61434
4 2727310 rs115612596 0.3074
4 2727311 rs141465841 0.58808
4 2727394 rs189573282 0.012888
4 2727487 rs552242690 0.48556000000000005
4 2727663 rs140063917 0.17528
4 2728030 rs71608231 0.00045822
4 2728092 rs16843291 0.00046063
4 2728186 rs116618009 0.56058
4 2728208 rs186429873 0.89313
4 2728324 rs149655529 0.015888
4 2728501 rs181564016 0.92848
4 2728596 rs144443049 0.9733200000000001
4 2728804 rs13113593 0.00049414
4 2729048 rs191258378 0.17581
4 2729158 rs9762293 0.00062083
4 2729655 rs146744848 0.59887
4 2729680 rs188069084 0.35573
4 2729683 rs113549452 0.63645
4 2729736 rs192348442 0.0795
4 2729772 rs150389209 0.64366
4 2729863 rs138711930 0.12305999999999999
4 2729958 rs529539719 0.013184
4 2730314 rs148937535 0.012790000000000001
4 2730410 rs115881273 0.098342
4 2730487 rs183457531 0.061654999999999995
4 2730531 rs558277006 0.38815
4 2730589 rs147055844 0.012795
4 2730614 rs76132906 0.6681
4 2730700 rs75836234 0.66913
4 2730710 rs34108851 0.0010017000000000001
4 2730851 rs138408487 0.027761
4 2731109 rs12509910 0.00011168
4 2731120 rs377409890 0.012965
4 2731255 rs59264899 0.72435
4 2731602 rs144001000 0.90466
4 2732009 rs80178032 0.46965
4 2732073 rs73189417 0.20514000000000002
4 2732157 rs139872410 0.012729
4 2732330 rs28752023 0.30255
4 2732403 rs189361633 0.012695999999999999
4 2732538 rs181782620 0.9419299999999999
4 2732557 rs186867364 0.43906000000000006
4 2732559 rs2090082 0.00061206
4 2732690 rs232725 0.70152
4 2732699 rs140430378 0.6160100000000001
4 2733120 rs112673023 0.0022855999999999996
4 2733167 rs138354955 0.30182
4 2733447 rs28567971 0.30284
4 2733759 rs144825076 0.011551
4 2733811 rs573246853 0.8125899999999999
4 2733948 rs11543194 0.0090792
4 2734132 rs10311 0.10411
4 2734175 rs8426 0.0048353
4 2734188 rs142311748 0.012999
4 2734332 rs71608232 0.00016128
4 2734380 rs568080623 0.92289
4 2734425 rs61791168 0.034424
4 2734492 rs12512746 0.042134
4 2734626 rs232722 0.001121
4 2734747 rs373459383 0.13180999999999998
4 2734859 rs12511418 0.022586000000000002
4 2735088 rs574315194 0.61585
4 2735233 rs549697830 0.73256
4 2735252 rs111521540 0.41825
4 2735442 rs147666352 0.025450999999999998
4 2735632 rs557734717 0.19827999999999998
4 2735649 rs71608233 0.00033274
4 2735737 rs181127534 0.3205
4 2735765 rs142365284 0.8993200000000001
4 2735783 rs116663401 0.49221000000000004
4 2736158 rs79970526 0.2717
4 2736425 rs11723992 0.0052155000000000005
4 2736567 rs4690052 0.00028183
4 2736579 rs4690053 0.00030011
4 2736699 rs545159958 0.6042
4 2736803 rs75493420 0.03744
4 2736834 rs533526624 0.07849199999999999
4 2736850 rs13118890 4.8582e-06
4 2736916 rs56052346 0.68128
4 2737140 rs232721 0.9586899999999999
4 2737301 rs232720 0.9706899999999999
4 2737416 rs9683573 0.57906
4 2737538 rs56026329 0.0025104
4 2737770 rs232719 0.00097647
4 2738032 rs190192235 0.82835
4 2738050 rs232718 0.00044249999999999997
4 2738090 rs232717 0.94904
4 2738408 rs773706789 0.7894
4 2738720 rs114174116 0.83149
4 2738880 rs232716 0.0014307
4 2738887 rs184331539 0.084142
4 2738963 4:2738963_G_A 0.087988
4 2739051 rs144480171 0.34992
4 2739258 rs181528346 0.009644400000000001
4 2739455 rs73189421 0.091099
4 2739991 rs114620559 0.30464
4 2740461 rs116561699 0.21677
4 2740615 rs61791170 0.035612
4 2740680 rs182880921 0.55898
4 2740688 rs10428283 0.30828
4 2740743 rs115094525 0.90171
4 2740778 rs148956447 0.30756
4 2740856 rs535342596 0.49888999999999994
4 2740895 rs11937966 0.0047428999999999995
4 2741272 rs4039740 0.0016680999999999998
4 2741294 rs232715 0.21688000000000002
4 2741377 rs141131360 0.50821
4 2741570 rs150299101 0.026556
4 2741595 rs112249743 0.006369
4 2741609 rs137958201 0.92806
4 2741611 rs149482784 0.81234
4 2741679 rs232714 0.31278
4 2741689 rs232713 0.86261
4 2741710 rs58104258 0.0020894000000000004
4 2741715 rs139777733 0.7028
4 2741823 rs142249325 0.26497
4 2741871 rs186431397 0.013894
4 2741912 rs114693861 0.018191
4 2742156 rs150006259 0.079275
4 2742497 rs4690054 0.0031642
4 2742569 rs146865287 0.55291
4 2742813 rs143843101 0.67298
4 2742863 rs35327519 0.70234
4 2743015 rs9291158 0.00082891
4 2743060 rs13146313 0.00078811
4 2743177 rs116368226 0.25994
4 2743191 rs115686401 0.073042
4 2743433 rs7461 0.52082
4 2743678 rs10587 0.009656999999999999
4 2743908 rs183471727 0.6914600000000001
4 2743937 rs375400848 0.31194
4 2743970 rs16843312 0.14800000000000002
4 2743983 rs16843316 0.0093825
4 2743999 rs232712 0.0015514
4 2744044 rs116678295 0.9225200000000001
4 2744087 rs2269495 0.00072768
4 2744227 rs112058145 0.5011800000000001
4 2744289 rs3208469 8.5266e-05
4 2744380 rs74794660 0.31895999999999997
4 2744404 rs16843109 0.11441
4 2744480 rs9683949 0.076714
4 2744519 rs57232780 0.003764
4 2744521 rs17831665 0.6485
4 2744613 rs149534570 0.71712
4 2744739 rs144183396 0.70814
4 2744937 rs3733226 0.0011818
4 2744973 rs16843328 0.0045544
4 2745032 rs762066317 0.47747
4 2745098 rs79282776 0.069827
4 2745214 rs143750972 0.8998700000000001
4 2745508 rs3733223 0.0041464
4 2745734 rs3733222 0.00090001
4 2746092 rs16843335 0.63807
4 2746098 rs74605152 0.21553000000000003
4 2746099 rs145779631 0.36818
4 2746146 rs143796684 0.67143
4 2746285 rs13145281 0.084262
4 2746307 rs11728346 0.0010387
4 2746400 rs111472973 0.40803
4 2746491 rs148030802 0.18317
4 2746567 rs116412781 0.28522
4 2746583 rs116129895 0.39039
4 2746753 rs141750537 0.3686
4 2746898 rs762856 0.0010103999999999998
4 2747008 rs75040025 0.0011914999999999999
4 2747061 rs113135482 0.50849
4 2747079 rs559488831 0.77427
4 2747153 rs79257123 0.27496
4 2747194 rs61734614 0.0036931999999999993
4 2747469 rs115808738 0.32059
4 2747475 rs2341303 0.0048123
4 2747524 rs77122417 0.07416
4 2747707 rs11729691 0.007958
4 2747825 rs10937910 0.57977
4 2747862 rs10937911 0.0050864
4 2748646 rs746133056 0.53459
4 2748663 rs4690055 1.745e-06
4 2748697 rs142931871 0.52359
4 2748799 rs115578443 0.00079495
4 2748934 rs114251657 0.054712000000000004
4 2748953 rs191183378 0.5162899999999999
4 2749069 rs2295498 0.0012152
4 2749075 rs73189423 0.60685
4 2749272 rs116772409 0.7027899999999999
4 2749343 rs16843344 0.0042762
4 2749759 rs16843349 0.004834000000000001
4 2749838 rs17412860 0.008342700000000002
4 2750118 rs57796386 0.00023903
4 2750119 rs13138665 0.0005051
4 2750231 rs564576918 0.81319
4 2750311 rs149075967 0.26992
4 2750321 rs111739746 0.00023496
4 2750455 rs115613720 0.00091699
4 2750643 rs181167376 0.8716299999999999
4 2750764 rs150843587 0.0086073
4 2750810 rs7690432 0.79696
4 2750826 rs115149998 0.11605
4 2750908 rs6600768 0.51389
4 2751046 rs6600767 0.56214
4 2751239 rs541695511 0.72349
4 2751267 rs73791856 0.0047255000000000005
4 2751346 rs56128852 0.00026273
4 2751552 rs10937912 0.0048558
4 2751772 rs231178 0.7550600000000001
4 2751773 rs139311794 0.8730399999999999
4 2751793 rs149602733 0.73868
4 2751805 rs6851171 0.00030910000000000003
4 2751823 rs34388908 0.00071194
4 2752216 rs113317374 0.0057235
4 2752253 rs144914395 0.02843
4 2752411 rs528029769 0.063355
4 2752508 rs79356553 0.48818999999999996
4 2752548 rs231177 0.44931000000000004
4 2752744 rs115565578 0.71028
4 2753254 rs150946251 0.83185
4 2753698 rs190183823 0.47052
4 2753868 rs77516273 0.01287
4 2753953 rs75692427 0.0083966
4 2753987 rs186941081 0.9709200000000001
4 2754806 rs231175 0.26009
4 2755008 rs138147287 0.5390699999999999
4 2755339 rs13121085 0.00079443
4 2755347 rs80132469 0.21195
4 2755447 rs13111143 0.00081077
4 2755495 rs188781162 0.09830499999999999
4 2756166 rs150650525 0.088489
4 2756260 rs541641789 0.39721
4 2756264 rs181547663 0.5664899999999999
4 2756412 rs188674836 0.52882
4 2756422 rs180881919 0.99908
4 2756434 rs10011484 0.010079000000000001
4 2756447 rs58852067 0.0043504
4 2756608 rs13129007 0.00022568
4 2756912 rs56215402 3.9121999999999996e-05
4 2756972 rs182268205 0.4636
4 2757162 rs7659351 0.62502
4 2757775 rs201975749 0.017308
4 2757800 rs74548850 0.00035389
4 2757915 rs200885945 0.11647
4 2758009 rs779245238 0.9545299999999999
4 2758330 rs115812530 0.0068143
4 2758598 rs575297917 0.34885
4 2759259 4:2759259_T_C 0.10157000000000001
4 2759270 rs770669742 0.39246
4 2759355 rs77982793 0.43209
4 2759441 rs192239458 0.32861
4 2759459 rs73791858 0.59297
4 2759583 rs769616198 0.19189
4 2759826 rs142105331 0.1048
4 2759933 rs184186456 0.66809
4 2759944 rs140325971 0.021321
4 2760030 rs4690059 1.9807000000000002e-05
4 2760222 rs4690060 0.090526
4 2760330 rs71608235 0.00039379
4 2760407 rs116832986 0.082479
4 2760423 rs545007185 0.72526
4 2760454 rs35339646 8.004899999999999e-05
4 2760516 rs146502462 0.032761
4 2760597 rs150178038 0.70795
4 2760719 rs116617153 0.012709999999999999
4 2760732 rs10937914 0.015623
4 2761063 rs149146397 0.0026235
4 2761233 rs114548034 0.08215700000000001
4 2762189 rs766413992 0.20235999999999998
4 2762440 rs7660684 0.66856
4 2762479 rs115115113 0.067459
4 2762552 rs114064605 0.55853
4 2762637 rs114666792 0.35174
4 2762679 rs1268385 0.00072191
4 2762765 rs10030656 0.26104
4 2762831 rs114176526 0.22526999999999997
4 2763066 rs1616575 0.8292799999999999
4 2763071 rs1784166 0.00094806
4 2763111 rs555551998 0.62346
4 2763168 rs186293288 0.50002
4 2763270 rs191193846 0.33666999999999997
4 2763426 rs139450706 0.090507
4 2763427 rs112509309 0.57494
4 2763488 rs116247600 0.0095752
4 2763544 rs146202524 0.009726899999999998
4 2763607 rs542834737 0.028348
4 2763642 rs73791860 0.0025346
4 2763718 rs115932973 0.48356000000000005
4 2763780 rs142209652 0.0032489000000000003
4 2763823 rs1263494 0.41028000000000003
4 2763892 rs34656064 5.7276000000000005e-05
4 2763903 rs1263493 0.00069238
4 2763938 rs1784163 0.41993
4 2763942 rs1784162 0.33058000000000004
4 2763967 rs778111585 0.26828
4 2764047 rs771275390 0.43927
4 2764055 rs28545080 0.28802
4 2764088 rs1263492 0.38869000000000004
4 2764090 rs551589322 0.6928
4 2764167 rs374163580 0.10672000000000001
4 2764210 rs147890224 0.0085499
4 2764388 rs185015299 0.1882
4 2764405 4:2764405_C_T 0.53032
4 2764406 rs149621639 0.094389
4 2764507 rs11737132 2.4048e-05
4 2764512 rs1268853 0.00084194
4 2764620 rs192807132 0.38749
4 2764726 rs139136761 0.008933499999999999
4 2764773 4:2764773_G_A 0.47233
4 2764888 rs114414567 0.017412999999999998
4 2764963 4:2764963_G_C 0.31453000000000003
4 2765017 rs186756408 0.58357
4 2765197 rs113917855 0.71763
4 2765242 rs139555719 0.020556
4 2765364 rs28367027 0.55488
4 2765560 rs1877722 0.00012745
4 2765584 rs6840303 1.7302e-05
4 2765615 4:2765615_G_T 0.66332
4 2765675 rs231185 0.40446
4 2765703 rs929002 0.0013112
4 2765956 rs145320323 0.19512000000000002
4 2766089 rs2137836 0.0013032999999999999
4 2766141 rs113285022 2.1552e-05
4 2766181 rs2137835 4.7713e-05
4 2766221 rs28533440 0.0070631
4 2766242 rs183490049 0.7975399999999999
4 2766281 rs2137834 0.00082866
4 2766373 rs11734510 0.3955
4 2766410 rs231183 0.32861
4 2766579 rs183412100 0.37408
4 2766670 rs79754580 1.0942e-09
4 2766814 rs147699015 0.36332
4 2766879 rs141025051 0.6165
4 2767155 rs6832191 0.47626
4 2767205 rs780101022 0.9640700000000001
4 2767286 rs541396893 0.74787
4 2767288 rs551058641 0.32621999999999995
4 2767303 rs13139329 0.24875999999999998
4 2767306 rs142376629 0.2735
4 2767308 rs558927355 0.60131
4 2767337 rs7693512 0.0008197000000000001
4 2767366 rs148641227 0.0032159999999999997
4 2767418 rs1980111 9.4326e-05
4 2767428 rs9993489 7.0423e-05
4 2767619 rs231181 0.0020593000000000005
4 2768123 rs139839578 0.2123
4 2768297 rs149165642 0.61505
4 2768630 rs6600766 0.0030775
4 2768941 rs78565414 0.5312
4 2769269 rs1877721 7.354000000000001e-09
4 2769274 rs74521833 0.6271800000000001
4 2769502 rs193036588 0.012306000000000001
4 2769531 rs115876933 0.9646899999999999
4 2769571 rs6422312 2.1362e-05
4 2769594 rs231179 4.1105000000000004e-10
4 2769670 rs118002404 0.32726
4 2769707 rs6848990 0.00021352
4 2769721 rs149269570 0.023159
4 2769851 rs57989672 0.1679
4 2770081 rs73080336 0.6605800000000001
4 2770183 rs2040395 3.5184e-08
4 2770186 rs71608236 0.0035854999999999997
4 2770202 rs9991665 0.091677
4 2770258 rs557524291 0.64013
4 2770436 rs76227615 0.32400999999999996
4 2770572 rs55858954 0.68513
4 2770599 rs144514391 0.0098295
4 2770698 rs182878199 0.01299
4 2770742 rs185487243 0.013000000000000001
4 2770761 rs148028884 0.023105
4 2770771 rs550105530 0.26072
4 2770772 rs12504990 3.2464e-08
4 2770972 rs112413101 0.79898
4 2771002 rs555029739 0.6842699999999999
4 2771008 rs12502570 9.323e-10
4 2771588 rs192654415 0.21124
4 2772119 rs76835120 0.9764700000000001
4 2772245 rs11940198 0.68153
4 2772324 rs528103859 0.0072755
4 2772522 rs140644896 0.7136
4 2772530 rs7695151 1.1327e-09
4 2772613 rs192327686 0.19512000000000002
4 2772749 rs73791861 0.9484100000000001
4 2772756 rs73791862 0.94921
4 2772829 rs188709062 0.44486000000000003
4 2772977 rs758725898 0.32733
4 2773210 rs577016446 0.87646
4 2773360 rs143416233 0.014277000000000001
4 2773467 rs116559977 0.085176
4 2773765 rs16843381 0.9749200000000001
4 2773852 rs114735877 0.68782
4 2773951 rs148190105 0.78205
4 2773997 rs140123590 0.2274
4 2774072 rs59819051 0.64431
4 2774130 rs77112042 0.9881700000000001
4 2774289 rs115255938 0.9817899999999999
4 2774857 rs148709593 0.27803
4 2774951 rs73791863 0.67364
4 2775138 rs551895883 0.19889
4 2775243 rs34749598 0.00015517
4 2775371 rs59979544 0.89797
4 2775391 rs375005024 0.81912
4 2775398 rs190931377 0.12884
4 2775411 rs71608237 1.7627e-06
4 2775522 rs115895880 0.34235
4 2775582 rs80163333 0.7087399999999999
4 2775653 rs192374501 0.73017
4 2775779 rs10937915 9.3975e-05
4 2775786 rs144341429 0.017131
4 2775874 rs13108696 9.633899999999999e-07
4 2775890 rs760870668 0.068238
4 2775928 rs13108895 0.00013734
4 2775985 rs13108936 9.6629e-07
4 2775988 rs13108937 1.0598e-06
4 2776006 rs566070578 0.74798
4 2776014 rs188251986 0.84814
4 2776036 rs192334486 0.8411
4 2776053 rs183489466 0.7256100000000001
4 2776269 rs35389119 2.2404e-05
4 2776284 rs147576536 0.30946999999999997
4 2776661 rs114517786 0.99029
4 2776711 rs181818915 0.51485
4 2776851 rs191228358 0.44601
4 2776859 rs67596023 0.0016832999999999998
4 2776893 rs71608238 2.4891999999999998e-05
4 2777017 rs2032457 0.0020859999999999997
4 2777046 rs75686018 0.76908
4 2777213 rs141269698 0.019296
4 2777406 rs2880008 4.5006000000000006e-08
4 2777673 rs112985607 0.32298000000000004
4 2777687 rs187832158 0.26666999999999996
4 2777690 4:2777690_T_C 0.33066999999999996
4 2778024 rs28696111 0.33152
4 2778040 rs73080343 0.70609
4 2778128 rs114667723 0.7229899999999999
4 2778364 rs113107672 0.14531
4 2778476 rs7434637 1.2464000000000001e-05
4 2778586 rs12505364 1.3659000000000002e-09
4 2778881 rs55675515 0.7914
4 2778972 rs116680108 0.69916
4 2779001 rs114057148 0.004357100000000001
4 2779091 rs533766132 0.32685
4 2779536 rs116355813 3.3431000000000002e-06
4 2779602 rs185111469 0.48328000000000004
4 2779632 rs6855651 0.8441799999999999
4 2779950 rs6855065 0.84331
4 2780044 rs79009721 0.15320999999999999
4 2780358 rs185612796 0.28635
4 2780438 rs73080345 0.76578
4 2780552 rs6858688 0.00012168
4 2780608 rs13123596 0.0037600000000000003
4 2780920 rs139412366 0.021878
4 2780928 rs6600763 4.4166999999999994e-08
4 2781240 rs6422311 0.0009148
4 2781487 rs183501111 0.078532
4 2781982 rs578146481 0.312
4 2782077 rs7377308 0.0017611
4 2782356 rs6422310 0.0015654000000000002
4 2782608 rs2722159 2.8126999999999996e-09
4 2782685 rs186982740 0.9399700000000001
4 2782780 rs1268377 3.2106999999999996e-10
4 2783013 rs535468103 0.38101999999999997
4 2783049 rs1272878 0.00022176
4 2783255 rs1271255 3.1440999999999995e-09
4 2783321 rs1270634 2.3141e-09
4 2783393 rs143552132 0.012101
4 2783395 rs114884302 0.0019289
4 2783440 rs1269392 0.032092
4 2783566 rs116263765 0.027614999999999997
4 2783668 rs6828164 0.25592
4 2783675 rs115030716 0.26859
4 2783688 rs6828148 0.0015228
4 2783839 rs113610235 0.9574799999999999
4 2783913 rs13128628 2.3919e-06
4 2783949 rs115449040 0.00016022
4 2784045 rs10011310 0.00066904
4 2784373 rs1271256 2.1732e-09
4 2784424 rs111807774 0.04557
4 2784647 rs185950577 0.62584
4 2784673 rs75718107 0.81143
4 2784732 rs113202387 0.003812
4 2785064 rs146082122 0.043542000000000004
4 2785332 rs190669388 0.7781
4 2785413 rs762109347 0.55186
4 2785428 rs138815745 0.012291
4 2785556 rs2341304 1.073e-06
4 2785917 rs58126961 1.5744e-07
4 2786056 rs114591335 0.088141
4 2786079 rs1263449 1.3794e-09
4 2786101 rs115830363 0.096515
4 2786318 rs13117917 1.3049000000000003e-07
4 2786353 rs6842446 0.10851
4 2786628 rs541569667 0.18116
4 2786667 rs111277109 0.36165
4 2786900 rs114885839 0.036026999999999997
4 2786909 rs142963686 0.024243999999999998
4 2786970 rs10025137 0.44823999999999997
4 2787051 rs79556112 0.047051
4 2787053 rs564573676 0.021729
4 2787175 rs74355716 0.076894
4 2787776 rs140191040 0.11575
4 2787930 rs116014490 0.58918
4 2788081 rs113256020 0.071796
4 2788290 rs144857291 0.91994
4 2788462 rs74661378 0.017218999999999998
4 2788476 rs743691 5.1746e-10
4 2788619 rs549126015 0.033306999999999996
4 2788738 rs574991503 0.31914000000000003
4 2788935 rs1794369 0.1712
4 2789063 rs13113803 0.011415999999999999
4 2789302 rs762834 2.6201999999999997e-09
4 2789323 rs743690 0.020128999999999998
4 2789994 rs76042487 0.7458600000000001
4 2790017 rs114006617 0.018775
4 2790128 rs948002 0.20431
4 2790162 rs113246750 0.025957
4 2790178 rs1784154 0.20553000000000002
4 2790454 rs141024224 0.92565
4 2790576 rs571174133 0.62764
4 2790799 rs743689 0.0013982
4 2790801 rs762833 4.4274999999999994e-09
4 2790926 rs115246695 0.06502899999999999
4 2791199 rs76550253 0.5243
4 2791208 rs76309354 0.00095061
4 2791380 rs148411154 0.11878
4 2791405 rs34521967 0.00099552
4 2791489 rs528086124 0.35228000000000004
4 2791610 rs150964185 0.0062308
4 2791642 rs73791893 0.9587200000000001
4 2791732 rs35365158 1.8603e-06
4 2791736 rs74481704 0.9765
4 2791991 rs35623907 0.00085851
4 2792106 rs143387819 0.0068544
4 2792116 rs115403325 0.75264
4 2792178 rs76966257 0.7508699999999999
4 2792190 rs180969614 0.007551
4 2792210 rs74551018 0.00077816
4 2792251 rs28700945 0.037165
4 2792273 rs140403025 0.83395
4 2792302 rs111278519 0.00095294
4 2792328 rs73791894 0.96049
4 2792340 rs73791895 0.96049
4 2792457 rs390288 3.2274000000000002e-09
4 2792463 rs528812476 0.10422000000000001
4 2792481 4:2792481_A_C 0.45187
4 2792636 rs71608241 3.9701e-08
4 2792706 rs78680768 0.52373
4 2792762 rs1263448 0.01379
4 2792772 rs408102 2.4609000000000002e-08
4 2792911 rs143691656 0.8301
4 2792943 rs407770 0.0017933
4 2793125 rs114374492 2.3843e-08
4 2793155 rs419096 0.007273999999999999
4 2793196 rs139284532 0.9582
4 2793206 rs10212896 0.00073607
4 2793259 rs78433611 0.8033399999999999
4 2793545 rs76955811 0.7590899999999999
4 2793636 rs113128958 0.79565
4 2793949 rs112541098 0.8314299999999999
4 2793963 rs192594006 0.4193
4 2794018 rs551442732 0.29225999999999996
4 2794239 rs566157741 0.0037193000000000005
4 2794320 rs397292 0.0032664
4 2794559 rs76738645 0.070697
4 2795437 rs112076089 0.9570799999999999
4 2795492 rs114553197 0.14060999999999998
4 2795654 rs385715 0.0016477
4 2795969 rs146723143 0.0626
4 2796076 rs74647477 0.020502
4 2796096 rs231335 0.57775
4 2796098 rs116216504 0.0010198
4 2796117 rs80328418 0.020274
4 2796191 rs78881844 0.020332
4 2796193 rs115198387 0.020332
4 2796382 rs113291462 0.55229
4 2796500 rs7681102 0.020449000000000002
4 2796665 rs231334 3.7325000000000004e-11
4 2796970 rs231333 0.06741799999999999
4 2797072 rs145219540 0.0095071
4 2797232 rs539066998 0.18829
4 2797289 rs116287867 0.07485
4 2797388 rs113405180 0.82686
4 2797409 rs117822285 0.0012144
4 2797483 rs11722455 0.021126
4 2797529 rs188436803 0.3029
4 2797877 rs231332 0.0026746
4 2798170 rs231331 0.0012128
4 2798374 rs73791900 0.67956
4 2798508 rs426940 0.048534
4 2798583 rs1263447 0.97283
4 2798596 rs10032589 0.020786000000000002
4 2798721 rs79894247 0.9211799999999999
4 2798825 rs75228510 0.5888399999999999
4 2798996 rs28676653 0.64157
4 2799025 rs190160 4.3117e-08
4 2799075 rs150508991 0.15308
4 2799300 rs774173051 0.35329
4 2799438 rs73791901 0.70605
4 2799465 rs114353093 0.012464
4 2799472 rs191813725 0.0048542
4 2799663 rs114511881 0.020154
4 2799928 rs76687156 0.9158299999999999
4 2799929 rs13103393 0.068321
4 2799948 rs113834258 0.58505
4 2800216 rs186646829 0.13585
4 2800256 rs28532194 0.07776799999999999
4 2800294 rs74636898 0.5899399999999999
4 2800529 rs172998 1.8471999999999998e-08
4 2800600 rs563594941 0.85639
4 2800654 rs11722784 0.066174
4 2800685 rs149933456 0.90451
4 2800844 rs548937174 0.0021744
4 2800912 rs115407572 0.9845
4 2800969 rs79614546 0.29463
4 2800995 rs185596788 0.007298000000000001
4 2801213 rs529199090 0.44011000000000006
4 2801214 rs546256644 0.0022201
4 2801338 rs142240317 0.11648
4 2801360 rs402855 0.0017224
4 2801373 rs231340 0.00044698
4 2801594 rs190120578 0.7917
4 2801708 rs193087740 0.14164000000000002
4 2801717 rs542562936 0.0026445
4 2801886 rs116784381 0.1459
4 2802062 4:2802062_C_G 0.012648999999999999
4 2802113 rs393635 0.0031011999999999997
4 2802184 rs116590203 0.82885
4 2802204 rs114264509 0.19585999999999998
4 2802409 rs28422992 0.0086631
4 2802487 rs77363958 0.20729
4 2802825 rs73080373 0.7445
4 2802876 rs141712089 0.14439000000000002
4 2802877 rs444521 0.026105
4 2802919 rs113264790 0.8339799999999999
4 2802964 4:2802964_G_A 0.8944799999999999
4 2803122 rs185163598 0.45871000000000006
4 2803156 rs13146103 0.03611
4 2803299 rs190734380 0.0022386
4 2803348 rs365569 6.7531e-06
4 2803507 rs554962535 0.9226700000000001
4 2803579 rs381101 4.2922000000000005e-08
4 2803616 rs185486860 0.0031188
4 2803690 rs137937687 0.0025961
4 2803944 rs562096974 0.20432
4 2804046 rs7695195 0.044423000000000004
4 2804115 rs7659744 0.041946
4 2804205 rs28522320 0.044473
4 2804345 rs532032683 0.0010597000000000002
4 2804476 rs1751848 1.0061e-08
4 2804551 rs28525373 0.022451
4 2804772 rs11947904 0.00078691
4 2804801 rs55977536 0.0016838
4 2804831 rs184370367 0.50078
4 2804854 rs11933325 0.00074771
4 2804857 rs115186578 0.18391
4 2804863 rs11947936 0.027082
4 2804868 rs111634253 0.8825299999999999
4 2804962 rs2003806 0.034309
4 2804985 rs2004189 0.0010645
4 2804986 rs2004190 0.0010818
4 2804987 rs73189435 0.50421
4 2805130 rs56662647 0.90761
4 2805215 rs79694449 0.9530200000000001
4 2805269 rs139020758 0.9630299999999999
4 2805379 rs10001883 0.043745
4 2805455 rs114763637 0.12621
4 2805482 rs577660685 0.72291
4 2805540 rs115369762 1.1512e-08
4 2805659 rs75717922 0.0025004000000000003
4 2805737 rs73794804 0.024705
4 2805840 rs113184358 0.88581
4 2806066 rs35617152 0.63293
4 2806264 rs77425169 0.87064
4 2806348 rs755137 0.02853
4 2806365 rs762677849 0.25076
4 2806688 rs541166415 0.007077600000000001
4 2806727 rs421714 0.0022913
4 2806867 rs6600770 0.00095844
4 2806909 rs382379 1.9662e-08
4 2807042 rs58458573 0.29558
4 2807091 rs73794806 0.0020644
4 2807569 rs75766100 0.90165
4 2807729 rs71608242 5.3044e-07
4 2807839 rs190450377 0.23318000000000003
4 2807910 rs10013269 0.8016800000000001
4 2807989 rs181577165 0.0023768
4 2808449 rs73794807 0.6552899999999999
4 2808479 rs7695259 0.9563200000000001
4 2808560 rs77338717 0.14975
4 2808797 rs116433694 0.0024171
4 2808812 rs149182644 0.025679
4 2808881 rs143800940 0.011275
4 2808899 rs392479 4.6002000000000003e-10
4 2809120 rs231339 4.5650999999999996e-10
4 2809500 rs111930449 1.6047999999999999e-06
4 2809608 rs7677047 4.7853e-10
4 2809627 rs115206348 0.0028573
4 2810010 rs528740118 0.23163000000000003
4 2810028 rs145913674 0.40478000000000003
4 2810092 rs188804825 0.9399799999999999
4 2810140 rs77245915 0.0025261999999999997
4 2810143 rs190885884 0.11039000000000002
4 2810153 rs76075986 0.86003
4 2811062 rs192105507 0.024047
4 2811163 rs111847611 0.9468
4 2811226 rs77566703 0.99551
4 2811366 rs149285883 0.0035361999999999993
4 2811437 rs146983274 0.22196
4 2811701 rs577524226 0.0025898
4 2811737 rs114252443 0.015396
4 2811754 rs143715914 0.0025651999999999997
4 2811841 rs743694 0.82404
4 2812265 rs115627074 0.99265
4 2812337 rs536110058 0.61785
4 2812470 rs7677070 0.0025941
4 2812746 rs7698922 0.0027781
4 2812770 rs743693 0.00054307
4 2812845 rs438524 4.820399999999999e-11
4 2812887 rs150628736 0.0036543
4 2813029 rs563064254 0.0035827
4 2813049 rs143739044 0.10176
4 2813297 rs58342359 0.85308
4 2813388 rs56283754 0.84275
4 2813446 rs575433441 0.24308000000000002
4 2813503 rs445160 9.559999999999999e-05
4 2814148 rs1709004 0.0020493000000000004
4 2814255 rs531609511 0.003626
4 2814381 rs186772662 0.38448000000000004
4 2814429 rs145414970 0.58095
4 2814614 rs370470 0.11184000000000001
4 2814698 rs430979 0.00060199
4 2814763 rs426192 0.0040467
4 2814816 rs450080 0.059342
4 2815256 rs422734 0.26749
4 2815258 rs141223486 0.30854000000000004
4 2815345 rs114758171 0.18832000000000002
4 2815364 rs73080388 0.059688
4 2815452 rs60593371 0.050822000000000006
4 2815464 rs146967043 0.3008
4 2815509 rs74480469 0.0053872
4 2815632 rs433030 0.26905999999999997
4 2815806 rs11934244 0.12692
4 2815988 rs34661133 0.050365
4 2816063 rs11725499 5.013e-08
4 2816300 rs1263446 3.8011e-05
4 2816359 rs426904 0.36282
4 2816529 rs28656878 0.028197000000000003
4 2817182 rs115202086 0.79197
4 2817796 rs181498012 0.26352
4 2817979 rs151103356 0.005096
4 2818151 rs74940682 0.0055703
4 2818260 rs139986448 0.31716
4 2818285 rs112814912 0.89451
4 2818365 rs1784149 4.8898e-06
4 2818411 rs141156261 0.013243000000000001
4 2818484 rs1784148 4.6153e-06
4 2818649 rs11730452 0.00024530000000000005
4 2818686 rs756029789 0.8042600000000001
4 2819028 rs28589491 0.027168
4 2819063 rs1626813 2.1624e-08
4 2819448 rs180875317 0.0052753
4 2819457 rs1784147 0.00076765
4 2819533 rs377120021 0.24044000000000001
4 2819716 rs147593146 0.0032465000000000003
4 2819756 rs76283109 0.0041785
4 2819875 rs574728837 0.9420200000000001
4 2819878 rs865788250 0.0080666
4 2819946 rs190875365 0.27946
4 2820153 rs867837739 0.0071186999999999995
4 2820261 rs28562583 0.059699
4 2820368 rs115426267 0.014212
4 2820375 rs28446770 0.054465999999999994
4 2820387 rs179585 0.0011798
4 2820404 rs182821 0.0010799000000000002
4 2820453 rs569032459 0.0061901000000000005
4 2820560 rs548710607 0.0080766
4 2820561 rs568447008 0.0080766
4 2820703 rs78035476 0.0020248
4 2820891 rs76964614 0.33576
4 2820928 rs140385010 0.79132
4 2820994 rs540242619 0.24686999999999998
4 2821100 rs115982178 0.18015
4 2821323 rs6820967 0.36593000000000003
4 2821479 rs77954035 0.99129
4 2821500 rs77806476 0.13012
4 2821647 rs112873919 0.027721
4 2821715 rs76395115 0.062819
4 2821726 rs76132464 0.0019577
4 2821835 rs111822200 0.076892
4 2822162 rs231401 4.3685e-05
4 2822172 rs769351436 0.30230999999999997
4 2822279 rs749840375 0.56507
4 2822289 rs2239727 0.0019658
4 2822307 rs56323343 0.05405700000000001
4 2822467 rs231402 4.07e-08
4 2822675 rs11943093 0.058899
4 2823518 rs139417549 0.42894
4 2823564 rs188501104 0.41657
4 2823703 rs147576643 0.0020323
4 2823858 rs113350751 0.54385
4 2823881 rs149701601 0.4395
4 2823996 rs111284823 0.82135
4 2824114 rs34993433 0.33534
4 2824152 rs143584362 0.0028736
4 2824189 rs11728630 0.063063
4 2824390 rs140460018 0.34968
4 2824395 rs187151959 0.14118
4 2824848 rs41264713 0.057887
4 2825571 rs184222408 0.0094182
4 2825660 rs3755882 0.068893
4 2825925 rs116094750 0.14060999999999998
4 2825976 rs115586942 0.29629
4 2826101 rs144137613 0.9843700000000001
4 2826113 rs369950556 0.20581
4 2826115 rs544207855 0.14365999999999998
4 2826165 4:2826165_G_A 0.8759899999999999
4 2826376 rs140326137 0.0015199000000000002
4 2826400 rs3213501 0.33176
4 2826472 rs62620003 0.79046
4 2826529 rs142099137 0.40976
4 2826671 rs73794809 0.29524
4 2826807 rs114645897 0.84393
4 2826912 rs16843413 0.065727
4 2826947 rs369642567 0.39368000000000003
4 2826993 rs114184370 0.9807100000000001
4 2826997 rs189595794 0.0088428
4 2827126 rs149931333 0.5654
4 2827475 rs116358253 0.43915
4 2827576 rs747892244 0.3297
4 2827616 rs73082303 0.71844
4 2827646 rs9685721 0.35081
4 2827771 rs73082304 0.06325800000000001
4 2827914 rs76443851 0.30877
4 2827969 rs55956031 3.8937e-08
4 2827974 rs115327998 0.14207999999999998
4 2828139 rs62637887 0.060704999999999995
4 2828527 rs62637096 0.061359000000000004
4 2828630 rs62645794 0.34935
4 2828716 rs77508647 0.20635
4 2828771 rs1794395 0.0030491999999999997
4 2828835 rs116666035 0.0055324
4 2828867 rs41264715 0.043287
4 2828992 rs35313240 0.020055
4 2829077 rs2269485 0.33829000000000004
4 2829106 rs114026435 0.18541
4 2829315 rs74503655 0.6514300000000001
4 2829409 rs28516876 0.06878
4 2829478 rs13137906 0.34054
4 2829701 rs115083633 0.14924
4 2829921 rs2282769 0.39461
4 2830047 rs80048373 0.76198
4 2830070 rs568393522 0.38243
4 2830076 rs1709003 4.6371e-05
4 2830118 rs2282770 0.32237
4 2830130 rs59158707 0.06904
4 2830200 rs16843419 0.75362
4 2830215 rs2282771 0.31695
4 2830230 rs149246713 0.002241
4 2830355 rs369826724 0.15555
4 2830477 rs73082318 0.068736
4 2830544 rs191848976 0.005338
4 2830574 rs142584303 0.044383
4 2830602 rs1623454 8.3321e-05
4 2830651 rs146482218 0.07106900000000001
4 2830964 rs113172732 0.030588999999999998
4 2831060 rs575827400 0.0054659
4 2831182 rs16843167 0.73311
4 2831383 rs231399 0.00010685
4 2831434 rs114926004 0.16571
4 2831570 rs141518457 0.19667
4 2831914 rs59360049 0.68883
4 2831918 rs113845224 0.29753
4 2831967 rs146761668 0.9139200000000001
4 2831980 rs541122593 0.31131
4 2832123 4:2832123_C_A 0.78113
4 2832181 rs150194223 0.09385
4 2832189 rs231398 0.00471
4 2832245 rs111420475 0.022463
4 2832356 rs540646096 0.29215
4 2832381 rs147069399 0.27543
4 2832576 rs77158237 0.68875
4 2832727 rs189139 0.0035751
4 2832734 rs74524125 0.7914100000000001
4 2833089 rs9998364 0.0013616
4 2833128 rs2269484 0.47205
4 2833200 rs41264717 0.1365
4 2833226 rs231397 0.008781
4 2833500 rs1269391 0.06150599999999999
4 2833523 rs146885241 0.0014006
4 2833783 rs189087317 0.015331000000000001
4 2833805 rs111483801 0.5968
4 2833966 rs231396 5.4204e-08
4 2834047 rs45525837 0.45428999999999997
4 2834080 rs148761331 0.45383999999999997
4 2834230 rs56106316 0.018622
4 2834446 rs368256683 0.38278
4 2834742 rs144577122 0.17332
4 2835117 rs571065518 0.51103
4 2835149 rs11732035 0.0062441
4 2835158 rs183521914 0.37026
4 2835198 rs769596785 0.32236
4 2835216 rs75083757 0.45201
4 2835412 rs202005559 0.80612
4 2835603 rs115443380 0.1572
4 2835723 rs61791176 0.81667
4 2835933 rs556644429 0.41117
4 2836195 rs73189445 3.6623000000000007e-07
4 2836628 rs231394 0.0020045
4 2836922 rs142486836 0.392
4 2836981 rs56100883 0.20789000000000002
4 2837359 rs116575715 0.18634
4 2837421 rs149002598 0.15314
4 2837496 rs143834837 0.13247
4 2837573 rs147974238 0.1545
4 2837724 rs170763 0.3089
4 2837763 rs1263416 0.001809
4 2837903 rs75702090 0.15406
4 2838071 rs74805026 0.15736
4 2838101 rs78835062 0.65386
4 2838140 rs77430059 0.075833
4 2838184 rs76564843 0.18045999999999998
4 2838473 rs10924 0.0075815
4 2838512 rs185045655 0.18697
4 2838576 rs112364375 0.15148
4 2838856 rs572526957 0.5131600000000001
4 2838911 rs114672897 0.11797
4 2839076 rs74647365 0.64845
4 2839170 rs139161010 0.032288
4 2839199 rs59295582 0.77784
4 2839304 rs114380025 0.2649
4 2839319 rs567254636 0.97654
4 2839438 rs735794 0.00015572
4 2839535 rs80306465 0.11784000000000001
4 2839608 rs115450246 0.45271999999999996
4 2839659 rs9715869 0.0014761
4 2839942 rs186871973 0.39302
4 2840124 rs75884292 0.20524
4 2840393 rs145350139 0.36045
4 2840395 rs147679025 5.0381999999999994e-09
4 2840723 rs73794814 0.22475
4 2841200 rs151295106 0.34563
4 2841240 rs4690002 4.3654e-05
4 2841533 rs75269237 0.25938
4 2841637 rs75261481 0.018993
4 2841670 rs114105937 0.22265
4 2841772 rs61791177 0.0052222
4 2842153 rs79866849 0.20938
4 2842164 rs77813357 0.23351999999999998
4 2842179 rs75024596 0.23615
4 2842726 rs111574096 0.95104
4 2842745 rs113482596 0.33236
4 2843221 rs148024786 0.59229
4 2843618 rs77299772 0.76243
4 2843880 rs140740118 0.75521
4 2844097 rs185515254 0.85111
4 2844161 rs371012270 0.6140399999999999
4 2844248 rs145770924 0.15829000000000001
4 2844617 rs189983529 0.7569600000000001
4 2844641 rs78058050 0.9874200000000001
4 2844682 rs79033629 0.97096
4 2844759 rs74759412 0.8820100000000001
4 2844999 rs146620399 0.55005
4 2845048 rs116541370 0.18442
4 2845057 rs116059356 0.15578
4 2845061 rs116335552 0.15300999999999998
4 2845198 rs751894784 0.38455
4 2845274 rs35780153 5.2082e-06
4 2845368 rs34576360 0.38942
4 2845428 4:2845428_C_A 0.46617
4 2845678 rs4960 0.27997
4 2845691 rs540320450 0.38004
4 2845920 rs6841701 0.62865
4 2845998 rs145181510 0.75695
4 2846231 rs115608470 0.19835
4 2846303 rs369989286 0.16000999999999999
4 2846432 rs189047738 0.7521899999999999
4 2846572 rs192919822 0.28554
4 2846799 rs1877723 1.4317e-08
4 2847304 rs78188509 0.43588000000000005
4 2847578 rs16843451 0.17287
4 2847806 rs116649293 0.18369000000000002
4 2847857 rs114213603 0.35866
4 2847956 rs79851133 0.87631
4 2848029 rs75957797 0.17706
4 2848327 4:2848327_G_A 0.48563
4 2848743 rs190973551 0.0087225
4 2848759 rs769551152 0.09663300000000001
4 2848760 rs182626751 0.61483
4 2849086 rs114579820 0.042087
4 2849168 rs16843452 0.28141
4 2849235 rs16843454 0.15596
4 2849277 rs112101014 0.068031
4 2849446 rs547161555 0.11274
4 2849578 rs747377538 0.84731
4 2850027 rs16843458 0.99515
4 2850142 rs12503220 5.0156e-06
4 2850273 rs57763208 0.18056
4 2850445 rs760695441 0.35573
4 2850571 rs59426248 0.15507
4 2850735 rs141420323 0.40893
4 2850771 rs73794816 0.24211999999999997
4 2850987 rs59798370 0.042295
4 2851252 rs16843459 0.16125
4 2851410 rs573007743 0.31155
4 2851644 rs114026520 0.47231999999999996
4 2851703 rs58758786 0.044045
4 2852081 rs1263414 0.29843000000000003
4 2852195 rs140145373 0.18001
4 2852438 rs2096760 5.4859e-06
4 2852462 rs73189448 0.3237
4 2852478 rs577146556 0.38689
4 2853195 rs74960999 0.1812
4 2853307 rs570539847 0.24828000000000003
4 2853400 rs774290074 0.8646299999999999
4 2853622 rs2005451 0.17619
4 2853763 rs562133116 0.30693000000000004
4 2854191 rs2004973 3.7848e-05
4 2854345 rs112078927 0.38923
4 2854483 rs140768539 0.008726000000000001
4 2854564 rs138797300 0.38783
4 2854613 rs58968769 0.25115
4 2855049 rs141350114 0.57394
4 2855065 rs146999644 0.34603
4 2855441 rs149548806 0.15874000000000002
4 2855633 rs534759161 0.30478
4 2855784 rs79125217 0.23476
4 2856057 rs192138457 0.20809
4 2856074 rs1263413 0.53567
4 2856213 rs114383123 0.062163
4 2856235 rs6600769 4.0569e-06
4 2856244 rs557239187 0.015241999999999999
4 2856342 rs141882252 4.6643e-05
4 2856365 rs146098680 0.71928
4 2856687 rs13116185 0.70706
4 2856795 rs572889960 0.024978
4 2857695 rs139405276 0.17040999999999998
4 2858005 rs1263412 4.6353e-08
4 2858265 rs540583706 0.83491
4 2858468 rs528103637 0.025682
4 2858620 rs560354931 0.28034000000000003
4 2858701 rs191297990 0.85235
4 2859163 rs114256985 0.062874
4 2859266 rs149038533 0.063092
4 2860081 rs1263361 0.57096
4 2860449 rs1268841 0.45302
4 2860520 rs10031688 0.008354299999999999
4 2860722 rs16843481 0.15387
4 2860966 rs73189450 0.14423
4 2861034 rs77329547 0.068928
4 2861090 rs12509447 8.4073e-06
4 2861430 rs1263360 4.5047e-06
4 2861596 rs35304823 0.19512000000000002
4 2861866 rs550393850 0.5411600000000001
4 2861996 rs16843490 0.16704000000000002
4 2862026 rs1263359 4.4066e-06
4 2862072 rs1263358 0.40934
4 2862190 rs10026792 4.2028e-07
4 2862543 rs76853706 2.0035e-06
4 2863402 rs78477256 0.54105
4 2863714 rs7654786 0.18457
4 2863929 rs13139439 1.6946e-09
4 2864040 rs76686189 0.66318
4 2864503 rs139442316 0.35831999999999997
4 2864626 rs533007714 0.38769000000000003
4 2864824 rs9686059 0.83755
4 2865034 rs112541374 0.070752
4 2865107 rs58115360 1.1581e-06
4 2865598 rs16843500 0.1417
4 2865937 rs374059477 0.42002
4 2866098 rs116252437 0.12682000000000002
4 2866246 rs566128706 0.69375
4 2866704 rs548361357 0.30791
4 2866750 rs147784042 0.022154
4 2867130 rs114439993 0.15106
4 2867238 rs145170691 0.38944
4 2867532 rs111504796 0.56448
4 2867714 rs114789742 0.035829
4 2868067 rs7655104 1.9575e-06
4 2868149 rs140452460 0.9556100000000001
4 2868514 rs17833172 1.8311000000000001e-06
4 2868550 rs115666359 0.0027077
4 2869127 rs6819310 5.6219e-06
4 2869228 rs112279120 0.34195
4 2869349 rs138252354 0.43231
4 2869410 rs114327462 0.7004100000000001
4 2869577 rs754395378 0.10565999999999999
4 2869815 rs12641947 1.6206e-06
4 2869882 rs77276705 0.006760800000000001
4 2869929 rs114643193 0.13224
4 2870460 rs59570629 0.9325100000000001
4 2870507 rs184722468 0.13402
4 2870648 rs16843507 0.33728
4 2870745 rs17833250 1.8314e-06
4 2871357 rs150962149 6.6196e-05
4 2871539 rs7664518 0.98487
4 2871660 rs780374079 0.33676999999999996
4 2872221 rs140526528 0.63353
4 2872795 rs561517452 0.80898
4 2873337 rs16843511 0.0091538
4 2873835 rs2032470 6.6058e-06
4 2874510 rs76827810 0.13289
4 2874542 rs118024410 0.45831000000000005
4 2874743 rs4690000 0.14248
4 2874910 rs626038 1.4730000000000001e-06
4 2875042 rs567724901 0.63518
4 2875140 rs4690001 0.26776
4 2875389 rs76166421 0.041398000000000004
4 2875396 rs7689864 0.77091
4 2876069 rs73082333 0.39799999999999996
4 2876104 rs191582145 0.0012634
4 2876127 rs181622557 0.63183
4 2876434 rs66960451 0.8216200000000001
4 2876448 rs61652297 0.15275
4 2876463 rs41528047 0.034763999999999996
4 2876813 rs570014004 0.26134
4 2876925 rs114023102 0.12955999999999998
4 2877377 rs184088844 0.8086300000000001
4 2877435 rs34183181 0.23728000000000002
4 2877464 rs35983864 0.16384
4 2877924 rs140462302 0.64651
4 2878074 rs16843523 0.15478
4 2878364 rs149983001 0.35128000000000004
4 2878763 rs77985186 0.0079294
4 2879543 rs116683939 0.58586
4 2879923 rs57526673 0.18804
4 2880125 rs763193041 0.35369
4 2880266 rs35508581 0.15793
4 2880287 rs73189453 0.041997
4 2880386 rs79196604 0.13719
4 2880440 rs73082335 0.90294
4 2880570 rs142028743 0.1332
4 2880715 rs138396837 0.8835799999999999
4 2880717 rs116490121 0.047139
4 2880756 rs149263733 8.0615e-05
4 2880786 rs115912835 0.60968
4 2881011 rs146218076 0.61129
4 2881109 rs2097081 0.34028
4 2881179 rs74807051 0.7053
4 2881256 rs624833 9.2531e-08
4 2881272 rs193286610 0.40698
4 2881281 rs554232596 0.3008
4 2881301 rs114567509 0.60968
4 2881335 rs10488838 0.17557999999999999
4 2881585 rs75803875 0.13552
4 2881826 rs76100175 0.89769
4 2881847 rs77893341 0.80404
4 2882007 rs1242228 0.00020645
4 2882424 rs186207655 0.019281
4 2882502 rs142238271 0.75795
4 2882599 rs80258568 6.6342e-06
