CHR BP SNP P
1 39896842 rs783817 0.00011244
1 39897257 rs6680153 0.57391
1 39897271 rs599823 0.00016449
1 39897320 rs79902895 0.65368
1 39897767 rs567157793 0.52696
1 39897816 rs151012065 0.5871
1 39897865 rs80167665 0.7056399999999999
1 39898456 rs75916438 0.5434100000000001
1 39898644 rs11206073 0.8315899999999999
1 39899316 rs783818 0.61279
1 39899324 rs74066798 0.9215
1 39899398 rs533833815 0.11407
1 39899420 rs191534437 0.044608999999999996
1 39900230 rs138450442 0.39276
1 39900781 rs75228316 0.34314
1 39901019 rs114821883 0.20214000000000001
1 39901812 rs55975501 0.6884100000000001
1 39901903 rs180977692 0.21875999999999998
1 39902250 rs147693306 0.45625
1 39902270 rs537348135 0.17218
1 39902367 rs6663884 0.7410899999999999
1 39902637 rs111765240 0.40029000000000003
1 39902732 rs111944738 0.39629000000000003
1 39902740 rs12075329 0.16329000000000002
1 39902960 rs113233748 0.55015
1 39903002 rs112240600 0.015676
1 39903071 rs149934774 0.20214000000000001
1 39903104 rs12061335 0.6925399999999999
1 39903106 rs12075503 0.6925399999999999
1 39903129 rs596705 2.2628e-09
1 39904123 rs80051515 0.039852
1 39904150 rs79374280 0.59722
1 39904365 rs183337870 0.0010984000000000002
1 39904478 rs115607010 0.45896000000000003
1 39904520 rs576289463 0.7016399999999999
1 39904553 rs192223088 0.81892
1 39904586 rs754695424 0.79046
1 39904612 rs1180372 2.4094e-09
1 39904618 rs148010241 0.79984
1 39905215 rs115097013 0.3374
1 39905588 rs2018212 4.8123e-05
1 39905658 rs653501 0.5170899999999999
1 39905873 rs4660751 4.9918e-05
1 39905878 rs114364340 0.46373000000000003
1 39905981 rs116414728 0.7005399999999999
1 39906139 rs149440637 0.52203
1 39906180 rs147534647 0.0019577
1 39906659 rs10489935 0.91491
1 39907109 rs147235540 0.42171000000000003
1 39907160 rs114399275 0.9634299999999999
1 39907949 rs682351 0.031193000000000002
1 39908035 rs74066799 0.55308
1 39908430 rs11206102 0.69277
1 39908506 rs587404 2.9709999999999998e-09
1 39908701 rs75882914 0.00023923
1 39908726 rs588326 2.2766e-09
1 39908848 rs7521696 0.9832200000000001
1 39909554 rs144879195 0.59045
1 39909555 rs72661980 0.02049
1 39910095 rs191652466 0.049655
1 39910113 rs116756012 0.66246
1 39910257 rs78256423 0.00024913
1 39910274 rs56794676 0.59108
1 39910615 rs548423424 0.23081999999999997
1 39910684 rs617577 6.363099999999999e-06
1 39910704 rs114124548 0.6742600000000001
1 39911001 rs1775656 1.9080999999999996e-09
1 39911220 rs12069020 0.909
1 39911369 rs12565894 0.030318
1 39911428 rs147076799 0.40002
1 39911899 rs111783222 0.01218
1 39912071 rs144061805 0.8970899999999999
1 39912412 rs74972679 0.0049714
1 39912851 rs77637975 0.58965
1 39913351 rs2296173 4.1508e-05
1 39913643 rs783837 0.00011554
1 39914090 rs3118014 4.6231000000000005e-05
1 39914141 rs560223101 0.26466999999999996
1 39914152 rs16826152 0.58429
1 39914363 rs668556 0.00016077
1 39914609 rs559920993 0.10216
1 39914738 rs529014941 0.85406
1 39915035 rs1180379 0.70527
1 39915209 rs1985076 4.3888000000000004e-05
1 39915476 rs144138823 0.34263000000000005
1 39915556 rs115774446 0.39277
1 39915838 rs111998299 0.76798
1 39915843 rs113356700 0.76798
1 39916193 rs113283648 0.34618000000000004
1 39916432 rs112898040 0.9235700000000001
1 39916435 rs1180377 0.6866
1 39916491 rs147093156 0.7992600000000001
1 39916572 rs112635003 0.90741
1 39916591 rs189210121 0.2711
1 39916890 rs371587679 0.6089
1 39917116 rs75733814 0.9180799999999999
1 39917270 rs142660319 0.72027
1 39917271 rs143389066 0.77486
1 39917617 rs113184444 0.43251000000000006
1 39917785 rs148310856 0.32475
1 39917864 rs146089082 0.371
1 39917888 rs1746838 0.00013357
1 39918536 rs72930209 0.71057
1 39918736 rs116060943 0.62561
1 39918788 rs142832570 0.77736
1 39919234 rs687848 0.00017053
1 39919300 rs191666750 0.11897
1 39919346 rs688320 0.088639
1 39919502 rs12068423 0.16261
1 39919616 rs6671001 0.53774
1 39919632 rs139290087 0.8644200000000001
1 39919856 rs115403524 0.35469
1 39920095 rs142067453 0.16940999999999998
1 39920254 rs78612008 0.55248
1 39920378 rs7540171 0.92427
1 39921027 rs41270819 0.88751
1 39921358 rs145870741 0.8725700000000001
1 39921435 rs616470 0.30916
1 39921811 rs61779305 0.0031021
1 39921961 rs138078206 0.62736
1 39922123 rs111425204 0.019881
1 39922303 rs783841 0.00011615
1 39922330 rs116358674 0.64095
1 39922426 rs61779306 6.9478e-05
1 39922486 rs759067957 0.12420999999999999
1 39922673 rs78588283 0.8248700000000001
1 39922884 rs599892 2.7439999999999996e-09
1 39922894 rs186549125 0.018372
1 39922923 rs77563903 0.00025023
1 39922990 rs783840 0.00011878
1 39923515 rs139636528 0.39414
1 39923606 rs149317408 0.47705
1 39923637 rs147360850 0.29273000000000005
1 39923732 rs41270821 8.900299999999999e-05
1 39923775 rs658191 0.059048
1 39923871 rs115251547 0.57953
1 39923894 rs145179040 0.0006129
1 39924398 rs2296175 6.5948e-05
1 39924467 rs116668301 0.23081999999999997
1 39924499 rs114460000 0.6974
1 39924752 rs74326877 0.5976
1 39924765 rs142411922 0.36233000000000004
1 39924926 rs151293171 0.044709
1 39925333 rs540130944 0.25723
1 39925464 rs200531949 0.31859
1 39925888 rs74605742 0.6029
1 39925959 rs114579935 0.9688399999999999
1 39926265 rs572820886 0.57262
1 39926824 rs4660762 0.6722
1 39926879 rs138874615 0.67772
1 39926924 rs111306241 0.087238
1 39927215 rs112836713 0.84688
1 39927320 rs147878481 0.78761
1 39927389 rs540039831 0.29889
1 39927507 rs783820 0.00011436
1 39927685 rs116271948 0.83321
1 39927914 rs560830562 0.9788399999999999
1 39927959 rs113480477 0.39913000000000004
1 39928082 rs112579533 0.74936
1 39928105 rs539500120 0.9474299999999999
1 39928131 rs113103117 0.39414
1 39928219 rs370183010 0.6338
1 39928400 rs112440026 0.39414
1 39928787 rs114564462 0.72229
1 39928984 rs7540050 2.4720999999999998e-09
1 39929091 rs61162809 0.65255
1 39929240 rs7554206 2.1745e-09
1 39929416 rs6687066 0.94499
1 39929565 rs144804826 0.6557
1 39929582 rs783819 0.061690999999999996
1 39929655 rs75474215 0.9648100000000001
1 39929717 rs116062904 0.5746399999999999
1 39929924 rs148557762 0.9746600000000001
1 39930286 rs560625123 0.53922
1 39931266 rs113213064 0.39414
1 39931490 rs60036614 0.66197
1 39931539 rs813652 0.51254
1 39931593 rs140515715 0.5202899999999999
1 39932117 rs115639649 0.44516000000000006
1 39932387 rs146972810 0.5149600000000001
1 39932427 rs17511836 0.36748000000000003
1 39932479 rs192232421 0.6159399999999999
1 39932954 rs533403745 0.47707
1 39932994 rs3954096 0.08218400000000001
1 39932999 rs368943806 0.9442299999999999
1 39933038 rs79420643 0.9496100000000001
1 39933837 rs186899754 0.45653
1 39933895 rs139069094 0.8270000000000001
1 39934140 rs12074534 0.16716
1 39934310 rs141731743 0.63603
1 39934465 rs113440244 0.90064
1 39934499 rs56272884 0.078058
1 39934697 rs145729083 0.3458
1 39934713 rs6698781 9.824299999999999e-05
1 39934776 rs6698791 2.3242e-09
1 39934929 rs111511423 0.39388
1 39935311 rs116743639 0.65501
1 39936284 rs79756748 0.53465
1 39936461 rs568475818 0.77362
1 39936567 rs74910738 0.36946
1 39936640 rs115897420 0.20749
1 39936879 rs143425486 0.52453
1 39937031 rs76030961 0.37106999999999996
1 39937061 rs112722268 0.00013268
1 39937305 rs12143150 0.9008
1 39937602 rs142429772 0.6584800000000001
1 39937696 rs10888788 2.471e-09
1 39938257 rs61779308 6.0711e-05
1 39938849 rs114263478 0.34215
1 39938948 rs76803104 0.00028581
1 39939054 rs35090433 0.7631600000000001
1 39939189 rs139388676 0.43328
1 39939222 rs145167468 0.78278
1 39939295 rs1775647 0.6019100000000001
1 39939701 rs2995514 9.9751e-05
1 39939832 rs184111517 0.39337
1 39940030 rs12057191 0.77052
1 39940223 rs4617393 1.3444999999999999e-09
1 39940289 rs114263982 0.024708
1 39940429 rs187793123 0.59302
1 39940430 rs151224948 0.035761
1 39940450 rs140367885 0.5121100000000001
1 39940499 rs61779309 6.5858e-05
1 39940524 rs150303522 0.79957
1 39940588 rs60295854 0.9655100000000001
1 39940796 rs114738478 0.36404000000000003
1 39940889 rs78035527 0.3109
1 39940971 rs191548210 0.48035
1 39941479 rs780334024 0.9245200000000001
1 39941508 rs116195355 0.0312
1 39941535 rs28659923 0.026313
1 39941572 rs58176508 0.2926
1 39941972 rs147484488 0.9907100000000001
1 39941997 rs12023494 0.004460100000000001
1 39942103 rs55855120 0.30958
1 39942218 rs543688192 0.09939400000000001
1 39942263 rs145552192 0.71641
1 39942297 rs61779310 0.0020773000000000002
1 39942361 rs12041333 0.010458
1 39942445 rs79914265 0.21143
1 39942922 rs140802403 0.7033699999999999
1 39943453 rs783827 0.00017856
1 39943791 rs783828 0.8136
1 39943972 rs191008659 0.48876000000000003
1 39944118 rs76595248 0.9965299999999999
1 39944180 rs6665948 8.872999999999999e-08
1 39944245 rs138263288 0.63512
1 39944249 rs61779313 0.0038835000000000002
1 39944391 rs783829 0.00016081
1 39944488 rs11206163 0.010259
1 39944768 rs722357 1.392e-07
1 39944919 rs116784299 0.8798
1 39945177 rs783830 0.1296
1 39945297 rs2275767 1.7319000000000003e-07
1 39945982 rs560737714 0.11338
1 39946317 rs184295942 0.57738
1 39947473 rs1626267 0.12423
1 39947478 rs180764983 0.41275
1 39947891 rs116389577 0.7521100000000001
1 39947892 rs72930227 0.8103899999999999
1 39948224 rs12138051 1.0164e-07
1 39948339 rs61779314 0.0057399999999999994
1 39948515 rs181964241 0.73457
1 39948531 rs551751215 0.7028399999999999
1 39948741 rs6691194 9.7647e-08
1 39948817 rs143188837 0.63858
1 39948846 rs114783680 0.99316
1 39949007 rs79537635 0.4075
1 39949254 rs72661994 0.88836
1 39949766 rs143450889 0.4116
1 39950080 rs1775654 0.00028285
1 39950377 rs72930231 0.97749
1 39951304 rs138819868 0.18918
1 39951510 rs190039408 0.30164
1 39951928 rs116861168 0.37814000000000003
1 39952501 rs573330834 0.66897
1 39952745 rs710915 0.016914
1 39952822 rs1569053 3.1963e-05
1 39952869 rs546745348 0.074897
1 39953130 rs710916 0.00014905
1 39953467 rs61779328 0.0069475
1 39954203 rs139904608 0.52425
1 39954601 rs698140 0.78764
1 39954716 rs710917 0.00015687
1 39954929 rs710918 0.0001538
1 39955120 rs146683146 0.34518000000000004
1 39955463 rs74069328 0.22405999999999998
1 39955620 rs186903263 0.26165
1 39955678 rs12044436 0.006109000000000001
1 39955714 rs710919 0.8345
1 39955901 rs2932640 0.0001494
1 39955921 rs540443669 0.95601
1 39956055 rs2932639 0.00014937
1 39956101 rs2995516 0.0009065
1 39956267 rs748451552 0.23179
1 39956561 rs193096793 0.9771200000000001
1 39956701 rs115956032 0.36441999999999997
1 39956817 rs79515500 0.30308
1 39957169 rs7533743 1.6452000000000002e-07
1 39957268 rs1907066 0.0099928
1 39957301 rs7555699 1.5882e-07
1 39957348 rs116072829 0.46817
1 39957367 rs141712311 0.35841999999999996
1 39957913 rs4660269 3.2046e-05
1 39957931 rs187639104 0.75544
1 39957979 rs76039610 0.94405
1 39958027 rs141888742 0.85321
1 39958080 rs10888798 1.2458e-07
1 39958330 rs141980788 0.076886
1 39958351 rs76058765 0.009063799999999999
1 39958470 rs28709301 3.0983000000000005e-05
1 39958706 rs146241979 0.27404
1 39958857 rs74069331 0.26976
1 39959084 rs139447242 0.66391
1 39959085 rs1809697 1.9066e-07
1 39959320 rs144215944 0.8290299999999999
1 39959491 rs902364 0.018716
1 39959813 rs187244061 0.26781
1 39959998 rs76945402 0.021525
1 39960200 rs7512240 1.4152000000000001e-05
1 39960536 rs783808 0.88169
1 39960731 rs533074549 0.097302
1 39960946 rs145335322 0.44443999999999995
1 39960951 rs80339610 0.0083362
1 39961628 rs569329684 0.9482299999999999
1 39961677 rs531711776 0.78656
1 39961750 rs186778841 0.5717399999999999
1 39962256 rs542992789 0.64595
1 39962317 rs183959712 0.46381999999999995
1 39962521 rs4660792 1.0051e-05
1 39962593 rs74645539 0.86798
1 39962888 rs191793104 0.44371000000000005
1 39963219 rs78950129 0.4496
1 39963375 rs111836030 0.317
1 39963546 rs74069341 0.22293000000000002
1 39963672 rs145737289 0.91911
1 39963873 rs2004330 0.00011201
1 39963900 rs116244066 0.36806
1 39963908 rs111232543 0.91899
1 39963910 rs1809695 1.041e-05
1 39964432 rs138198961 0.8162
1 39964748 rs72930250 0.17632
1 39965167 rs115287728 0.38328
1 39965170 rs74778290 0.0075324
1 39965363 rs111685967 0.56215
1 39965438 rs116555136 0.35073000000000004
1 39965534 rs112771385 0.89499
1 39965761 rs698141 0.00018428
1 39966518 rs564510985 0.41863999999999996
1 39966640 rs139427476 0.81893
1 39966718 rs6656934 8.989e-06
1 39967027 rs75431855 0.0028686
1 39967062 rs2087564 0.00046933
1 39967091 rs2377804 1.1951e-05
1 39967136 rs144369323 0.8494700000000001
1 39967223 rs61779330 0.0057804
1 39967280 rs72662001 0.0058886
1 39967376 rs56056509 0.73795
1 39967419 rs112934908 0.3202
1 39967592 rs192521486 0.9113600000000001
1 39967683 rs12402990 9.533300000000001e-08
1 39967774 rs116592542 0.18933
1 39967803 rs188230500 0.097622
1 39968469 rs139723473 0.3212
1 39968824 rs1539435 1.166e-05
1 39968842 rs12061015 0.92364
1 39969059 rs72663503 0.0076159999999999995
1 39969126 rs72663504 0.01571
1 39969333 rs748570359 0.86062
1 39969828 rs1775650 0.00047295
1 39970261 rs114362935 0.27824
1 39970378 rs113174017 0.11603
1 39970457 rs4660797 0.00060195
1 39970469 rs4660798 0.00059361
1 39970705 rs10888807 0.0091983
1 39970928 rs61779331 0.0063098
1 39971084 rs782867 0.00014706
1 39971904 rs113826490 0.30522
1 39971942 rs139485037 0.64854
1 39972313 rs114165426 0.09625299999999999
1 39972325 rs115181798 0.20484000000000002
1 39972346 rs112492964 0.29816
1 39972458 rs782868 0.7622800000000001
1 39972508 rs74069347 0.12120999999999998
1 39972749 rs17571870 0.8062199999999999
1 39972874 rs11206218 0.009182899999999999
1 39973058 rs552028712 0.85126
1 39973227 rs79702908 0.87905
1 39973646 rs782869 0.66005
1 39973689 rs782870 0.75838
1 39973739 rs181400116 0.50198
1 39973777 rs146564549 0.048576999999999995
1 39973795 rs572826350 0.61978
1 39973840 rs181532743 0.04371
1 39973906 rs148744097 0.46098999999999996
1 39974192 rs111446145 0.11852
1 39974482 rs140461726 0.14798
1 39974575 rs113884020 0.8669600000000001
1 39975026 rs114959869 0.1522
1 39975180 rs751808 0.20695999999999998
1 39975234 rs146984736 0.18162999999999999
1 39975241 rs941280 0.07911900000000001
1 39975259 rs575348031 0.22860999999999998
1 39975287 rs115684157 0.38135
1 39975334 rs79468292 0.4567
1 39975408 rs879037 1.0973e-06
1 39975480 rs58579331 0.97896
1 39975615 rs2002968 0.20356
1 39975635 rs141161694 0.15175
1 39975894 rs1180327 0.58512
1 39976363 rs2260479 0.39063000000000003
1 39976398 rs149793415 0.096838
1 39976566 rs12080113 0.015491999999999999
1 39976598 rs1687185 0.032971
1 39978444 rs558588224 0.20793000000000003
1 39979185 rs546421383 0.10395
1 39980430 rs147243360 0.77258
1 39980444 rs557640241 0.10098
1 39982437 rs138950509 0.93627
1 39982687 rs187927055 0.027592000000000002
1 39982789 rs140684921 0.39783
1 39983022 rs61779334 0.84098
1 39983307 rs1727100 0.038859
1 39983383 rs551549874 0.29048
1 39984439 rs783809 0.054751
1 39985938 rs866677810 0.14231
1 39986022 1:39986022_C_T 0.8124899999999999
1 39988040 rs148831881 0.09652100000000001
1 39988099 rs146607525 0.095249
1 39988257 rs187060155 0.50676
1 39988551 rs138132615 0.14114000000000002
1 39988708 rs2889739 0.78373
1 39988799 rs41270825 0.026227999999999998
1 39988967 rs41270827 0.041498
1 39989012 rs11584399 0.88013
1 39989020 rs185621478 0.9267700000000001
1 39989024 rs554848340 0.64077
1 39989186 rs710911 0.13329000000000002
1 39989197 rs710912 0.040469
1 39989327 rs1727098 4.3983999999999995e-07
1 39989536 rs147925217 0.20873000000000003
1 39989926 rs710913 0.0015597000000000002
1 39990293 rs783816 0.035908999999999996
1 39990456 rs61249850 0.0027068
1 39990458 rs79232468 0.094253
1 39990528 rs78305902 0.0026534
1 39990680 rs57174173 0.80114
1 39990780 rs72663507 0.033678
1 39990970 rs116184435 0.36794
1 39991131 rs1737730 0.8678600000000001
1 39991150 rs577410243 0.0068456
1 39991474 rs11583829 0.13322
1 39991483 rs2230007 0.7693300000000001
1 39991588 rs3738676 0.00074724
1 39992113 rs9988612 0.10211
1 39992412 rs144902183 0.14042000000000002
1 39992537 rs1180340 0.18962
1 39992808 rs1180341 4.7185000000000003e-07
1 39992878 rs1180342 1.0999000000000001e-07
1 39992884 rs140532110 0.97746
1 39992938 rs9438922 0.028337
1 39993150 rs191028673 0.78091
1 39993257 rs367667464 0.19389
1 39993335 rs562604878 0.75565
1 39993400 rs72932130 0.0025921
1 39993406 rs183223635 0.8689100000000001
1 39993432 rs1180343 4.2358000000000003e-05
1 39993695 rs149163174 0.79114
1 39993763 rs145074194 0.09995
1 39993803 rs6678449 0.59192
1 39994415 rs12031730 0.016380000000000002
1 39994490 rs941281 0.33315
1 39994521 rs12038951 0.014368
1 39994545 rs755247 6.2967e-07
1 39994546 rs1727104 0.30655
1 39994618 rs138801822 0.10031
1 39995032 rs755250 0.28213
1 39995074 rs755249 0.004036
1 39995083 rs12073469 0.54733
1 39995110 rs755248 0.0017771
1 39995243 rs116538608 0.75917
1 39995249 rs116355747 0.36225999999999997
1 39995490 rs140534660 0.17581
1 39995585 rs148275640 0.17444
1 39996118 rs13375754 0.39061
1 39996134 rs80073730 0.023962
1 39996694 rs72663513 0.2892
1 39996716 rs1180347 5.3381e-07
1 39996755 rs114750987 0.035337
1 39997592 rs188236608 0.95496
1 39997805 rs9438923 0.03028
1 39997998 rs9438924 0.039755
1 39998084 rs115898201 0.13619
1 39998416 rs142705159 0.095183
1 39998523 rs4660823 1.0029e-07
1 39998786 rs770178891 0.077001
1 39999572 rs115287937 0.014438
1 39999638 rs115833930 0.13455999999999999
1 40000076 rs76895024 0.94196
1 40000354 rs12141058 0.012184
1 40000499 rs116438551 0.1874
1 40000567 rs79610087 0.45871999999999996
1 40000992 rs77695988 0.094937
1 40001060 rs12035330 0.00024701
1 40001217 rs143667035 0.034112
1 40001247 rs11206276 0.018793999999999998
1 40001265 rs12038624 0.017165
1 40001276 rs1180348 2.544e-06
1 40001280 rs148900509 0.089643
1 40001351 rs557580645 0.13383
1 40001371 rs12134518 0.2979
1 40001373 rs191945680 0.014901
1 40001378 rs12036254 0.00098247
1 40001379 rs12035422 0.021091
1 40001434 rs139059881 0.23118000000000002
1 40001464 rs534311223 0.31411999999999995
1 40001489 rs140111884 0.036133
1 40001813 rs12410202 0.61223
1 40001916 rs76000762 0.014558000000000001
1 40001919 rs143809409 0.53177
1 40002148 rs146803372 0.99851
1 40002163 rs139617053 0.051327
1 40002204 rs144337127 0.13147999999999999
1 40002274 rs373946101 0.41473999999999994
1 40002314 rs113245512 0.042238
1 40002526 rs11806119 0.1905
1 40002741 rs72663519 0.026394
1 40002943 rs145106168 0.13108
1 40003410 rs72663520 0.0084444
1 40003499 1:40003499_G_A 0.51894
1 40003880 rs142125131 0.09554800000000001
1 40004142 rs66480008 2.9073e-05
1 40004153 rs189280209 0.1217
1 40004434 rs138871179 0.93994
1 40004627 rs114047195 0.9203
1 40005134 rs13376177 2.4319000000000002e-05
1 40005167 rs76010526 0.077809
1 40005206 rs372668021 0.31239
1 40005282 rs141638437 0.5939399999999999
1 40005451 rs115728724 0.33848
1 40005903 rs72663521 0.0051752
1 40006052 rs1180349 3.5131e-07
1 40006100 rs61479480 0.0019262999999999997
1 40006318 rs573729284 0.06384400000000001
1 40006879 rs7511929 0.10198
1 40007013 rs1180350 0.094618
1 40007065 rs555711684 0.4186
1 40007066 rs575635991 0.4186
1 40007075 rs115180447 0.64956
1 40007277 rs1180351 3.7486999999999997e-07
1 40007829 rs1180352 3.8299e-07
1 40007918 rs1180353 0.27073
1 40008337 rs1180354 0.052936000000000004
1 40008546 rs568403278 0.28291
1 40008834 rs80332791 0.40202
1 40008845 rs141358332 0.9955700000000001
1 40008868 rs113638422 0.079283
1 40009047 rs137987630 0.35786
1 40009234 rs556254114 0.2621
1 40009253 rs72932148 0.40638
1 40009672 rs146401293 0.17795999999999998
1 40009829 rs1180329 4.1986999999999996e-07
1 40010196 rs113520819 0.060609
1 40010235 rs61779359 0.0085323
1 40010298 rs139905080 0.36848000000000003
1 40010374 rs144490098 0.34763
1 40010884 rs11206290 0.92695
1 40011045 rs190363206 0.42318
1 40011160 rs11586135 0.8427100000000001
1 40011197 rs112838746 0.38739
1 40011582 rs12023084 3.2938e-05
1 40011645 rs1180330 0.79797
1 40011690 rs41270829 0.0053387
1 40011814 rs11206291 0.87556
1 40011909 rs114948653 0.44997
1 40011976 rs41270831 0.84298
1 40012083 rs115597126 0.09793099999999999
1 40012184 rs1180331 7.7878e-05
1 40012230 rs61781362 0.008614299999999998
1 40012433 rs61781363 0.0084601
1 40012535 rs4660281 0.8455299999999999
1 40012565 rs140246452 0.81184
1 40012614 rs113221680 0.77294
1 40012836 rs12239893 0.23944000000000001
1 40012882 rs1185303 0.030673000000000002
1 40012975 rs74069358 0.2426
1 40013483 rs12024327 0.005052
1 40014251 rs147489900 0.40101
1 40014265 rs111411545 0.40702
1 40014365 rs74069359 0.065955
1 40014911 rs147419020 0.21700999999999998
1 40015000 rs72932153 0.40826999999999997
1 40015023 rs9438925 0.023089
1 40015085 rs139198654 0.10146000000000001
1 40015246 rs11206296 0.9228799999999999
1 40015741 rs183308969 0.014083000000000002
1 40015800 rs72932154 0.24589
1 40015841 rs16826323 0.56202
1 40016403 rs75803520 0.095175
1 40016791 rs145243357 0.095526
1 40016906 rs150943165 0.026213999999999998
1 40016995 rs1180332 0.81417
1 40017587 rs187443442 0.61898
1 40017653 rs534423702 0.43628
1 40017941 rs147051731 0.1954
1 40018422 rs111548103 0.00086049
1 40018509 rs4660808 0.0086999
1 40019358 rs11577989 0.91832
1 40019538 rs114741713 0.95288
1 40019591 rs61781364 0.0085063
1 40019947 rs143381829 0.18604
1 40020020 rs79473113 0.55994
1 40020062 rs77859963 0.89374
1 40020184 rs6672906 0.11754
1 40020504 rs1180333 0.011917
1 40020983 rs796273839 0.57799
1 40021070 rs376477300 0.91056
1 40021155 rs11206314 0.92694
1 40021327 rs116780265 0.10323
1 40021391 rs149039427 0.36707
1 40021416 rs111452793 0.01348
1 40021492 rs151329260 0.39801
1 40021644 rs1180334 3.7503e-07
1 40021695 rs74667932 0.29464
1 40021913 rs141702511 0.326
1 40022025 rs550380399 0.43068
1 40022123 rs1180335 0.77704
1 40022131 rs181901530 0.09554800000000001
1 40022297 rs191319419 0.37816
1 40022460 rs10158251 0.9205399999999999
1 40022482 rs76207570 0.0078972
1 40022777 rs17264866 0.008272499999999999
1 40023047 rs72637908 0.00025522
1 40023142 rs185158828 0.92694
1 40023168 rs556045737 0.80911
1 40023356 rs72663529 1.0965999999999999e-07
1 40023511 rs183268440 0.45369
1 40024410 rs543428883 0.1105
1 40024429 rs116183293 0.8791899999999999
1 40024430 rs114038853 0.88071
1 40024474 rs114256629 0.09554800000000001
1 40024478 rs76203489 0.91725
1 40024551 rs183587051 0.43104
1 40024608 rs188186234 0.7776
1 40024609 rs192752560 0.7776
1 40024709 rs116155720 0.27023
1 40025080 rs6695405 0.11492000000000001
1 40025594 rs35360106 0.9480799999999999
1 40025720 rs79174067 0.004382199999999999
1 40025973 rs9439004 0.10525
1 40026043 rs3768319 0.0040701
1 40026330 rs74482744 0.20604
1 40026851 rs17512855 0.9991700000000001
1 40026925 rs149668225 0.10300999999999999
1 40027094 rs61781366 0.8599899999999999
1 40027163 rs141851039 0.52136
1 40027361 rs200646087 0.47935
1 40027464 rs12755743 0.058676
1 40027905 rs182344251 0.41578000000000004
1 40028180 rs4660293 0.016161000000000002
1 40028256 rs192063116 0.92694
1 40028607 rs114549222 0.44225
1 40028649 rs76196928 0.10265
1 40028884 rs148326668 0.59318
1 40029088 rs150401755 0.13432
1 40029153 rs752345339 0.72473
1 40029679 rs116239106 0.46715
1 40029742 rs12097285 0.9812200000000001
1 40030048 rs72663531 0.51908
1 40030823 rs12127094 0.9505
1 40031280 rs191390310 0.92694
1 40031283 rs35270389 0.054637
1 40031361 rs747219756 0.2838
1 40031918 rs115392425 0.3216
1 40032055 rs116318205 0.51808
1 40032239 rs3768320 0.011712
1 40032335 rs17572321 0.9571
1 40032442 rs12117267 0.93137
1 40032497 rs115000761 0.7387100000000001
1 40032719 rs72663534 0.010077
1 40032832 rs78260708 0.0033269
1 40033370 rs146539230 0.42046999999999995
1 40033651 rs11206343 0.0046306
1 40033905 rs58302493 0.007635800000000001
1 40034110 rs79749614 0.0041689
1 40034337 rs145518902 0.32263000000000003
1 40035182 rs9438926 0.025742
1 40035686 rs17513135 0.0090005
1 40035751 rs575424657 0.07426
1 40035790 rs561331783 0.66479
1 40035928 rs3768321 0.014449000000000002
1 40036091 rs72932164 0.39056
1 40036160 rs185558505 0.035946
1 40036669 rs11577939 0.53913
1 40036847 rs2293476 0.0088364
1 40036944 rs61743745 0.023903999999999998
1 40037206 rs17572434 0.92551
1 40037354 rs41264487 0.0049507
1 40037701 rs56803412 0.19077
1 40037726 rs77027633 0.53772
1 40037881 rs150001027 0.11939000000000001
1 40037902 rs2242500 3.1967e-07
1 40038324 rs114752651 0.35007
1 40038403 rs146800557 0.60545
1 40038451 rs149108457 0.3651
1 40038468 rs114015927 0.84464
1 40038532 rs115782475 0.35007
1 40038571 rs2068663 0.0083044
1 40038597 rs2068473 4.2446999999999994e-07
1 40038682 rs115143516 0.79399
1 40038740 rs146946016 0.9860899999999999
1 40038863 rs115143496 0.002604
1 40038936 rs16826349 3.1942e-07
1 40039006 rs143571897 0.9772700000000001
1 40039030 rs12130013 0.9542799999999999
1 40039611 rs16826350 0.036758
1 40039707 rs12028034 3.5954e-07
1 40039842 rs79536790 0.34506
1 40040495 rs549559767 0.10228999999999999
1 40040635 rs6680838 0.78296
1 40040949 rs116412485 0.9256700000000001
1 40040968 rs146137215 0.7669699999999999
1 40041044 rs72929551 0.40503
1 40041108 rs116807179 0.10288
1 40041274 rs143736578 0.1025
1 40041714 rs11557732 0.0024296
1 40041757 rs111447240 0.9892700000000001
1 40042471 rs542177472 0.31163
1 40042797 rs111603084 0.0022370999999999997
1 40043021 rs76741523 0.0050571
1 40043560 rs191500845 0.18195999999999998
1 40043752 rs61781368 0.0023787
1 40043772 rs12064914 0.004876600000000001
1 40043909 rs115388413 0.3838
1 40044457 rs114559287 0.037097000000000005
1 40044713 rs7520271 0.0073188
1 40044821 rs55888719 0.01042
1 40044892 rs112191305 0.0022084
1 40044919 rs150892488 0.5304300000000001
1 40045300 rs61781370 0.0037575000000000004
1 40045375 rs185928742 0.62297
1 40045433 rs138326659 0.0049103
1 40045507 rs182168778 0.073818
1 40045786 rs140145603 0.41728000000000004
1 40045888 rs143669132 0.089666
1 40046023 rs12723873 0.10780999999999999
1 40046051 rs12026301 0.040806
1 40046055 rs12036136 0.005993
1 40046086 rs191548516 0.39584
1 40046093 rs111768751 0.0036998000000000005
1 40046240 rs112202433 0.41625
1 40046897 rs12037073 0.0059097
1 40046980 rs543168712 0.7196199999999999
1 40046995 rs67563067 1.9835e-07
1 40047223 rs12026621 0.80255
1 40047278 rs12029881 0.003563
1 40047439 rs147991054 0.33273
1 40047535 rs534137387 0.88218
1 40047765 rs187950592 0.19652999999999998
1 40047777 rs4660296 0.80653
1 40047798 rs4660844 0.029091000000000002
1 40047907 rs4660297 0.80706
1 40047953 rs187895420 0.46511
1 40047960 rs142150743 0.79766
1 40048009 rs11206374 0.0040253
1 40048215 rs573523227 0.20854
1 40048235 rs149598563 0.69587
1 40048486 rs140740530 0.094452
1 40048541 rs145280995 0.094652
1 40049104 rs11206377 2.1478999999999998e-07
1 40049184 rs11206378 0.00030852
1 40049191 rs12039085 0.0057448
1 40049320 rs12127382 0.91391
1 40049511 rs4660846 0.0076576000000000005
1 40049569 rs77370010 0.34995
1 40050068 rs112009429 0.36618
1 40050087 rs571188253 0.52659
1 40050503 rs7539261 0.007112899999999999
1 40050559 rs76789550 0.4744
1 40050568 rs7539279 0.0071404
1 40051616 rs2243761 2.5705e-07
1 40052108 rs61781371 0.0042986000000000005
1 40052809 rs9729677 0.007298300000000001
1 40052821 rs116185381 0.61279
1 40052945 rs141880497 0.0052525
1 40052966 rs11206386 2.5051e-07
1 40052998 rs11206387 0.007309899999999999
1 40053022 rs574213292 0.0028289
1 40053093 rs61781373 0.0032255
1 40053641 rs2695324 0.0052615000000000006
1 40053753 rs188685857 0.19652999999999998
1 40054440 rs142546548 0.42700000000000005
1 40054499 rs11206390 0.0044146
1 40054661 rs140750417 0.0041903
1 40055103 rs140707422 0.26494
1 40055180 rs114963592 0.74306
1 40055224 rs9439005 0.61147
1 40055469 rs10158620 0.027824
1 40055568 rs76518357 0.17262
1 40055618 rs111956469 0.023903
1 40055654 rs149195354 0.74052
1 40055892 rs12125666 0.51885
1 40056115 rs12040726 0.0061729
1 40056322 rs115723107 0.42433999999999994
1 40056535 rs115579129 0.8326399999999999
1 40056695 rs74402108 0.90389
1 40056700 rs2695319 0.0052089
1 40057015 rs115837266 0.42527
1 40057053 rs188947660 0.79684
1 40057409 rs9438927 0.030039
1 40057529 rs146013011 0.047492
1 40057531 rs139860112 0.43076000000000003
1 40057543 rs113825410 0.0038923
1 40057567 rs146658233 0.031756
1 40057758 rs115237786 0.094179
1 40058170 rs368463874 0.13008
1 40059053 rs61781375 0.61893
1 40059778 rs2746056 0.00010076
1 40059999 rs550417667 0.49627
1 40060025 rs76841360 0.0044985
1 40060361 rs12091154 0.0268
1 40060473 rs4660303 0.0042450000000000005
1 40060513 rs9439006 0.018723
1 40060755 rs192592431 0.29141
1 40060941 rs138993441 0.27131
1 40061069 rs61781376 0.60926
1 40061518 rs116010469 0.46776
1 40062211 rs72663550 0.05379199999999999
1 40062684 rs116356626 0.10039
1 40063056 rs141016724 0.12485999999999998
1 40063213 rs2695327 0.49985
1 40063480 rs115735507 0.44735
1 40063646 rs138738764 0.12468
1 40064017 rs554646240 0.10074
1 40064166 rs113311753 0.8199299999999999
1 40064273 rs9438929 0.020242
1 40064467 rs534530186 0.10995
1 40064661 rs2746050 1.7771000000000002e-07
1 40064766 rs6685178 0.0015186
1 40064801 rs72929592 0.81504
1 40064961 rs12037222 0.0052979
1 40065109 rs78919219 0.18225999999999998
1 40065334 rs78653183 0.24736999999999998
1 40065616 rs74504886 0.0034996000000000003
1 40066049 rs188167653 0.0053882
1 40066050 rs192743169 0.0053896000000000005
1 40066179 rs145373128 0.45002
1 40066251 rs184886004 0.16819
1 40066276 rs6704004 0.64239
1 40066286 rs6704064 0.60125
1 40066528 rs181537058 0.28907
1 40066622 rs2310799 1.4963e-07
1 40066979 rs140526532 0.046487
1 40067911 rs6695630 0.059660000000000005
1 40068051 rs116438037 0.3537
1 40068091 rs190991402 0.71585
1 40068125 rs183547127 0.078901
1 40068143 rs555151383 0.70057
1 40068357 rs191253262 0.67033
1 40068975 rs71642690 0.69347
1 40069056 rs142700834 0.18047
1 40069206 rs183901687 0.0065595
1 40069285 rs2746052 0.15930999999999998
1 40069357 rs187785169 0.8863
1 40069368 rs71642691 0.09939400000000001
1 40069449 rs139902435 0.36305
1 40069562 rs145765908 0.006128499999999999
1 40069739 rs114375161 0.0062151
1 40069939 rs3916164 1.7054e-05
1 40069970 rs3845576 0.5302
1 40070005 rs112841339 0.055714
1 40070189 rs80119731 0.35423000000000004
1 40070198 rs77206185 0.006250899999999999
1 40070221 rs551165354 0.19565
1 40070508 rs140460074 0.9082100000000001
1 40070539 rs71642692 0.7036
1 40070593 rs115546832 0.53063
1 40070788 rs6672296 1.4072e-07
1 40071244 rs551949664 0.35336999999999996
1 40071249 rs2695326 1.4055e-07
1 40071747 rs34352137 0.61363
1 40073011 rs113879410 1.3639000000000001e-05
1 40073172 rs183808824 0.14767
1 40073479 rs12061406 0.0043928000000000005
1 40073629 rs2695325 1.0312000000000001e-07
1 40074000 rs115059985 0.6180399999999999
1 40074312 rs189214102 0.18722
1 40074446 rs560478900 0.90464
1 40074650 rs12041645 0.011284
1 40074653 rs114530367 0.65447
1 40074839 rs141234604 0.7955899999999999
1 40075213 rs115338773 0.6207600000000001
1 40075367 rs11206430 2.6594999999999997e-07
1 40075458 rs61781377 0.0039678000000000005
1 40075647 rs75775619 0.011271
1 40075873 rs72931403 0.9912200000000001
1 40075894 rs61781390 0.0034621
1 40076110 rs12021965 0.010962999999999999
1 40076128 rs543632795 0.80452
1 40076273 rs12136381 0.092041
1 40076286 rs146962367 0.19563
1 40076321 rs12042823 0.010959
1 40076517 rs34072477 0.022580000000000003
1 40076694 rs530808499 0.43877
1 40076728 rs72931405 0.50679
1 40076769 rs116352416 0.0041181
1 40076780 rs28788506 2.3873e-07
1 40076842 rs28876728 0.53915
1 40077118 rs558451022 0.9030299999999999
1 40077306 rs6686218 0.48048
1 40077380 rs56201051 0.7988
1 40077497 rs377174232 0.12372000000000001
1 40077537 rs61781391 0.0035018999999999996
1 40077580 rs6678086 0.8240700000000001
1 40077941 rs114743933 0.0040894
1 40077949 rs115077616 0.004089
1 40078000 rs142272661 0.011696999999999999
1 40078167 rs11206434 0.00011952
1 40078396 rs114113306 0.0041804
1 40078447 rs11206436 0.00011488
1 40078610 rs190085209 0.3966
1 40078711 rs11206437 1.2912e-07
1 40078915 rs11206442 0.00012362
1 40078971 rs11206444 0.00012373
1 40079001 rs79973252 0.5302899999999999
1 40079114 rs4660311 2.598e-07
1 40079196 rs11206445 0.0043449
1 40079246 rs4660877 0.00016726
1 40079252 rs11206446 0.00012046
1 40079259 rs115269957 0.0043231
1 40079462 rs3088326 0.00013221
1 40079718 rs74631602 0.0042369999999999994
1 40080363 rs780692813 0.09990399999999999
1 40080810 rs72663558 0.049493
1 40080885 rs79231553 0.20558
1 40081463 rs1180321 6.059e-08
1 40081862 rs114148057 0.61628
1 40082002 rs1180320 1.0062000000000001e-07
1 40082148 rs144668183 0.080256
1 40082391 rs74746757 0.12927
1 40083107 rs116061985 0.0032738
1 40083476 rs17559902 0.48396000000000006
1 40083641 rs61781392 0.0034641999999999997
1 40083666 rs12567371 9.4693e-05
1 40083776 rs6689044 0.22593000000000002
1 40083819 rs6600293 0.96139
1 40083872 rs78275761 0.09360700000000001
1 40083971 rs11206458 0.0030218000000000003
1 40084003 rs181733182 0.26415
1 40084214 rs116214594 0.099615
1 40084488 rs12045644 7.9397e-05
1 40084603 rs6683949 0.32001
1 40084751 rs539208725 0.11108
1 40084843 rs760541107 0.23969000000000001
1 40084884 rs10888883 0.011418000000000001
1 40084900 rs10888884 0.011178
1 40085072 rs145442534 0.73728
1 40085084 rs77189247 0.0029123
1 40085095 rs10888885 0.010506999999999999
1 40085583 rs145852647 0.82042
1 40085885 rs79695477 7.9492e-05
1 40086292 rs6690413 1.4778e-07
1 40086357 rs61232586 0.0050309
1 40086897 rs72663564 0.76978
1 40087011 rs115391210 0.64977
1 40087162 rs79355481 0.8631200000000001
1 40087244 rs532664808 0.36333000000000004
1 40087260 rs115892709 0.020026
1 40087337 rs141451843 0.40936999999999996
1 40087764 rs61781393 0.0043733999999999995
1 40087904 rs112751018 0.070256
1 40087973 rs79178056 0.0083701
1 40088028 rs74067612 0.8749600000000001
1 40088043 rs17343290 0.0045585
1 40088110 rs145315077 0.1882
1 40088512 rs16826393 0.0027363
1 40088533 rs115333706 0.14134000000000002
1 40088630 rs77962326 0.010976
1 40088816 rs12029569 0.008717
1 40088817 rs75189707 0.77035
1 40089155 rs189693750 0.065541
1 40089370 rs12022423 0.010297
1 40089408 rs114297514 0.45548
1 40089425 rs116401702 0.25144
1 40089595 rs12030495 2.4946999999999997e-07
1 40089945 rs6587 1.0514000000000001e-07
1 40089992 rs41264491 0.93866
1 40089999 rs41264493 0.31322
1 40090043 rs41264495 0.030983999999999998
1 40090422 rs41264497 0.0008619999999999999
1 40090776 rs530089320 0.20635
1 40090805 rs41264499 0.0034036
1 40091119 rs11206478 0.82219
1 40091993 rs188142662 0.26459
1 40092227 rs139544750 0.26419000000000004
1 40092550 rs115068989 0.32016999999999995
1 40092554 rs115716116 0.32016999999999995
1 40092671 rs41264503 0.8297899999999999
1 40092933 rs78875161 0.16398
1 40093182 rs190242678 0.22846
1 40093305 rs76976925 0.01778
1 40093331 rs72663567 0.064419
1 40093903 rs12045194 0.83254
1 40093954 rs576820114 0.040733
1 40094689 rs1180317 0.053872
1 40094735 rs72663569 0.13649
1 40094811 rs16826403 0.85069
1 40095230 rs11206501 0.87484
1 40095299 rs755496599 0.096217
1 40095493 rs6694831 0.011793000000000001
1 40095534 rs72663570 0.22530999999999998
1 40095608 rs72931416 0.83639
1 40095633 rs58585609 0.9072899999999999
1 40096053 rs1148945 0.58511
1 40096403 rs10888893 0.91969
