CHR BP SNP P
11 58086327 rs188449550 0.63293
11 58086481 rs114380760 0.055310000000000005
11 58086755 rs2000486 6.8488e-05
11 58086952 rs78321616 0.40042
11 58087364 rs17152630 0.073626
11 58087678 rs117028148 0.92917
11 58087811 rs7944257 0.0071712
11 58087927 rs118162854 0.60206
11 58088173 rs78401612 0.83444
11 58088409 rs12272726 0.066228
11 58088500 rs12293134 0.046771
11 58088733 rs12272891 0.063965
11 58088865 rs12273004 0.10518
11 58089147 rs138806303 0.47928999999999994
11 58089566 rs531299726 0.29918
11 58089851 rs150851903 0.32082
11 58089872 rs10736689 0.006881100000000001
11 58090384 rs3887001 0.00010903
11 58090511 rs570603961 0.0051164999999999995
11 58090614 rs11229362 0.75836
11 58090761 rs55824169 1.1535e-14
11 58090869 rs7948107 0.0067878
11 58090891 rs190870008 0.77117
11 58091036 rs7113224 1.1270999999999999e-14
11 58091244 rs6591469 8.8867e-05
11 58091508 rs12291951 0.047073000000000004
11 58091514 rs7117078 1.4126e-14
11 58091546 rs10896752 0.006428699999999999
11 58092382 rs74395684 0.9485299999999999
11 58092541 rs12274230 0.047007
11 58092574 rs142037718 0.3218
11 58092800 rs12275822 0.032507
11 58092900 rs151175655 0.47673000000000004
11 58093039 rs140160834 0.0010494999999999999
11 58093304 11:58093304_A_G 0.27488
11 58093488 rs554415288 0.25236
11 58093566 rs144889230 0.07556900000000001
11 58093590 rs138727714 0.10222
11 58093666 rs10792163 0.007096300000000001
11 58093878 rs73484122 0.51234
11 58093890 rs76915398 0.39833
11 58093903 rs7110266 0.00011182
11 58094101 rs7947483 0.7097100000000001
11 58094478 rs60523906 0.047073000000000004
11 58094602 rs115679283 0.8310299999999999
11 58094618 rs115683414 0.047537
11 58094705 rs11229365 6.9133e-05
11 58094763 rs117202644 0.0086397
11 58094990 rs74405959 0.3631
11 58095004 rs4938893 0.033935
11 58095155 rs754711588 0.011549
11 58095571 rs6591470 0.0064786
11 58095657 rs115114175 0.84195
11 58095732 rs79984721 1.1541e-14
11 58095751 rs4611224 9.7684e-05
11 58095923 rs79362667 1.2340000000000001e-14
11 58096001 rs571120504 0.57931
11 58096048 rs11229366 9.8891e-05
11 58096094 rs116724215 0.83444
11 58096165 rs78057281 1.2366e-14
11 58096362 rs12281618 0.08566599999999999
11 58096768 rs12287850 0.065227
11 58096778 rs1938647 7.521100000000001e-05
11 58096856 rs1938646 0.00010326
11 58096916 rs775707714 0.91576
11 58097012 rs1938645 0.038556
11 58097016 rs61903072 0.0026763000000000004
11 58097783 rs114473982 0.80767
11 58098157 rs11229367 0.0065547
11 58098190 rs75188923 1.2601000000000001e-14
11 58098243 rs78454794 0.8307200000000001
11 58098527 rs7113462 1.2575e-14
11 58098590 rs11524455 0.56472
11 58099288 rs183632660 0.8397899999999999
11 58099478 rs4127350 0.006663600000000001
11 58099674 rs114877434 0.171
11 58099695 rs77004045 0.6996899999999999
11 58100217 rs73484129 0.5475
11 58100281 rs7930769 0.80471
11 58100459 rs112563763 0.49272
11 58100612 rs12280751 0.047476
11 58100994 rs2186408 0.007408499999999999
11 58101331 rs61205173 1.2745e-14
11 58101526 rs57922517 0.43718999999999997
11 58101528 rs74699994 0.031835
11 58101882 rs78776290 0.42233999999999994
11 58101886 rs58487339 6.8931e-15
11 58102065 rs4127349 0.75355
11 58102226 rs78052188 1.2789e-14
11 58102472 rs4127348 7.8195e-05
11 58102620 rs7117244 0.00010784
11 58102897 rs12808042 0.00010154
11 58102991 rs191396984 0.27342
11 58103158 rs73484137 0.54492
11 58103173 rs182723521 0.39352
11 58103663 rs10792164 0.007417399999999999
11 58103667 rs4544018 8.821700000000001e-05
11 58103672 rs4439530 0.0001226
11 58103679 rs114273261 0.061052999999999996
11 58103765 rs142682975 0.46235
11 58104103 rs75609697 0.8307200000000001
11 58104231 rs74794726 1.2784000000000001e-14
11 58104250 rs150999438 0.047476
11 58104302 rs115183190 0.39905
11 58104574 rs10792165 7.241e-05
11 58104705 rs12280084 0.02428
11 58104789 rs58125597 0.3907
11 58104932 rs111952797 0.97567
11 58104939 11:58104939_C_T 0.75951
11 58105054 rs10896754 0.035843
11 58105191 rs73484144 0.45196000000000003
11 58105200 rs78824753 1.2786e-14
11 58105301 rs77390944 1.2768000000000001e-14
11 58105376 rs184591029 0.34142
11 58105692 rs117504081 0.77432
11 58105910 rs114672273 0.7205
11 58106142 rs117899648 0.41275
11 58106233 rs12269911 0.028002999999999997
11 58106365 rs7926604 1.2728e-14
11 58106554 rs117176273 0.84075
11 58106785 rs113536966 0.47085
11 58106806 rs55998491 1.2734e-14
11 58106828 rs76960102 0.036701
11 58106943 rs115729942 0.7459399999999999
11 58106978 rs191412079 0.18587
11 58106987 rs10896755 9.5578e-05
11 58107207 rs7930410 1.2711e-14
11 58107310 rs149918773 0.15599000000000002
11 58107414 rs182149254 0.038892
11 58107583 rs116913666 0.11575999999999999
11 58107790 rs11229368 0.007309899999999999
11 58107841 rs147871388 0.9178299999999999
11 58108512 rs11229369 0.80453
11 58108752 rs4127351 0.0066059
11 58108811 rs114417022 0.81357
11 58109372 rs4561231 0.00013884
11 58110058 rs11229370 0.04815
11 58110302 rs759148881 0.23069
11 58110578 rs7112250 0.0073801000000000005
11 58110632 rs754679 0.06843300000000001
11 58110656 rs754680 0.072023
11 58110660 rs754681 0.00012779
11 58111083 rs12295700 0.9693200000000001
11 58111109 rs734777 0.40731
11 58111114 rs734776 8.4326e-05
11 58111120 rs115455778 0.8124100000000001
11 58111308 rs746248 0.0073535
11 58111411 rs12283108 0.048012
11 58111513 rs1938648 0.007222800000000001
11 58111700 rs11229371 0.35727
11 58111740 rs144630866 0.77313
11 58112130 rs1938649 1.1808e-05
11 58112357 rs1938650 0.006926399999999999
11 58112520 rs562732516 0.59217
11 58112823 rs61229003 1.3441999999999999e-14
11 58112934 rs117264289 0.5595600000000001
11 58112951 rs1938651 0.00012769
11 58113052 rs75786512 0.8314
11 58113166 rs56167200 1.2944e-14
11 58113212 rs1938652 0.00012783
11 58113371 rs77589183 0.13917000000000002
11 58113372 rs10896756 0.0077351
11 58113454 rs10896757 0.00012828
11 58113539 rs17472536 0.76145
11 58113572 rs10501369 0.0077211
11 58113695 rs73484161 0.51103
11 58113741 rs10896758 0.045187
11 58113795 rs10501368 0.0070286
11 58113936 rs10896759 8.77e-06
11 58114004 rs114033324 0.049664
11 58114410 rs12295472 0.049462
11 58114417 rs12270512 0.049462
11 58114430 rs76382974 0.13917000000000002
11 58114715 rs60200286 0.42589
11 58114857 rs12270745 0.050022000000000004
11 58114861 rs79488016 0.13917000000000002
11 58114984 rs4261301 0.025064
11 58115116 rs11229372 0.0076695999999999995
11 58115252 rs73484167 0.61555
11 58115398 rs2186407 0.00010318
11 58115644 rs7342155 0.41925
11 58115749 rs2186406 9.375e-06
11 58115921 rs12272647 0.07431
11 58116167 rs190446612 0.08756900000000001
11 58116532 rs1938637 9.4102e-05
11 58116570 rs73484175 0.61132
11 58116780 rs140246643 0.8263799999999999
11 58116832 rs79894420 0.43067
11 58117242 rs4085405 0.00010293
11 58117507 rs57475539 1.2658e-14
11 58117689 rs73484178 0.61773
11 58118288 rs73484181 0.6116199999999999
11 58118346 rs4323891 9.7565e-05
11 58118491 rs4274211 9.7225e-05
11 58118584 rs4267091 8.1689e-05
11 58118614 rs4363620 0.0077884
11 58118686 rs185808282 0.070326
11 58119211 rs372432574 0.050344
11 58119890 rs12288397 0.098432
11 58120104 rs10750897 0.00010341
11 58120322 rs7121519 9.350200000000001e-05
11 58120498 rs4938894 8.9355e-05
11 58120617 rs773857477 0.61593
11 58121027 rs187191942 0.7468
11 58121064 rs4488213 9.408100000000001e-05
11 58121295 rs118000891 0.8528399999999999
11 58121355 rs10896760 9.7595e-05
11 58121545 rs75189586 0.33462
11 58121643 rs116107210 0.73998
11 58121869 rs10750898 0.00011334
11 58121878 rs577425430 0.21253000000000002
11 58121897 rs776094033 0.03807
11 58122235 rs73484194 0.62415
11 58122368 rs139698942 0.14927
11 58122692 rs564807810 0.82919
11 58122849 rs117523675 0.58077
11 58122988 rs117047298 6.9241e-08
11 58123105 rs117424873 0.51494
11 58123152 rs7926741 0.00010329999999999999
11 58123471 rs11229376 0.0079939
11 58123610 rs113948539 0.65004
11 58123618 rs10896761 9.873899999999999e-05
11 58124155 rs73484201 0.61803
11 58124279 rs138221475 0.20626
11 58124516 rs567785018 0.50776
11 58124647 rs117785609 0.15932000000000002
11 58124772 rs149535337 0.61125
11 58125005 rs12361133 0.41428999999999994
11 58125033 rs148719921 0.77313
11 58125300 rs141390758 0.16938
11 58125308 rs80291539 0.06816799999999999
11 58125316 rs1938669 0.0078274
11 58125533 rs74593998 0.79406
11 58125620 rs4127353 9.384700000000001e-05
11 58125774 rs55810057 1.8243e-14
11 58125812 rs61741322 0.050344
11 58125865 rs61744476 0.30746999999999997
11 58126184 rs148767003 0.8919100000000001
11 58126305 rs4939208 6.5361e-05
11 58126493 rs61741317 0.49254
11 58126770 rs77499815 0.098797
11 58126827 rs3898390 9.342e-05
11 58127643 rs1938670 9.3045e-05
11 58127646 rs79413901 0.63255
11 58127779 rs1938671 0.00011807
11 58127847 rs17152649 0.15379
11 58128015 rs7483027 0.00013178
11 58128326 rs12293908 0.050549000000000004
11 58128490 rs114665057 0.050549000000000004
11 58128638 rs73485904 0.5949399999999999
11 58129053 rs1938672 0.00013221
11 58129168 rs4529896 0.00010874
11 58130018 rs12275740 0.049579000000000005
11 58130048 rs7121641 0.048942
11 58130628 rs117397661 0.0049556
11 58130657 rs112149656 0.9959899999999999
11 58130704 rs75942821 0.45828
11 58130709 rs558012865 0.17934
11 58131229 rs58356272 0.4627
11 58131276 rs557321087 0.047617
11 58131343 rs7483265 9.346e-05
11 58131411 rs4366504 8.517e-05
11 58131590 rs540786193 0.78123
11 58131670 rs7116256 0.0078197
11 58131791 rs12273458 0.00010549999999999999
11 58131795 rs12272035 0.049569999999999996
11 58131804 rs12291639 0.00010689
11 58131817 rs11229378 0.78095
11 58131863 rs11229379 0.0001002
11 58131933 rs77183714 0.8071699999999999
11 58131994 rs12273459 0.06354299999999999
11 58132157 rs79436218 0.21402
11 58132698 rs12418777 0.00011446
11 58132761 rs115057941 0.21402
11 58132783 rs12275293 0.049207
11 58132996 rs12294907 0.049214999999999995
11 58133330 rs144230460 0.78123
11 58133369 rs79395340 6.377399999999999e-15
11 58133738 rs11601791 8.641700000000001e-05
11 58133836 rs78475174 0.049408
11 58134083 rs145140067 0.071383
11 58134090 rs181039885 0.84705
11 58134150 rs12283305 0.049416
11 58134269 rs116527184 0.21402
11 58134674 rs529643405 0.22071
11 58134694 rs116299085 0.21402
11 58134707 rs540541894 0.25904
11 58135000 rs73485906 0.589
11 58135206 rs12280586 0.049416
11 58135332 rs7113008 0.0026149000000000003
11 58135650 rs10896763 0.00010311
11 58135653 rs148282057 0.16095
11 58135672 rs12417311 0.00012968
11 58135992 rs11229381 9.8552e-05
11 58136054 rs11229382 0.10185
11 58136142 rs138205314 0.86382
11 58136213 rs142725447 0.3956
11 58136550 rs80074968 0.11939000000000001
11 58136902 rs10896764 9.7514e-05
11 58137102 rs11229383 0.11540999999999998
11 58137282 rs4463861 8.4832e-05
11 58137319 rs10896765 8.311200000000001e-05
11 58137385 rs180759431 0.36523
11 58137698 rs148597608 0.12332
11 58138020 rs75332481 1.8231999999999998e-14
11 58138515 rs568920876 0.71748
11 58139134 rs12269902 0.10605
11 58139412 rs182523158 0.80233
11 58139493 rs571962157 0.56698
11 58139596 rs140769518 0.049552
11 58139624 rs149727171 0.22164
11 58139784 rs567928565 0.80186
11 58139790 rs538526846 0.049754
11 58140062 rs186431160 0.049552
11 58140206 rs190884238 0.051855
11 58140260 rs187404338 0.22164
11 58140317 rs192836296 0.049552
11 58140366 rs183353607 0.30541999999999997
11 58140668 rs11604675 0.036881
11 58140876 rs10160461 9.8307e-05
11 58141025 rs141230516 0.85434
11 58141071 rs12574478 0.00012269
11 58141118 rs11229387 0.15858
11 58141253 rs369599012 0.30541999999999997
11 58141315 rs114288729 0.10814000000000001
11 58141566 rs78089737 0.12700999999999998
11 58141696 rs74427179 0.30599
11 58141825 rs148331723 0.0013192
11 58141830 rs61903096 0.00011279999999999999
11 58141903 rs11229388 8.3837e-05
11 58142088 rs143943299 0.04687
11 58142117 rs539461825 0.15020999999999998
11 58142333 rs183358926 0.8638299999999999
11 58142460 rs116255038 0.39937
11 58142798 rs186818111 0.054322
11 58143021 rs11825323 1.1268000000000001e-14
11 58143157 rs546109657 0.2221
11 58143196 rs116838190 0.8293299999999999
11 58143250 rs79554377 0.30599
11 58143321 rs35935554 0.00050153
11 58143401 rs73485908 0.59705
11 58143497 rs76891496 0.12493
11 58143653 rs74394461 0.10832
11 58143925 rs78367772 0.046678
11 58143937 rs73485910 0.5836399999999999
11 58144088 rs72914019 0.11739000000000001
11 58144089 rs187612788 0.7442300000000001
11 58144090 rs78870705 0.2034
11 58144091 rs191930168 0.82129
11 58144948 rs9919658 0.30599
11 58145357 rs118004186 0.61107
11 58145381 rs117788740 0.025975
11 58145400 rs182720982 0.34996
11 58145450 rs60584867 1.2958000000000001e-14
11 58145491 rs150204757 0.09514199999999999
11 58145697 11:58145697_A_G 0.29089
11 58145763 rs11826821 1.4919e-14
11 58145906 rs11229389 8.3577e-05
11 58146367 rs61903097 0.044997
11 58146532 rs12283239 8.7158e-05
11 58146689 rs146733120 0.38849
11 58146833 rs561260691 0.40957
11 58146908 rs55692927 1.4919e-14
11 58147057 rs143316504 0.7965300000000001
11 58147092 rs4611225 0.00011046
11 58147116 rs73485911 0.97815
11 58147156 rs185529521 0.18334
11 58147186 rs4606496 0.00011004
11 58147288 rs570638892 0.7965300000000001
11 58147323 rs73485913 0.60907
11 58147351 rs7949312 7.132e-15
11 58147593 rs7952623 0.0067653999999999995
11 58147736 rs11826284 1.2958000000000001e-14
11 58148076 rs11229390 8.3161e-05
11 58148129 rs139469680 0.31465
11 58148516 rs144502672 0.79586
11 58148543 rs184333849 0.30541999999999997
11 58148657 rs182155028 0.12178
11 58148967 rs12278665 8.481700000000001e-05
11 58149311 rs78899765 6.8443e-15
11 58149491 rs12278915 0.51052
11 58149530 rs58885728 0.14911
11 58149650 rs11606877 5.7863999999999994e-05
11 58149827 rs12801241 5.8436e-05
11 58149857 rs12793750 5.847e-05
11 58149976 rs11229391 0.41291000000000005
11 58150559 rs187682218 0.6442
11 58150796 rs7928846 0.0047193999999999995
11 58150942 rs10896766 4.1262e-05
11 58150966 rs114133252 0.046678
11 58151107 rs7943724 0.004718399999999999
11 58151374 rs11229392 0.046954
11 58151572 rs1961946 5.7722e-05
11 58151591 rs117609661 0.45608999999999994
11 58151793 rs116941035 0.084024
11 58151932 rs35753408 6.037e-05
11 58152438 rs12284499 4.3382e-05
11 58152533 rs7933631 0.0046229
11 58152587 rs7951385 0.0048448
11 58152605 rs11229393 0.42463
11 58152950 rs12291519 0.046954
11 58153103 rs113722089 0.58716
11 58153105 rs77583628 0.08665700000000001
11 58153224 rs116573911 0.22069
11 58153334 rs181762462 0.87539
11 58153514 rs12796377 0.1533
11 58153723 rs181335586 0.43656000000000006
11 58154103 rs149393577 0.8736
11 58154116 rs182772733 0.6983199999999999
11 58154217 rs73485918 0.58716
11 58154316 rs12269934 4.4543000000000004e-05
11 58154340 rs117559461 0.067464
11 58154501 rs12288225 4.5975e-05
11 58154763 rs116153806 0.30599
11 58155016 rs115886875 0.30599
11 58155049 rs7934419 0.0045952
11 58155051 rs184475562 0.0074232
11 58155086 rs10792166 0.0044022
11 58155329 rs192555142 0.28507
11 58155512 rs35769608 0.14649
11 58155716 rs73485922 0.5874699999999999
11 58155809 rs10792167 0.0046403
11 58155907 rs73485926 0.5874699999999999
11 58155947 rs80041443 0.33133
11 58156038 rs534980298 0.54232
11 58156312 rs573979573 0.5021899999999999
11 58156428 rs12278357 4.7631000000000005e-05
11 58156467 rs17473544 0.40624
11 58156864 rs75830623 0.83936
11 58156911 rs60168609 1.5143999999999998e-14
11 58157271 rs762043284 0.07149
11 58157367 rs7101365 2.2903999999999998e-14
11 58157375 rs12788786 4.6321000000000006e-05
11 58157475 rs112523872 0.5920000000000001
11 58157489 rs148477806 0.22069
11 58157626 rs189554888 0.18158
11 58157935 rs35542119 4.7588e-05
11 58158000 rs11607488 4.4792e-05
11 58158032 rs116124493 0.10887000000000001
11 58158043 rs147667046 0.16027
11 58158458 rs71486413 0.050506
11 58158506 rs192922327 0.084083
11 58158705 rs78146203 0.37789
11 58158836 rs11229396 4.4148000000000005e-05
11 58158915 rs113042875 0.8552799999999999
11 58159176 rs10896767 0.0045937
11 58159291 rs74893711 0.35570999999999997
11 58159446 rs11229397 4.4087e-05
11 58159549 rs10896768 0.004626300000000001
11 58159665 rs76442769 0.30599
11 58159843 rs137888159 0.0003443
11 58159912 rs12804134 4.7616000000000006e-05
11 58159996 rs116635076 0.22069
11 58160254 rs145976012 0.045638
11 58160591 rs61903100 0.061324000000000004
11 58160904 rs141278611 0.2723
11 58161031 rs12789701 5.8927e-05
11 58161033 rs546858029 0.21481
11 58161312 rs7115601 2.4938e-14
11 58161406 rs2003231 4.3318e-05
11 58161413 rs145292633 0.73511
11 58161476 rs2003230 0.0045978
11 58161488 rs147208843 0.14131
11 58161886 rs540549956 0.39594
11 58161887 rs180757981 0.27884000000000003
11 58162129 rs181932840 0.0074232
11 58162131 rs12798255 5.8729e-05
11 58162135 rs12274849 0.045451
11 58162195 rs117100086 0.8361
11 58162382 rs12575459 0.00074654
11 58163035 rs61903101 0.00096903
11 58163440 rs114167925 0.22069
11 58163790 rs533799502 0.9345899999999999
11 58163987 rs117126516 0.006406
11 58164003 rs34408846 1.2034000000000001e-14
11 58164008 rs118158773 0.039268
11 58164173 rs66628082 0.17401
11 58164284 rs116719203 0.22069
11 58164285 rs118100988 0.97872
11 58164381 rs7109654 4.3468000000000005e-05
11 58164393 rs7128541 4.3501e-05
11 58164609 rs11229399 4.2943999999999994e-05
11 58164835 rs11229400 4.2977e-05
11 58164850 rs12279003 0.021438
11 58164887 rs180980073 0.14543
11 58164956 rs12575109 4.6067e-05
11 58164976 rs116114566 0.22069
11 58165224 rs77089053 0.21584
11 58165592 rs34708090 0.0044622
11 58165610 rs12280759 4.2909e-05
11 58165707 rs11229401 4.16e-05
11 58165820 rs11229402 4.1705e-05
11 58165869 rs11229403 4.183e-05
11 58166421 rs4272799 4.1639e-05
11 58166435 rs4432039 4.1639e-05
11 58166619 rs4341555 4.1639e-05
11 58166633 rs116783057 0.33566
11 58166639 rs4432040 4.1639e-05
11 58166752 rs139326596 0.14718
11 58166987 rs73485930 0.67988
11 58168184 rs73485933 0.58757
11 58168209 rs7125689 4.5733000000000004e-05
11 58168286 rs7126657 4.0881e-05
11 58168515 rs6591471 4.1615e-05
11 58168539 rs6591472 5.8158e-05
11 58168724 rs140705468 0.10161
11 58168814 rs6591473 4.1721e-05
11 58169316 rs11229407 4.1639e-05
11 58169496 rs75365860 0.41043999999999997
11 58169537 rs7931126 1.4378e-14
11 58169777 rs182502031 0.28804
11 58169996 rs12279895 5.0463999999999997e-05
11 58170025 rs12271646 4.0854e-05
11 58170086 rs79345772 0.21679
11 58170106 rs12279957 0.15139
11 58170143 rs11229409 4.9001e-05
11 58170144 rs147658237 0.72777
11 58170274 rs143648646 0.62617
11 58170291 rs11229410 4.4586e-05
11 58170342 rs11229411 4.3833999999999994e-05
11 58170374 rs12280114 3.9388e-05
11 58170462 rs12284790 0.04687
11 58170469 rs11229412 4.0854e-05
11 58170565 rs78803910 0.22268000000000002
11 58170712 rs138976101 0.031792
11 58170738 rs11229413 4.1407e-05
11 58170780 rs17152659 0.2435
11 58170794 rs17152661 0.59353
11 58170883 rs144578972 0.5096
11 58170927 rs12278966 4.2937e-05
11 58171189 rs73485934 0.57718
11 58171201 rs12575804 5.3688999999999994e-05
11 58171238 rs11229414 3.7688e-05
11 58171253 rs11229415 3.7713e-05
11 58171419 rs11229416 4.6161999999999996e-05
11 58171465 rs11229417 4.6161e-05
11 58171589 rs12273854 3.9413000000000004e-05
11 58171944 rs112043974 0.89986
11 58172300 rs565884172 0.15488
11 58172304 rs34738097 0.15337
11 58172336 rs10896770 3.9364e-05
11 58172407 rs545258142 0.327
11 58172425 rs116901097 0.14524
11 58172435 rs10896771 4.1067e-05
11 58172452 rs10896772 4.1973e-05
11 58172619 rs12419637 4.0561999999999996e-05
11 58172680 rs10896773 4.074e-05
11 58172727 rs12417932 4.461e-05
11 58172843 rs11229418 3.9395e-05
11 58173323 rs12290245 3.9616e-05
11 58173335 rs12277454 3.9416e-05
11 58173514 rs115131429 0.11045
11 58173568 rs118148581 0.5834199999999999
11 58173583 rs7125859 4.1748999999999996e-05
11 58173587 rs186237275 0.75489
11 58173640 rs7125053 4.6302e-05
11 58173901 rs7129195 4.0082e-05
11 58173905 rs7114539 4.0302e-05
11 58173969 rs7128411 3.7291e-05
11 58174167 rs11229422 5.4816000000000005e-05
11 58174404 rs148830240 0.22271999999999997
11 58174653 rs12797488 1.3406e-07
11 58174747 rs12802819 9.8629e-08
11 58174775 rs12802960 9.9613e-08
11 58174898 rs12286421 1.0312999999999998e-07
11 58174933 rs116012111 0.29564
11 58175057 rs12289198 9.9366e-08
11 58175058 rs55933868 0.64303
11 58175396 rs115757107 0.13602
11 58175603 rs12294062 6.8385e-08
11 58175634 rs11229423 6.7702e-08
11 58175837 rs10896774 6.6338e-08
11 58175989 rs10896775 6.638e-08
11 58176153 rs79589854 0.7318899999999999
11 58176252 rs4347409 6.63e-08
11 58176386 rs4519112 1.856e-07
11 58176535 rs79822229 0.15288
11 58176587 11:58176587_G_T 0.96591
11 58176677 rs75998204 1.6405e-14
11 58176849 rs12290089 6.2064e-08
11 58176875 rs12269745 6.1921e-08
11 58176915 rs12291551 6.2153e-08
11 58176920 rs12283414 6.2064e-08
11 58177129 rs12274866 6.0833e-08
11 58177549 rs12786744 9.9991e-08
11 58177561 rs12803648 7.1933e-08
11 58177981 rs114935077 0.052386
11 58178025 rs554934619 0.9779
11 58178478 rs7116847 6.1228e-08
11 58178587 rs11229425 0.41326
11 58178677 rs7117080 6.1058e-08
11 58179291 rs7128459 6.0466e-08
11 58179568 rs12794534 6.1406e-08
11 58179854 rs79413706 0.14705
11 58180063 rs11229426 6.1377e-08
11 58180101 rs72915827 0.63873
11 58180264 rs10896776 2.0964000000000002e-07
11 58180275 rs11229427 6.1356e-08
11 58180382 rs11229428 6.142e-08
11 58180512 rs58287345 1.8543999999999998e-14
11 58180585 rs149886655 0.42699
11 58180701 rs73485939 0.32931
11 58180872 rs11229429 5.9713e-08
11 58180879 rs7946416 0.00071284
11 58181064 rs141918181 0.14722000000000002
11 58181104 rs11229430 5.9767e-08
11 58181253 rs11229431 5.9767e-08
11 58181274 rs185022247 0.53735
11 58181302 rs7122281 1.4784e-14
11 58181305 rs755439204 0.31774
11 58181448 rs143542311 0.14722000000000002
11 58181840 rs181337110 0.79624
11 58182087 rs149624149 0.35347
11 58182154 rs12291019 0.05069
11 58182232 rs7480381 5.9854e-08
11 58182761 rs546026498 0.34828000000000003
11 58182896 rs182210931 0.14705
11 58183145 rs191688546 0.12412000000000001
11 58183206 rs183090036 0.14722000000000002
11 58183357 rs111877419 0.00599
11 58183443 rs144996147 0.8417899999999999
11 58183603 rs140528797 0.42878999999999995
11 58183628 rs35400806 5.9852e-08
11 58183713 rs12294608 0.050463
11 58183797 rs66573492 5.979899999999999e-08
11 58183839 rs12272911 5.979899999999999e-08
11 58184336 rs12269888 5.9805e-08
11 58184358 rs12269928 5.977e-08
11 58184432 rs59170661 0.14705
11 58184475 rs61903159 5.9806e-08
11 58184521 rs12294966 0.12935
11 58184720 rs34133416 5.978900000000001e-08
11 58184737 rs188510372 0.1366
11 58184902 rs34350060 5.9806e-08
11 58185136 rs7944306 1.5419e-14
11 58185250 rs12289876 6.0022e-08
11 58185336 rs11229433 0.77783
11 58185404 rs76667859 0.87215
11 58185419 rs12276438 5.9933e-08
11 58185436 rs12289985 5.995300000000001e-08
11 58185499 rs12271841 0.15913
11 58185501 rs11229434 6.0015e-08
11 58185796 rs11229435 6.0797e-08
11 58185847 rs10896777 0.00075237
11 58185913 rs190928091 0.98434
11 58186009 rs11229436 5.8558e-08
11 58186024 rs556585742 0.8286
11 58186045 rs116348077 0.6309
11 58186070 rs61905160 0.00078631
11 58186118 rs12272096 5.2968e-08
11 58186290 rs12291791 5.8765000000000004e-08
11 58186313 rs142564547 0.7693300000000001
11 58186327 rs12273635 5.1239e-08
11 58186335 rs12273638 5.6189999999999996e-08
11 58186384 rs12278302 0.05160700000000001
11 58186417 rs73485943 0.35175
11 58186462 rs12272310 5.2382e-08
11 58186601 rs35057963 9.7045e-05
11 58186609 rs529199143 0.0013253
11 58186716 rs12292024 6.33e-08
11 58186879 rs79835525 1.3991999999999999e-14
11 58186997 rs71486415 0.00020268
11 58187134 rs150946683 0.096147
11 58187371 rs35735990 7.1908e-08
11 58187398 rs34782543 7.310399999999999e-08
11 58187437 rs7121170 0.00082377
11 58187444 rs56228632 6.9158e-08
11 58187640 rs114556720 0.43663
11 58187755 rs7945992 7.2296e-08
11 58187906 rs7927730 7.1772e-08
11 58187995 rs74788541 0.14702
11 58188022 rs7928676 7.6183e-08
11 58188258 rs7929028 7.1754e-08
11 58188401 rs34794607 9.9438e-08
11 58188983 rs12295551 7.1445e-08
11 58189034 rs12801475 7.1445e-08
11 58189495 rs7926682 7.177e-08
11 58189555 rs17152679 0.16502
11 58189628 rs114754530 0.77159
11 58189808 rs145763675 0.31899
11 58189814 rs76369042 0.8869
11 58190112 rs10466659 6.0496e-08
11 58190136 rs4298923 0.0022541
11 58190160 rs79043861 0.13426
11 58190228 rs77952368 0.55652
11 58190578 rs114959091 0.8133600000000001
11 58190598 rs143455032 0.48936999999999997
11 58190747 rs1893902 7.1761e-08
11 58190762 rs115398708 0.66194
11 58190873 rs4579945 7.4264e-08
11 58190970 rs11229437 0.057454
11 58191203 rs11229438 0.51757
11 58191243 rs17474373 9.9694e-08
11 58191260 rs776363459 0.1296
11 58192194 rs75525493 2.0737e-14
11 58192611 rs11229439 0.89189
11 58193017 rs563847059 0.3097
11 58193139 rs752666407 0.6440899999999999
11 58193551 rs6591475 7.3587e-08
11 58193925 rs10896778 7.117000000000001e-08
11 58193976 rs537489976 0.64027
11 58194129 rs11824479 1.7447e-14
11 58194192 rs11229440 0.47947
11 58194614 rs1986404 1.0224999999999999e-07
11 58194684 rs567104650 0.44773999999999997
11 58194697 rs4581466 0.0012965
11 58194788 rs4594017 7.3206e-08
11 58194961 rs4367960 7.0909e-08
11 58195333 rs11229441 0.78814
11 58195744 rs114093367 0.83231
11 58195910 rs12795903 0.0053548
11 58196492 rs4474453 0.0013335999999999999
11 58196770 rs77272231 0.9004200000000001
11 58196790 rs11229442 7.3615e-08
11 58197188 rs11229443 7.336700000000001e-08
11 58197616 rs7930547 7.336700000000001e-08
11 58197641 rs7930623 7.336700000000001e-08
11 58197750 rs7947248 1.0226e-07
11 58197753 rs117178302 0.67796
11 58197873 rs11229444 0.51298
11 58197905 rs7946522 7.3732e-08
11 58198576 rs144175240 0.37301
11 58199148 rs75930580 0.83773
11 58199458 rs11229445 6.600799999999999e-08
11 58199642 rs552225814 0.57175
11 58199900 rs12270262 0.1269
11 58199940 rs7932109 0.0042473
11 58200208 rs10896779 0.0013219000000000002
11 58200262 rs147684359 0.084841
11 58200594 rs75938774 0.92289
11 58200600 rs12278777 0.15845
11 58200854 rs34530191 1.0270999999999998e-07
11 58201063 rs12281720 0.12548
11 58201094 rs12273517 7.388e-08
11 58201111 rs184643269 0.03165
11 58201628 rs11229449 0.50665
11 58201629 rs11229450 7.3879e-08
11 58201687 rs11229451 7.3879e-08
11 58201737 rs73485951 0.3482
11 58202041 rs115218279 0.056340999999999995
11 58202085 rs11603800 7.375899999999999e-08
11 58202370 rs11605812 9.9879e-08
11 58202727 rs4639957 0.0012894
11 58202974 rs17474904 0.006160199999999999
11 58203150 rs138527976 0.055196
11 58203183 rs73485954 0.3482
11 58203618 rs191439866 0.44313
11 58203638 rs141753558 0.055972
11 58203682 rs11229454 7.3879e-08
11 58203703 rs115460640 0.8426299999999999
11 58203733 rs11229455 0.2477
11 58203938 rs190012827 0.24733000000000002
11 58203978 rs111377246 0.5069100000000001
11 58204809 rs36002376 9.978199999999999e-08
11 58204825 rs115114573 0.23684000000000002
11 58204943 rs34054511 7.1867e-08
11 58205029 rs73485957 0.3482
11 58205261 rs34750879 9.801200000000001e-05
11 58205409 rs34217678 0.00045882
11 58205540 rs10792168 2.5136999999999995e-07
11 58205667 rs115518070 0.92391
11 58206228 rs10896780 0.0015894
11 58206237 rs10896781 0.0015894
11 58206314 rs10896782 4.6653999999999994e-07
11 58206432 rs12785578 7.3986e-08
11 58206703 rs118148210 0.10803
11 58206714 rs117028468 0.15367999999999998
11 58207203 rs11229457 7.0756e-08
11 58207284 rs143005784 0.40648
11 58207364 rs78919061 0.14702
11 58207462 rs146952949 0.021219
11 58207494 rs140525146 0.19982
11 58207900 rs58320648 1.6267e-14
11 58208025 rs11229459 7.4612e-08
11 58208069 rs34356949 7.6407e-05
11 58208169 rs145227655 0.15985
11 58208255 rs115945074 0.18019000000000002
11 58208343 rs11229460 7.407199999999999e-08
11 58208385 rs12285111 7.4816e-08
11 58208996 rs563676397 0.25545999999999996
11 58209418 rs7929868 7.2351e-08
11 58209423 rs11229461 0.12939
11 58209931 rs11229462 7.427e-08
11 58210147 rs11229463 7.4218e-08
11 58210157 rs181355601 0.57188
11 58210167 rs75440962 0.43765
11 58210617 rs4551789 0.251
11 58210618 rs115728745 0.12215
11 58210924 rs141239169 0.9286
11 58210938 rs12146682 0.5082899999999999
11 58210978 rs139742356 0.14714000000000002
11 58211165 rs11229465 0.055930999999999995
11 58211531 rs60799833 0.14764000000000002
11 58212129 rs35279927 7.3488e-08
11 58212302 rs192811380 0.76869
11 58212617 rs7931394 7.4203e-08
11 58212754 rs79406766 0.12609
11 58212800 rs534240922 0.68018
11 58213440 rs11229466 0.05491
11 58213499 rs79172536 0.78733
11 58213519 rs12293032 0.19632
11 58213646 rs78516724 1.4705000000000002e-14
11 58213691 rs74810062 0.8729299999999999
11 58213695 rs4517537 7.7281e-08
11 58213852 rs4506677 7.400299999999999e-08
11 58213876 rs571811012 0.016861
11 58214108 rs117015770 0.17338
11 58214584 rs12805062 7.384400000000001e-08
11 58214849 rs141420679 1.3949000000000002e-14
11 58214969 rs12271501 7.3792e-08
11 58215036 rs114481933 0.25545999999999996
11 58215056 rs12276157 0.091543
11 58215075 rs190896581 0.68515
11 58215557 rs182881687 0.72164
11 58215647 rs11501580 0.16547
11 58215655 rs117024075 0.88944
11 58215692 rs78222405 0.14882
11 58216167 rs73485967 0.34195
11 58216283 rs9665951 7.355100000000001e-08
11 58216687 rs12794057 1.0245999999999999e-07
11 58216712 rs187678870 0.71653
11 58216825 rs4519113 7.321200000000001e-08
11 58216864 rs4598685 7.3393e-08
11 58217142 rs113707421 0.50889
11 58217178 rs111382334 0.24733000000000002
11 58217211 rs373340034 0.64563
11 58217281 rs60079625 0.50325
11 58217651 rs186422240 0.32256
11 58217956 rs139299791 0.8214
11 58218038 rs115833816 0.84165
11 58218054 rs12293619 7.34e-08
11 58218219 rs12293705 7.3307e-08
11 58218461 rs191734129 0.054474
11 58218569 11:58218569_A_C 0.8541200000000001
11 58218701 rs7116007 1.0221e-07
11 58218773 rs11229468 0.51085
11 58219085 rs573591941 0.9871
11 58219147 rs536229900 0.74543
11 58219260 rs12422108 0.8351700000000001
11 58219303 rs57181092 0.018588
11 58219405 rs60771177 1.6944e-14
11 58219408 rs12800667 0.0029935
11 58219726 rs73485969 0.51999
11 58219751 rs113392266 0.50526
11 58220050 rs116920296 0.7260300000000001
11 58220075 rs142125029 0.9481299999999999
11 58220360 rs74406537 0.5077699999999999
11 58220391 rs77297472 0.15486
11 58220464 rs73485972 0.5223899999999999
11 58221377 rs116898809 0.12274000000000002
11 58221422 rs183654308 0.29648
11 58221623 rs574406530 0.44765
11 58222135 rs76818589 0.8410700000000001
11 58222142 rs78263295 1.2294e-14
11 58222426 rs12361623 0.52227
11 58222665 rs79137661 3.8557999999999996e-14
11 58222804 rs12279784 0.11927
11 58223344 rs12276810 0.12434
11 58223826 rs115803926 0.1574
11 58223920 rs12362087 0.5179199999999999
11 58224040 rs569123776 0.59322
11 58224123 rs35464485 8.3124e-05
11 58224352 rs12362108 0.51946
11 58224539 rs142188511 0.054415
11 58224753 rs140392427 0.29324
11 58224917 rs12575080 9.747199999999999e-08
11 58225035 rs12363774 0.50472
11 58225217 rs150364493 0.14861
11 58225233 rs531191820 0.8597899999999999
11 58225426 rs138154196 0.053817
11 58225955 rs72917637 0.17521
11 58226199 rs11229471 0.053817
11 58226227 rs73485978 0.34396
11 58226251 rs11229472 0.5184300000000001
11 58226656 rs11229473 0.001284
11 58226712 rs73485980 1.2312e-14
11 58226716 rs138854704 0.6212
11 58226905 rs12362953 0.5191
11 58226973 rs7130828 1.3056e-14
11 58227202 rs11229474 0.51742
11 58227320 rs72917641 8.1084e-08
11 58227366 rs77626325 0.8437600000000001
11 58227383 rs11229475 0.51851
11 58227595 rs2510861 0.0013085999999999998
11 58227776 rs76424095 0.79577
11 58228297 rs148597633 0.45419
11 58228463 rs61905183 9.799899999999999e-08
11 58228593 rs11229476 0.5192899999999999
11 58228598 rs11229477 0.86162
11 58228722 rs142009299 0.68402
11 58228723 rs71486417 0.0036176000000000003
11 58228864 rs11229478 0.51698
11 58228900 rs10896783 0.47105
11 58229362 rs78091050 0.9343600000000001
11 58229394 rs117767037 0.28586
11 58229458 rs73485987 0.34513
11 58229475 rs73485990 0.34513
11 58229553 rs117913186 0.15473
11 58229802 rs140395632 0.67225
11 58230088 rs74392256 0.84621
11 58230579 rs72917648 0.64557
11 58230631 rs11229479 0.51867
11 58230655 rs545920438 0.59018
11 58230661 rs186987457 0.03784
11 58230672 rs11601742 0.0013936
11 58231221 rs4313600 0.5173300000000001
11 58231488 rs115533801 0.8771899999999999
11 58231682 rs11229480 0.52818
11 58231816 rs2510860 2.4625e-07
11 58231820 rs113523596 0.36058
11 58231899 rs11229481 0.51825
11 58231967 rs141247475 0.15239
11 58232026 rs11229483 0.51682
11 58232107 rs181546507 0.70538
11 58232197 rs11229484 0.51535
11 58232213 rs3018097 1.4226e-14
11 58232268 rs77726217 0.8418700000000001
11 58232283 rs36019763 1.1595999999999999e-07
11 58232813 rs2515350 0.77464
11 58232854 rs11229485 0.54308
11 58232952 rs2510859 3.9342e-07
11 58233395 rs10896785 1.394e-07
11 58233725 rs565697229 0.69534
11 58234045 rs58899483 1.0141e-06
11 58234270 rs1815895 9.7751e-07
11 58234292 rs12282796 0.0021073
11 58234679 rs117672800 0.038883999999999995
11 58235032 rs569337292 0.43125
11 58235269 rs11603190 1.0462e-06
11 58235609 rs79947605 0.29673
11 58235655 rs12278835 0.002501
11 58236065 rs7116652 1.0483e-06
11 58236161 rs7105209 1.0266e-06
11 58236162 rs7115874 0.24948
11 58236522 rs12800252 1.0492e-06
11 58236523 rs78309866 0.53473
11 58236611 rs117485947 0.25540999999999997
11 58236681 rs140250210 0.27464
11 58237243 rs10896786 1.0220000000000001e-06
11 58237336 rs10792169 1.0506e-06
11 58237360 rs149925454 0.1611
11 58237412 rs116654675 0.90028
11 58237427 rs190910802 0.31082
11 58237533 rs78355956 0.8899299999999999
11 58237555 rs762030276 0.28019
11 58237857 rs141105445 0.68889
11 58238101 rs187022533 0.09123400000000001
11 58238561 rs11229487 7.7865e-07
11 58238607 rs143717322 0.07001399999999999
11 58238788 rs11229488 6.9047e-07
11 58238968 rs7928404 1.0118e-06
11 58238993 rs183370823 0.52044
11 58239305 rs4284407 1.0652e-06
11 58239753 rs141057765 4.0401999999999997e-14
11 58239930 rs12786074 1.0227e-06
11 58240583 rs117354805 0.94281
11 58240672 rs112752921 0.35996
11 58240753 rs138676871 0.47741999999999996
11 58241051 rs10400284 0.50616
11 58241149 rs185049868 0.6692899999999999
11 58241245 rs142637268 0.8661
11 58241491 rs188005332 0.27416999999999997
11 58241580 rs2510869 0.0014775
11 58241910 rs181692809 0.015977
11 58242038 rs74852391 0.007693600000000001
11 58242225 rs114833000 0.97054
11 58242387 rs185401149 0.25236
11 58242429 rs146745040 0.28504
11 58242767 rs80256152 0.10128
11 58243212 rs12285076 0.0024806999999999997
11 58243917 rs12277261 0.0023912
11 58243953 rs73487707 0.47191000000000005
11 58244340 rs183868939 0.6853100000000001
11 58244559 rs562532513 0.21758000000000002
11 58244917 rs11229489 1.3473e-07
11 58245328 rs115518419 0.10138
11 58245329 rs116801236 0.10138
11 58245388 rs2515340 2.5212e-14
11 58245394 rs561745412 0.12794
11 58245396 rs529573293 0.098721
11 58245528 rs2515341 0.0014417
11 58245598 rs2515342 0.0014835
11 58246138 rs12295157 0.15325
11 58246160 rs190014741 0.7616
11 58246295 rs149484739 0.15075999999999998
11 58246332 rs12226725 1.194e-07
11 58246909 rs146280840 0.073852
11 58247131 rs118179558 0.7567699999999999
11 58247265 rs1893903 0.0014873
11 58247446 rs1893904 0.091002
11 58247541 rs1893905 0.46053999999999995
11 58247718 rs2510868 6.041399999999999e-07
11 58247789 rs552815383 0.16943
11 58249375 rs55647552 1.2198e-07
11 58249592 rs75446516 0.12803
11 58249907 rs528734410 0.69891
11 58249947 rs78111333 0.48993000000000003
11 58250249 rs73487714 0.44846
11 58250523 rs76332582 0.24672
11 58250622 rs2510867 0.0014661
11 58251030 rs186027815 0.72219
11 58251091 rs575148509 0.73946
11 58251677 rs74995783 0.9729399999999999
11 58251994 rs7125019 0.18379
11 58252058 rs76907928 8.0214e-05
11 58252165 rs111228920 0.8385299999999999
11 58252174 rs551115976 0.41489
11 58252711 rs115446026 0.17234000000000002
11 58252992 rs11530830 1.2927e-07
11 58253087 rs7102202 0.17271
11 58253132 rs112419298 0.63044
11 58253410 rs548922314 0.19168
11 58253693 rs148723730 0.0023993
11 58253765 rs4287352 8.950499999999999e-07
11 58253999 rs117252428 0.29472
11 58254015 rs116582924 0.002437
11 58254242 rs79378654 0.098538
11 58254300 rs184579350 0.23579
11 58254315 rs115131198 0.002309
11 58255192 rs114048713 0.18382
11 58255678 rs12361887 0.51071
11 58255723 rs2515372 2.8245999999999997e-14
11 58255763 rs2510866 0.0014601
11 58256628 rs11229492 0.0023065
11 58257565 rs76287031 0.80898
11 58258140 rs7104914 0.1013
11 58258560 rs2510865 8.5275e-07
11 58258697 rs9919662 6.3255e-07
11 58258794 rs4280011 6.915800000000001e-07
11 58259831 rs145457728 0.0053788
11 58260397 rs76420802 0.19299000000000002
11 58260756 rs7113479 6.4822e-07
11 58261027 rs151334247 0.17624
11 58261143 rs7124621 0.21506
11 58261506 rs117434676 0.0083328
11 58261700 rs185407113 0.22708000000000003
11 58261731 rs143212533 0.017534
11 58261810 rs28392851 0.0023943000000000002
11 58261904 rs140217294 0.22795
11 58263036 rs7925560 8.9905e-07
11 58263144 rs12808433 0.14396
11 58263483 rs117481874 0.92556
11 58264151 rs17152706 0.15975999999999999
11 58264181 rs2515368 0.0013599999999999999
11 58264201 rs554069101 0.72743
11 58264395 rs115881201 0.9723799999999999
11 58264689 rs28543041 0.0023686999999999996
11 58264767 rs115401079 0.15114
11 58265251 rs150647732 0.061388
11 58265916 rs78268858 0.15114
11 58265925 rs75828177 0.18075
11 58265949 rs11229497 1.0009e-06
11 58266103 rs7937507 0.06768300000000001
11 58266248 rs11229499 1.0027e-06
11 58266548 rs116677338 0.17820999999999998
11 58266788 rs2510863 3.0347e-14
11 58266802 rs117269910 0.3689
11 58266872 rs113593444 0.6523800000000001
11 58267084 rs17152709 0.17147
11 58267299 rs2510862 2.9351999999999996e-14
11 58267302 rs541531415 0.7911199999999999
11 58268150 rs187007999 0.8870399999999999
11 58268456 rs763970183 0.8699100000000001
11 58268649 rs191492880 0.25236
11 58268743 rs3133439 0.0013615
11 58268757 rs4586183 0.096319
11 58269880 rs116367345 0.9473799999999999
11 58270044 rs118147870 6.658200000000001e-14
11 58270163 rs531812336 0.72356
11 58270498 rs76660343 0.23903000000000002
11 58270709 rs114927627 0.27741
11 58271093 rs74937112 0.25556999999999996
11 58271717 rs17152711 0.5806
11 58272137 rs7927692 0.25373
11 58272403 rs17152714 0.58657
11 58272437 rs191488094 0.54113
11 58272481 rs182866559 0.82945
11 58272517 rs144894951 0.075525
11 58272954 rs577820380 0.06086799999999999
11 58273098 rs7122860 0.099233
11 58273348 rs116457204 0.7911199999999999
11 58274132 rs184894007 0.069281
11 58274155 rs11229505 8.141500000000001e-07
11 58274204 rs11605341 0.25784
11 58274245 rs111546734 0.95125
11 58274370 rs2515366 0.0012745999999999999
11 58274412 rs111904351 0.22591999999999998
11 58274608 rs114921490 0.1517
11 58274653 rs78950779 0.1517
11 58274691 rs140086676 0.8221700000000001
11 58274744 rs79301780 0.23181
11 58274764 rs58454093 0.47203999999999996
11 58275328 rs200518896 0.30756999999999995
11 58275587 rs191500486 0.94035
11 58276810 rs11229507 0.0022079
11 58276940 rs7126120 0.17583
11 58278349 rs7115326 8.165999999999999e-07
11 58278444 rs142999347 0.26711999999999997
11 58278538 rs58433279 0.47658
11 58278674 rs116048329 0.16199000000000002
11 58278682 rs11229508 0.0021948000000000002
11 58278959 rs186204932 0.3176
11 58279127 rs80347876 0.41851000000000005
11 58279606 rs77527238 0.23365
11 58279820 rs535870952 0.97262
11 58280822 rs117073117 0.81314
11 58281434 rs76588972 0.31479
11 58281555 rs7942923 0.001323
11 58281655 rs559543331 0.7943600000000001
11 58281677 rs113864719 0.46071000000000006
11 58281702 rs528153807 0.39286
11 58281745 rs116898057 0.6008600000000001
11 58281836 rs73487735 0.45046
11 58281882 rs79869893 0.72212
11 58281910 rs80284602 0.098771
11 58282255 rs757768722 0.029723000000000003
11 58282898 rs117550653 0.0024966
11 58283256 rs375060442 0.041219
11 58283300 rs78476517 0.22955
11 58283506 11:58283506_A_G 0.17635
11 58283538 rs73487737 0.4619
11 58283633 rs11229511 0.0021084
11 58283835 rs142856427 0.59314
11 58284062 rs79619030 0.12454000000000001
11 58284682 rs774067535 0.33324000000000004
11 58284771 rs79853854 0.26464
11 58284951 rs10750899 3.7579e-14
11 58285345 rs144854628 0.15944
11 58285422 rs75007088 0.40142
11 58285423 rs77166504 0.49865
11 58285494 rs10896787 7.216899999999999e-07
11 58285508 rs10792170 7.026100000000001e-07
11 58285981 rs76435840 0.3705
11 58285989 rs118055455 0.15189
11 58286105 rs11229512 7.598e-07
11 58286139 rs139403397 0.8052600000000001
