CHR BP SNP P
10 75966743 rs184898169 0.67798
10 75966849 rs112698823 0.26058000000000003
10 75967074 rs77855677 0.025866000000000004
10 75967093 rs111390637 0.26241
10 75967244 rs12356967 4.9272e-07
10 75967845 rs575746209 0.7592899999999999
10 75967858 rs34606636 0.26535
10 75968098 rs10824110 0.7155100000000001
10 75968191 rs76803351 0.26625
10 75968201 rs11000920 1.2181e-08
10 75968316 rs10762582 0.7189399999999999
10 75968407 rs4746185 0.8917700000000001
10 75968434 rs144066041 0.12569
10 75968556 rs10824111 0.7621899999999999
10 75968786 rs11000921 4.874300000000001e-07
10 75969003 rs10824112 0.81729
10 75969018 rs10824113 0.71538
10 75969109 rs80187223 0.0070601
10 75969110 rs116533803 0.14761
10 75969275 rs80143651 0.2652
10 75969305 rs11000922 0.76605
10 75969917 rs10128407 8.773700000000002e-09
10 75970002 rs11000923 0.7743
10 75970220 rs78269432 0.0073479
10 75970503 rs10824114 0.80899
10 75970716 rs12247758 0.44573999999999997
10 75970849 rs10762583 0.80502
10 75970958 rs59862850 0.63746
10 75971095 rs11814484 0.8788299999999999
10 75971483 rs7075393 0.4484
10 75972311 rs11000924 0.81411
10 75972401 rs115634894 0.019122999999999998
10 75972601 rs11000925 0.8086899999999999
10 75972750 rs72816394 0.052134
10 75974547 rs115070162 0.81089
10 75974755 rs150397858 0.71699
10 75975213 rs193078583 0.84882
10 75975374 rs112397960 0.020734
10 75975411 rs111567332 0.88071
10 75975527 rs11000926 0.78374
10 75975715 rs116559346 0.12759
10 75975736 rs142831000 0.77869
10 75975794 rs78211977 0.5442600000000001
10 75975900 rs146247207 0.81221
10 75975952 rs11599320 5.576800000000001e-07
10 75976296 rs115418388 0.7332
10 75976312 rs36041609 0.42332
10 75976390 rs139258656 0.46126999999999996
10 75976418 rs149509907 0.17737999999999998
10 75976423 rs182330159 0.76283
10 75976505 rs190998624 0.19559
10 75976511 rs116077805 0.86513
10 75976512 rs11416069 9.2124e-09
10 75976573 rs7922519 0.82358
10 75976612 rs113964614 0.8647100000000001
10 75976638 rs7907801 0.7326
10 75976639 rs7922635 0.12822
10 75976657 rs534679296 0.5471199999999999
10 75976908 rs150712128 0.13764
10 75976943 rs7894697 0.8012600000000001
10 75977058 rs7895061 0.7342
10 75977102 rs112717905 0.6301399999999999
10 75977397 rs10824115 0.78513
10 75978149 rs141300520 0.86797
10 75978251 rs138861899 0.020763999999999998
10 75978697 rs369084791 0.12357
10 75979079 rs569393319 0.11073
10 75979124 rs536706947 0.079598
10 75980120 rs531462371 0.76599
10 75981579 rs553903979 0.3339
10 75981700 rs142418908 0.7719600000000001
10 75982335 rs34492397 1.2964000000000002e-05
10 75982536 rs529225691 0.020319999999999998
10 75982547 rs111587169 0.83645
10 75982554 rs566351174 0.74652
10 75982555 rs539652813 0.6595300000000001
10 75982864 rs184033403 0.19037
10 75982982 rs11000930 0.7077399999999999
10 75983013 rs114433227 0.55881
10 75983673 rs10824118 0.78817
10 75983703 rs148948436 0.73974
10 75983768 rs7073742 0.7702399999999999
10 75983842 rs10762586 1.6573e-08
10 75984006 rs10824119 1.4799e-08
10 75984447 rs116477529 0.80081
10 75984601 rs112701292 0.77074
10 75984649 rs12773903 0.9845700000000001
10 75984756 rs10762587 1.4811000000000001e-08
10 75984800 rs11000931 0.83347
10 75984830 rs536820425 0.65855
10 75984863 rs12252705 0.83162
10 75985091 rs561170316 0.25598000000000004
10 75985424 rs10824120 1.4839e-08
10 75985546 rs114977026 0.80409
10 75985845 rs10762588 1.3568e-08
10 75986157 rs34868542 2.6660000000000005e-08
10 75986383 rs148572565 0.26561
10 75986515 rs7088149 0.77879
10 75986541 rs2395078 1.4841e-08
10 75987260 rs112287450 0.77923
10 75987352 rs11000932 5.7679e-07
10 75987367 rs10824121 0.76345
10 75987748 rs1908333 1.4350000000000001e-08
10 75988259 rs56380010 1.8969e-06
10 75989516 rs12243409 0.12453
10 75989583 rs12770150 6.5072e-07
10 75989610 rs11000934 1.466e-08
10 75989752 rs10762589 1.4654e-08
10 75989912 rs4564273 1.3630000000000002e-08
10 75990077 rs77738225 0.091168
10 75990328 rs7081350 0.83152
10 75990598 rs4746187 0.83137
10 75991175 rs138220302 0.21733000000000002
10 75991436 rs112818615 0.019537
10 75991641 rs1908335 6.5196e-07
10 75991721 rs1908334 0.8313299999999999
10 75991722 rs189942748 0.7886
10 75992158 rs141205064 0.76089
10 75992267 rs7914846 0.7847
10 75992383 rs11000936 0.82571
10 75992453 rs7914783 1.4762e-08
10 75992591 rs182999459 0.014915000000000001
10 75992603 rs4746188 0.8075899999999999
10 75992624 rs113564817 0.019701
10 75992776 rs143862851 0.45648999999999995
10 75992944 rs536457238 0.0069186000000000004
10 75993245 rs12355188 6.4104e-07
10 75993678 rs142784761 0.093801
10 75993897 rs539041597 0.0062292
10 75993951 rs67145629 0.31106
10 75994232 rs146989361 0.74798
10 75994432 rs147605692 0.77832
10 75994489 rs190875490 0.53364
10 75994758 rs4746189 0.83952
10 75994996 rs10824122 0.82557
10 75995115 rs4746190 0.7841199999999999
10 75996316 rs4746191 1.4537e-08
10 75996682 rs7076721 0.76063
10 75996878 rs7098337 0.11994
10 75996956 rs7905039 0.9108799999999999
10 75997002 rs10824123 6.6232e-07
10 75997024 rs6480724 1.4529e-08
10 75997220 rs114032236 0.6206
10 75997255 rs116413197 0.0093348
10 75997360 rs10824124 0.76071
10 75997498 rs10824125 0.76072
10 75998283 rs114752784 0.051225
10 75998362 rs78688615 0.21076
10 75998491 rs577469062 0.25456
10 75998742 rs142215851 0.76122
10 75998785 rs11000937 0.8255100000000001
10 75999090 rs4451661 1.4509000000000001e-08
10 75999169 rs16931294 0.7609
10 75999969 rs151229713 0.7549100000000001
10 75999989 rs140372056 0.7682399999999999
10 76000235 rs79934965 0.019517
10 76000710 rs73284257 0.80987
10 76000851 rs10400099 0.77832
10 76001112 rs10400100 0.76248
10 76001113 rs115956806 0.014959
10 76001229 rs7092741 1.4549e-08
10 76001346 rs11598266 1.6772e-05
10 76001598 rs114690565 0.80502
10 76001842 rs80066314 0.6278199999999999
10 76001843 rs574977819 0.53832
10 76002004 rs148172184 0.7722899999999999
10 76002060 rs6480726 1.0428999999999999e-08
10 76002066 rs77893304 0.62748
10 76002070 rs116580745 0.77832
10 76002136 rs141980532 0.46468999999999994
10 76002720 rs147492722 0.35354
10 76002887 rs7067813 0.62748
10 76003002 rs7084204 0.59695
10 76003073 rs6480727 1.4309000000000001e-08
10 76003085 rs9651336 0.11975999999999999
10 76003210 rs7084139 0.60058
10 76003876 rs77544996 0.019459999999999998
10 76005119 rs536425551 0.70811
10 76006032 rs577162445 0.66315
10 76006039 rs4323810 9.172299999999999e-09
10 76006631 rs7099493 0.62024
10 76006634 rs7099494 9.4678e-09
10 76006765 rs79422922 0.019683000000000003
10 76006805 rs7083605 0.62125
10 76007077 rs112949682 0.019676
10 76007489 rs59371512 0.062261000000000004
10 76007903 rs10824128 0.76083
10 76007930 rs139338945 0.28247
10 76008241 rs111742200 0.6866399999999999
10 76008763 rs73284272 0.96593
10 76008855 rs10824129 0.8248
10 76008931 rs10824130 0.83552
10 76008984 rs139172929 0.77998
10 76009509 rs139959413 0.7238600000000001
10 76009861 rs75564407 0.06565700000000001
10 76009883 rs7092245 0.6207199999999999
10 76010614 rs72818504 0.06626599999999999
10 76010650 rs12414489 0.019203
10 76010748 rs76198222 0.62512
10 76011638 rs537404560 0.36461
10 76011751 rs73284278 0.81305
10 76012012 rs116579087 0.80218
10 76012161 rs144308085 0.45258000000000004
10 76012427 rs117870441 0.70873
10 76012442 rs148740260 0.8181
10 76012861 rs145990872 0.86465
10 76012969 rs73284279 0.6946899999999999
10 76013218 rs78272829 0.11982999999999999
10 76013219 rs11000939 9.2138e-09
10 76013432 rs114573438 0.80145
10 76013671 rs35239000 0.47198
10 76013856 rs57392794 0.7729600000000001
10 76014132 rs80106490 0.0094347
10 76014200 rs115847091 0.9620200000000001
10 76014544 rs111885716 0.62345
10 76014546 rs112593580 0.62755
10 76014655 rs144964748 0.7095199999999999
10 76014955 rs74586132 0.1378
10 76015316 rs12360119 9.2612e-09
10 76015495 rs76769252 0.5944699999999999
10 76015608 rs12253120 0.11974000000000001
10 76015974 rs570772868 0.52488
10 76016686 rs9971034 9.307200000000001e-09
10 76017034 rs192695163 0.20251
10 76017471 rs79359674 0.62288
10 76017732 rs4320897 0.8240799999999999
10 76017977 rs73284285 0.07297200000000001
10 76018301 rs11000941 0.72168
10 76018903 rs146001944 0.49618999999999996
10 76018957 rs191239870 0.27629000000000004
10 76018982 rs12243059 9.4641e-09
10 76019381 rs10824132 0.83386
10 76019906 rs115674812 0.7084699999999999
10 76020096 rs6480728 1.1031e-08
10 76020304 rs6480729 0.73457
10 76020374 rs74986800 0.53442
10 76020585 rs10824133 0.8930299999999999
10 76021332 rs7086014 1.3978e-08
10 76021624 rs10824134 2.0442e-07
10 76021895 rs145423926 0.70005
10 76022445 rs7914995 0.32465
10 76022520 rs113042002 0.59711
10 76023006 rs7918573 0.078675
10 76023295 rs7919166 1.5821e-08
10 76023360 rs7919277 0.07236000000000001
10 76023581 rs16931301 0.37684
10 76023700 rs4745743 2.826e-08
10 76023921 rs111930757 0.5985
10 76024333 rs113874969 0.59843
10 76024346 rs11815536 0.59772
10 76024426 rs4489684 2.6572e-08
10 76024496 rs12217890 0.93195
10 76024971 rs4341483 1.5687e-08
10 76025038 rs4341485 2.1236e-07
10 76025224 rs542550831 0.41179
10 76025256 rs11000942 0.9320299999999999
10 76026125 rs112964076 0.37766
10 76026170 rs540026820 0.90801
10 76026245 rs6480730 2.9399e-08
10 76026316 rs4353215 2.0480999999999997e-08
10 76026662 rs112337065 0.59827
10 76027316 rs76071908 0.9947
10 76027564 rs566459223 0.5976899999999999
10 76027885 rs7085334 1.5688e-08
10 76028026 rs12254109 0.078011
10 76028254 rs141280676 0.68814
10 76028449 rs6480731 1.5257e-08
10 76029636 rs187102229 0.7074199999999999
10 76029892 rs141733769 0.7560899999999999
10 76030088 rs4376843 3.1945e-08
10 76030240 rs73286205 0.29834
10 76030297 rs61863653 0.0017882000000000002
10 76030374 rs142714970 0.63295
10 76030421 rs4459229 2.4712999999999998e-08
10 76030484 rs11817779 0.53258
10 76030675 rs10740423 3.0982e-08
10 76030679 rs10824135 1.6249e-08
10 76030739 rs11000945 0.98765
10 76030800 rs115492387 0.016398
10 76031135 rs112657898 0.47146000000000005
10 76031417 rs188799394 0.99631
10 76031440 rs149472559 0.59343
10 76031486 rs11000947 1.6267e-08
10 76031721 rs11000948 0.93453
10 76032082 rs114665504 0.18358
10 76032185 rs10824136 1.6167000000000002e-08
10 76032262 rs142398472 0.96275
10 76032268 rs146888185 0.60507
10 76032348 rs12571088 1.6413e-08
10 76032360 rs10762591 1.6413e-08
10 76032411 rs7079515 0.07821499999999999
10 76032565 rs4746192 2.3039000000000002e-08
10 76032658 rs186280432 0.67306
10 76032680 rs112509174 0.59688
10 76033154 rs10824137 1.8883e-07
10 76033167 rs80331864 0.008726000000000001
10 76033270 rs150231882 0.66722
10 76033311 rs376686995 0.019286
10 76033777 rs112112514 0.59646
10 76033814 rs12268597 0.31499
10 76033980 rs112274240 0.6015699999999999
10 76034086 rs12357643 0.9254399999999999
10 76034090 rs11000951 2.1339e-08
10 76034465 10:76034465_T_C 0.77466
10 76034522 rs113362523 0.99064
10 76034552 rs112243773 0.60163
10 76035202 rs7477710 1.7624000000000002e-07
10 76035267 rs78899212 0.62143
10 76035459 rs149411563 0.5455399999999999
10 76035783 rs79492125 0.9168700000000001
10 76035786 rs139763652 0.21041999999999997
10 76035853 rs111226920 0.27998
10 76035911 rs56013388 0.9165200000000001
10 76036135 rs115779321 0.87187
10 76036390 rs536497344 0.79682
10 76036698 rs186365486 0.59807
10 76036812 rs111841504 0.9285700000000001
10 76037336 rs11000952 0.9204100000000001
10 76037841 rs111354560 0.59563
10 76038309 rs368032756 0.011911
10 76038354 rs550127496 0.12184
10 76038396 rs111325813 0.59564
10 76038542 rs190447161 0.2358
10 76038863 rs4501938 1.4495e-08
10 76039025 rs147022016 0.5587300000000001
10 76039442 rs79977722 8.5152e-05
10 76039560 rs73286221 0.20064
10 76039631 rs12357589 1.5094e-08
10 76039809 rs534342431 0.04396
10 76039839 rs143015007 0.4263
10 76040139 rs11000954 2.2237e-08
10 76040264 rs12569733 0.99631
10 76040992 rs115353818 0.26902
10 76041016 rs7096664 1.4380000000000002e-08
10 76041892 rs10824138 1.4341999999999999e-08
10 76042248 rs10824139 0.19796
10 76042330 rs115411530 0.60444
10 76042609 rs10824140 0.27218000000000003
10 76042964 rs150091764 0.53804
10 76043027 rs111940454 0.57262
10 76043074 rs114116263 0.59864
10 76043252 rs34311007 0.75027
10 76043540 rs145390791 0.9797
10 76043689 rs111823654 0.59507
10 76043730 rs11000957 0.071646
10 76043922 rs111320126 0.5956199999999999
10 76044170 rs554289985 0.098075
10 76044624 rs6480732 2.3245e-08
10 76044945 rs117107974 0.0040031
10 76045354 rs113722816 0.2043
10 76045569 rs112433663 0.59507
10 76045714 rs111882310 0.59507
10 76045841 rs144982860 0.96468
10 76046374 rs72818512 0.40791
10 76046556 rs78246351 0.30618
10 76046737 rs113401816 0.59507
10 76046764 rs111757638 0.59507
10 76046811 rs11000959 1.638e-07
10 76046923 rs16931332 0.7053699999999999
10 76046925 rs4746194 0.8132699999999999
10 76047094 rs12569695 0.9962799999999999
10 76047130 rs111873590 0.59506
10 76047462 rs112624748 0.3409
10 76047464 rs12098284 0.9136200000000001
10 76047664 rs12098289 1.3636999999999998e-08
10 76047872 rs138864337 0.76841
10 76047995 rs75616248 0.5956100000000001
10 76048107 rs11000960 1.6237000000000002e-07
10 76048277 rs186970388 0.59932
10 76048464 rs111470004 0.59933
10 76048878 rs7085940 2.0945e-08
10 76049104 rs143861792 0.7126100000000001
10 76049285 rs12254751 0.07523200000000001
10 76050007 rs10824142 1.6422999999999998e-07
10 76050277 rs4639878 1.4196e-08
10 76050319 rs781130630 0.42108999999999996
10 76050594 rs4615968 1.3617999999999998e-08
10 76050897 rs116997382 0.66264
10 76050901 rs139591462 0.66269
10 76051136 rs10762592 1.4291e-08
10 76051412 rs74678061 0.8955700000000001
10 76051764 rs112618988 0.5736100000000001
10 76052379 rs73286238 0.22914
10 76053583 rs11000964 1.4196e-08
10 76053777 rs11000965 1.6404e-07
10 76053896 rs536985723 0.68279
10 76054194 rs150449670 0.59316
10 76054961 rs112921972 0.90843
10 76055745 rs117145870 0.72931
10 76055802 rs115792916 0.59328
10 76056057 rs75571220 0.80757
10 76056087 rs12357370 1.5021e-07
10 76056117 rs146376621 0.0147
10 76056118 rs138984626 0.026892000000000003
10 76056456 rs35689397 1.6286e-07
10 76056474 rs182992822 0.92642
10 76056582 rs11000968 0.9167700000000001
10 76056728 rs12573807 0.9957299999999999
10 76057505 rs7900243 2.4222999999999998e-08
10 76057695 rs144126535 0.88775
10 76057769 rs10762593 1.3617999999999998e-08
10 76058352 rs149661831 0.24619000000000002
10 76058390 rs76464031 0.9957299999999999
10 76058607 rs528097133 0.6120399999999999
10 76059624 rs115450115 0.60329
10 76059804 rs111527101 0.59933
10 76059892 rs370625915 0.92084
10 76059919 rs116808802 0.026868
10 76060488 rs12776428 1.3301000000000001e-08
10 76060718 rs72818515 3.8716e-08
10 76060888 rs190557243 0.23412
10 76060938 rs114349132 0.20515
10 76060962 rs56015006 1.5036e-06
10 76061164 rs12221297 0.52205
10 76061236 rs374391821 0.014159999999999999
10 76061309 rs112191569 0.67399
10 76061979 rs112094895 0.58919
10 76062058 rs149892318 0.39369
10 76062358 rs78477890 0.86897
10 76062537 rs147587884 0.60329
10 76063029 rs553274499 0.36005
10 76063114 rs7917790 2.1233e-08
10 76063118 rs192201023 0.42922
10 76063555 rs148998611 0.5021
10 76063719 rs574922127 0.83405
10 76063965 rs10824143 1.3923000000000002e-08
10 76064227 rs544043687 0.46839
10 76064608 rs538008205 0.087983
10 76064857 rs148075074 0.68361
10 76064883 rs140935530 0.76566
10 76064964 rs111988634 0.67527
10 76064972 rs7069460 1.0574e-08
10 76065064 rs145079107 0.50044
10 76065511 rs11000977 8.2766e-09
10 76065582 rs376820952 0.0099676
10 76065818 rs182652360 0.34262
10 76066560 rs11000978 8.1939e-09
10 76066587 rs78673244 0.98403
10 76067557 rs10824144 1.3031999999999999e-08
10 76067587 rs114658135 0.56671
10 76067865 rs11000979 0.86477
10 76068087 rs75140351 0.86031
10 76068554 rs181514288 0.44158000000000003
10 76068606 rs147173992 0.67411
10 76068817 rs11000980 6.3095e-07
10 76068963 rs35278865 0.46663999999999994
10 76069045 rs111760548 0.6734
10 76069062 rs112397931 0.60095
10 76069423 rs1904062 9.2754e-08
10 76069617 rs150074477 0.059112
10 76070028 rs78443881 0.059112
10 76070327 rs144962290 0.098222
10 76070530 rs73286258 0.53915
10 76070713 rs16931341 0.21116
10 76070800 rs79741397 0.9639200000000001
10 76070838 rs7897750 0.40308
10 76071189 rs7073139 0.86049
10 76071199 rs186369128 0.9818
10 76071203 rs2894234 1.554e-08
10 76071665 rs180741103 0.59736
10 76071857 rs141257383 0.031127
10 76071861 rs10762594 8.614200000000001e-09
10 76071873 rs138075369 0.017151
10 76072635 rs11000986 9.120799999999999e-08
10 76072769 rs7920097 0.25089
10 76072959 rs7906779 0.09779700000000001
10 76073063 rs2126765 9.0669e-09
10 76073090 rs7907267 0.30737
10 76073211 rs373459917 0.69442
10 76073265 rs11000987 0.8603700000000001
10 76073430 rs147130854 0.26787
10 76073723 rs11000988 0.85414
10 76073881 rs183348348 0.28253
10 76074331 rs187598971 0.56642
10 76074407 rs144492760 0.45036000000000004
10 76074670 rs112657999 0.6776300000000001
10 76074804 rs7088493 0.19498
10 76075770 rs530821134 0.48411000000000004
10 76075985 rs143608991 0.56
10 76076034 rs10762595 1.3365000000000001e-08
10 76076299 rs958620 9.0924e-09
10 76076484 rs113474811 0.67338
10 76076634 rs719944 0.010274
10 76076779 rs10824146 0.84604
10 76076837 rs186114999 0.41763999999999996
10 76077065 rs114106948 0.010416
10 76077248 rs576099889 0.63176
10 76077286 rs10824147 9.0508e-08
10 76077298 rs189391475 0.24067
10 76078014 rs10824148 0.8697
10 76078577 rs114942105 0.53184
10 76078759 rs115844288 0.5594399999999999
10 76078936 rs11597563 8.799699999999999e-08
10 76079016 rs4746196 1.6172e-08
10 76079076 rs142229341 0.8230200000000001
10 76079256 rs35503260 9.0611e-08
10 76079394 rs2169684 9.103100000000001e-09
10 76079558 rs117325868 0.21056
10 76079652 rs2126769 9.0997e-09
10 76079666 rs114572023 0.54911
10 76080094 rs72818531 0.53198
10 76080226 rs564353232 0.44916999999999996
10 76080318 rs189248092 0.69423
10 76080383 rs2078036 1.6182000000000002e-08
10 76080517 rs16931359 0.37922
10 76081172 rs112935000 0.19897
10 76081306 rs555022447 0.55734
10 76081463 rs185498925 0.59434
10 76081524 rs146393279 0.60091
10 76081943 rs10824149 9.049500000000001e-09
10 76082053 rs76064160 0.96336
10 76082300 rs113634136 0.65396
10 76082637 rs2395087 0.85872
10 76082790 rs12268885 0.098737
10 76082945 rs2894235 0.86374
10 76083176 rs114181055 0.026973
10 76083351 rs11000990 9.173e-09
10 76083430 rs11000992 8.6506e-09
10 76083453 rs186779993 0.1113
10 76083550 rs12354678 9.3248e-08
10 76083823 rs532981521 0.8762200000000001
10 76084029 rs182618359 0.17506
10 76084032 rs143432639 0.076989
10 76084091 rs10762596 9.476600000000001e-09
10 76084111 rs11000993 0.8534200000000001
10 76084118 rs10824150 9.476e-09
10 76084280 rs11000994 9.4763e-09
10 76084389 rs11000995 9.0902e-09
10 76084432 rs113214391 0.60029
10 76084470 rs11000996 8.6325e-09
10 76084554 rs138988173 0.22794
10 76084870 rs4746197 9.7351e-09
10 76085371 rs11819074 0.60068
10 76085717 rs117819908 0.5503399999999999
10 76085780 rs11819130 0.67803
10 76086305 rs141405506 0.76949
10 76087036 rs149032707 0.76539
10 76087125 rs182751569 0.43845
10 76087261 rs115416597 0.9966200000000001
10 76087769 rs11000997 0.13241
10 76087958 rs530868748 0.78697
10 76088229 rs75390641 0.032499
10 76088327 rs138576810 0.5954
10 76089123 rs7899920 9.035399999999999e-08
10 76089182 rs7916445 9.1364e-09
10 76089267 rs7916584 0.0038341
10 76089278 rs79701836 0.96411
10 76089792 rs138484711 0.47853
10 76089873 rs12359775 9.4963e-08
10 76090937 rs147490173 0.28042
10 76091523 rs183369173 0.81466
10 76091574 rs144429892 0.97478
10 76091612 rs117048202 0.9827100000000001
10 76092067 rs17682987 5.8488e-06
10 76092124 rs114259839 0.6005199999999999
10 76092179 rs10824151 0.8519700000000001
10 76092203 rs116700470 0.016081
10 76092315 rs16931364 0.38606999999999997
10 76092691 rs11000999 9.172e-08
10 76092896 rs11812826 0.60048
10 76093149 rs189272328 0.38829
10 76093534 rs372483942 0.013090000000000001
10 76093548 rs186239985 0.57616
10 76094975 rs76247414 0.99041
10 76094998 rs114248562 0.9908
10 76095696 rs138450291 0.7754300000000001
10 76096024 rs73286291 0.22263000000000002
10 76096116 rs113090822 0.6734
10 76096326 rs11598232 9.196e-08
10 76096380 rs139991551 0.84882
10 76096901 rs10762598 1.117e-08
10 76096919 rs10824152 9.1777e-08
10 76097186 rs112193587 0.15489
10 76098016 rs11001002 9.1368e-09
10 76098051 rs11819334 0.67381
10 76098363 rs11819396 0.85162
10 76098400 rs78704481 0.42121000000000003
10 76098718 rs11819453 0.59578
10 76098734 rs76519505 0.9672299999999999
10 76098873 rs7920185 1.6229e-08
10 76098920 rs10762599 9.013600000000001e-08
10 76098921 rs187043675 0.061554
10 76099258 rs141057817 0.4526
10 76099472 rs150237224 0.7650399999999999
10 76099557 rs7098200 8.597200000000001e-08
10 76099593 rs76208387 0.4765
10 76099944 rs11001003 0.86034
10 76100047 rs115167494 0.96485
10 76100050 rs111314198 0.60051
10 76101042 rs75140991 0.9950100000000001
10 76101271 rs11814352 0.60009
10 76101874 rs11001004 9.1405e-09
10 76101965 rs12772532 1.0190999999999998e-08
10 76101983 rs12415957 9.2012e-08
10 76102415 rs143530861 0.9667399999999999
10 76102681 rs10824153 9.2199e-09
10 76102850 rs12779309 0.99
10 76102977 rs149049490 0.76475
10 76102988 rs151288973 0.67765
10 76103119 rs551237496 0.37901999999999997
10 76103332 rs11001005 1.5031e-08
10 76103340 rs79867915 0.70499
10 76104444 rs117110657 0.6716
10 76104805 rs148256976 0.1912
10 76104821 rs73288003 0.19072
10 76105364 rs188649458 0.37922
10 76105675 rs11001006 1.3421000000000002e-08
10 76105941 rs7920006 0.2731
10 76105973 rs10762600 9.1369e-09
10 76106104 rs112088605 0.65283
10 76106110 rs117907691 0.034388
10 76106283 rs184020463 0.38606999999999997
10 76106505 rs10762601 1.3527000000000001e-08
10 76106510 rs552184879 0.094223
10 76106789 rs112438084 0.57445
10 76106820 rs192901419 0.47555
10 76106958 rs12416580 9.0846e-09
10 76107059 rs190172140 0.6523899999999999
10 76107179 rs10824154 9.6346e-09
10 76107319 rs149705999 0.99477
10 76107399 rs186354448 0.22284
10 76107614 rs61866073 8.702999999999999e-08
10 76107616 rs115011885 0.5401
10 76107797 rs113237186 0.3947
10 76108749 rs576017342 0.22956
10 76108843 rs150438114 0.02617
10 76108944 rs138294475 0.53984
10 76109022 rs141767588 0.53041
10 76109057 rs145413123 0.61597
10 76109405 rs148622857 0.5935600000000001
10 76109428 rs111931728 0.21277
10 76109595 rs57372758 0.85657
10 76109719 rs145571857 0.29978
10 76109730 rs11817882 0.58398
10 76110039 rs11001007 9.226e-09
10 76110341 rs111987359 0.2044
10 76110527 rs186359799 0.72837
10 76110835 rs61863360 0.74951
10 76110953 rs11516630 9.2614e-08
10 76111053 rs368467817 0.72834
10 76111137 rs7919010 0.85275
10 76111355 rs7919517 0.8618899999999999
10 76111412 rs187686757 0.43848000000000004
10 76111872 rs145857313 0.45769
10 76112031 rs184714386 0.058234
10 76112213 rs7923592 1.3530999999999999e-08
10 76112365 rs7923626 0.8519700000000001
10 76112484 rs114460554 0.29063
10 76112714 rs181163032 0.6779999999999999
10 76112723 rs12572580 0.98274
10 76113104 rs141731597 0.56387
10 76113169 rs115489075 0.41547
10 76113384 rs187586679 0.5593100000000001
10 76113708 rs115953932 0.8558399999999999
10 76113765 rs188861479 0.60225
10 76113943 rs138633893 0.46063999999999994
10 76114065 rs533616696 0.27893
10 76114225 rs4077282 1.5672e-08
10 76114860 rs181282994 0.72834
10 76116202 rs192501727 0.33464
10 76116574 rs111672611 0.6088899999999999
10 76116682 rs112843472 0.6784100000000001
10 76117161 rs61863361 0.8163100000000001
10 76117554 rs115016576 0.47873999999999994
10 76117678 rs4745744 9.159700000000001e-09
10 76117943 rs115070083 0.64827
10 76118073 rs143402389 0.37038000000000004
10 76118110 rs719624 9.4086e-09
10 76118273 rs112610557 0.59607
10 76118470 rs116645139 0.9642
10 76118540 rs10509347 8.9968e-08
10 76119016 rs12415736 0.9956799999999999
10 76119182 rs12264178 0.007205700000000001
10 76119188 rs530823582 0.77998
10 76119241 rs12415761 0.9905
10 76119296 rs10762602 9.526799999999999e-09
10 76119382 rs148586152 0.72834
10 76119674 rs11001012 9.226e-09
10 76119935 rs75143959 0.011183
10 76119972 rs12412109 0.9827100000000001
10 76120014 rs11001013 0.05964
10 76120574 rs10762603 9.226e-09
10 76121192 rs73288024 0.23468000000000003
10 76121260 rs28806480 9.1466e-09
10 76121309 rs12416497 0.26497
10 76121377 rs78845712 0.9586899999999999
10 76121858 rs574567314 0.25882
10 76122123 rs569390227 0.5985199999999999
10 76122446 rs182356338 0.8527899999999999
10 76122634 rs1904065 9.5297e-09
10 76122683 rs16931389 0.284
10 76122835 rs1904066 1.5214e-08
10 76122848 rs73288028 0.23510999999999999
10 76123349 rs116808435 0.3165
10 76123829 rs112222440 0.28503
10 76124184 rs77869325 0.14683
10 76124276 rs150322224 0.02615
10 76124871 rs111556221 0.66262
10 76125088 rs532143764 0.67779
10 76125498 rs146162417 0.39551
10 76125675 rs140168583 0.7295699999999999
10 76125711 rs73288030 0.23269
10 76125747 rs116583036 0.74175
10 76126123 rs376486269 0.024916
10 76126304 rs114061410 0.7772399999999999
10 76126313 rs16931393 0.29204
10 76126706 rs16931395 1.0617000000000002e-08
10 76127188 rs1871088 1.4818e-08
10 76127414 rs184793541 0.85724
10 76127839 rs565062533 0.022862999999999998
10 76127854 rs74652057 0.06788999999999999
10 76128274 rs73288032 0.84831
10 76128405 rs181958284 0.7577
10 76128444 rs139691881 0.60743
10 76128752 rs367988344 0.016543000000000002
10 76128767 rs113241889 0.56794
10 76128832 rs11001014 0.8203299999999999
10 76129056 rs191074039 0.72012
10 76129074 rs116181030 0.059487
10 76129109 rs72818550 0.85411
10 76129236 rs369183847 0.019485
10 76129646 rs11001015 0.10772000000000001
10 76129650 rs142227411 0.37701999999999997
10 76129858 rs145483729 0.27575
10 76129907 rs11001016 0.40008
10 76130576 rs11001017 0.84562
10 76131244 rs11001018 1.0436000000000002e-08
10 76131331 rs376020446 0.017815
10 76131847 rs145092320 0.10349000000000001
10 76132162 rs1904067 9.906700000000001e-09
10 76132267 rs10824160 0.84316
10 76133097 rs72818552 0.08214199999999999
10 76133434 rs144296723 0.10252
10 76133677 rs77827162 0.70654
10 76133744 rs370387252 0.017458
10 76133762 rs10824161 0.85115
10 76133870 rs78765968 0.96983
10 76134282 rs183625356 0.26356999999999997
10 76134668 rs79740540 0.55647
10 76134932 rs140501545 0.017967
10 76134952 rs111490822 0.73975
10 76135628 rs188370863 0.020053
10 76135652 rs192911029 0.96957
10 76135677 rs370442816 0.064928
10 76136042 rs140123512 0.9772799999999999
10 76136315 rs182196430 0.80032
10 76136460 rs563721396 0.43723
10 76136589 rs10824163 0.8501
10 76136604 rs75325285 0.019469999999999998
10 76136901 rs12355686 1.2795000000000001e-08
10 76136970 rs138988127 0.8622200000000001
10 76137032 rs10824164 0.8696799999999999
10 76137120 rs140659894 0.0098035
10 76138058 rs113898563 0.59664
10 76138138 rs7350403 1.1279e-08
10 76138501 rs147480588 0.61564
10 76138964 rs74656412 0.38505
10 76138992 rs114184686 0.58911
10 76139217 rs11001020 0.84965
10 76139275 rs112479997 0.0069995000000000005
10 76139625 rs76186576 0.010573
10 76139657 rs11001021 0.86315
10 76139868 rs11001022 1.1130000000000001e-07
10 76140225 rs190038707 0.022446999999999998
10 76140251 rs61863363 1.0790999999999999e-07
10 76140728 rs10824165 1.0408999999999999e-08
10 76140803 rs10824166 2.8604e-08
10 76142517 rs10509348 9.866399999999999e-09
10 76143042 rs72818557 0.06550700000000001
10 76143482 rs189238331 0.54742
10 76143940 rs74759004 0.59714
10 76144076 rs6480734 2.2999e-08
10 76144082 rs116353738 0.23985
10 76144194 rs11001025 0.84436
10 76144297 rs10740431 1.0408999999999999e-08
10 76144517 rs117396403 0.7178
10 76145198 rs150761732 0.45601
10 76145275 rs112448780 0.5968899999999999
10 76145894 rs10762605 1.0828e-08
10 76146079 rs183029092 0.6208199999999999
10 76146245 rs12784355 1.0407e-07
10 76146973 rs148839667 0.82955
10 76147041 rs371479914 0.69943
10 76147522 rs376098917 0.093593
10 76147722 rs146913015 0.28085
10 76147932 rs141569930 0.26179
10 76149007 rs80083408 0.44833
10 76149271 rs114125720 0.28551
10 76149489 rs16931407 0.3773
10 76149670 rs12572721 1.5792999999999998e-08
10 76149974 rs10762606 1.6075999999999998e-08
10 76150389 rs7913606 1.5809e-08
10 76150408 rs117399330 0.32849
10 76150959 rs12265663 0.19288
10 76151021 rs7917666 1.8459e-08
10 76151172 rs149914680 0.9698899999999999
10 76151357 rs111277164 0.18036
10 76151479 rs12243374 0.078298
10 76151629 rs60126881 0.40535
10 76151870 rs10824167 1.3876e-08
10 76152605 rs183989571 0.38581
10 76152655 rs11001027 0.85439
10 76152683 rs72818562 0.88207
10 76152691 rs191636267 0.39193
10 76152764 rs185424308 0.015421
10 76153125 rs61045754 0.86172
10 76153562 rs116062069 0.060216
10 76153766 rs80044870 0.29748
10 76154303 rs2306161 1.5312e-08
10 76154397 rs528964987 0.79181
10 76154443 rs377221058 0.024856
10 76154474 rs74596038 0.11364
10 76154769 rs11001028 1.3262e-08
10 76154777 rs11001029 0.8329200000000001
10 76155724 rs141902750 0.0020811
10 76155730 rs726120 1.4763e-08
10 76156483 rs111887799 0.051502
10 76156576 rs116610417 0.80135
10 76156587 rs140083126 0.45921999999999996
10 76156619 rs145706008 0.42528999999999995
10 76156639 rs114215138 0.76136
10 76157264 rs142258692 0.28484
10 76157924 rs78906473 0.75471
10 76157948 rs2126764 0.961
10 76158177 rs2126763 1.5349e-08
10 76158455 rs529572748 0.70724
10 76158518 rs2169683 1.3928e-08
10 76159662 rs11812645 0.54445
10 76159766 rs534682597 0.5644100000000001
10 76159805 rs11814426 0.45336000000000004
10 76159843 rs10740432 1.5188999999999998e-08
10 76160161 rs11818734 0.55306
10 76160308 rs11818752 0.59951
10 76160560 rs16931425 0.28484
10 76160924 rs747662719 0.82214
10 76161139 rs146569919 0.4231
10 76161376 rs546703819 0.63368
10 76161805 rs140351464 0.90254
10 76162071 rs184809054 0.2126
10 76162147 rs113511540 0.45338
10 76162191 rs140859623 0.20775
10 76162258 rs112574775 0.5452199999999999
10 76162324 rs4303177 1.3288e-08
10 76162433 rs4362089 1.4298e-08
10 76162446 rs113902935 0.55389
10 76162767 rs550608246 0.02238
10 76162873 rs144313111 0.63368
10 76162880 rs116691735 0.80132
10 76162935 rs117145800 0.9913799999999999
10 76163100 rs148769408 0.19994
10 76163157 rs10824168 9.146700000000001e-09
10 76163252 rs114567583 0.60318
10 76163307 rs10824169 1.4013e-08
10 76163468 rs114956246 0.027274
10 76163569 rs139542019 0.39289
10 76163571 rs10740433 1.411e-08
10 76163613 rs118139119 0.54393
10 76163822 rs11812815 0.7096
10 76164216 rs143205012 0.68269
10 76164449 rs564778910 0.55465
10 76164669 rs7906603 1.5048e-08
10 76164823 rs7906759 1.4809e-08
10 76165231 rs191330004 0.5373399999999999
10 76165233 rs11001031 1.4914e-08
10 76165376 rs116379582 0.80128
10 76165565 rs12571589 0.96909
10 76165670 rs10824170 1.42e-08
10 76165801 rs10762607 1.5197e-08
10 76165938 rs12570624 0.99121
10 76166037 rs113368408 0.45898
10 76166099 rs183372927 0.51336
