CHR BP SNP P
11 77370758 rs7939623 2.7625e-12
11 77370897 rs7950631 2.452e-12
11 77370926 rs73506711 0.3464
11 77371066 rs182358318 0.47085
11 77371151 rs185209532 0.65681
11 77371214 rs564212744 0.40136
11 77371494 rs7932057 3.0063e-12
11 77371753 rs57229097 0.3464
11 77372032 rs148838400 0.54872
11 77372149 rs143497419 0.038193
11 77372165 rs11237260 2.8062e-06
11 77372232 rs75402463 0.9893200000000001
11 77372249 rs73506717 0.34834
11 77372275 rs562441724 0.095215
11 77373082 rs146283093 0.46541000000000005
11 77373202 rs115999531 0.63557
11 77373250 rs11827910 0.56386
11 77373339 rs539319122 0.9248299999999999
11 77373414 rs2298820 3.4642e-12
11 77373471 rs2298819 0.9172600000000001
11 77373588 rs79321029 0.13663
11 77373909 rs117196822 0.81408
11 77373933 rs11237261 1.7e-06
11 77374216 rs547630615 0.14078
11 77374401 rs149388887 0.92053
11 77374671 rs180846527 0.46541000000000005
11 77375082 rs148149178 0.46541000000000005
11 77375331 rs561139569 0.082388
11 77375783 rs76576403 0.60302
11 77376105 rs192803104 0.46646000000000004
11 77376110 rs150731408 0.46541000000000005
11 77376208 rs116018661 0.36306
11 77376247 rs6592742 2.5437e-12
11 77376328 rs371587392 0.44696
11 77376778 rs117765311 0.12586
11 77376806 rs1045590 1.7336000000000002e-06
11 77377739 rs762736139 0.77004
11 77378388 rs4945197 2.5739999999999997e-12
11 77378448 rs11607608 0.87655
11 77378505 rs28930682 2.8390000000000003e-12
11 77378563 rs117199302 0.076062
11 77378805 rs11237263 0.00046498
11 77378894 rs11603438 0.00055485
11 77378907 rs186186759 0.47085
11 77379099 rs10899398 0.9758700000000001
11 77379300 rs112379948 0.91769
11 77379356 rs188268254 0.4668
11 77379588 rs12575150 1.8379e-12
11 77379640 rs73506724 0.30561
11 77379758 rs77573858 2.1755e-05
11 77380234 rs7118516 2.8136e-12
11 77380415 rs7107153 0.031925
11 77380493 rs12418734 1.9007e-12
11 77380639 rs117861852 0.45666
11 77380859 rs564973570 0.12222999999999999
11 77380865 rs59520338 2.8136e-12
11 77381034 rs142289747 0.4668
11 77381100 rs769958955 0.7053699999999999
11 77381137 rs111907225 0.061038
11 77381472 rs67035387 2.8169e-12
11 77381751 rs11237264 1.9278999999999998e-14
11 77381766 rs116001531 0.11037000000000001
11 77381958 rs11237265 1.9484000000000002e-14
11 77382066 rs534085140 0.4668
11 77382827 rs12792400 1.8198e-05
11 77383137 rs148454072 0.040862
11 77383424 rs72947606 5.5416e-13
11 77383460 rs186643575 0.44226000000000004
11 77383511 rs12222530 0.9904799999999999
11 77383598 rs768776494 0.50037
11 77383852 rs183155205 0.46961
11 77384019 rs190035955 0.42531
11 77384078 rs144410358 0.78565
11 77384239 rs73506730 0.34905
11 77384437 rs73506733 0.46062
11 77384727 rs188489406 0.76148
11 77385008 rs73506734 0.34712
11 77385044 rs188522693 0.40446
11 77385834 rs138981823 0.9074200000000001
11 77385913 rs3781618 0.99808
11 77385940 rs573356792 0.4668
11 77385968 rs3781617 2.2551e-12
11 77386072 rs112292640 0.46961
11 77386177 rs148977432 0.51062
11 77386663 rs17135799 0.26431
11 77387023 rs562706162 0.4668
11 77387401 rs151013788 0.70458
11 77387813 rs73506737 0.34905
11 77388068 rs372678078 0.23809
11 77389020 rs12286317 0.00053004
11 77389273 rs192701061 0.4668
11 77389538 rs185751754 0.40474
11 77389769 rs78194335 0.030839
11 77390631 rs190940349 0.045417
11 77390658 rs66681087 3.0057e-12
11 77390704 rs534958284 0.46541000000000005
11 77391166 rs115210017 0.56142
11 77391207 rs9666484 0.98811
11 77391684 rs17135800 3.0344e-12
11 77391772 rs73506741 0.34905
11 77392056 rs76858308 0.9863799999999999
11 77392195 rs145373055 0.4668
11 77392208 rs149186618 0.9524299999999999
11 77392544 rs73506742 0.34905
11 77393356 rs57544945 0.34712
11 77393399 rs17135802 0.647
11 77393523 rs146278334 0.92809
11 77393540 rs17135805 0.49878999999999996
11 77393993 rs17752006 0.00061865
11 77394071 rs146317026 0.55598
11 77394577 rs73506750 0.45581000000000005
11 77394600 rs7925289 3.1474e-14
11 77394879 rs201123697 0.14068
11 77395252 rs17135807 2.8816e-12
11 77395369 rs116427528 0.27253
11 77395697 rs17135809 1.9231e-12
11 77395781 rs144788710 0.9885200000000001
11 77395835 rs147959074 0.30673
11 77395867 rs141807742 0.5614
11 77396721 rs35791722 0.039601
11 77396888 rs17135810 0.8397600000000001
11 77397059 rs17135811 3.0251e-12
11 77397113 rs73506762 0.99087
11 77397186 rs56024026 0.028863
11 77398170 rs550252001 0.50913
11 77398191 rs142706877 0.69398
11 77398201 rs146025249 0.026659
11 77398214 rs11820380 0.14983
11 77398453 rs12794428 0.9872299999999999
11 77398568 rs34446294 2.8444e-12
11 77398609 rs7941302 3.5368e-14
11 77398621 rs192854486 0.9295200000000001
11 77398676 rs12421699 2.9002e-12
11 77398787 rs72947622 0.22075
11 77398915 rs4945198 0.89285
11 77398916 rs115472635 0.33610999999999996
11 77399324 rs578113875 0.41971
11 77399337 rs4945199 0.9186
11 77399474 rs11237271 2.8798e-12
11 77399602 rs72947625 0.00049144
11 77399742 rs559895640 0.7628199999999999
11 77400285 rs115888104 0.9613
11 77400297 rs7113891 0.0083214
11 77400629 rs56028401 0.066446
11 77400690 rs145691986 0.252
11 77400900 rs187920295 0.75866
11 77401003 rs56709311 0.31309000000000003
11 77401386 rs183521244 0.7552
11 77402152 rs191328686 0.84098
11 77402375 rs778611141 0.8394
11 77402419 rs1544274 1.1048e-12
11 77402493 rs73506774 0.84454
11 77402689 rs1544273 2.6632e-12
11 77402734 rs1544272 2.6630000000000003e-12
11 77402789 rs73506778 0.33421
11 77403073 rs562316171 0.11755
11 77403250 rs115599792 0.976
11 77403701 rs12806790 2.6733e-12
11 77403790 rs113337393 0.45756
11 77403816 rs548956152 0.45971000000000006
11 77404274 rs79577380 0.21975
11 77404397 rs36053517 0.44351
11 77404642 rs140108019 0.75732
11 77404916 rs112298652 0.33610999999999996
11 77405141 rs7121559 4.87e-14
11 77405192 rs66991096 2.6952e-12
11 77405462 rs76231907 0.24229
11 77405567 rs66738005 2.6852e-12
11 77405814 rs2186573 2.6850000000000004e-12
11 77406885 rs73506798 0.99121
11 77407126 rs138645193 0.9315
11 77407516 rs188753822 0.13185999999999998
11 77407534 rs78681753 0.83626
11 77407652 rs7130719 0.91533
11 77408279 rs67313689 2.0478e-12
11 77408426 rs66472445 2.0351e-12
11 77408470 rs536320153 0.54489
11 77408877 rs67291795 2.0096e-12
11 77409032 rs553958963 0.39843
11 77409118 rs7111625 7.2768e-14
11 77409246 rs4945201 0.9026700000000001
11 77409334 rs73508715 0.33421
11 77409407 rs4945202 1.2744e-12
11 77409568 rs4945203 2.0038e-12
11 77409832 rs10899399 0.00055694
11 77410048 rs79819324 3.614e-08
11 77410107 rs73508720 0.33610999999999996
11 77410339 rs149861627 0.18857000000000002
11 77410406 rs57008614 0.33164
11 77410516 rs112722728 0.096858
11 77410678 rs2212317 0.97183
11 77411181 rs7124753 1.9432e-12
11 77411345 rs184817589 0.64257
11 77411373 rs189199927 0.92545
11 77411976 rs113637838 0.94365
11 77412140 rs77126870 0.70102
11 77412141 rs76166531 0.8336600000000001
11 77412344 rs140281656 0.2531
11 77412456 rs34717321 0.57411
11 77412646 rs72947646 0.017424000000000002
11 77412755 rs141555749 0.17499
11 77412851 rs7950873 0.00068525
11 77413223 rs78433827 0.4857
11 77413362 rs58758035 0.33276
11 77413994 rs144279798 0.26661999999999997
11 77414382 rs67680371 2.0289e-12
11 77414932 rs61397357 2.0291e-12
11 77415232 rs67555375 2.0291e-12
11 77415542 rs67775318 2.0105e-12
11 77415565 rs4145700 1.0265000000000001e-14
11 77415574 rs72947653 2.1433e-12
11 77415777 rs370200903 0.8283299999999999
11 77415984 rs761886746 0.7952100000000001
11 77416009 rs12276091 0.06686
11 77416091 rs7940734 0.87721
11 77416516 rs76568721 0.26678
11 77416768 rs149701810 0.73258
11 77416960 rs184826596 0.8640899999999999
11 77417134 rs77940403 0.5564899999999999
11 77417211 rs540518809 0.8952700000000001
11 77417701 rs779259458 0.046797000000000005
11 77417708 rs7124030 1.4227e-12
11 77417744 rs79474639 0.058821000000000005
11 77417909 rs56331912 0.37481
11 77418152 rs186619188 0.098101
11 77418702 rs66675536 1.4421e-12
11 77418880 rs66924979 1.4439e-12
11 77418960 rs73508738 0.03246
11 77419144 rs528551417 0.84414
11 77419235 rs73508741 0.99111
11 77419556 rs138768163 0.19499
11 77419603 rs187958233 0.9841799999999999
11 77419819 rs55954881 0.37738
11 77419988 rs77496153 0.58858
11 77420016 rs138409365 0.47546000000000005
11 77420314 rs496786 0.91175
11 77420582 rs78250946 0.46893999999999997
11 77420591 rs146148194 0.92401
11 77420878 rs148619030 0.70729
11 77420912 rs73508743 0.5653100000000001
11 77421075 rs78606182 0.08765
11 77421241 rs185623016 0.8283299999999999
11 77421380 rs190146315 0.7700199999999999
11 77421404 rs181851105 0.7731899999999999
11 77422108 rs147626207 0.99684
11 77422225 rs180949795 0.9607600000000001
11 77422332 rs185423175 0.040211000000000004
11 77422335 rs74750679 0.99374
11 77422635 rs11827357 1.4416e-12
11 77422790 rs189051824 0.69158
11 77422804 rs73508749 0.31144
11 77422835 rs79347789 4.403e-05
11 77422880 rs79130037 0.33554
11 77422984 rs80331869 0.43218999999999996
11 77423419 rs373379930 0.4028
11 77423725 rs191555922 0.0051174
11 77424026 rs186773484 0.7731899999999999
11 77424246 rs140522247 0.098457
11 77424353 rs191241276 0.5828800000000001
11 77425085 rs66658383 1.7041e-12
11 77425159 rs67736392 1.7100000000000002e-12
11 77425705 rs144467624 0.99126
11 77425725 rs528982148 0.13962
11 77425755 rs148400746 0.49115
11 77425756 rs76077461 0.37084
11 77425790 rs11237273 5.7944e-07
11 77425988 rs12418559 1.2731e-12
11 77426038 rs190043897 0.047068
11 77426095 rs501153 2.882e-14
11 77426154 rs147161335 0.93158
11 77426193 rs140531798 0.8955799999999999
11 77426251 rs116720857 0.2435
11 77426445 rs187210191 0.8137
11 77426715 rs557088647 0.44883
11 77426739 rs151223806 0.79481
11 77426824 rs7109704 1.6953e-12
11 77427439 rs190434701 0.17184000000000002
11 77427650 rs145731194 0.83675
11 77427863 rs145721717 0.48563999999999996
11 77427978 rs192328704 0.7731899999999999
11 77428839 rs193282000 0.65333
11 77428933 rs72947668 0.0010115999999999999
11 77429695 rs578067121 0.84226
11 77429747 rs56238617 0.43478999999999995
11 77429881 rs180913022 0.7934399999999999
11 77429924 rs148349856 0.7782899999999999
11 77429953 rs7119471 1.2861e-12
11 77430032 rs189075111 0.7756
11 77430179 rs114641909 0.49882
11 77430192 rs115678098 0.086991
11 77430450 rs182718270 0.4659
11 77430600 rs141597168 0.76861
11 77430652 rs4531493 1.4517e-12
11 77430653 rs11825750 0.8546600000000001
11 77430667 rs191315834 0.8280200000000001
11 77431134 rs74936260 0.43904
11 77431191 rs183593515 0.26399
11 77431220 rs115201893 0.46865
11 77431229 rs572541 4.7661e-06
11 77431306 rs554692281 0.92748
11 77431334 rs10899401 3.4054e-14
11 77431635 rs137933856 0.93805
11 77431867 rs12418844 1.9972e-12
11 77432084 rs184393152 0.93805
11 77432504 rs144574291 0.7875
11 77432866 rs766232866 0.10490999999999999
11 77432977 rs114170725 0.98215
11 77433064 rs150583463 0.76828
11 77433527 rs7116671 1.9735e-12
11 77433944 rs11237274 1.9851e-12
11 77434125 rs12575014 1.9836e-12
11 77434261 rs66664368 1.9838e-12
11 77434465 rs59404463 1.9836e-12
11 77434486 rs185979622 0.76828
11 77434542 rs574665 0.95132
11 77434713 rs145831526 0.95342
11 77435168 rs186347806 0.07808899999999999
11 77435612 rs75717135 0.002507
11 77435678 rs74541661 0.08369299999999999
11 77435831 rs567814 3.0253e-14
11 77435862 rs780246653 0.22913000000000003
11 77435935 rs74761270 0.43155
11 77435976 rs56361413 0.011428
11 77436480 rs187962471 0.099352
11 77437011 rs113853953 0.8608399999999999
11 77437017 rs559533444 0.074193
11 77437021 rs185069826 0.38471
11 77437044 rs187794842 0.31235999999999997
11 77437826 rs185522160 0.7481399999999999
11 77437998 rs114636689 0.49027
11 77438059 rs4344516 0.0007932999999999999
11 77438160 rs186602699 0.7783800000000001
11 77438468 rs185418368 0.62888
11 77438912 rs79217098 0.34384000000000003
11 77439094 rs75820684 0.41818999999999995
11 77439270 rs188760835 0.7481
11 77439495 rs56817084 1.9851e-12
11 77439509 rs146073764 0.99265
11 77440072 rs78766597 0.99818
11 77440106 rs720383 1.9994e-12
11 77440402 rs150024542 0.032168
11 77440652 rs113203422 0.9287299999999999
11 77441084 rs146902381 0.34539000000000003
11 77441118 rs77351563 0.39629000000000003
11 77441302 rs118094644 0.026513
11 77441382 rs7109199 1.9987e-12
11 77441591 rs2154988 1.9987e-12
11 77441721 rs3949117 2.0271e-12
11 77441803 rs138688335 0.99779
11 77441846 rs191270227 0.44569
11 77441926 rs532817982 0.15716
11 77441973 rs67195676 1.9342e-12
11 77442193 rs148818536 0.8878
11 77442403 rs185656111 0.21428000000000003
11 77443024 rs555429207 0.9238299999999999
11 77443093 rs147998680 0.7326600000000001
11 77443206 rs74382946 0.047784
11 77443269 rs113604004 0.9990600000000001
11 77443627 rs7939005 0.47723000000000004
11 77443686 rs114930097 0.9213100000000001
11 77443706 rs117397576 0.37301
11 77443798 rs571579258 0.7481399999999999
11 77443904 rs4945204 2.0217e-12
11 77444469 rs4945205 1.9816e-12
11 77444492 rs141886965 0.86203
11 77444897 rs56109811 0.84856
11 77444949 rs755203539 0.80456
11 77445399 rs561199793 0.35821
11 77445431 rs564520288 0.24893
11 77446051 rs73491984 2.0018e-12
11 77446094 rs114871628 0.89554
11 77446117 rs77942147 2.0316e-12
11 77446360 rs67769372 2.0634e-12
11 77446383 rs189397499 0.74588
11 77446988 rs111882991 0.27292
11 77447048 rs182308625 0.7702100000000001
11 77447054 rs7122968 0.00073413
11 77447068 rs67724005 2.1109999999999998e-12
11 77447479 rs115463274 0.47356000000000004
11 77447573 rs185546778 0.03797
11 77447738 rs140109089 0.8194100000000001
11 77448191 rs183190716 0.31083
11 77448211 rs7931137 6.223500000000001e-06
11 77448616 rs10698394 0.96462
11 77448652 rs79344215 0.9666
11 77448993 rs7949468 3.1231e-14
11 77449105 rs148049103 0.022143
11 77449404 rs115602465 0.084642
11 77449618 rs76435721 0.8408
11 77449778 rs7129325 4.2148e-06
11 77449786 rs546126199 0.037170999999999996
11 77449987 rs573409253 0.8875200000000001
11 77450137 rs11822541 0.59244
11 77450375 rs11823053 0.27118000000000003
11 77450911 rs181427751 0.7033
11 77451333 rs144790787 0.52879
11 77451381 rs147959598 0.76981
11 77452060 rs73491990 0.91989
11 77452179 rs150940224 0.76945
11 77452253 rs140682152 0.7515
11 77452368 rs4945206 0.91584
11 77452641 rs568217981 0.80914
11 77452660 rs187659173 0.80147
11 77452790 rs11600998 1.2937999999999999e-05
11 77452948 rs116847873 0.18047
11 77453040 rs144694930 0.44278999999999996
11 77453112 rs57935035 2.1149e-12
11 77453329 rs140345179 0.066423
11 77453367 rs113465386 1.3293e-12
11 77453386 rs12575416 5.4747e-07
11 77453400 rs181996617 0.9400299999999999
11 77453486 rs560731384 0.9400299999999999
11 77453497 rs149123313 0.8219700000000001
11 77453581 rs184660722 0.34337
11 77453716 rs10751276 0.11727
11 77453836 rs545668058 0.64786
11 77454076 rs12294668 3.073e-14
11 77454112 rs115274958 0.68984
11 77454257 rs60948958 1.9831e-12
11 77454282 rs57362996 2.0139e-12
11 77454357 rs7110924 0.97608
11 77454613 rs150888791 0.46425
11 77455166 rs10899402 0.9980100000000001
11 77455429 rs116524867 0.96135
11 77455430 rs144374722 0.08529500000000001
11 77455493 rs59293034 0.8874
11 77455542 rs7924567 4.2288e-14
11 77455583 rs11237279 3.1428e-14
11 77455738 rs7927913 0.99323
11 77455904 rs191623503 0.46425
11 77456045 rs140312256 0.8217700000000001
11 77456132 rs144038638 0.46425
11 77456160 rs150993653 0.76644
11 77456343 rs10899403 0.89341
11 77456373 rs7120465 1.9859e-12
11 77456786 rs17825097 5.6964e-07
11 77456809 rs565983637 0.78762
11 77456906 rs11237280 0.0014268
11 77457052 rs116598498 0.97603
11 77457082 rs761632739 0.065399
11 77457245 rs117529741 0.88634
11 77457535 rs76417263 0.23828000000000002
11 77457616 rs7358471 0.95726
11 77457757 rs3819211 1.2046e-12
11 77457825 rs60937178 0.29878000000000005
11 77458799 rs59857303 0.043805000000000004
11 77458907 rs58393579 1.8447e-12
11 77459023 rs112794771 0.9983
11 77459415 rs78446525 0.29878000000000005
11 77459886 rs149090430 0.76681
11 77460068 rs188299858 0.84645
11 77460322 rs57213033 0.30101
11 77460614 rs7123204 1.6938e-12
11 77460738 rs142145233 0.98864
11 77460965 rs192181253 0.27331
11 77461052 rs7118800 8.233200000000001e-06
11 77461059 rs187123601 0.59155
11 77461347 rs7107540 0.54771
11 77461557 rs186827920 0.6671600000000001
11 77461587 rs141514394 0.7531800000000001
11 77461937 rs117906239 0.07328899999999999
11 77461996 rs138186107 0.7473
11 77462322 rs115785221 0.57218
11 77462552 rs112834335 0.40888
11 77462792 rs10899404 0.001075
11 77463228 rs61900163 0.69967
11 77463586 rs61900164 0.9446200000000001
11 77463664 rs769849926 0.5208699999999999
11 77463678 rs139118739 0.45588999999999996
11 77463724 rs72949614 1.2788e-12
11 77463853 rs187163663 0.75345
11 77463952 rs115620594 0.9323799999999999
11 77463991 rs4945209 2.0147e-12
11 77464221 rs528789371 0.9172799999999999
11 77464370 rs72949616 0.0011768
11 77464530 rs72949618 0.0011957
11 77464570 rs538956774 0.78455
11 77464731 rs115147587 0.9971700000000001
11 77464766 rs139491540 0.8238700000000001
11 77464834 rs56218634 0.0015635
11 77464936 rs7925343 0.95157
11 77465298 rs17752097 0.079603
11 77465453 rs76944495 0.25723
11 77465496 rs76983002 0.30078
11 77465629 rs191897393 0.84645
11 77465807 rs184728803 0.7689600000000001
11 77465994 rs35546645 2.0142e-12
11 77466114 rs145308304 0.20213
11 77466334 rs1986474 1.2845e-12
11 77466390 rs78083405 0.27583
11 77466656 rs151035281 0.44383999999999996
11 77466785 rs7129686 7.2456e-06
11 77466866 rs138978894 0.7466
11 77467097 rs145904887 0.81901
11 77467562 rs149458747 0.82134
11 77468036 rs80294890 0.82471
11 77468066 rs73493809 0.49633
11 77468088 rs537811 0.0013292999999999998
11 77468408 rs191151472 0.95194
11 77469517 rs145192053 0.38956
11 77469658 rs550100525 0.7461399999999999
11 77469666 rs7931272 0.9635799999999999
11 77470067 rs11237284 0.95042
11 77470376 rs577114743 0.28685
11 77470377 rs73493811 0.28779
11 77470557 rs192742924 0.56762
11 77470586 rs112830393 1.0509e-12
11 77470598 rs143722742 0.54387
11 77470813 rs188061542 0.071613
11 77470820 rs543376720 0.7473
11 77470951 rs17135846 0.25942
11 77471042 rs643388 0.0012444
11 77471147 rs11237285 0.9620200000000001
11 77471212 rs77360405 0.9971700000000001
11 77471826 rs17135850 0.12452
11 77471901 rs12420401 1.7806e-12
11 77471944 rs181503277 0.7686
11 77472138 rs10793262 0.95909
11 77472175 rs191073255 0.10023
11 77472504 rs117854498 0.59453
11 77472619 rs145748149 0.048792
11 77473198 rs118156465 0.44561000000000006
11 77473209 rs12421391 1.751e-12
11 77473296 rs183292176 0.49918
11 77473323 rs10899405 0.9368799999999999
11 77473383 rs12419685 1.16e-12
11 77473409 rs11237286 0.31436
11 77473597 rs76498871 0.031929
11 77474113 rs11825453 0.49646
11 77474335 rs2510855 0.23458
11 77474506 rs186794632 0.24863000000000002
11 77474509 rs116945460 0.0026475
11 77475167 rs61361232 1.7822e-12
11 77475403 rs1892868 0.026087
11 77475506 rs1892869 1.6221e-12
11 77475559 rs143519581 0.052582000000000004
11 77476073 rs7951172 1.7303e-12
11 77476337 rs60251596 0.9716799999999999
11 77476683 rs148659836 0.7595
11 77476976 rs139701274 0.34279
11 77477036 rs113260310 1.9327e-11
11 77477178 rs185701027 0.17139000000000001
11 77477289 rs146818398 0.34033
11 77477828 rs1893901 2.7437e-12
11 77477956 rs569072 4.5957e-06
11 77478108 rs7930066 1.8806e-12
11 77478208 rs186837552 0.46237
11 77478469 rs149183860 0.75344
11 77478768 rs530574074 0.38991
11 77478779 rs55881536 2.0118e-12
11 77478786 rs185657239 0.8996299999999999
11 77478820 rs113162408 0.24073000000000003
11 77479065 rs76613087 0.30489
11 77479090 rs72949656 3.0883e-12
11 77479238 rs111854502 0.43603000000000003
11 77479264 rs4269952 1.5006e-12
11 77479293 rs4578411 1.5749e-12
11 77479452 rs186058230 0.76005
11 77479539 rs762753863 0.31472
11 77480036 rs11237288 0.10219
11 77480062 rs79527381 0.53137
11 77480164 rs558915469 0.46237
11 77480543 rs67230007 2.0556e-12
11 77480833 rs112326808 0.076769
11 77480942 rs569309939 0.76385
11 77481144 rs148470154 0.90365
11 77481198 rs146314844 0.75344
11 77481808 rs149812497 0.8507899999999999
11 77481940 rs78268736 0.46725
11 77481991 rs192207175 0.034561
11 77482046 rs145811131 0.72082
11 77482773 rs10899406 0.9219299999999999
11 77482921 rs77560799 0.25642
11 77483462 rs141930673 0.98567
11 77483580 rs148209953 0.80745
11 77483651 rs141261692 0.051539999999999996
11 77484458 rs118182513 0.90135
11 77484459 rs71469580 0.089111
11 77484716 rs56311535 0.63827
11 77484735 rs516529 6.306e-06
11 77484747 rs146024631 0.8227899999999999
11 77484914 rs377572412 0.8490700000000001
11 77485201 rs192139415 0.07628
11 77485273 rs511930 0.31816
11 77485441 rs115143857 0.9911
11 77485452 rs184779642 0.88959
11 77485723 rs148756089 0.8859999999999999
11 77486250 rs151308390 0.76453
11 77486370 rs58367448 1.8696e-12
11 77486986 rs76928285 0.022813
11 77487163 rs10899407 0.9054
11 77487369 rs10899408 0.8939799999999999
11 77487605 rs72949667 0.0863
11 77488075 rs80353636 0.0090241
11 77488178 rs141971674 0.7555
11 77488430 rs112833975 0.016374
11 77488618 rs183537034 0.88959
11 77488809 rs2154973 5.1093e-12
11 77488825 rs2154972 0.00095935
11 77488996 rs75590448 0.63598
11 77489385 rs778849746 0.28188
11 77489608 rs12364072 0.88164
11 77489725 rs4945210 1.4219999999999998e-12
11 77489750 rs11237289 0.8819100000000001
11 77489851 rs4945211 2.0683e-12
11 77489965 rs556246903 0.90536
11 77490143 rs142531744 0.8078
11 77490231 rs144891253 0.8921600000000001
11 77490850 rs585513 4.6772e-06
11 77490958 rs10899409 0.88575
11 77491018 rs534537259 0.8078
11 77491237 rs565077331 0.17604
11 77491474 rs140096947 0.49899
11 77491594 rs77731627 0.35939
11 77491645 rs528897988 0.71
11 77491728 rs139948497 0.3505
11 77491803 rs192174745 0.58401
11 77492289 rs182532396 0.95815
11 77492417 rs377543269 0.61487
11 77492594 rs484363 0.0012526
11 77492835 rs11237290 0.90136
11 77492941 rs7124116 2.0618e-12
11 77493106 rs144828547 0.7529399999999999
11 77493353 rs185527713 0.7044
11 77493584 rs143590549 0.7529399999999999
11 77494004 rs74480381 5.0777e-07
11 77494006 rs180949080 0.7529399999999999
11 77494137 rs77827189 0.25668
11 77494333 rs182588971 0.7529399999999999
11 77494538 rs147486413 0.0058537
11 77494539 rs73493836 0.25308
11 77494663 rs111720855 0.92219
11 77494709 rs373666856 0.7652399999999999
11 77494754 rs684813 0.00055725
11 77494909 rs147310609 0.92437
11 77495148 rs7104540 1.3229e-12
11 77495156 rs7105526 2.0747e-12
11 77495193 rs190778210 0.8307
11 77495570 rs113696206 0.33011999999999997
11 77495574 rs187447036 0.097203
11 77495645 rs7106113 2.1179e-12
11 77495896 rs11825573 2.0149e-12
11 77496172 rs72931818 4.1546e-12
11 77496517 rs540304927 0.8078
11 77496526 rs35650496 0.16937
11 77496567 rs2508189 0.000918
11 77496691 rs34130561 0.0011623
11 77496764 rs142485216 0.52763
11 77496940 rs375009846 0.079481
11 77496950 rs11823776 0.49261000000000005
11 77497070 rs114665383 0.8599700000000001
11 77497119 rs74354114 0.9728600000000001
11 77497395 rs665363 4.6062e-14
11 77497747 rs7936904 2.0562e-12
11 77497825 rs146734085 0.30387
11 77497933 rs78422314 0.29780999999999996
11 77498052 rs112184088 0.58401
11 77498060 rs150379885 0.7529399999999999
11 77498151 rs572602601 0.64646
11 77498241 rs191072134 0.46208
11 77498274 rs11237295 0.9308200000000001
11 77498486 rs650171 0.00095347
11 77498608 rs67200285 2.0244e-12
11 77498615 rs72931829 1.3905e-12
11 77498768 rs648842 3.448e-14
11 77498933 rs60738557 0.02584
11 77498978 rs117377974 0.069208
11 77499387 rs7123080 0.00094849
11 77499444 rs542642092 0.15819
11 77499587 rs147266765 0.22830999999999999
11 77499935 rs546255861 0.1795
11 77500451 rs115961719 0.33163000000000004
11 77500503 rs573710647 0.76385
11 77500632 rs61900165 0.77966
11 77500642 rs115498965 0.33634000000000003
11 77500693 rs117125382 0.31725
11 77500736 rs7127803 1.9754e-12
11 77500765 rs7113053 0.043966000000000005
11 77501103 rs4944175 2.0641e-12
11 77501165 rs530505554 0.25013
11 77501262 rs10793263 0.9658399999999999
11 77501276 rs141503728 0.8892700000000001
11 77501448 rs623907 0.00085392
11 77501536 rs568659923 0.175
11 77501983 rs4945212 2.0009e-12
11 77502063 rs112589342 0.096175
11 77502132 rs4945213 2.0326e-12
11 77502198 rs189463042 0.096299
11 77502349 rs566218617 0.95616
11 77502470 rs4945214 4.0325e-12
11 77502632 rs67241586 1.9452e-12
11 77503017 rs139800014 0.18126
11 77503212 rs114796426 0.44214
11 77503302 rs113179653 0.25308
11 77503475 rs77711316 0.44727
11 77503512 rs143289351 0.29068
11 77503603 11:77503603_G_A 0.12808
11 77503638 rs545843103 0.1953
11 77503718 rs533158318 0.76385
11 77503747 rs550038646 0.14695
11 77503753 rs12803343 6.9774e-05
11 77503886 rs118041215 0.76003
11 77503952 rs148457508 0.7529399999999999
11 77503960 rs12417823 1.9553e-12
11 77504056 rs142592603 0.17537
11 77504104 rs150983629 0.7529399999999999
11 77504493 rs142328023 0.88007
11 77504709 rs12418152 2.3250000000000003e-12
11 77504805 rs558183965 0.22411999999999999
11 77504996 rs728130 4.949100000000001e-07
11 77505479 rs61201484 2.2477e-12
11 77506044 rs7931215 2.0582e-12
11 77506125 rs118166085 0.15828
11 77506128 rs139819556 0.15809
11 77506499 rs117241856 0.774
11 77506535 rs150745495 0.7529399999999999
11 77506639 rs150900962 0.96731
11 77506695 rs529181 5.3564e-14
11 77506708 rs139119480 0.8896700000000001
11 77507136 rs183024467 0.77273
11 77507198 rs11828664 1.9926e-12
11 77507209 rs145024708 0.8896700000000001
11 77507211 rs11824150 1.9547e-12
11 77507332 rs570786 1.0187e-13
11 77507541 rs142347545 0.8146800000000001
11 77508154 rs193028997 0.46193999999999996
11 77508172 rs184228809 0.9950899999999999
11 77508213 rs112442839 1.3225e-12
11 77508592 rs11518811 0.90022
11 77509408 rs11494311 0.096461
11 77509417 rs12420092 1.98e-12
11 77510390 rs185563212 0.89807
11 77510607 rs140523366 0.95616
11 77511037 rs748605514 0.93906
11 77511402 rs186800441 0.48402
11 77511477 rs183922796 0.70857
11 77511482 rs149953114 0.75654
11 77511973 rs148921616 0.17319
11 77512185 rs192944368 0.71929
11 77512367 rs529070547 0.8415100000000001
11 77512406 rs142877526 0.75654
11 77512423 rs114803587 0.079208
11 77512427 rs151051701 0.88208
11 77512479 rs79592834 0.86
11 77512619 rs145133248 0.045288999999999996
11 77513141 rs112326928 0.9134200000000001
11 77513388 rs68146267 2.0562e-12
11 77513473 rs78619605 0.2766
11 77514216 rs7941418 2.1474e-12
11 77514357 rs138698084 0.75654
11 77514430 rs113978330 0.48365
11 77514431 rs11237299 0.89218
11 77514434 rs113217620 1.3969999999999998e-12
11 77514504 rs190461750 0.4618
11 77514506 rs181354543 0.4618
11 77514652 rs566691900 0.4618
11 77514969 rs117669802 0.1827
11 77515028 rs774569805 0.85954
11 77515080 rs139641430 0.82244
11 77515230 rs681411 5.0489999999999995e-14
11 77515332 rs73493881 0.76493
11 77515484 rs149970682 0.031310000000000004
11 77515636 rs146545406 0.8227899999999999
11 77515729 rs7110844 1.9927e-12
11 77515962 rs187665131 0.8418899999999999
11 77516236 rs61576111 1.3039999999999999e-12
11 77516263 rs73493884 0.25308
11 77516488 rs112825037 0.58291
11 77516772 rs117093677 0.0015298
11 77516773 rs148156180 0.75654
11 77517418 rs142766337 0.75654
11 77517513 rs146949741 0.79569
11 77517520 rs11237300 4.6198999999999997e-07
11 77517745 rs12418335 3.7082e-14
11 77517812 rs4469913 1.9841e-12
11 77517874 rs572255127 0.76825
11 77517973 rs75713100 4.865100000000001e-11
11 77517998 rs117129670 0.75326
11 77518085 rs9666037 0.84083
11 77518255 rs138127877 0.75654
11 77518680 rs12417488 1.9649e-12
11 77518709 rs79353389 0.81877
11 77518810 rs66895426 1.9652e-12
11 77518833 rs28653530 6.860599999999999e-06
11 77519077 rs11821643 4.0683e-07
11 77519509 rs146072725 0.84165
11 77519515 rs35774637 1.7683e-12
11 77520211 rs12418476 1.9665e-12
11 77520456 rs143719049 0.75654
11 77520571 rs764562929 0.5058199999999999
11 77520800 rs116852135 5.4676e-06
11 77520873 rs60704733 0.25308
11 77520899 rs76579908 0.96145
11 77521390 rs7113415 2.0825e-12
11 77521404 rs76611960 0.8668600000000001
11 77522125 rs77520451 0.28941
11 77522188 rs2186562 3.1827e-14
11 77522234 rs9988883 0.8678899999999999
11 77522336 rs117490375 0.056503
11 77522542 rs34199687 0.008512
11 77522633 rs650636 2.9397000000000003e-14
11 77522677 rs59191974 2.286e-12
11 77522977 rs111692767 2.1253e-12
11 77523084 rs4945217 2.0842e-12
11 77523085 rs188054175 0.51975
11 77523195 rs191100973 0.75654
11 77523233 rs184760571 0.6249100000000001
11 77523427 rs72933598 0.25016
11 77523465 rs4945218 2.0842e-12
11 77523484 rs4945219 2.0842e-12
11 77523797 rs149331797 0.13444
11 77524351 rs112615440 0.68885
11 77524447 rs569274272 0.64027
11 77524648 rs180748415 0.13044
11 77524722 rs58914857 1.4046e-12
11 77524760 rs73495903 0.64663
11 77525203 rs618535 4.5213999999999997e-14
11 77525233 rs183288578 0.80106
11 77525309 rs187843081 0.75654
11 77525310 rs112873821 2.1321e-12
11 77525404 rs112392589 1.4788e-12
11 77525654 rs28610388 2.1315e-12
11 77525738 rs113740785 1.4727e-12
11 77525936 rs637605 5.0628e-07
11 77526204 rs72935507 0.2562
11 77526337 rs141129693 0.75231
11 77526471 rs528751580 0.40555
11 77526474 rs12417115 6.113400000000001e-06
11 77526584 rs182592628 0.4618
11 77526750 rs181538122 0.076146
11 77526794 rs11237303 0.9337200000000001
11 77526815 rs78929722 0.28847
11 77527039 rs138085621 0.8828600000000001
11 77527059 rs529526234 0.6192300000000001
11 77527249 rs146315296 0.7781600000000001
11 77527487 rs534571613 0.77279
11 77527955 rs11823576 0.35674
11 77528123 rs116127940 0.9882200000000001
11 77528161 rs4945220 0.0011863
11 77528327 11:77528327_T_C 0.33603
11 77528336 rs144266921 0.059298000000000003
11 77528339 rs10793264 0.88269
11 77528787 rs73495914 0.9812799999999999
11 77529117 rs140234072 0.4618
11 77529528 rs623173 0.001451
11 77529965 rs76810014 0.28711
11 77530047 rs372697102 0.8803200000000001
11 77530295 rs150939066 0.75654
11 77530664 rs117989042 0.5020399999999999
11 77530813 rs561269608 0.9902
11 77530871 rs57222975 1.8351e-12
11 77530953 rs67875187 1.8994e-12
11 77531043 rs72935512 1.3161e-12
11 77531051 rs553772881 0.75231
11 77531158 rs73495920 0.97605
11 77531281 rs113680047 7.0273e-15
11 77531343 rs113004632 9.5718e-05
11 77531526 rs73495923 2.0779e-12
11 77531890 rs11820337 5.1099e-14
11 77531989 rs772501348 0.48654
11 77532167 rs117804781 0.094529
11 77532306 rs78196556 0.3237
11 77532391 rs557539481 0.46166
11 77532463 rs67606281 2.1491e-12
11 77532570 rs191083087 0.75231
11 77532708 rs66622455 2.1634e-12
11 77533070 rs148090441 0.7441399999999999
11 77533624 rs183344644 0.75231
11 77533652 rs4245453 0.9486100000000001
11 77533932 rs143098249 0.8894799999999999
11 77534006 rs191968488 0.43799999999999994
11 77534221 rs182716278 0.8867299999999999
11 77534355 rs7937983 2.1503e-12
11 77534444 rs7951033 0.0010416
11 77534790 rs61900167 0.89556
11 77534879 rs528114321 0.95616
11 77535024 rs147518994 0.39282
11 77535277 rs189418621 0.74268
11 77535279 rs545575307 0.68962
11 77535658 rs7104059 0.31298000000000004
11 77535716 rs548981073 0.41723999999999994
11 77536127 rs151143130 0.45906
11 77536259 rs57385645 0.70524
11 77536263 rs629679 0.0011425
11 77536441 rs35711367 8.9886e-14
11 77536692 rs150168925 0.80808
11 77536736 rs145591764 0.7519
11 77536766 rs148901475 0.81772
11 77536777 rs143258859 0.1941
11 77536886 rs614495 0.0010937000000000002
11 77537281 rs185550892 0.15233
11 77537801 11:77537801_A_G 0.877
11 77537976 rs190703041 0.74254
11 77538078 rs183131123 0.9226
11 77538198 rs115185583 0.32526
11 77538585 rs143139078 0.27402
11 77539011 rs114300484 0.11275
11 77539085 rs12417232 1.4309e-12
11 77539436 rs111422202 0.013383
11 77539644 rs184463400 0.027837999999999998
11 77539724 rs368039252 0.069256
11 77539776 rs141923467 0.47229
11 77539809 rs35550027 8.155e-05
11 77540210 rs749854468 0.17694000000000001
11 77540358 rs79410457 0.98944
11 77540410 rs186314852 0.45443999999999996
11 77540949 rs7126909 8.8576e-10
11 77541170 rs149429051 0.80813
11 77541583 rs139072973 0.38853000000000004
11 77542300 rs7951908 0.80189
11 77542805 rs140411520 0.38051999999999997
11 77542985 rs112432186 0.96281
11 77543153 rs73495941 0.64417
11 77543521 rs147065112 0.22048
11 77544943 rs74688282 0.63715
11 77545294 rs117183531 0.078907
11 77545364 rs7932547 4.373e-14
11 77545743 rs551657415 0.44623
11 77545808 rs1613945 0.8968299999999999
11 77545870 rs17135905 5.1301e-12
11 77546434 rs371524064 0.8966700000000001
11 77546768 rs142706582 0.7227100000000001
11 77546966 rs536475215 0.32447
11 77547935 rs577216756 0.21074
11 77549200 rs764475717 0.43218999999999996
11 77549748 rs377110140 0.37856
11 77549902 rs542593800 0.75417
11 77549904 rs112751323 0.39732
11 77549941 rs148970036 0.7813100000000001
11 77549953 rs113083840 0.26497
11 77550467 rs112571101 0.5997899999999999
11 77550597 rs185403552 0.29613
11 77550780 rs649671 1.902e-15
11 77550988 rs145949822 0.9791700000000001
11 77551096 rs12417760 2.9155e-12
11 77551500 rs648896 0.00015762
11 77551603 rs139152657 0.0099887
11 77552483 rs577403351 0.58134
11 77552517 rs56929623 0.42168
11 77552534 rs7117813 6.6872e-06
11 77552612 rs73495954 0.10263
11 77552987 rs4944176 1.619e-12
11 77553030 rs621456 0.00017836
11 77553174 rs57704623 0.42228999999999994
11 77553296 rs142359869 0.58843
11 77553409 rs151261447 0.8507
11 77553638 rs585721 1.9189e-15
11 77553913 rs779625172 0.45666
11 77554157 rs73495961 0.49641
11 77554821 rs601551 2.0611999999999997e-15
11 77554931 rs12280983 0.31829
11 77554945 rs7110322 2.7669e-12
11 77554985 rs138389239 0.58843
11 77555250 rs184539394 0.44096
11 77555356 rs1790246 0.5491199999999999
11 77555452 rs115755074 0.20363
11 77555475 rs149234101 0.53396
11 77555481 rs181419995 0.45391000000000004
11 77555824 rs7115444 6.1233e-06
11 77555891 rs148020123 0.44271000000000005
11 77556032 rs116723980 0.39576
11 77556288 rs181228097 0.38753000000000004
11 77556628 rs555131323 0.75422
11 77556635 rs111552264 0.098428
11 77556724 rs186323935 0.7550399999999999
11 77556833 rs73495972 0.7289899999999999
11 77557040 rs183122166 0.41144
11 77557119 rs140487145 0.036278
11 77557507 rs139692404 0.028345
11 77558098 rs184768058 0.68553
11 77559011 rs634477 5.3199e-14
11 77559258 rs180750021 0.78079
11 77559394 rs12099183 0.50147
11 77559473 rs185216394 0.8805700000000001
11 77559603 rs779846885 0.6107
11 77559785 rs73495974 0.33471999999999996
11 77560072 rs609151 1.0403e-13
11 77560323 rs1793340 5.4673000000000005e-14
11 77560329 rs112524447 0.5104
11 77560416 rs191118062 0.57213
11 77560652 rs598071 0.0011602000000000001
11 77560659 rs142785080 0.40797
11 77560682 rs544773347 0.94909
11 77561255 rs7106073 0.42253999999999997
11 77561480 rs77715792 0.27512
11 77562033 rs2508184 1.3807e-13
11 77562071 rs144310823 0.93079
11 77562211 rs186610089 0.25095
11 77562835 rs114956708 0.3589
11 77562892 rs767244410 0.36188000000000003
11 77563089 rs56316156 0.6460199999999999
11 77563344 rs694893 9.157400000000001e-14
11 77563787 rs2510967 0.9003
11 77563831 rs192834025 0.74252
11 77564140 rs115718874 0.46535
11 77564608 rs111632188 8.662300000000001e-08
11 77565181 rs550100112 0.6019100000000001
11 77565633 rs150937811 0.13792000000000001
11 77565679 rs141927478 0.40797
11 77565877 rs12418551 3.1154e-12
11 77566054 rs12420290 3.3741e-12
11 77566357 rs1783547 1.2706e-13
11 77566515 rs142745766 0.011073999999999999
11 77566650 rs376352730 0.86269
11 77566804 rs116180537 0.42396000000000006
11 77566822 rs150358603 0.58165
11 77566849 rs647235 1.1493e-13
11 77566923 rs181622880 0.10970999999999999
11 77566998 rs113493662 0.5746
11 77567210 rs687615 4.7032e-14
11 77567528 rs24356 0.0010774
11 77567584 rs3886195 3.1072e-12
11 77567681 rs685474 1.1307e-13
11 77568799 rs77047184 0.44201999999999997
11 77568803 rs111756223 0.28162
11 77569020 rs150885803 0.027757999999999998
11 77569035 rs12285765 0.0011214999999999999
11 77569110 rs4491258 4.8131e-12
11 77569178 rs115833379 0.95589
11 77569220 rs150066203 0.18955999999999998
11 77569784 rs600968 1.3032e-13
11 77569954 rs111268234 0.2781
11 77570438 rs147766641 0.2781
