CHR BP SNP P
5 130495415 rs3852208 0.1109
5 130495658 rs59872691 0.035182
5 130495789 rs7448009 0.16226
5 130495989 rs79379477 0.28752
5 130496015 rs3852209 0.010355
5 130496139 rs2551038 2.0197e-07
5 130496472 rs531571127 0.63855
5 130496473 rs548547083 0.6352899999999999
5 130496595 rs115428931 0.9738600000000001
5 130496718 rs73258126 0.11087999999999999
5 130496769 rs17165675 0.10937999999999999
5 130497022 rs768564844 0.031741000000000005
5 130497067 rs3864281 0.10593
5 130497085 rs771681613 0.031714
5 130497123 rs141179921 0.7386
5 130497205 rs72803756 0.009726899999999998
5 130497213 rs3864282 0.10947
5 130497428 rs3864283 0.16455999999999998
5 130497784 rs140607406 0.28549
5 130497872 rs10079664 0.80842
5 130497896 rs3864284 0.17684
5 130497902 rs3864285 0.14459
5 130497917 rs4644002 0.11874000000000001
5 130497929 rs111439601 0.053859000000000004
5 130497995 rs192425471 0.64665
5 130498228 rs17165688 0.10926
5 130498364 rs78949626 0.72639
5 130498677 rs184596780 0.20646
5 130498681 rs113503971 0.34903
5 130499042 rs188700487 0.41452
5 130499090 rs13340335 0.9864700000000001
5 130499111 rs138765440 0.28524
5 130499112 rs141195331 0.26534
5 130499335 rs10036296 0.16384
5 130499406 rs17689125 0.041685
5 130499753 rs73786611 0.10890999999999999
5 130499758 rs73786612 0.11042
5 130500064 rs6897024 0.20689000000000002
5 130500229 rs190647549 0.99359
5 130500256 rs544336478 0.11124
5 130500260 rs146017264 0.34421999999999997
5 130500415 rs182862931 0.98044
5 130500448 rs2278058 0.010478
5 130500472 rs10070831 0.10845999999999999
5 130500513 rs537137770 0.035296
5 130500520 rs185252898 0.15277000000000002
5 130500562 rs536666027 0.2586
5 130500580 rs143635723 0.31054
5 130500581 rs112487594 0.058265
5 130500667 rs140627344 0.32753000000000004
5 130500714 rs558876472 0.63646
5 130500746 rs142857717 0.44833999999999996
5 130500751 rs2278060 0.16465
5 130500842 rs4696 0.1083
5 130501057 rs6862322 0.2071
5 130501073 rs553340088 0.4659
5 130501074 rs73258136 0.10809
5 130501094 rs111553835 0.30013
5 130501189 rs150272187 0.44105
5 130501435 rs7703943 0.10815
5 130501561 rs7703854 0.10807
5 130501785 rs58797151 0.87576
5 130502267 rs73786615 0.33375
5 130502342 rs79713575 0.014313
5 130502363 rs116072947 0.32808000000000004
5 130502443 rs10060068 0.11012999999999999
5 130502694 rs115825154 0.5808
5 130503137 rs114273946 0.51991
5 130503283 rs75921677 0.3265
5 130503286 rs2526303 9.6565e-07
5 130503517 rs114865326 0.9606399999999999
5 130503717 rs10039564 0.10800000000000001
5 130504401 rs73258141 0.35106
5 130504499 rs145223430 0.25906999999999997
5 130504607 rs9327596 0.020041999999999997
5 130504709 rs10043244 0.019511
5 130504710 rs542718872 0.031958999999999994
5 130504768 rs10064626 0.054315999999999996
5 130504964 rs550464785 0.10407999999999999
5 130505083 rs7734019 0.1131
5 130505136 rs114208215 0.32703000000000004
5 130505154 rs7734177 0.020018
5 130505171 rs7734432 0.0097566
5 130505249 rs779582025 0.25106999999999996
5 130505395 rs7716702 0.07599500000000001
5 130505443 rs76956928 0.49388000000000004
5 130505651 rs7734817 0.05425
5 130505701 rs7735084 0.020304
5 130505761 rs7735116 0.020159
5 130505914 rs116015982 0.95489
5 130506144 rs9327597 0.02118
5 130506145 rs9327598 0.020219
5 130506219 rs116075300 0.3442
5 130506250 rs114441487 0.21616999999999997
5 130506368 rs567705970 0.03508
5 130506622 rs149480722 0.23559000000000002
5 130506890 rs539010176 0.03508
5 130507353 rs74648562 0.015889
5 130507364 rs114956563 0.94776
5 130507595 rs10074442 0.020736
5 130507897 rs10059849 0.0207
5 130508055 rs11952747 0.46178
5 130508089 rs115192031 0.00036081
5 130508264 rs7712818 0.020694999999999998
5 130508280 rs141865024 0.031782
5 130508477 rs556222767 0.03508
5 130508579 rs114248914 0.5401600000000001
5 130508582 rs7713027 0.043994
5 130508781 rs7733530 0.021475
5 130509150 rs74824526 0.030723
5 130509266 rs55639617 0.37119
5 130509391 rs530677384 0.22905999999999999
5 130509467 rs7717968 0.0036658000000000003
5 130509928 rs73786617 0.1446
5 130509942 rs184031682 0.18589
5 130510370 rs571121219 0.031822
5 130510923 rs114418212 0.69439
5 130510978 rs6865787 0.021658
5 130511136 rs149217100 0.6916800000000001
5 130511138 rs377338718 0.39855
5 130511378 rs150926565 0.014057
5 130511486 rs10052846 0.021448
5 130511514 rs188003317 0.14389000000000002
5 130511816 rs144641353 0.78166
5 130511817 rs138682493 0.031737
5 130511861 rs141697492 0.81976
5 130511925 rs181438518 0.45452
5 130511995 rs10077597 0.021616999999999997
5 130512159 rs191706911 0.25772
5 130512367 rs77389709 0.037819
5 130512420 rs75284309 0.47921
5 130512491 rs77530231 0.2444
5 130512602 rs115998430 0.30611
5 130512839 rs114396809 0.17562
5 130512852 rs10070480 0.18872
5 130512905 rs76394441 0.07471900000000001
5 130513087 rs6860285 0.18918
5 130513104 rs186488139 0.28755
5 130513163 rs78650768 0.10833
5 130513418 rs143125747 0.031958999999999994
5 130513747 rs116135742 0.67564
5 130513922 rs78784623 0.10824
5 130514177 rs74377844 0.75456
5 130514331 rs78723619 0.058477
5 130514373 rs79417906 0.0014245
5 130514528 rs568500132 0.032511
5 130514585 rs112114204 0.32979
5 130514947 rs72803762 0.0037265999999999996
5 130515072 rs7721068 0.016919999999999998
5 130515357 rs7721571 0.10843
5 130515432 rs576309206 0.5353899999999999
5 130515811 rs113642581 0.24009
5 130516006 rs60745433 0.056634000000000004
5 130516041 rs144902844 0.74132
5 130516158 rs140759775 0.031948000000000004
5 130516292 rs57398403 0.10865
5 130516368 rs10052199 0.18974000000000002
5 130516671 rs112283700 0.10880999999999999
5 130516680 rs548636531 0.020442
5 130516767 rs146709985 0.9775
5 130517049 5:130517049_T_C 0.013147
5 130517235 rs113018492 0.10845999999999999
5 130517262 rs28663517 0.18966
5 130517361 rs192701093 0.2583
5 130517646 rs10069654 0.9535799999999999
5 130517701 rs150157895 0.9516100000000001
5 130517742 rs74935479 0.10675
5 130517770 rs72803764 0.043476
5 130517852 rs79908895 0.1073
5 130517930 rs200336982 0.030952999999999998
5 130517944 rs199715117 0.060915
5 130518026 rs368070144 0.54733
5 130518181 rs72803767 0.0036799
5 130518385 rs138429973 0.42699
5 130518397 rs143904003 0.2583
5 130518635 rs77869124 0.43696999999999997
5 130518830 rs186464071 0.30355
5 130518839 rs10056689 0.057046000000000006
5 130518923 rs148761866 0.8173600000000001
5 130519033 rs142463867 0.076284
5 130519276 rs73258164 0.35859
5 130519369 rs10073584 0.19103
5 130519477 rs572004095 0.9659200000000001
5 130519693 rs181628133 0.32843
5 130519858 rs139757676 0.20377
5 130519916 rs10051915 0.11515
5 130519939 rs146661422 0.32843
5 130520186 rs78421091 0.70113
5 130520191 rs6596002 0.015253999999999998
5 130520197 rs140303953 0.2583
5 130520390 rs77999554 0.51185
5 130520476 rs17165932 0.12122000000000001
5 130520710 rs145008675 0.22785
5 130520793 rs183126276 0.047457
5 130520854 rs11952538 0.30383000000000004
5 130520918 rs114322278 0.096191
5 130521113 rs7735755 0.2018
5 130521176 rs188006262 0.39361999999999997
5 130521521 rs111877031 0.09398300000000001
5 130521617 rs182884990 0.9595299999999999
5 130521681 rs72803769 0.0163
5 130521715 rs72787004 0.0040926
5 130521725 rs79761231 0.01045
5 130521860 rs10478972 0.036757
5 130522213 rs138270242 0.12594
5 130522490 rs1015557 0.26004
5 130522571 rs150631284 0.12594
5 130522583 rs114842039 0.2937
5 130522585 rs72787006 0.016319
5 130522914 rs17165949 0.015968
5 130523132 rs61257486 0.0041449
5 130523519 rs184471962 0.48696999999999996
5 130523588 rs181832174 0.28941
5 130523730 rs115678673 0.20332
5 130523808 rs75917910 0.45808999999999994
5 130524305 rs116412994 0.69119
5 130524515 rs144782035 0.72714
5 130524706 rs139778278 0.69107
5 130525488 rs73786622 0.30180999999999997
5 130525554 rs191703417 0.8910799999999999
5 130526122 rs60086005 0.0081793
5 130526219 rs60280131 0.0085559
5 130526349 rs78148115 0.30276
5 130526402 rs185486610 0.24169000000000002
5 130526404 rs150944820 0.68274
5 130526642 rs57168348 0.0085963
5 130527155 rs80198816 0.33186
5 130527513 rs114015983 0.12594
5 130527584 rs6880300 0.13365
5 130527878 rs7720557 0.12594
5 130528014 rs189831821 0.031791
5 130528545 rs779175144 0.031928
5 130528962 rs147670602 0.53299
5 130529045 rs149126759 0.10793
5 130529104 rs6891199 0.036627999999999994
5 130529105 rs6890881 0.036318
5 130529122 rs17165964 0.76557
5 130529320 rs115475406 0.33039
5 130529475 rs80136205 0.0085874
5 130529620 rs57048051 0.8662700000000001
5 130529667 rs80332088 0.008498499999999999
5 130529786 rs17165965 0.13005
5 130529791 rs115554245 0.32978
5 130529792 rs6892191 0.052309
5 130529853 rs17593779 0.0020088000000000003
5 130529902 rs6892226 0.11467999999999999
5 130530027 rs145828008 0.54656
5 130530242 rs17165972 0.34825
5 130530907 rs185280656 0.8834799999999999
5 130531035 rs17165973 0.88341
5 130531144 rs146140977 0.12594
5 130531640 rs114049894 0.54938
5 130531756 5:130531756_G_T 0.3972
5 130531852 rs143867586 0.54392
5 130531880 rs113537174 0.01248
5 130531939 rs73786624 0.30556
5 130532321 rs72787009 0.002184
5 130532397 rs78285926 0.0087435
5 130532451 rs531666902 0.030893
5 130532576 rs140879127 0.8789
5 130533067 rs6873136 0.29363
5 130533228 rs148960768 0.5914
5 130533309 rs116692985 0.19981
5 130533828 rs2108392 0.14369
5 130533902 rs28479678 0.0026639
5 130533981 rs183387732 0.1409
5 130533999 rs73786625 0.25062
5 130534118 rs114421552 0.86169
5 130534215 rs77612257 0.6917
5 130534285 rs6596003 0.16101
5 130534325 rs6879803 0.010709999999999999
5 130534506 rs9327599 0.081704
5 130534544 rs116379699 0.54669
5 130534556 rs7719543 0.010217
5 130534665 rs80062484 0.052117
5 130534980 rs142907779 0.032057
5 130535564 rs115190174 0.92785
5 130536044 rs4706009 0.009763299999999999
5 130536811 rs559706426 0.9472
5 130536922 rs9687739 0.0097572
5 130537125 rs561851442 0.048063
5 130537250 rs530633652 0.028520999999999998
5 130537561 5:130537561_T_C 0.9564600000000001
5 130537562 5:130537562_G_T 0.9564600000000001
5 130537589 5:130537589_A_G 0.1835
5 130537717 rs192437414 0.20561
5 130537761 rs112624841 0.5747
5 130537925 rs145267782 0.27642
5 130537926 rs113372431 0.0099051
5 130538004 rs115033962 0.71719
5 130538051 rs72787011 0.0024272
5 130538279 rs116473390 0.16368
5 130538548 rs148698271 0.4964
5 130538653 rs115696535 0.33098
5 130538782 rs142205407 0.12645
5 130538817 rs151252557 0.11567999999999999
5 130538953 rs79789820 0.41281
5 130539101 rs17166026 0.8590200000000001
5 130539241 rs146590594 0.25948000000000004
5 130539502 rs72787012 0.0059075
5 130539555 rs114975804 0.20598000000000002
5 130539569 rs79505860 0.11862
5 130539728 rs10900799 0.13562000000000002
5 130539826 rs12518055 0.0024359000000000004
5 130539946 rs12518079 0.0024374
5 130539953 rs531704512 0.85098
5 130540064 rs186141958 0.82462
5 130540122 rs191390998 0.030955
5 130540328 rs8524 0.13362000000000002
5 130540733 rs28460666 0.081634
5 130540882 rs148195531 0.40998
5 130541180 rs116073281 0.44495
5 130541367 rs138050760 0.20598000000000002
5 130541384 rs10075675 0.036142
5 130541701 rs79390008 0.058927
5 130541807 rs7729291 0.078532
5 130541823 rs9687390 0.014797
5 130541943 rs75227172 0.20785
5 130541968 rs9688036 0.014544
5 130542202 rs144229547 0.086923
5 130542417 rs551047369 0.24386
5 130542497 rs114747793 0.33143
5 130542576 rs75538313 0.016231
5 130542612 rs10070209 0.017808
5 130542774 rs77702779 0.20717
5 130542912 rs12110203 0.016937
5 130543125 rs78312224 0.014661000000000002
5 130543385 rs6860366 0.027111
5 130543414 rs143663243 0.52177
5 130543648 rs6882231 0.014759
5 130543795 rs116258227 0.34539000000000003
5 130543911 rs140528467 0.28202
5 130543941 rs6882713 0.015035
5 130543943 rs6861126 0.014788999999999998
5 130544076 rs530493232 0.17992
5 130544292 rs138350454 0.5208699999999999
5 130544415 rs142626269 0.27287
5 130544692 rs778480386 0.17889000000000002
5 130544707 rs114909878 0.43163999999999997
5 130544790 rs111686586 0.15414
5 130544794 rs781224510 0.68804
5 130545024 rs146938993 0.26006999999999997
5 130545025 rs7703379 0.053116
5 130545142 rs7703552 0.05363099999999999
5 130545223 rs116340320 0.33447
5 130545264 rs556260394 0.028861
5 130545408 rs115348943 0.20517
5 130545443 rs77091539 2.0703e-06
5 130545832 rs143541436 0.33214
5 130545895 rs143058599 0.3448
5 130546123 rs76915930 0.78562
5 130546217 rs10035695 0.052358
5 130546220 rs78249371 0.5152
5 130546275 rs80234053 0.50144
5 130546379 rs182538416 0.8435600000000001
5 130546496 rs79979743 0.057703
5 130546587 rs141290647 0.24366999999999997
5 130546717 rs4706010 0.0036867
5 130546718 rs527481987 0.8432299999999999
5 130547074 rs75916294 0.059909000000000004
5 130547165 rs6596004 0.13571
5 130547228 rs72787016 0.0060803
5 130547523 rs112864948 0.12544
5 130547563 rs115835458 0.89233
5 130547698 rs532989728 0.031811
5 130547862 rs28674881 0.1658
5 130548021 rs190129479 0.20583
5 130548073 rs571034576 0.9509299999999999
5 130548252 rs149800509 0.19028
5 130548294 rs145736075 0.12557000000000001
5 130548380 rs4706011 0.14275
5 130548583 rs575901485 0.82831
5 130548610 rs6899263 0.17837999999999998
5 130548835 rs148532294 0.9561
5 130549021 rs9327600 0.050503
5 130549119 rs73260144 0.35220999999999997
5 130549178 rs7704752 0.16963
5 130549371 rs115339978 0.55897
5 130549477 rs74511636 0.7653
5 130549577 rs111638663 0.57614
5 130549585 rs75760825 0.32151
5 130549594 rs142655217 0.68419
5 130549860 rs115995870 0.47726
5 130549981 rs111550585 0.12753
5 130550195 rs113808278 0.8627600000000001
5 130550239 rs7710310 0.14235
5 130550343 rs7710461 0.1742
5 130550517 rs10053705 0.0771
5 130550613 rs12522164 0.0037012
5 130550744 rs10060879 0.077124
5 130550796 rs2066886 0.062358000000000004
5 130551178 rs763812 0.17468
5 130551478 rs143565513 0.48228999999999994
5 130551728 rs115065944 0.006684999999999999
5 130551955 rs6876624 0.14264000000000002
5 130551994 rs545240773 0.54062
5 130551995 rs564945859 0.5688300000000001
5 130551996 rs575251859 0.5688300000000001
5 130552058 rs142676308 0.28388
5 130552094 rs58897542 0.66848
5 130552478 rs78885685 0.46833
5 130552525 rs116620457 0.32928
5 130552568 rs17166162 0.32249
5 130552658 rs140025136 0.74061
5 130552678 rs764773636 0.69977
5 130552721 rs7721638 0.20601999999999998
5 130552797 rs79708742 0.059863
5 130552933 rs6596005 0.17032
5 130553185 rs6886696 0.17175
5 130553345 rs73786629 0.30601
5 130553378 rs7726567 0.16566
5 130553722 rs780379754 0.4448
5 130553937 rs183569529 0.67207
5 130554851 rs540872959 0.62205
5 130554947 rs558803299 0.4285
5 130555350 rs144930761 0.28385
5 130555364 rs28477309 0.035801
5 130555383 rs28671681 0.035872
5 130555399 rs2158939 0.55042
5 130555574 rs6868987 0.32879
5 130555702 rs191000795 0.91222
5 130555789 rs763079439 0.078968
5 130555990 rs183523419 0.33436
5 130556133 rs542249926 0.050912
5 130556173 rs190872772 0.032007
5 130556495 rs79343298 0.16125
5 130556943 rs150313850 0.09374600000000001
5 130556951 rs113767544 0.12797
5 130557043 rs4706012 0.0040457
5 130557165 rs75896429 0.44766999999999996
5 130557241 rs75881912 0.687
5 130557782 rs184705507 0.28683000000000003
5 130557996 rs140957504 0.28406
5 130558477 rs114472526 0.12546
5 130558963 rs9327603 0.068709
5 130558978 rs74954485 0.68362
5 130559251 rs9327604 0.048395999999999995
5 130559392 rs184474166 0.28181999999999996
5 130559393 rs189185453 0.28181999999999996
5 130559437 rs80214512 0.27568000000000004
5 130559715 rs79993100 0.50722
5 130560128 rs2079511 0.0037939
5 130560141 rs78946256 0.014422999999999998
5 130560444 rs6897387 0.19146
5 130560764 rs10478973 0.051299000000000004
5 130560991 rs4283780 0.18372
5 130561027 rs80059391 0.30772
5 130561048 rs116219542 0.72431
5 130561186 rs76439244 0.33476999999999996
5 130561255 rs4351143 0.051058
5 130561257 rs2420147 4.1364e-06
5 130561262 rs77993663 0.88461
5 130561559 rs56756934 0.44436000000000003
5 130561814 rs111399814 0.12921
5 130561833 rs544267293 0.82063
5 130562058 rs764074138 0.3136
5 130562059 rs76376825 0.9776100000000001
5 130562236 rs77198314 0.09979500000000001
5 130562445 rs78643036 0.98588
5 130562452 rs75222527 0.39891
5 130562624 rs145467707 0.0019952999999999998
5 130562867 rs115046547 0.64025
5 130563049 rs115648583 0.006892499999999999
5 130563070 rs146469847 0.6815
5 130563595 rs6874091 0.054639
5 130563721 rs116569390 2.3614e-06
5 130563778 rs10478974 0.052762
5 130564044 rs115163819 0.60677
5 130564078 rs78337175 0.065053
5 130564228 rs17689149 2.1824e-06
5 130564324 rs17166242 0.35241999999999996
5 130564497 rs73260181 0.99036
5 130564539 5:130564539_C_G 0.94431
5 130564897 rs6880643 0.066346
5 130565379 rs72787024 0.0035462
5 130565556 rs73260183 0.8992
5 130565637 rs7734509 0.145
5 130565661 rs7734522 0.34083
5 130566173 rs74927062 0.61683
5 130566469 rs762016248 0.31795999999999996
5 130566519 rs747240637 0.79388
5 130567380 rs113966627 0.13266
5 130567516 rs561215943 0.5537
5 130567524 rs150680077 0.3918
5 130567548 rs187147948 0.70389
5 130567559 rs139980621 0.13275
5 130567592 rs144009354 0.52837
5 130567681 rs146416533 0.64658
5 130567793 rs6867367 0.14395
5 130567921 rs191922296 0.7143
5 130568197 rs184164527 0.8755299999999999
5 130568389 rs187511178 0.21286
5 130568390 rs191493744 0.5211
5 130568443 rs552258383 0.21500999999999998
5 130568613 rs537809334 0.8475299999999999
5 130568633 rs7712751 0.49716000000000005
5 130568809 rs75728911 0.56829
5 130568811 5:130568811_T_C 0.31214000000000003
5 130568848 rs145571404 0.26035
5 130569000 rs530750618 0.22995
5 130569089 rs10071336 0.019825
5 130569261 rs10063451 0.015958
5 130569407 rs151021157 0.34
5 130569494 rs185106087 0.19704000000000002
5 130569505 rs75629497 0.25246
5 130569573 rs566159170 0.060899
5 130569724 rs529544268 0.032286
5 130570094 rs765914879 0.031922000000000006
5 130570157 rs10073451 0.02301
5 130570221 rs143125799 0.49361000000000005
5 130570345 rs115053453 0.00010806
5 130570359 rs73262349 0.053845000000000004
5 130570418 rs115775062 0.49251000000000006
5 130570428 rs77602990 0.31266
5 130570583 5:130570583_A_C 0.89433
5 130570644 rs10065833 0.0047039
5 130570768 rs563727869 0.031795
5 130571146 rs144332370 0.25798000000000004
5 130571172 rs9764613 0.055455
5 130571473 rs180842587 0.6645300000000001
5 130571688 rs74747669 0.018993
5 130571798 rs188512483 0.21818
5 130571961 rs764086955 0.3219
5 130572206 rs6894951 0.0063159999999999996
5 130572396 rs191978728 0.6551899999999999
5 130572397 rs114057051 0.44371000000000005
5 130572537 rs569945447 0.8596799999999999
5 130572861 rs4706013 0.024000999999999998
5 130573256 rs139793046 0.9424
5 130573334 rs113566644 0.0045443
5 130573423 rs4706015 0.00010854
5 130573445 rs75408733 0.38900999999999997
5 130573469 rs139088993 0.48112
5 130573786 rs78135519 0.00011087
5 130573978 rs572913870 0.031769
5 130574093 rs565179436 0.8227399999999999
5 130574322 rs10478975 0.71702
5 130574400 rs575489232 0.049115
5 130574892 rs142296537 0.16475
5 130575060 rs55798801 0.9605899999999999
5 130575399 rs113500697 0.5522100000000001
5 130575413 rs6596006 0.017043
5 130575428 rs193163155 0.3712
5 130575764 rs114658363 0.56789
5 130575790 rs763911985 0.99265
5 130576181 rs6886925 0.59218
5 130576227 rs143653246 0.25443000000000005
5 130576392 rs4705886 0.013734
5 130576425 rs141883439 0.25486
5 130576468 rs9285921 0.0043865
5 130576738 rs181189812 0.10415999999999999
5 130576906 rs74657230 0.00011301
5 130577277 rs141575094 0.34414
5 130577423 rs116384174 0.77387
5 130577549 rs186627843 0.76445
5 130577593 rs767033989 0.031707
5 130578331 rs75850413 0.5493
5 130579117 rs144517218 0.60395
5 130579209 rs758789438 0.32409
5 130579290 rs60745360 0.4161
5 130579434 rs78644705 0.70128
5 130579456 rs79893838 0.044325
5 130579513 rs116685897 0.9527700000000001
5 130580345 rs141426197 0.96959
5 130580419 rs6870252 0.096592
5 130580435 rs145169545 0.35720999999999997
5 130580738 rs149169588 0.36191
5 130581021 rs75880207 0.0094119
5 130581195 rs6875363 4.7365e-05
5 130581375 rs116120988 0.49399
5 130581580 rs183119598 0.097512
5 130581617 rs138495676 0.32813000000000003
5 130582716 rs114520176 0.059380999999999996
5 130582909 rs556008962 0.45038
5 130583083 rs6886771 0.10740999999999999
5 130583682 rs116781595 0.50267
5 130583917 rs140395788 0.32779
5 130584104 rs554586890 0.031541
5 130584622 rs147400210 0.3306
5 130584759 rs10054370 0.010931999999999999
5 130584805 rs34237476 0.00077491
5 130585217 rs7718891 0.4986
5 130585553 rs6879194 0.033535
5 130585756 rs145827955 0.32971999999999996
5 130585846 rs6879683 0.014613
5 130585894 rs138391566 0.34621999999999997
5 130586294 rs536063427 0.91476
5 130586394 rs149222066 0.031563
5 130586463 rs4519917 0.16474
5 130586559 rs779420832 0.31617
5 130586749 5:130586749_T_C 0.18252000000000002
5 130586758 rs547741520 0.34626999999999997
5 130586929 rs10478978 0.127
5 130587042 rs115948308 0.47336000000000006
5 130587261 rs541682106 0.18399000000000001
5 130587459 rs1468453 5.7183000000000005e-05
5 130588008 rs6895586 6.588e-05
5 130588211 rs142739316 0.5101100000000001
5 130588293 rs147409365 0.9696100000000001
5 130588305 rs573849217 0.9495399999999999
5 130588343 rs563093648 0.70381
5 130588510 rs76520829 0.17906
5 130588519 rs145661628 0.0021406
5 130588550 rs6596007 6.273e-05
5 130589305 rs11957523 0.40358
5 130589444 rs148689004 0.074598
5 130589540 rs58991576 5.681e-05
5 130589704 rs549978166 0.67406
5 130589882 rs116261212 0.4253
5 130589913 rs115360191 0.50346
5 130589915 rs553312072 0.9696100000000001
5 130589996 rs569897366 0.60259
5 130590030 rs191635720 0.58929
5 130590260 rs6867201 0.035824
5 130590421 rs114541417 0.49398000000000003
5 130590657 rs78091403 0.28698
5 130591086 rs10076388 0.14717
5 130591280 rs150243632 0.51602
5 130591320 rs113042154 0.8993899999999999
5 130591323 rs149002892 0.46273000000000003
5 130591328 rs145796196 0.33551
5 130591375 rs138627574 0.30182
5 130591706 rs55740493 0.30298
5 130592285 rs73262364 0.6797300000000001
5 130592871 rs111620366 0.98975
5 130593264 rs139648278 0.33155
5 130593363 rs10793812 0.0047342
5 130593633 rs190379498 0.73949
5 130593723 rs7356708 0.041774
5 130593754 rs146590232 0.82534
5 130594364 rs77049838 0.08478200000000001
5 130594431 rs34186696 0.19984000000000002
5 130594746 rs562998183 0.32009
5 130594747 rs6890410 0.0042856000000000005
5 130594811 rs115071572 0.44093999999999994
5 130594857 rs74921631 0.34241
5 130595230 rs77140010 0.45628
5 130595307 rs189910773 0.37333
5 130595408 rs2420148 2.5695000000000003e-09
5 130595738 rs183111805 0.031419
5 130596190 rs141176552 0.29149
5 130596551 rs13359386 0.004249899999999999
5 130596769 rs73786634 0.30278
5 130596831 rs188004026 0.5237
5 130596957 rs79703337 0.64422
5 130597192 rs76935816 0.082914
5 130597373 rs192375733 0.031385
5 130597399 rs114202518 0.035011
5 130598002 rs752621305 0.9687899999999999
5 130598318 rs11242069 0.0032931999999999996
5 130598375 rs186480236 0.031814999999999996
5 130598384 rs545106220 0.33228
5 130598490 rs756768631 0.5393899999999999
5 130598736 rs141860155 0.3754
5 130599120 rs184667080 0.34536
5 130599404 rs544371363 0.34619
5 130599577 rs2420152 0.45566999999999996
5 130599664 5:130599664_C_G 0.24833000000000002
5 130599807 rs537143437 0.21511
5 130601008 rs180854814 0.94819
5 130601200 rs10478979 0.017263
5 130601280 rs78020951 0.50407
5 130601629 rs149790764 0.51962
5 130601817 rs73262377 0.6766
5 130602131 rs546153902 0.83535
5 130602158 rs6885947 0.017249
5 130602540 rs2189778 0.71548
5 130602632 rs114272397 0.44843
5 130602671 rs116444450 0.33152
5 130602681 rs79793624 0.32959
5 130602711 rs540701277 0.67453
5 130602858 rs190526427 0.15621
5 130603119 rs6596008 0.0073582
5 130603349 rs145061053 0.30967
5 130603460 rs114751935 0.42457
5 130603677 rs74869102 0.2966
5 130604046 rs72787032 0.31069
5 130604048 rs114708038 0.017896000000000002
5 130604109 rs6876350 0.00012819
5 130604270 rs193293510 0.43054
5 130604282 rs182508907 0.061388
5 130604435 rs114830672 0.45313000000000003
5 130604484 rs140786626 0.13102
5 130604579 rs184951033 0.24074
5 130604700 rs7717085 0.54198
5 130604811 rs7737355 0.00012788
5 130604840 rs532766182 0.2737
5 130605143 rs11745955 0.0073858000000000005
5 130605162 rs75397018 0.014925999999999998
5 130605276 rs145437600 0.42878999999999995
5 130605646 rs138157725 0.032945
5 130605763 rs144245100 0.51972
5 130606340 rs145592244 0.29436999999999997
5 130606391 rs773036944 0.10342
5 130606538 rs141046837 0.37019
5 130606886 rs571622925 0.1064
5 130607007 rs28404850 0.015009999999999999
5 130607032 rs144898870 0.25184
5 130607255 rs146706406 0.030746
5 130607303 rs559206794 0.5583899999999999
5 130607358 rs79654281 0.45092
5 130607378 rs12719444 0.00012969999999999998
5 130607499 rs145484424 0.31916
5 130608093 rs6596009 0.00034676
5 130608495 rs138418497 0.32959
5 130608990 rs188972801 0.38991
5 130609082 rs113953385 0.009501299999999999
5 130609140 rs147304011 0.38116
5 130609327 rs181279873 0.43388999999999994
5 130609526 rs112694676 1.0940999999999999e-05
5 130609630 rs10077467 0.22746
5 130609704 rs115643587 0.56787
5 130610036 rs149674952 0.64827
5 130610071 rs146658798 0.29436999999999997
5 130610307 rs535709569 0.23531
5 130610571 rs146488616 0.6915
5 130610720 rs114960095 0.51964
5 130610832 rs541365786 0.33893
5 130610885 rs76886640 0.30214
5 130611183 rs10035521 0.040871
5 130611186 rs143127315 0.34770999999999996
5 130611670 rs76437480 0.45252
5 130611700 rs1468328 0.002445
5 130612122 rs114692193 0.5053
5 130612218 rs115817444 0.50379
5 130612671 rs6892745 0.4502
5 130612723 rs185342614 0.020072
5 130612798 rs146468258 0.34003
5 130612996 rs530049304 0.14669000000000001
5 130613600 rs11743851 1.5667e-17
5 130613749 rs7719126 0.00013058
5 130613885 rs116720259 0.8924799999999999
5 130614067 rs114426418 0.13918
5 130614406 rs149414477 0.84157
5 130614574 rs191337992 0.3479
5 130614602 rs10058174 0.00012792
5 130614635 rs148592401 0.15424000000000002
5 130614895 rs184761188 0.89031
5 130615082 rs149726625 0.031918
5 130615445 rs6879005 0.00013318
5 130615473 rs115964686 0.39309
5 130616125 rs181422127 0.3477
5 130616158 rs147668723 0.34778000000000003
5 130616188 rs73262392 0.15184
5 130616564 rs114469565 0.11009000000000001
5 130616593 rs141455634 0.51783
5 130616669 rs138253168 0.67686
5 130616752 rs186441864 0.09679
5 130616792 rs12513768 0.0075374
5 130617061 rs556181975 0.8093100000000001
5 130617223 rs146138660 0.3288
5 130617508 rs180838609 0.44676000000000005
5 130617559 rs76485558 0.4977
5 130617597 rs72787033 0.10496
5 130617694 rs752049032 0.9688
5 130618247 rs10478980 0.00013319
5 130618365 rs35230219 0.007871
5 130618697 rs182774389 0.9346200000000001
5 130618812 rs187698960 0.39309
5 130618866 rs80311787 5.6355e-06
5 130618878 rs112879809 0.51783
5 130619037 rs150774958 0.030539
5 130619043 rs115755522 0.29436999999999997
5 130619057 rs6882151 0.16857
5 130619110 rs79781247 0.71144
5 130619227 rs6882481 0.00013309999999999998
5 130619428 rs12515858 0.007578399999999999
5 130619705 rs73262399 0.22428
5 130619847 rs531424739 0.030541000000000002
5 130620110 rs561525987 0.08002100000000001
5 130620278 rs6866768 0.015347999999999999
5 130620357 rs75229529 0.8869299999999999
5 130620719 rs145101507 0.032234
5 130620749 rs139032029 0.9426100000000001
5 130620942 rs142218036 0.34778000000000003
5 130621045 rs116634569 0.9986200000000001
5 130621144 rs533984714 0.55918
5 130621325 rs149272954 0.36109
5 130621355 rs78241843 0.036771
5 130621390 rs577469227 0.7539
5 130621437 rs116417188 0.036854000000000005
5 130621482 rs144520611 0.31851999999999997
5 130621498 rs768314639 0.029421
5 130621533 rs6872972 0.00012801
5 130621879 rs114526647 0.71304
5 130622114 rs147186576 0.030483
5 130622140 rs75063100 0.8806700000000001
5 130622274 rs77029903 0.30409
5 130622566 rs73266379 0.67637
5 130622596 rs7701074 0.00042016
5 130622739 rs563526098 0.54178
5 130622798 rs144479823 0.29436999999999997
5 130622818 rs191886794 0.34819
5 130623232 rs13173941 0.0074217
5 130623358 rs13154452 0.0075375
5 130623716 rs149982336 0.32996
5 130624103 rs78747432 0.71141
5 130624261 rs192457788 0.39763000000000004
5 130624266 rs145120909 0.29436999999999997
5 130624590 rs79340237 0.032625
5 130624627 rs542448526 0.030477999999999998
5 130624758 rs140723618 0.31190999999999997
5 130625121 rs190128527 0.13004000000000002
5 130625226 rs113017841 0.8042199999999999
5 130625238 rs192908146 0.35745
5 130625353 rs148166599 0.30409
5 130625375 rs543134526 0.030647000000000004
5 130625411 rs6596010 0.00012177
5 130625432 rs73249204 0.015343
5 130625536 rs79064844 0.71024
5 130626073 rs13179482 0.007505599999999999
5 130626317 rs80264255 0.30630999999999997
5 130626361 rs116191830 0.63983
5 130626621 rs11242070 0.007507300000000001
5 130626693 rs143489202 0.32923
5 130626955 rs77195176 0.32996
5 130627460 rs7379696 0.0071667
5 130627649 rs114102485 0.43096
5 130627884 rs13185787 0.0074104
5 130628103 rs78623258 1.3835999999999998e-07
5 130628546 rs142823975 0.9426100000000001
5 130629161 rs143652140 0.03714
5 130629197 rs181982464 0.030477999999999998
5 130629392 rs13158295 0.0074042000000000005
5 130629408 rs112016727 0.63393
5 130629488 rs189880861 0.023204
5 130629538 rs6888325 0.015438
5 130629543 rs13158215 0.007128699999999999
5 130629692 rs182502336 0.5251100000000001
5 130629751 rs527816328 0.26038
5 130630090 rs73249208 0.015430000000000001
5 130630189 rs76541912 0.065822
5 130630238 rs186509762 0.24458000000000002
5 130630540 rs183802646 0.39145
5 130630681 rs189495841 0.17845
5 130630933 rs76753289 0.30468
5 130630968 rs12110184 0.7131
5 130631579 rs180846956 0.33639
5 130631750 rs145821654 0.16691
5 130631957 rs141284582 0.50835
5 130632049 rs776126786 0.70957
5 130632284 rs12188836 0.2802
5 130632379 rs12109957 0.036119
5 130632496 rs146063377 0.33294
5 130632653 rs12109963 0.03609
5 130632655 rs1030271 3.3843e-17
5 130632884 rs115692055 0.71396
5 130633311 rs187946833 0.64052
5 130633345 rs189800272 0.32197
5 130633852 rs111609550 0.9027200000000001
5 130633898 rs142936863 0.33129000000000003
5 130634110 rs10077715 0.014232
5 130634427 rs75390797 0.45346000000000003
5 130635021 rs540575478 0.14481
5 130635032 rs11242071 0.38866999999999996
5 130635566 rs10042016 0.039288
5 130635988 rs11242072 0.39085
5 130636095 rs551742073 0.7464
5 130636252 rs545793863 0.026268
5 130636430 rs9327606 0.014691
5 130636577 rs78243651 0.42049
5 130636661 rs555167765 0.13009
5 130636873 rs113436246 0.27449
5 130636890 rs187454031 0.24105
5 130637037 rs575977415 0.54989
5 130637180 rs148757356 0.9097799999999999
5 130637551 rs142401677 0.33241
5 130637861 rs6864145 0.00021542
5 130637862 rs147967717 0.96441
5 130637868 rs6864413 0.00022174
5 130637966 rs550139403 0.33154
5 130638030 rs6868645 0.014681
5 130638154 rs147762537 0.33421999999999996
5 130638823 rs76042957 0.4537
5 130638889 rs73786638 0.29402
5 130639571 rs566404724 0.76548
5 130639753 rs144763479 0.32214
5 130639883 rs138775212 0.34262
5 130639903 rs115483068 0.43157
5 130640115 rs146305914 0.30783
5 130640277 rs555106169 0.17545999999999998
5 130640460 rs10045867 0.22762
5 130640845 rs73786639 0.3021
5 130640985 rs111751453 0.90455
5 130641247 rs545448859 0.5716600000000001
5 130641385 rs139765339 0.3074
5 130641493 rs144858371 0.33126
5 130641785 rs4706018 0.28145
5 130641999 rs145618804 0.026323000000000003
5 130642159 rs145463503 0.33183
5 130642254 rs115641506 0.29481
5 130642267 rs561718635 0.84891
5 130642365 rs148415509 0.28056
5 130642409 5:130642409_C_T 0.77095
5 130642484 rs6892016 0.037069
5 130642756 rs11952974 0.35628000000000004
5 130642758 rs11955964 0.33624
5 130642990 rs550377248 0.29181
5 130643005 rs563847423 0.36662
5 130643153 rs185363073 0.33127
5 130643181 rs551122688 0.33154
5 130643718 rs193138167 0.33632
5 130644621 rs566516585 0.50593
5 130644952 rs564634957 0.47531999999999996
5 130644960 rs530548037 0.33278
5 130645176 rs571755522 0.52103
5 130645832 rs560650787 0.45598
5 130646786 rs576786348 0.50593
5 130646788 rs546074505 0.43157
5 130647004 rs181790933 0.45608999999999994
5 130647464 rs189889251 0.33081
5 130647522 rs553823243 0.33183
5 130647739 rs576121930 0.5603600000000001
5 130647894 rs149572928 0.091649
5 130648192 rs187173609 0.33144
5 130648207 rs567235136 0.34589000000000003
5 130648284 rs545848415 0.32214
5 130648318 rs111759131 0.6579
5 130648393 rs193217001 0.09341100000000001
5 130648622 rs10055329 0.012189
5 130648698 rs186509531 0.36280999999999997
5 130648836 rs191250196 0.033107
5 130648889 rs140036588 0.50985
5 130648926 rs531464660 0.014230000000000001
5 130648965 rs536191046 0.02586
5 130648994 rs2551036 0.00012437
5 130649465 rs566216977 0.025914
5 130649624 rs139971650 0.51126
5 130649969 rs186461252 0.8767299999999999
5 130650003 rs114635272 0.091649
5 130650103 rs115191468 0.4402
5 130650134 rs9327608 0.00012717
5 130650147 rs775679323 0.65852
5 130650148 rs763328065 0.6663100000000001
5 130650355 rs144879477 0.342
5 130651150 rs569639246 0.098873
5 130651211 rs6872533 1.6195e-07
5 130651370 rs186788487 0.311
5 130651584 rs114389248 0.91391
5 130651948 rs151018763 0.025901
5 130651969 rs6596013 0.014603
5 130652115 rs7718039 0.014762
5 130652540 rs73786643 0.3327
5 130652760 rs544939875 0.12602
5 130652768 rs182150576 0.85419
5 130652778 rs187649221 0.025847000000000002
5 130653007 rs184779678 0.9355
5 130653416 rs189370714 0.02586
5 130653529 rs117122124 0.2527
5 130653681 rs185982921 0.092049
5 130653954 rs186322149 0.58637
5 130654054 rs73786644 0.29600000000000004
5 130654135 rs116779320 0.64457
5 130654302 rs74462738 0.45666999999999996
5 130654639 rs183007435 0.82009
5 130654681 rs144031111 0.56043
5 130654837 rs248652 0.00013352
5 130654900 rs79205911 0.11597
5 130655025 rs187553019 0.9355
5 130655171 rs7705623 0.90104
5 130655176 rs141559169 0.29181
5 130655306 rs59385278 0.6659999999999999
5 130655526 rs112341930 4.3159e-08
5 130655657 rs544039609 0.039528
5 130655945 rs13175084 2.0674e-09
5 130656028 rs248653 0.91243
5 130656155 rs144985391 0.33921999999999997
5 130656157 rs114018291 0.28104
5 130656290 rs557503741 0.02586
5 130656299 rs149114422 0.50985
5 130656474 rs180852569 0.025925
5 130656796 rs73786646 0.33799
5 130656907 rs248654 0.87144
5 130656960 rs116163579 0.032157
5 130657061 rs184598017 0.22121999999999997
5 130657233 rs79777478 0.40875
5 130657410 rs528569801 0.35234
5 130657418 rs2549011 0.007529000000000001
5 130657605 rs150250075 0.64457
5 130657630 rs138864474 0.29608
5 130657635 rs149431082 0.044989
5 130657755 rs565283794 0.82652
5 130658523 rs115832873 0.29181
5 130658612 rs80152450 0.51126
5 130658778 rs139223208 0.9350799999999999
5 130658808 rs555257718 0.025914
5 130658997 rs532659416 0.07835
5 130659073 rs80334274 0.25586
5 130659568 rs73786648 0.33762
5 130659660 rs139594597 0.33663000000000004
5 130659699 rs147859728 0.40865999999999997
5 130659758 rs2549012 8.739499999999999e-11
5 130659879 rs572203477 0.025847000000000002
5 130660395 rs17167011 0.011636
5 130660566 rs147659145 0.51126
5 130661538 rs185191148 0.98561
5 130661819 rs145778582 0.46152
5 130661828 rs183371911 0.51126
5 130661832 rs188725920 0.9355
5 130661971 rs558895257 0.22816999999999998
5 130662108 rs184064323 0.9546399999999999
5 130662187 rs78078182 0.46113999999999994
5 130662481 rs183789139 0.28796
5 130662541 rs116354765 0.39369
5 130662649 rs77301419 0.045482999999999996
5 130663502 rs190312977 0.25489
5 130663557 rs181956179 0.2538
5 130663719 rs143976055 0.02586
5 130664139 rs148634266 0.34149
5 130664254 rs535829836 0.15785
5 130664739 rs563703128 0.28876
5 130664875 rs147667532 0.54461
5 130665433 5:130665433_A_T 0.96419
5 130665483 rs145778296 0.9350799999999999
5 130665828 rs77080701 0.091325
5 130665854 rs72787045 0.011674
5 130665905 rs73786649 0.33408000000000004
5 130666121 rs6897209 0.15793
5 130666333 rs564671383 0.62862
5 130666720 rs80069377 0.29591999999999996
5 130666728 rs114619265 0.24927
5 130666738 rs148374507 0.9350799999999999
5 130666822 rs185207438 0.21706999999999999
5 130666955 rs245801 0.00013696
5 130667060 rs73249242 0.20435999999999999
5 130667250 rs73786650 0.33371
5 130667637 rs182804346 0.86769
5 130668031 rs527745690 0.5636
5 130668207 rs539870943 0.34009
5 130668262 rs570332177 0.4638
5 130668407 rs543048118 0.25387
5 130668603 rs192777946 0.5031399999999999
5 130668920 rs187596807 0.34152
5 130669201 rs533421488 0.00053102
5 130669558 rs573028562 0.48532
5 130669707 rs528733312 0.28552
5 130670035 rs189779436 0.29123000000000004
5 130670528 rs542746666 0.47726999999999997
5 130670637 rs139620116 0.6903100000000001
5 130670784 rs552176776 0.7733899999999999
5 130671146 rs188967709 0.29181
5 130671218 rs143622434 0.078636
5 130671304 rs59910075 0.17926
5 130671568 rs59237145 0.29608
5 130671606 rs58146308 0.66759
5 130671660 rs111327844 0.049036
5 130671950 rs4277909 0.036067
5 130672061 rs151240414 0.17165
5 130672158 rs182453171 0.28796
5 130672161 rs533075663 0.025847000000000002
5 130672309 rs190354987 0.057218
5 130672358 rs540140240 0.025907
5 130672410 rs139314214 0.012713
5 130672418 rs541902928 0.025925
5 130672442 rs144249792 0.012713
5 130672454 rs245798 0.0077978000000000006
5 130672475 rs546510751 0.7562
5 130672478 rs563490273 0.023574
5 130672605 rs114479996 0.35952
5 130672611 rs115386601 0.29608
5 130672625 rs6596016 0.036067
5 130672655 rs374142486 0.32195999999999997
5 130672693 rs145101448 0.29165
5 130672748 rs245799 0.007786100000000001
5 130672947 rs6596017 0.014474
5 130672958 rs193735 0.92074
5 130673014 rs191754186 0.30107
5 130673102 rs542848834 0.40165
5 130673199 rs187154723 0.43378999999999995
5 130673343 rs189640517 0.33150999999999997
5 130673421 rs112079694 0.33813000000000004
5 130673439 rs180783788 0.31822
5 130673538 rs75664071 0.15575
5 130673610 rs146968852 0.077535
5 130673669 rs168706 0.90559
5 130673697 rs6897798 0.014163999999999998
5 130673730 rs111549915 0.049036
5 130673741 rs113651177 0.11597
5 130673853 rs28470666 0.0073506
5 130674076 rs4706020 2.066e-17
5 130674399 rs144683300 0.33146
5 130674412 rs148495742 0.02586
5 130674605 rs192898657 0.8623799999999999
5 130674618 rs112928061 0.48793000000000003
5 130674619 rs115695417 0.0021721999999999996
5 130674698 rs189398956 0.025847000000000002
5 130674706 rs193531 0.00012834
5 130674994 rs140609744 0.9419
5 130675159 rs150048892 0.85546
5 130675175 rs145404449 0.85546
5 130675361 rs141172419 0.00017704
5 130675755 rs73786651 0.33435
5 130675826 rs146927538 0.33150999999999997
5 130675950 rs115327432 0.89165
5 130675996 rs148236059 0.026255
5 130676041 rs183264964 0.6087199999999999
5 130676067 rs186496408 0.48328000000000004
5 130676173 rs73786652 0.33569
5 130676300 rs13174167 0.2846
5 130676333 rs73786653 0.33396
5 130676449 rs116008162 0.031206
5 130676468 rs6884517 0.036277
5 130676475 rs6884108 0.014371
5 130676476 rs183042372 0.025847000000000002
5 130676745 rs116084466 0.5038600000000001
5 130677003 rs73786654 0.33641
5 130677186 rs146051179 0.51126
5 130677217 rs74724217 0.46348
5 130677236 rs770181580 0.8822
5 130677457 rs140084639 0.0011519
5 130677596 rs541389678 0.16526
5 130677935 rs184939769 0.39103000000000004
5 130678146 rs190790297 0.79865
5 130678195 rs180838008 0.9350799999999999
5 130678207 rs148571459 0.46076999999999996
5 130678366 rs142919938 0.025883999999999997
5 130678436 rs55773458 0.33755999999999997
5 130678498 rs245795 0.0078412
5 130678785 rs539174716 0.11634000000000001
5 130678820 rs189440671 0.026179
5 130678884 rs112251674 0.47285
5 130679059 rs541132818 0.21361
5 130679478 rs113995735 0.35681
5 130679650 rs138449817 0.29181
5 130679713 rs116482337 0.6040399999999999
5 130679760 rs112356757 0.0054122
5 130679924 rs115191011 0.54403
5 130680021 rs148885839 0.64074
5 130680057 rs114147737 0.031309
5 130680184 rs245796 0.007863
5 130680260 rs544279691 0.025847000000000002
5 130680367 rs245797 0.0073549999999999996
5 130680464 rs182510036 0.8526100000000001
5 130680782 rs142629357 0.078794
5 130680958 rs138786175 0.032367
5 130681032 rs171536 0.0073592
5 130681202 rs150861257 0.19976
5 130681224 rs139299786 0.64375
5 130681319 rs149622553 0.46813
5 130681599 rs534358330 0.32214
5 130681687 rs529795664 0.055060000000000005
5 130681899 rs113935059 0.010532
5 130681945 rs376791434 0.19621
5 130681985 rs147563422 0.16348
5 130682066 rs189481109 0.18838
5 130682089 rs191524737 0.045106
5 130682284 rs562076818 0.25632
5 130682359 rs151176732 0.50985
5 130682421 rs140164959 0.0097039
5 130682531 rs181467119 0.30662
5 130682622 rs1088581 0.00013371
5 130682688 rs141114899 0.35115
5 130682850 rs138752772 0.34226999999999996
5 130682864 rs565323228 0.56307
5 130683019 rs149360524 0.031266
5 130683092 rs191063604 0.29181
5 130683108 rs10050573 0.007890300000000001
5 130683298 rs148119951 0.34226999999999996
5 130683416 rs141875295 0.40285
5 130683530 rs140873504 0.46128
5 130683531 rs143208256 0.46128
5 130683556 rs188752542 0.5911
5 130683874 rs60612805 0.078665
5 130684138 rs148431299 0.33109
5 130684157 rs774269588 0.61542
5 130684344 rs141050932 0.05343099999999999
5 130684355 rs13359048 0.008508400000000001
5 130684464 rs798411 0.00013733
5 130684791 rs190251206 0.025847000000000002
5 130684859 rs150407412 0.46123000000000003
5 130685173 rs149166060 0.32214
5 130685260 rs75158999 0.48649
5 130685289 rs10056168 0.0097828
5 130685868 rs17132470 0.0056876
5 130685946 rs146657456 0.02531
5 130685960 rs568371922 0.40328
5 130686169 rs139131763 0.34218000000000004
5 130686187 rs143249210 0.34002
5 130686286 rs116718443 0.23164
5 130686792 rs77695530 0.30561
5 130686831 rs10478982 0.23179
5 130686845 rs56827777 0.33815
5 130686866 rs150719405 0.3314
5 130686962 rs74341491 0.30981
5 130687032 rs414675 0.0075884
5 130687137 rs382216 0.78738
5 130687236 rs565926151 0.76184
5 130687343 rs112527859 0.66678
5 130687696 rs143403453 0.29481
5 130688378 rs798407 0.0073429
5 130688481 rs75820805 0.64074
5 130688654 rs6894704 0.16785
5 130688824 rs79578803 0.46123000000000003
5 130689143 rs183620116 0.9350799999999999
5 130689163 rs798406 0.0073669
5 130689398 rs188333226 0.057738
5 130689402 rs146338384 0.63478
5 130689498 rs73249283 0.14479
5 130689515 rs191299223 0.7238
5 130689529 rs139164278 0.30741999999999997
5 130689598 rs114015736 0.45633
5 130689713 rs810078 1.0862e-07
5 130689896 rs115133214 0.45645
5 130690315 rs550972888 0.6756
5 130690456 rs577742775 0.77035
5 130690506 rs75980867 0.70043
5 130690527 rs7726432 0.015575
5 130690557 rs192769006 0.025793
5 130690633 rs543616889 0.59149
5 130691066 rs57700693 0.3519
5 130691094 rs138246532 0.07068300000000001
5 130691791 rs142378637 0.30114
5 130692045 rs2549017 0.0071788
5 130692076 rs529368925 0.59149
5 130692367 rs10063206 0.0055447
5 130692609 rs189711137 0.96254
5 130692840 rs3756295 1.5837e-09
5 130692901 rs73786656 0.33496
5 130692927 rs115542579 0.39369
5 130693100 rs798416 0.00013319999999999999
5 130693461 rs139172180 0.30121
5 130693478 rs559484879 0.02578
5 130693564 rs149928941 0.33565
5 130693723 rs798415 0.00013627
5 130693851 rs142252650 0.026258
5 130693915 rs147865891 0.33189
5 130694428 rs142215072 0.29469
5 130694492 rs144610325 0.95414
5 130694707 rs6888994 0.040174
5 130694814 rs6869961 0.016197
5 130695152 rs11951274 0.016502
5 130695181 rs138505481 0.025773
