CHR BP SNP P
22 42299535 rs17379759 0.0069911
22 42299810 rs115778233 0.014481
22 42299817 rs74989989 1.3733e-23
22 42300062 rs6002529 0.9332600000000001
22 42300066 rs77564257 0.086911
22 42300143 rs533690725 0.84729
22 42300173 rs5996084 0.9220299999999999
22 42300204 rs73430995 0.7923100000000001
22 42300248 rs73165117 1.5906e-23
22 42300411 rs75783802 0.60997
22 42300710 rs140511856 0.68415
22 42300878 rs80119854 0.0061301
22 42300948 rs17848337 1.4125999999999998e-23
22 42301014 rs2269662 4.241600000000001e-22
22 42301131 rs186029532 0.68297
22 42301133 rs1894710 0.0068568
22 42301309 rs569691726 0.68297
22 42301395 rs184011131 0.50793
22 42301434 rs41276325 0.91156
22 42301477 rs199735149 0.99695
22 42301554 rs11538312 0.5364
22 42301712 rs2157590 0.006507300000000001
22 42301748 rs2229442 5.4905e-23
22 42301772 rs768600501 0.49846
22 42301815 rs190471548 0.56411
22 42301869 rs576372173 0.9057200000000001
22 42301870 rs183045818 0.080065
22 42301923 rs147855211 0.26408000000000004
22 42301943 rs2269664 4.0200000000000005e-23
22 42301997 rs73431000 0.78485
22 42302243 rs191835473 0.08746799999999999
22 42302311 rs4822067 0.006804000000000001
22 42302333 rs182758758 0.014972
22 42302464 rs6002530 0.85965
22 42302664 rs1132781 0.8165100000000001
22 42302910 rs8988 0.82395
22 42302958 rs59344209 0.67883
22 42303020 rs150114731 0.26852
22 42303200 rs146594578 0.94806
22 42303314 rs573197878 0.0011102
22 42303724 rs73165119 4.3738000000000004e-23
22 42303767 rs145147531 0.62936
22 42303839 rs79498857 4.7485e-23
22 42303987 rs73165121 4.4243999999999996e-23
22 42304059 rs73432606 0.26609
22 42304756 rs9611691 0.84144
22 42305508 rs6002531 0.8432299999999999
22 42305583 rs6002532 0.90875
22 42305801 rs756893043 0.96835
22 42306004 rs141868904 0.8995799999999999
22 42306292 rs865983095 0.96772
22 42306787 rs113008623 0.66178
22 42306923 rs28451556 0.84104
22 42307076 rs538501435 0.55283
22 42307113 rs867950775 0.96247
22 42307193 rs765803383 0.25956999999999997
22 42307226 rs76140449 4.949100000000001e-23
22 42307239 rs117492772 5.2604999999999995e-23
22 42307763 rs6002536 1.4210000000000001e-22
22 42307810 rs146928770 4.8343999999999997e-23
22 42307844 rs578034272 0.0022084
22 42307895 rs79681549 0.0089487
22 42307993 rs112648327 0.66166
22 42308027 rs139218650 0.52188
22 42308080 rs6002537 1.3886000000000001e-22
22 42308152 rs78328564 5.2329e-23
22 42308284 rs73165124 5.2567e-23
22 42308610 rs148613983 0.62965
22 42308739 rs5758504 2.6723000000000004e-07
22 42308916 rs5758505 0.13821
22 42309159 rs12160872 0.9052600000000001
22 42309170 rs74421113 0.44876000000000005
22 42309193 rs12160879 0.8945
22 42309244 rs12160926 5.749100000000001e-23
22 42309310 rs56874660 0.66924
22 42309412 rs117933749 0.8732
22 42309416 rs769934715 0.20722
22 42309419 rs7284216 0.73215
22 42309472 rs141336766 0.23289
22 42309549 rs77288416 0.94584
22 42309572 rs7292594 0.87741
22 42309576 rs151323149 0.05042
22 42309650 rs61603876 2.7041e-23
22 42310037 rs575301395 0.04269
22 42310652 22:42310652_C_A 0.12791
22 42310914 rs6002539 8.6255e-23
22 42310927 rs180755164 0.88794
22 42310961 rs559859450 0.63313
22 42310988 rs117237923 5.1473e-23
22 42311058 rs140649172 8.531200000000002e-23
22 42311062 rs553826753 0.085128
22 42311141 rs138121292 0.88807
22 42311204 rs149567399 0.49163999999999997
22 42311309 rs146504147 0.5746399999999999
22 42311568 rs563620040 0.6118100000000001
22 42311956 rs533594949 0.95691
22 42312007 rs191745877 0.16899
22 42312055 rs746815576 0.38456
22 42312128 rs531676914 0.5396
22 42312283 rs60559929 0.53245
22 42312467 rs148059984 0.71333
22 42312620 rs79451274 0.012863
22 42312790 rs191512942 0.91538
22 42312807 rs141342807 3.8306999999999995e-23
22 42313293 rs79177391 0.051555
22 42313324 rs73165125 3.7201e-23
22 42313352 rs373284570 0.15479
22 42313463 rs534181419 0.5473
22 42313976 rs549199401 0.93639
22 42313995 rs73165126 3.4834e-23
22 42314061 rs116659718 0.26466
22 42314124 rs73165127 3.5154000000000004e-23
22 42314392 rs8140914 0.32752
22 42314433 rs744012 0.83629
22 42314634 rs576571063 0.29149
22 42314696 rs146434619 0.034395
22 42314787 rs139131703 0.032556
22 42314811 rs185364019 0.9641200000000001
22 42315134 rs141696401 0.23665
22 42315361 rs115064715 0.11698
22 42315371 rs73165129 3.1354e-23
22 42315706 rs76756093 0.8584799999999999
22 42315790 rs763263 6.4896e-20
22 42315959 rs192975481 0.3307
22 42315986 rs115889059 0.13437000000000002
22 42315993 rs57249443 0.81807
22 42316330 rs188465847 0.54415
22 42316364 rs115062806 0.5955699999999999
22 42316496 rs73165130 2.7749e-23
22 42317023 rs79784624 0.85992
22 42317111 rs5996085 0.888
22 42317351 rs187033750 0.6212
22 42317352 rs189510536 0.6295
22 42317418 rs12169561 0.21477
22 42317478 rs182240980 3.2183999999999996e-23
22 42317507 rs553113013 0.61049
22 42318068 rs116853696 0.50859
22 42318239 rs144021441 0.64323
22 42318344 rs115102353 0.92769
22 42318348 rs115847067 0.26993
22 42318560 rs6002542 0.87602
22 42319007 rs116572943 0.012154
22 42319079 rs183353138 0.9568200000000001
22 42319669 rs79006183 0.00041993
22 42320131 rs80243871 3.8367e-23
22 42320261 rs5996086 0.98854
22 42320547 rs6002543 4.5138999999999996e-23
22 42320603 rs58264802 0.8968
22 42320612 rs150043880 0.56491
22 42320740 rs58172291 0.52478
22 42320789 rs142665125 0.8430200000000001
22 42320849 rs144617529 0.037836
22 42320853 rs6002544 0.9103899999999999
22 42321251 rs7290134 2.5892e-18
22 42321451 rs61756766 0.41831
22 42321591 rs5996087 6.1783e-23
22 42321647 rs73432616 0.7296600000000001
22 42321757 rs55898132 2.3688000000000002e-23
22 42322016 rs73165134 6.277e-23
22 42322155 rs150374940 0.3546
22 42322190 rs190252814 0.61049
22 42322502 rs150150552 0.98513
22 42322526 rs868540681 0.9628899999999999
22 42322716 rs77874543 2.2055e-23
22 42323888 rs142376744 0.4336
22 42323913 rs5996088 3.7253000000000004e-23
22 42324463 rs77657071 1.3917999999999998e-23
22 42324521 rs41277473 1.4090999999999997e-23
22 42324615 rs143941892 0.061859000000000004
22 42324622 rs12158335 1.4234e-18
22 42324700 rs117193272 1.4101e-23
22 42324725 rs34293106 0.62151
22 42325017 rs75743846 0.37318
22 42325397 rs74373789 0.25323
22 42325857 rs184225969 0.8917700000000001
22 42326166 rs144886236 6.8878e-24
22 42326181 rs8139212 0.00066598
22 42326606 rs117215978 6.7062e-24
22 42326720 rs186715304 0.0063533
22 42326817 rs145240808 0.09087200000000001
22 42326943 rs149176701 0.8528
22 42327050 rs143290435 0.5948
22 42327303 rs140350285 0.12415999999999999
22 42327659 rs73165137 6.4002999999999994e-24
22 42327739 rs73165139 6.8351e-24
22 42327839 rs187982224 0.25989
22 42328246 rs141620959 0.8399399999999999
22 42328879 rs529445392 0.016026
22 42329201 rs115906011 0.17145
22 42329275 rs77441740 0.082662
22 42329284 rs112045239 0.005614899999999999
22 42329371 rs149259542 0.80647
22 42329466 rs114416269 0.56986
22 42329597 rs74348413 6.29e-24
22 42329632 rs115089782 0.5088
22 42329842 rs116662911 0.72087
22 42329951 rs114638904 0.5311
22 42330183 rs79110057 0.17099
22 42330229 rs9620001 9.4441e-22
22 42330336 rs73165141 4.737599999999999e-24
22 42330365 rs115543227 0.16610999999999998
22 42330492 rs147531601 0.027933999999999997
22 42331157 rs151023921 0.0057131
22 42331208 rs139696415 0.23185999999999998
22 42331257 rs188477784 0.60998
22 42331409 rs10154646 8.411599999999999e-22
22 42331535 rs116758377 0.48496000000000006
22 42331643 rs146823701 0.15302000000000002
22 42331740 rs9607859 0.9784200000000001
22 42332165 rs145492349 0.15932000000000002
22 42332436 rs5996089 7.6158e-24
22 42332753 rs149125093 5.6042e-07
22 42332977 rs140109430 0.15789
22 42333105 rs75692143 0.017061
22 42333298 rs560515740 0.9451
22 42333330 rs6002545 0.00087859
22 42333336 rs763784003 0.70767
22 42333408 rs6002546 3.5969000000000005e-18
22 42333644 rs138044896 0.1513
22 42333802 rs9611693 0.5745600000000001
22 42333934 rs183454112 0.12819
22 42334063 rs139454492 5.8538e-24
22 42334168 rs190884513 0.037024
22 42334231 rs73432628 0.00073815
22 42334588 rs117962560 5.9974999999999995e-24
22 42334660 rs8135804 0.0007377000000000001
22 42334748 rs6002547 0.9750200000000001
22 42334953 rs1047997 9.7444e-22
22 42335068 rs570248268 0.32341
22 42335343 rs187522695 0.9669700000000001
22 42335411 rs55917324 6.549800000000001e-24
22 42335412 rs78296187 0.01999
22 42335562 rs12160460 0.9762
22 42335621 rs1894713 9.366499999999998e-22
22 42335740 rs75762735 0.8830399999999999
22 42335949 rs180760807 0.15467
22 42335970 rs67516067 0.00099749
22 42336172 rs5758511 0.019887000000000002
22 42336237 rs73165147 0.00075503
22 42336560 rs189410460 0.17522000000000001
22 42336783 rs12483944 0.00076903
22 42337040 rs6002548 2.4053000000000003e-21
22 42337360 rs142288312 0.70463
22 42337733 rs6002550 0.9335100000000001
22 42337837 rs116544275 0.54446
22 42338152 rs6002551 0.0006391
22 42338256 rs116328069 0.9227700000000001
22 42338351 rs6002552 7.944000000000001e-22
22 42338492 rs148819236 0.21227
22 42338525 rs181765709 0.11759000000000001
22 42338571 rs556003117 0.31963
22 42338895 rs116097073 0.23239
22 42339095 rs6002554 2.4511999999999998e-21
22 42339411 rs186744382 0.54551
22 42339516 rs3752591 3.1705e-21
22 42339525 rs10483213 0.15759
22 42340037 rs778207593 0.9607600000000001
22 42340217 rs7288143 0.74668
22 42340397 rs73165152 0.00046988
22 42340569 rs1023498 8.5119e-22
22 42340582 rs1023499 2.2261e-21
22 42340623 rs79469739 0.21713000000000002
22 42340731 rs141955649 0.0029366999999999996
22 42340812 rs111700096 0.9232299999999999
22 42340844 rs1023500 2.1288e-21
22 42340849 rs78237802 0.015038
22 42341046 rs150687600 0.20698000000000003
22 42341308 rs7293091 5.5367e-21
22 42341363 rs73165153 5.5482e-23
22 42341934 rs35542507 1.2241e-22
22 42342051 rs369429864 0.62211
22 42342064 rs189490690 0.20521
22 42342462 rs34730141 0.80455
22 42342576 rs146316465 0.30017
22 42342577 rs139523108 0.30017
22 42342765 rs3752592 0.00069368
22 42342839 rs79021997 0.25777
22 42342870 rs41277477 8.802600000000001e-23
22 42343017 rs73432654 0.72168
22 42343091 rs6002555 4.889499999999999e-22
22 42343238 rs181451477 0.19287
22 42343773 rs6002556 3.0329e-07
22 42344152 rs6002557 0.2132
22 42344167 rs183594509 9.489499999999999e-07
22 42344232 rs77293630 0.62757
22 42344266 rs5996091 5.9084e-05
22 42344297 rs8140869 0.0028288000000000002
22 42344373 rs74824806 0.0071524
22 42344408 rs5996092 8.823100000000001e-09
22 42344515 rs8140933 0.8880299999999999
22 42344872 rs8141722 6.224899999999999e-05
22 42344911 rs62240992 0.0027046999999999996
22 42344914 rs545921694 0.50922
22 42345070 rs5996093 6.657e-05
22 42345181 rs5751182 0.90031
22 42345554 rs77689114 0.21545999999999998
22 42345712 rs8137664 0.9066700000000001
22 42345902 rs145841401 0.005310100000000001
22 42345921 rs113404004 0.62488
22 42346042 rs73165159 0.060114
22 42346098 rs111622994 0.6874
22 42346121 rs187206021 0.18882000000000002
22 42346427 rs190505004 0.6298600000000001
22 42346475 rs12167978 0.0024351
22 42346728 rs62240993 0.0040238
22 42346781 rs55651128 0.0027186999999999997
22 42346882 rs145901895 0.63035
22 42347060 rs5996094 1.5559e-08
22 42347371 rs11913631 0.0031601999999999997
22 42347391 rs11913578 0.0030858
22 42347791 rs76531455 0.08215499999999999
22 42347844 rs2187959 0.86054
22 42348062 rs28722907 0.055066
22 42348094 rs2157591 5.0598e-05
22 42348134 rs115780094 0.6590199999999999
22 42348335 rs116295155 0.058552999999999994
22 42348355 rs2187960 0.00042249999999999997
22 42348602 rs6519296 0.85124
22 42348790 rs7285557 6.6742e-09
22 42349134 rs1894714 0.0031926
22 42349142 rs6002558 0.95378
22 42349534 rs12158612 0.07925399999999999
22 42349710 rs5751186 0.0024729
22 42349814 rs186930733 0.49977
22 42349847 rs6519297 5.3994e-05
22 42349912 rs55903228 0.21175
22 42350090 rs139673891 0.36201
22 42350127 rs55718937 0.0024185
22 42350330 rs147646879 0.60895
22 42350409 rs183056769 0.58841
22 42350510 rs5751187 0.061148
22 42350654 rs546298968 0.95362
22 42350885 rs142080549 0.60109
22 42351289 rs12158579 0.002479
22 42351294 rs140244992 0.4033
22 42351309 rs58302269 0.0024348000000000004
22 42351477 rs9680671 0.0025845
22 42351481 rs4822069 1.3409999999999999e-08
22 42351538 rs145793708 0.13699
22 42351577 rs140674236 0.77367
22 42351586 rs187761207 0.29461
22 42351638 rs193242290 0.0060925
22 42351661 rs377209438 0.55837
22 42352081 rs4822070 5.3188e-05
22 42352438 rs191969924 0.63125
22 42352983 rs181281616 0.031185
22 42353064 rs4822071 0.97711
22 42353408 rs73417007 4.0456999999999996e-05
22 42354065 rs370127884 0.5455399999999999
22 42354194 rs73885868 0.7875
22 42354225 rs114433289 0.6308600000000001
22 42354362 rs73885869 0.39116
22 42354389 rs62240996 0.9248
22 42354567 rs62240997 0.0022334
22 42354590 rs180942094 0.67957
22 42354642 rs73165163 2.2347e-22
22 42354701 rs62240998 0.89691
22 42355056 rs113402873 0.57296
22 42355316 rs192399269 0.0054938999999999995
22 42355423 rs112458483 0.57293
22 42355549 rs73165164 0.0025704
22 42355563 rs62240999 0.0025433000000000005
22 42355908 rs73165165 0.07447899999999999
22 42355997 rs67222508 5.1231000000000005e-05
22 42356269 rs78940295 0.9285899999999999
22 42356278 rs6002559 0.6883699999999999
22 42356291 rs182929734 0.50022
22 42356321 rs78863773 4.3831e-05
22 42356430 rs7288749 0.0024111000000000002
22 42356482 rs5758520 0.56772
22 42356746 rs147215108 0.41939
22 42356782 rs140654216 0.56034
22 42356886 rs6002560 0.85009
22 42357101 rs187532133 0.69805
22 42357105 rs116886599 0.21893
22 42357230 rs191647143 0.72893
22 42357269 rs58555892 0.08978
22 42357462 rs566365327 0.62727
22 42357852 rs57986573 4.7738e-05
22 42358040 rs5751188 0.060837
22 42358097 rs747710180 0.36406
22 42358124 rs140653855 0.14995999999999998
22 42358187 rs184548305 0.72682
22 42358413 rs8140164 4.7361e-05
22 42358462 rs371125525 0.5231100000000001
22 42358987 rs28706945 0.09285800000000001
22 42359204 rs6002561 1.014e-08
22 42359229 rs60751895 0.00014406
22 42359302 rs1984419 0.9506899999999999
22 42359320 rs148934627 0.099004
22 42359353 rs114494434 0.93173
22 42359399 rs6002562 0.67904
22 42359417 rs190875876 0.53885
22 42359571 rs6002563 0.72527
22 42359716 rs147205283 0.6736
22 42359793 rs8137409 0.00010055
22 42359815 rs191895343 0.56545
22 42359927 rs6002564 0.62981
22 42360060 rs6002565 0.69992
22 42360239 rs115671167 0.56975
22 42360258 rs80214242 0.0095678
22 42360407 rs67797654 0.00011896
22 42360517 rs139009622 0.18289
22 42360574 rs9623482 0.0029372
22 42360833 rs4822072 4.2398000000000005e-06
22 42361137 rs139889573 0.27431
22 42361150 rs143270782 0.74035
22 42361237 rs5751189 0.75155
22 42361336 rs5996096 1.2973e-22
22 42361747 rs577815598 0.31285
22 42362457 rs4822074 1.1605e-26
22 42362560 rs4822075 0.00010345
22 42362651 rs75674686 0.3952
22 42362656 rs73885875 0.90255
22 42362711 rs114064124 0.5381199999999999
22 42362844 rs116483255 0.14712
22 42362871 rs747496017 0.28485
22 42363161 rs76859597 0.40538
22 42363408 rs2899350 2.1166e-12
22 42363621 rs117665615 1.1940000000000001e-06
22 42363625 rs114934204 0.62673
22 42363812 rs79005996 0.00048451
22 42364057 rs4822076 7.1583999999999995e-31
22 42364089 rs554045912 0.81831
22 42364432 rs77350866 0.2466
22 42364479 rs78078387 0.008969
22 42364559 rs139816395 0.051415999999999996
22 42364762 rs141597574 0.19418
22 42364997 rs6519298 5.1315e-17
22 42365071 rs181591769 0.7447699999999999
22 42365073 rs10154700 0.005227300000000001
22 42365146 rs113578638 0.46852
22 42365314 rs10154713 0.79932
22 42365424 rs10154718 0.80191
22 42365755 22:42365755_G_A 0.0043253
22 42365844 rs182217877 0.44343999999999995
22 42366516 rs183372235 0.74516
22 42366808 rs111840392 0.7076399999999999
22 42366919 rs191308509 0.7524
22 42367069 rs557873241 0.1158
22 42367795 rs74530375 0.010295
22 42367835 rs112395139 0.43468
22 42367837 rs916440 0.00042598
22 42367968 rs79835406 0.00031985
22 42368030 rs112493681 0.43146999999999996
22 42368101 rs79676649 0.013774000000000002
22 42368232 rs141560735 0.1214
22 42368491 rs146208980 0.42552
22 42368669 rs535290677 0.9420200000000001
22 42368676 rs12169331 0.80102
22 42368846 rs150865799 0.61782
22 42368857 rs739292 1.7778e-17
22 42369095 rs5758525 5.1228e-28
22 42369228 rs66487809 0.00036517
22 42369418 rs374051641 0.42633000000000004
22 42369423 rs190397681 0.22924
22 42369654 rs181753914 0.61378
22 42369783 rs147751668 0.52242
22 42370021 rs9623485 0.77083
22 42370034 rs116388761 0.009712700000000001
22 42370239 rs12166497 0.80569
22 42370299 rs116168926 0.01454
22 42370592 rs12166687 0.39631
22 42370715 rs143714097 0.0091933
22 42370719 rs548753527 0.60901
22 42370991 rs5751191 6.698899999999999e-19
22 42371137 rs79622696 0.21691
22 42371333 rs4820451 1.3535e-27
22 42371662 rs114702848 0.4116
22 42371679 rs138777163 0.8330299999999999
22 42371931 rs111329481 0.43932
22 42372022 rs115287165 0.030341000000000003
22 42372381 rs13053833 0.17732
22 42372528 rs143960902 0.77242
22 42372661 rs529692470 0.081437
22 42373244 rs75463069 0.0092606
22 42373643 rs184393683 0.77674
22 42373644 rs188492459 0.0022631
22 42373648 rs739293 5.7129e-27
22 42373967 rs144025104 0.78286
22 42374349 rs147322446 0.014113999999999998
22 42374605 rs180859541 0.67848
22 42374985 rs118061137 0.0018742999999999998
22 42375112 rs73885879 0.0834
22 42375116 rs880578 0.6762100000000001
22 42375228 rs763260 1.7092e-27
22 42375404 rs556355899 0.94515
22 42375761 rs5758527 2.6555000000000002e-18
22 42375777 rs12166301 0.40383
22 42375852 rs73417033 0.38788
22 42375955 rs192007545 0.6041300000000001
22 42376278 rs58352706 0.12292
22 42376286 rs146755349 0.8346299999999999
22 42376614 rs5758529 3.8296e-14
22 42376923 rs116040303 0.0084979
22 42376964 rs4822077 3.1699e-29
22 42377315 rs114095389 0.27769
22 42377399 rs56861042 0.45871999999999996
22 42377851 rs188924870 0.65176
22 42377878 rs2269665 0.010493
22 42378070 rs11914200 0.99061
22 42378076 rs61024973 0.44442
22 42378085 rs77694682 0.25769000000000003
22 42378087 rs193136308 0.0089975
22 42378188 rs143608327 0.77341
22 42378189 rs77350086 0.2933
22 42378250 rs12330125 0.7644
22 42378310 rs113043477 0.39188
22 42378467 rs113424985 0.38974000000000003
22 42378507 rs62241000 0.99823
22 42378672 rs183843865 0.61266
22 42378819 rs9620002 0.77144
22 42378937 rs139249861 0.75998
22 42379050 rs762027238 0.46362
22 42379377 rs73417038 0.38239
22 42379681 rs149420838 0.60017
22 42379813 rs5751194 2.0165000000000003e-27
22 42379815 rs181610350 0.017197
22 42380001 rs5751195 2.4451e-18
22 42380464 rs150638247 0.77337
22 42380648 rs5758531 0.00051501
22 42380973 rs373057778 0.41651000000000005
22 42381061 rs187802995 0.40049
22 42381114 rs57318716 0.45718000000000003
22 42381157 rs12330001 0.20911
22 42381375 rs112572793 0.40002
22 42381419 rs748968890 0.29049
22 42381427 rs5758532 0.00052364
22 42381703 rs112204402 0.034194999999999996
22 42381726 rs739294 5.2195000000000005e-14
22 42381892 rs56177503 0.10685
22 42382437 rs118142868 0.10318
22 42382526 rs146960758 0.81409
22 42382748 rs133292 1.8503999999999998e-18
22 42382797 rs133293 3.3689e-18
22 42382805 rs133294 4.6505e-18
22 42383506 rs9620003 0.88581
22 42383583 rs59189606 0.49535
22 42383954 rs58273424 0.45505
22 42384010 rs531799204 0.95955
22 42384017 rs59268048 0.42717
22 42384019 rs117644134 0.058645
22 42384048 rs59891937 0.40839000000000003
22 42384077 rs62241003 0.022772999999999998
22 42384125 rs133295 6.139699999999999e-29
22 42384159 rs75841777 0.016600999999999998
22 42384171 rs11090065 0.94942
22 42384172 rs117969468 0.1396
22 42384193 rs57021429 0.43835
22 42384511 rs7287528 0.18925
22 42384541 rs139283413 0.76059
22 42384610 rs566129761 0.94981
22 42385261 rs133296 4.1562e-12
22 42385352 rs4820454 3.3101e-27
22 42385399 rs117582565 0.077217
22 42385429 rs62241023 0.020876
22 42385440 rs187183170 0.67835
22 42385720 rs73417056 0.32632
22 42385967 rs6519301 1.8892e-18
22 42386057 rs133297 2.9139e-24
22 42386084 rs9620004 0.47183
22 42386130 rs9620005 0.14245
22 42386269 rs58874647 0.43255
22 42386375 rs149746916 0.4304
22 42386487 rs146951100 0.25822
22 42386494 rs147597180 0.0014508
22 42386612 rs190160382 0.53241
22 42386949 rs133298 1.4847e-27
22 42387310 rs12165373 0.40139
22 42387391 rs73417062 0.4634
22 42387568 rs184572914 0.7581
22 42387654 rs35169595 0.26061
22 42388018 rs77480961 0.55577
22 42388071 rs114634649 0.58068
22 42388136 rs111342555 0.37176
22 42388272 rs112060800 0.54708
22 42388396 rs73417070 0.38597
22 42388638 rs191391749 0.7229399999999999
22 42388826 rs56234624 0.32248000000000004
22 42388841 rs133299 4.3615e-31
22 42388852 rs73417074 0.38437
22 42389062 rs774722923 0.34188
22 42389431 rs2097561 0.32671
22 42389500 rs2097562 0.32306
22 42389582 rs563913281 0.10765999999999999
22 42389698 rs739295 4.3456e-31
22 42389705 rs777864620 0.30522
22 42389839 rs133300 2.2987e-18
22 42389948 rs739296 0.32202
22 42390024 rs56052820 0.048877
22 42390093 rs133301 1.8915000000000003e-18
22 42390209 rs7290907 0.33266
22 42390225 rs7290655 0.31317
22 42391017 rs17002787 0.34038
22 42391176 rs133302 1.7723999999999999e-31
22 42391994 rs187070399 0.81148
22 42392091 rs55758879 0.1388
22 42392104 rs56041448 3.1146999999999997e-07
22 42392173 rs116140024 0.14357
22 42392560 rs710194 4.662399999999999e-31
22 42392602 rs190237474 0.61958
22 42392811 rs1062753 0.32121
22 42392851 rs187211110 0.7918
22 42393758 rs41277479 0.0023569000000000003
22 42393858 rs138575185 0.69089
22 42394612 rs4822079 0.31893
22 42394785 rs112032144 0.92976
22 42394835 rs17002790 0.08555800000000001
22 42395073 rs17002791 0.012469
22 42395242 rs133303 2.0830999999999997e-18
22 42395307 rs79995442 0.26249
22 42395686 rs133304 2.8232e-31
22 42395960 rs133305 1.3637999999999998e-18
22 42396070 rs184618170 0.7703899999999999
22 42396150 rs133306 1.207e-18
22 42396300 rs80057302 0.0025414
22 42396371 rs8138080 0.32821999999999996
22 42396515 rs73885884 0.5019
22 42396568 rs133307 1.4244e-18
22 42396658 rs141342512 0.20405
22 42396890 rs34071114 0.044703
22 42397026 rs9623489 0.31843
22 42397042 rs5758537 1.3858e-18
22 42397184 rs568583062 0.084454
22 42397469 rs133308 1.6832999999999997e-31
22 42398019 rs17002793 0.38538
22 42398195 rs11090066 0.31856
22 42398266 rs9623490 0.31873
22 42398375 rs129853 3.0208999999999997e-31
22 42398475 rs113015512 0.40589000000000003
22 42398606 rs133309 0.00034397
22 42398824 rs9623491 0.42999
22 42398829 rs74520872 0.4131
22 42399012 rs187917970 0.013757
22 42399025 rs112676924 0.38261
22 42399125 rs374868205 0.7086
22 42399203 rs560933112 0.7805
22 42399325 rs129855 1.1689e-18
22 42399396 rs129856 1.1645e-18
22 42399547 rs9620006 0.30863
22 42399686 rs129857 1.2008e-18
22 42400120 rs5751197 2.7053e-31
22 42400121 rs184739369 0.7805
22 42400416 rs6002571 1.4931999999999999e-18
22 42401153 rs145710523 0.39250999999999997
22 42401234 rs141605143 0.14795
22 42401255 rs111639858 0.35258
22 42401353 rs112230210 0.37406
22 42401514 rs9611700 0.32864
22 42401606 rs79288252 0.70109
22 42401749 rs133313 1.2151999999999999e-18
22 42401841 rs133314 1.1835000000000001e-18
22 42402005 rs133315 2.6686999999999995e-31
22 42402386 rs133317 1.8491e-14
22 42402399 rs2413663 0.31861
22 42402458 rs150706993 0.021838
22 42402480 rs133318 1.4819e-18
22 42402526 rs113822414 0.78608
22 42402721 rs9611701 0.75217
22 42402722 rs79161914 0.38603000000000004
22 42402829 rs116290918 0.6321
22 42403446 rs133319 2.9412999999999997e-31
22 42403669 rs73418929 0.085866
22 42403745 rs142423537 0.053952999999999994
22 42403858 rs553504109 0.017925
22 42403944 rs75907007 0.012578
22 42403980 rs59993856 0.31473
22 42404482 rs555247541 0.12637
22 42404822 rs150153207 0.015642
22 42405322 rs133321 1.4596000000000001e-18
22 42405657 rs9620007 0.30306
22 42405659 rs133322 1.7011000000000001e-18
22 42405666 rs76886334 0.11825
22 42405922 rs133323 1.5385e-18
22 42406237 rs118035989 0.8899
22 42406348 rs373973778 0.7759199999999999
22 42406371 rs133324 1.5182e-18
22 42406778 rs188142088 0.79542
22 42406788 rs4822081 0.30741
22 42406820 rs133325 1.4991e-18
22 42406821 rs142384783 0.009850399999999999
22 42406822 rs569141093 0.9558700000000001
22 42406885 rs133326 1.4503e-18
22 42407007 rs73418933 0.35851
22 42407162 rs570739871 0.73383
22 42407163 rs145965651 0.045874
22 42407350 rs150656198 0.40255
22 42407689 rs133327 1.4983000000000001e-18
22 42408079 rs133328 1.838e-18
22 42408288 rs117111792 0.12531
22 42408518 rs73418934 0.33831999999999995
22 42408680 rs133329 1.3188999999999999e-31
22 42409142 rs145387732 0.10575
22 42409456 rs133330 1.1951e-18
22 42409461 rs147692966 0.6101300000000001
22 42409523 rs767443937 0.36349000000000004
22 42409913 rs149152747 0.12559
22 42409977 rs9611710 0.31195
22 42410268 rs140323413 0.41197
22 42410419 rs12166549 0.30733
22 42410695 rs9611711 0.30875
22 42410842 rs5751201 0.39027
22 42410993 rs9611712 0.30913
22 42411505 rs9623497 0.52535
22 42411603 rs133331 3.0385e-31
22 42411664 rs133332 1.4883e-31
22 42412365 rs133333 1.4965999999999999e-31
22 42412440 rs74652413 0.020737000000000002
22 42412711 rs5758550 1.4779999999999998e-31
22 42412839 rs9623498 0.41142
22 42412933 rs5751202 1.7924000000000001e-09
22 42414181 rs9607868 0.30529
22 42414198 rs4822082 2.7990999999999997e-31
22 42414607 rs58156627 0.9635299999999999
22 42414786 rs77694831 0.013198
22 42414939 rs7289786 0.1891
22 42415041 rs572941956 0.074722
22 42416056 rs133335 3.0081000000000002e-18
22 42416303 rs133336 2.7944999999999997e-18
22 42416638 rs78213953 0.018068999999999998
22 42416695 rs133337 1.8047999999999997e-31
22 42416805 rs133338 7.6695e-32
22 42416987 rs133339 3.3417e-18
22 42417380 rs74676694 0.016901
22 42417687 rs133340 2.8903e-18
22 42417985 rs61555860 0.3759
22 42418110 rs9607869 0.28167
22 42418185 rs133341 1.4555999999999999e-31
22 42418355 rs17002802 0.022152
22 42418736 rs113285888 0.063604
22 42418910 rs133342 9.193799999999999e-29
22 42418914 rs148712137 0.31389
22 42419341 rs80308193 0.74887
22 42419433 rs133344 2.1583e-36
22 42419459 rs74538360 0.55666
22 42419653 rs112559316 0.088085
22 42420062 rs2413665 0.036159
22 42420086 rs9623501 0.032918
22 42420272 rs4822083 0.056682
22 42420537 rs111339290 0.10976
22 42420855 rs133346 8.917600000000001e-18
22 42420939 rs190619688 0.25811
22 42421274 rs8139038 0.20394
22 42421366 rs77896810 0.013954
22 42421670 rs143507422 0.013622
22 42421804 rs113456199 0.76223
22 42421835 rs73885900 0.049427
22 42422008 rs12168474 0.049657
22 42422145 rs150930281 0.24348000000000003
22 42422170 rs142106636 0.47093999999999997
22 42422227 rs58418565 0.10329
22 42422547 rs116081221 0.75729
22 42422874 rs147658517 0.70285
22 42423069 rs74639928 0.065285
22 42423110 rs2301521 1.7563e-37
22 42423248 rs9754485 0.029469
22 42423271 rs17002806 0.18995
22 42423394 rs17002808 0.11420999999999999
22 42423645 rs133347 8.6177e-18
22 42423714 rs17002809 0.1141
22 42423953 rs187836145 0.17698
22 42424160 rs149430793 0.037079
22 42424351 rs77870739 0.10404000000000001
22 42424396 rs114155309 0.16651
22 42424515 rs139502079 0.49018999999999996
22 42424825 rs146083706 0.9594299999999999
22 42425085 rs17002810 0.039056
22 42425455 rs182008369 0.74485
22 42425480 rs143333223 5.6074e-05
22 42425542 rs112140427 0.7007399999999999
22 42426308 rs17002811 0.011874
22 42426430 rs139224782 0.7732899999999999
22 42426785 rs182269579 0.70252
22 42427040 rs7292030 0.10647999999999999
22 42427235 rs79111964 0.18943
22 42427248 rs554927568 0.19789
22 42427324 rs192844964 0.70252
22 42427761 rs6519304 0.8161
22 42427921 rs145892230 0.013638999999999998
22 42427949 rs133348 6.8526e-18
22 42428271 rs2899351 0.018001
22 42428668 rs12167228 0.014163999999999998
22 42428727 rs133349 7.6792e-18
22 42429049 rs133350 1.8651999999999999e-37
22 42429074 rs2213876 0.04478
22 42429388 rs61708402 0.9330200000000001
22 42429522 rs192422937 0.27839
22 42429908 rs73165199 0.7436
22 42430262 rs367744534 0.69994
22 42430365 rs374869311 0.69994
22 42430851 rs59922502 0.045756
22 42430988 rs140051516 0.1478
22 42431007 rs149376260 0.14755
22 42431011 rs144569370 0.12624000000000002
22 42431105 rs115452640 0.1449
22 42431246 rs133351 9.8461e-14
22 42431253 rs563788199 0.11539
22 42431429 rs5758553 7.7473e-18
22 42431454 rs73418968 0.022954
22 42431483 rs565838712 0.7965800000000001
22 42431512 rs565489286 0.2979
22 42431633 rs57852393 0.047354
22 42432104 rs9623502 0.10085
22 42432454 rs7291278 0.96146
22 42432678 rs116083601 0.68858
22 42433013 rs554854777 0.1099
22 42433016 rs58953291 0.14754
22 42433219 rs77005048 0.16818
22 42433532 rs56134491 0.040997000000000006
22 42433739 rs553641937 0.5118
22 42433801 rs5751204 5.838499999999999e-38
22 42433887 rs147771475 0.78781
22 42434022 rs133352 1.7052999999999998e-38
22 42434123 rs372771090 0.71832
22 42434591 rs9620013 0.046769
22 42434621 rs5758554 0.37622
22 42434856 rs113277751 0.1309
22 42435220 rs148974126 0.0088716
22 42435227 rs5751206 0.010417000000000001
22 42435237 rs138456611 0.0086464
22 42435804 rs73418978 0.14587999999999998
22 42435868 rs4822084 8.0813e-18
22 42435986 rs146777464 0.0022923
22 42436312 rs7293095 0.14197
22 42436322 rs9607871 1.3420999999999999e-05
22 42436715 rs80342596 0.19358
22 42436753 rs553505940 0.067861
22 42436952 rs190350906 0.9473799999999999
22 42437096 rs73418980 0.13614
22 42437150 rs77108143 0.16978
22 42437366 rs133353 1.7161e-38
22 42437472 rs371061980 0.6381899999999999
22 42437899 rs73418982 0.15088
22 42438080 rs73418983 0.14651
22 42438194 rs12168640 0.025284
22 42438736 rs144510404 0.35625999999999997
22 42438985 rs117795733 0.052771000000000005
22 42439259 rs115407814 0.39541
22 42439374 rs9623503 0.028719
22 42440239 rs73165200 0.6996600000000001
22 42440252 rs142575718 0.40817
22 42440269 rs115494428 0.010013
22 42440285 rs133355 1.1045999999999998e-37
22 42440366 rs73418987 0.1434
22 42440490 rs76100143 0.007161
22 42441061 rs569746026 0.7590399999999999
22 42441091 rs28715885 2.8873000000000003e-05
22 42441157 rs140556618 0.38964
22 42441200 rs150023825 0.04567
22 42441213 rs10428005 0.36489
22 42441302 rs133356 9.8387e-38
22 42441398 rs569362162 0.43001000000000006
22 42441412 rs6002586 3.5536999999999995e-37
22 42441658 rs58538195 0.028857
22 42441842 rs61385159 0.12477
22 42441919 rs57519364 0.12529
22 42442235 rs133357 8.757e-18
22 42442511 rs111956159 0.12937
22 42442539 rs133358 9.077200000000001e-18
22 42442620 rs574520135 0.016926
22 42442811 rs143717390 0.083482
22 42442994 rs73418991 0.12303
22 42443561 rs530619836 0.13405999999999998
22 42443788 rs111301688 3.2595e-05
22 42443908 rs34277770 1.0415e-13
22 42443969 rs77219818 0.4837
22 42444489 rs5758559 1.8581e-38
22 42444714 rs113469062 0.79056
22 42444866 rs139048851 0.14518
22 42445053 rs74924704 0.0051606
22 42445094 rs57370695 0.1282
22 42445159 rs58160079 0.12834
22 42445174 rs78036465 0.054751999999999995
22 42445469 rs111855750 0.12822
22 42445470 rs573471297 0.71526
22 42445497 rs180787356 0.24333000000000002
22 42445578 rs113284169 0.7681600000000001
22 42445626 rs111503069 0.12797
22 42446120 rs11912704 0.9658
22 42446202 rs73418997 0.1257
22 42447134 rs556800324 0.40944
22 42447243 rs575375676 0.031047
22 42447341 rs10854749 8.307799999999999e-14
22 42447531 rs76277210 0.42693000000000003
22 42448238 rs5758562 2.2771e-38
22 42448761 rs5758563 0.0092129
22 42448828 rs9620014 0.68986
22 42449168 rs113099545 0.9529700000000001
22 42449401 rs7287653 0.038386
22 42449526 rs9623506 0.044438
22 42449533 rs12166450 0.03859
22 42449902 rs60292793 0.038293
22 42449998 rs12168288 0.038424
22 42450540 rs57796605 0.12659
22 42450885 rs78066118 0.1911
22 42451266 rs187990379 0.8095
22 42451291 rs180910968 0.8325100000000001
22 42451339 rs113877786 0.038353
22 42451603 rs5751209 3.3804999999999997e-38
22 42451766 rs76120052 0.39413000000000004
22 42451854 rs181762019 0.9882700000000001
22 42452037 rs151044857 0.11562
22 42452248 rs191406876 0.8473799999999999
22 42452374 rs182495577 0.9590799999999999
22 42452515 rs9623508 0.091218
22 42452785 rs74854653 0.24065
22 42452964 rs115102254 0.18835
22 42453378 rs143174545 0.40779
22 42453545 rs7291128 0.9415100000000001
22 42453772 rs58099562 3.0032e-05
22 42453989 rs11912142 0.62731
22 42454006 rs182324606 0.72797
22 42454050 rs9623510 0.037854
22 42454353 rs144373253 0.020888
22 42454354 rs5758566 8.0852e-38
22 42454469 rs80313011 0.9968799999999999
22 42454587 rs11703233 0.010506999999999999
22 42454660 rs147876229 0.94391
22 42454950 rs1063392 7.7748e-18
22 42455180 rs117826003 0.00014492
22 42455248 rs62238588 0.1537
22 42456113 rs142863061 0.71238
22 42456122 rs150991002 0.9792700000000001
22 42456140 rs17002832 0.0075569
22 42456271 rs2229547 0.044967
22 42456461 rs73887905 0.037873000000000004
22 42456473 rs9620015 0.047739
22 42456690 rs9620016 0.037759
22 42456784 rs58802487 0.46483
22 42456874 rs9620017 0.03785
22 42457056 rs121434529 0.06468099999999999
22 42457402 rs76179735 0.70508
22 42457550 rs78010544 0.1262
22 42457736 rs138732237 0.6611199999999999
22 42457910 rs140235304 0.6321399999999999
22 42457912 rs2013960 8.314500000000001e-18
22 42458481 rs2854837 2.8048e-37
22 42458563 rs17002833 0.038161
22 42458588 rs137877076 0.60238
22 42458622 rs142489962 0.92324
22 42458685 rs12166807 0.046383999999999995
22 42458736 rs113679162 0.39079
22 42458827 rs55715427 0.16286
22 42459107 rs12168259 0.037817
22 42459208 rs543997363 0.33089
22 42459298 rs192723477 0.64166
22 42459622 rs2413666 8.9495e-35
22 42459705 rs9623513 0.049433
22 42459913 rs150015348 8.693299999999999e-05
22 42460124 rs372733477 0.8811
22 42460190 rs8139501 0.038491000000000004
22 42460285 rs188671989 0.80985
22 42460495 rs8139787 0.036344
22 42460680 rs186599302 0.7754
22 42461088 rs77920989 0.00019218
22 42461187 rs9620018 2.3993000000000002e-05
22 42461436 rs9620019 0.042731
22 42461449 rs114209912 0.1873
22 42461555 rs754469567 0.20146
22 42461918 rs2854827 0.00017232
22 42462180 rs8140602 0.041185
22 42462280 rs373910859 0.90399
22 42463071 rs145541455 0.72982
22 42463366 rs133367 2.1804999999999998e-20
22 42463487 rs57360219 0.7943
22 42463689 rs133368 4.9268e-37
22 42463814 rs133369 1.0921e-36
22 42464028 rs35608568 0.17235999999999999
22 42464178 rs139228129 0.38829
22 42464356 rs554643044 0.9354899999999999
22 42464570 rs147528904 0.15147
22 42464614 rs12168095 0.71615
22 42464645 rs73167109 0.92653
22 42464924 rs77478598 0.010041
22 42465260 rs133370 1.7155999999999997e-39
22 42465394 rs116516647 0.007794499999999999
22 42465574 rs133371 1.6125999999999998e-39
22 42465606 rs12169654 0.03633
22 42465788 rs133373 2.6779999999999998e-17
22 42465941 rs133374 1.5857e-39
22 42466509 rs133375 1.3991999999999999e-39
22 42466905 rs133376 2.839e-17
22 42466950 rs133377 4.8904e-40
22 42466980 rs2859438 6.7049e-40
22 42467471 rs77283536 0.18042
22 42467494 rs188921838 0.76654
22 42467633 rs182044459 0.6585
22 42467695 rs133378 1.5623e-39
22 42467911 rs114019567 0.0051337
22 42468013 rs73887916 0.38937
22 42468246 rs28605764 8.9087e-36
22 42468250 rs5758573 8.651799999999999e-35
22 42468309 rs143052156 0.42258999999999997
22 42468397 rs151140998 0.18041
22 42468515 rs559271152 0.3433
22 42468526 rs28552546 0.8295799999999999
22 42468535 rs133379 1.8695e-39
22 42468648 rs114102852 0.57708
22 42468793 rs114641180 0.005067100000000001
22 42468910 rs133380 8.864199999999999e-36
22 42469108 rs553805972 0.68511
22 42469694 rs77468340 0.033216
22 42470063 rs41277481 4.3048999999999994e-05
22 42470074 rs5751210 0.006504600000000001
22 42470107 rs76143570 0.0060412
22 42470221 rs76392259 0.0066818
22 42470284 rs542097696 0.38937
22 42470317 rs13057094 2.4385e-39
22 42470334 rs138301103 0.43538999999999994
22 42470589 rs4822088 7.176499999999999e-40
22 42470608 rs133381 9.7234e-40
22 42470736 rs78725400 0.0060145
22 42471519 rs528447113 0.25013
22 42471713 rs377155008 0.87516
22 42471738 rs45441993 2.7261999999999997e-05
22 42471741 rs191477396 0.9407200000000001
22 42471774 rs133382 1.6724e-39
22 42471823 rs376032890 0.87516
22 42472144 rs369232023 0.96716
22 42472237 rs2413667 2.9929e-05
22 42472503 rs530784001 0.37014
22 42472578 rs567120126 0.644
22 42472889 rs537373965 0.8640000000000001
22 42473288 rs74337819 0.16338
22 42473528 rs115519783 0.14451
22 42473586 rs61736039 0.18076
22 42473603 rs133383 4.0692e-17
22 42473860 rs1807493 8.0901e-33
22 42474138 rs1807494 2.0425e-39
22 42474453 rs8139226 0.18147
22 42475157 rs80060478 0.0048716
22 42475389 rs544474048 0.07912899999999999
22 42475457 rs60412323 0.11723
22 42475508 rs374484357 0.44506999999999997
22 42475568 rs8135801 1.5966e-39
22 42475703 rs2269524 8.102499999999999e-40
22 42475860 rs150077416 0.41845
22 42476415 rs73887920 0.38883
22 42476553 rs182402052 0.59199
22 42476688 rs5996107 0.040672
22 42476713 rs375973178 0.77673
22 42476754 rs6002592 5.0553e-40
22 42477255 rs148136969 0.03266
22 42477590 rs375507979 0.77673
22 42477650 rs2071711 2.3766999999999996e-39
22 42477755 rs188471346 0.8703700000000001
22 42478694 rs569971453 0.12320999999999999
22 42478699 rs530418432 0.12320999999999999
22 42478718 rs73421032 0.8653200000000001
22 42479031 rs780272728 0.032312
22 42479267 rs9607875 0.8249299999999999
22 42479704 rs757089555 0.61211
22 42479725 rs560519420 0.41336000000000006
22 42479898 rs80017070 0.002537
22 42480007 rs62238591 1.0236e-05
22 42480178 rs79463622 3.2046e-05
22 42480184 rs142232749 0.56074
22 42480340 rs531044818 0.9679399999999999
22 42480362 rs150788697 0.013368999999999999
22 42480421 rs139043947 0.055140999999999996
22 42480546 rs147561416 0.0033989000000000003
22 42480556 rs59095542 0.6913699999999999
22 42480563 rs370193868 0.8194
22 42480863 rs117421064 0.0048315
22 42481008 rs188838003 0.25296
22 42481019 rs111517660 0.74858
22 42481032 rs7288980 0.18100000000000002
22 42481123 rs114767289 0.0075169
22 42481400 rs5758574 4.1775e-17
22 42481826 rs114906790 0.44947
22 42481849 rs7245 4.6795e-17
22 42482252 rs113437301 0.7844399999999999
22 42482502 rs4147641 3.4756e-39
22 42482672 rs138598210 0.63785
22 42482877 rs71329127 0.27715
22 42483046 rs116479472 0.013028999999999999
22 42483467 rs76584007 0.51198
22 42483761 rs548695663 0.9185399999999999
22 42483811 rs145291713 0.44491
22 42483909 rs539754493 0.8194
22 42484126 rs186378818 0.0017035999999999998
22 42484256 rs56931746 0.39373
22 42484388 rs140272497 0.19610999999999998
22 42484426 rs190896362 0.3939
22 42484466 rs6002596 2.1001999999999998e-39
22 42484679 rs61479306 0.035177
22 42484887 rs145878452 0.71008
22 42485292 rs4147640 3.7476999999999996e-39
22 42485566 rs141184777 0.43273
22 42485631 rs143293946 0.43303
22 42485671 rs2284087 4.888e-17
22 42486056 rs5751211 2.0748e-06
22 42486080 rs1989202 0.027652
22 42486084 rs188077692 0.33126
22 42486404 rs13056622 0.16398
22 42486723 rs1801311 1.8355999999999996e-39
22 42486765 rs142068525 0.7842
22 42487154 rs374452364 0.72119
22 42487201 rs79189744 0.002
22 42487453 rs118007280 0.021778
22 42487504 rs73887921 0.39461
22 42487784 rs116100049 0.023228
22 42487900 rs4147638 1.4745e-39
22 42487934 rs75045577 0.0017368
22 42488160 rs6002597 2.0943e-39
22 42488163 rs5758576 2.2034e-06
22 42488345 rs6002598 3.9833e-39
22 42488462 rs530067409 0.80786
22 42488648 rs373242453 0.6735300000000001
22 42488826 rs548808614 9.855700000000001e-05
22 42488906 rs6002600 4.0237999999999996e-39
22 42488915 rs115716078 0.28326
22 42488987 rs369406554 0.6812699999999999
22 42489058 rs6002601 3.9743999999999996e-39
22 42489184 rs73421045 0.78951
22 42489382 rs181786630 0.88971
22 42489425 rs144526129 0.0098431
22 42489434 rs5758577 6.4545e-17
22 42489470 rs7284501 0.074523
22 42489568 rs141220611 0.90775
22 42490158 rs61111823 0.40368000000000004
22 42490292 rs5758578 6.577300000000001e-17
22 42490363 rs114721599 0.022996
22 42490600 rs61527837 1.6679999999999996e-39
22 42490967 rs5996108 3.4184e-39
22 42491011 rs138132091 0.20531999999999997
22 42491324 rs763956798 0.36332
22 42491422 rs143591969 2.3655e-10
22 42491479 rs5758579 2.1131e-06
22 42491549 rs55804110 0.035747
22 42491600 rs531420649 0.00013811
22 42491641 rs150728617 0.0096618
22 42491734 rs8138500 4.0618e-39
22 42491744 rs139015287 0.78741
22 42492063 rs7292241 2.4607999999999998e-39
22 42492104 rs7291996 1.5138e-39
22 42492225 rs6002602 4.4181e-39
22 42492362 rs6002603 2.6795999999999995e-39
22 42492378 rs376775036 0.8104399999999999
22 42492515 rs75303662 0.034104
22 42492678 rs139706437 0.43273
22 42492863 rs73421049 1.8148e-39
22 42492985 rs57117731 1.7844e-06
22 42493081 rs6002604 4.4185e-39
22 42493098 rs5996109 4.454399999999999e-39
22 42493290 rs71329129 0.17087
22 42493548 rs80094734 0.035532999999999995
22 42493767 rs5996110 4.453e-39
22 42493772 rs535830553 0.8014100000000001
22 42493875 rs5758580 1.5250999999999998e-06
22 42493902 rs5996111 2.2919e-39
22 42494033 rs151254815 0.68378
22 42494119 rs186979160 0.13169
22 42494308 rs115585620 0.0024422
22 42494335 rs6002605 1.8582999999999998e-39
22 42494383 rs182801431 0.90661
22 42494513 rs59923539 0.035052999999999994
22 42494773 rs6002606 4.5113e-39
22 42494907 rs147682485 0.43273
22 42495210 rs142432482 0.0012046
22 42495237 rs146042272 0.017781
22 42495706 rs143588773 0.031495999999999996
22 42495924 rs183882760 0.38059
22 42496027 rs138735387 6.2686e-05
22 42496121 rs77604469 0.32411
22 42496506 rs6002607 1.0047e-16
22 42496586 rs145970973 0.27061
22 42496629 rs6002608 1.0459e-16
22 42496829 rs6002609 3.1658e-39
22 42496882 rs189845458 0.56326
22 42496974 rs146133734 0.64618
22 42496975 rs139857994 0.41918
22 42496979 rs6002610 4.064199999999999e-39
22 42497424 rs79477605 0.036224
22 42497795 rs148509895 0.004479100000000001
22 42497875 rs145324228 0.27681
22 42497963 rs142472570 0.050572000000000006
22 42498070 rs189148829 0.8790600000000001
22 42498094 rs144701414 0.43273
22 42498204 rs12157818 1.8738e-39
22 42498237 rs140262066 0.95773
22 42498348 rs112307875 0.35804
22 42498578 rs9620026 4.6445e-39
22 42498675 rs28817600 4.5103e-39
22 42498739 rs149110702 0.008172800000000001
22 42499068 rs112400358 0.00082597
22 42499069 rs374723488 0.7206
22 42499161 rs138519627 0.27613000000000004
