CHR BP SNP P
2 23985820 rs2551330 0.034326
2 23986124 rs2551331 0.034337
2 23986419 rs10207766 0.34555
2 23986625 rs77011776 0.13917000000000002
2 23986780 rs72780108 9.420299999999999e-35
2 23986835 rs2432683 0.034843
2 23987938 rs1991082 0.38513000000000003
2 23988046 rs147237469 0.00050986
2 23988821 rs184019767 0.5362899999999999
2 23988899 rs918812 0.041087
2 23988910 rs139569097 0.19502
2 23988950 rs2551332 4.6193e-24
2 23989128 rs149707064 0.15129
2 23989401 rs74785995 0.011409
2 23989711 rs78121586 0.36913
2 23989829 rs11692134 5.8151999999999995e-05
2 23989914 rs146759379 0.25761999999999996
2 23990025 rs111906890 0.2354
2 23990125 rs569698158 0.8203799999999999
2 23990419 rs2712071 3.4577e-24
2 23990842 rs184259876 0.0058798
2 23990868 rs78787842 0.51847
2 23991133 rs2712072 0.4004
2 23991143 rs74362235 0.60998
2 23991146 rs72780111 6.752299999999999e-35
2 23991182 rs72780112 6.746699999999999e-35
2 23991282 rs2712073 0.034664
2 23991830 rs149069748 0.19455
2 23992015 rs143077264 0.4636
2 23992116 rs543282335 0.40021999999999996
2 23992464 rs76656564 0.56647
2 23992731 rs138562232 0.34436
2 23992949 rs113140310 0.0093783
2 23992951 rs372115056 0.24364
2 23993032 rs186571260 0.21475
2 23993069 rs2465249 0.034158
2 23993366 rs2712076 3.8709e-24
2 23993404 rs7563564 6.1876e-35
2 23993517 rs2551333 0.035136
2 23993810 rs2712077 0.034856
2 23994431 rs72780118 6.331399999999999e-35
2 23994708 rs143393518 0.14977000000000001
2 23994833 rs146235347 0.19685
2 23994941 rs146438332 0.19587000000000002
2 23995852 rs56001902 0.01166
2 23995918 rs72780121 6.247099999999999e-35
2 23995972 rs112444008 0.8848
2 23996009 rs72780123 6.351600000000001e-35
2 23996501 rs12614616 6.3255e-35
2 23996974 rs114003063 0.082022
2 23997627 rs12617826 5.3879e-35
2 23997661 rs7558918 0.041779000000000004
2 23997847 rs565803353 0.039918
2 23998020 rs115457386 0.14207999999999998
2 23998229 rs187302926 0.19902999999999998
2 23998332 rs181823078 0.08793200000000001
2 23998361 rs112361592 6.246199999999999e-35
2 23998554 rs116294778 0.32502
2 23998746 rs567578751 0.52193
2 23998845 rs139299398 0.39839
2 23998859 rs142511831 0.19652999999999998
2 23998917 rs545134827 0.8904200000000001
2 23998942 rs151140862 0.10414000000000001
2 23998980 rs144152314 0.17326
2 23999107 rs79675061 0.4198
2 23999538 rs528690796 0.11285999999999999
2 23999565 rs12619525 6.221e-35
2 23999713 rs116813668 0.8796700000000001
2 24000145 rs72780125 1.2674e-35
2 24000396 rs2551334 4.3569000000000006e-24
2 24000651 rs80209559 0.08258
2 24000898 rs375336313 0.57394
2 24001356 rs10490751 7.7584e-35
2 24001389 rs113825790 0.44751
2 24002575 rs191560699 0.53135
2 24002935 rs2551335 0.03358
2 24003051 rs2712084 5.2800000000000005e-24
2 24003409 rs2712085 0.034374
2 24003728 rs114171140 0.2898
2 24003967 rs72780185 7.7621e-35
2 24004531 rs144464673 0.12777
2 24004573 rs537947895 0.24743
2 24004739 rs2712086 4.6811e-24
2 24004830 rs2712088 0.033824
2 24005115 rs144982465 0.65422
2 24005133 rs115346295 0.9132299999999999
2 24005426 rs531862024 0.56907
2 24005559 rs9989829 0.22868000000000002
2 24005662 rs140638944 0.19484
2 24005683 rs75800664 0.44825
2 24005931 rs116033409 0.090528
2 24005995 rs116332769 0.093087
2 24006065 rs72780188 7.6149e-35
2 24006105 rs115468070 0.9055200000000001
2 24006179 rs2551336 0.37595
2 24006699 rs186185954 0.13235999999999998
2 24006809 rs112345735 0.5292399999999999
2 24006886 rs2551337 1.355e-27
2 24006908 rs2551338 1.7162e-17
2 24007036 rs2712091 0.032295
2 24007122 rs72780191 1.2462999999999997e-35
2 24007553 rs116590637 0.14902
2 24007926 rs55841168 7.740699999999999e-35
2 24008091 rs55657921 7.851899999999998e-35
2 24008231 rs148243547 0.34562
2 24009077 rs147132977 0.69015
2 24009163 rs9636434 0.067126
2 24009172 rs113273766 0.40715
2 24009472 rs113929678 0.53932
2 24010566 rs715646 7.1e-35
2 24011239 rs111951861 0.5263100000000001
2 24011707 rs143534291 0.7197899999999999
2 24011986 rs2712093 0.033368
2 24012196 rs77030661 0.18927
2 24012758 rs17462433 6.7185e-35
2 24012775 rs17508855 0.089848
2 24012987 rs116073656 0.027333999999999997
2 24013268 rs2551340 9.783799999999999e-18
2 24013953 rs116593175 0.10235
2 24014018 rs116029009 0.085076
2 24014300 rs2161784 1.1067e-17
2 24014416 rs2712095 0.033451999999999996
2 24014613 rs377191123 0.063204
2 24014778 rs2551341 4.3616e-24
2 24014878 rs116505682 0.11059000000000001
2 24014883 rs72780198 6.2021e-35
2 24016269 rs72780199 5.4803e-35
2 24016525 rs114783189 0.084342
2 24016721 rs146800880 0.20007
2 24017105 rs111873216 0.010983
2 24017632 rs186885297 0.19177
2 24017707 rs2712058 0.032435000000000005
2 24017742 rs534405801 0.51923
2 24017814 rs190533483 0.005734
2 24017971 rs182369992 0.6086699999999999
2 24018476 rs113522526 6.0671e-35
2 24018480 rs13009582 0.037883999999999994
2 24018642 rs112675263 0.46545
2 24018784 rs111928799 0.44397
2 24018833 rs111460347 5.1799e-35
2 24019022 rs77969164 0.37409000000000003
2 24019637 rs1424364 0.13265
2 24019729 rs775652931 0.011147
2 24019968 rs17045922 0.2279
2 24020386 rs73922014 0.97819
2 24020539 rs2712059 4.7146e-24
2 24020767 2:24020767_A_C 0.097301
2 24020812 rs17462558 5.920399999999999e-35
2 24021231 rs17509001 6.429999999999999e-35
2 24021786 rs113602438 0.89831
2 24021814 rs180735109 0.037745
2 24022009 rs72782106 6.1607e-36
2 24022165 rs115540553 0.10206
2 24022171 rs111325303 0.010867
2 24022831 rs145173915 0.5534399999999999
2 24022878 rs183399943 0.9105
2 24023000 rs114082048 0.8490700000000001
2 24023102 rs187748021 0.56876
2 24023431 rs6712175 5.593899999999999e-35
2 24023602 rs141538425 0.69394
2 24023774 rs557075146 0.053111
2 24024562 rs2712060 0.057479999999999996
2 24024952 rs72782113 5.0813e-35
2 24025132 rs10490752 5.405399999999999e-35
2 24025521 rs189431675 0.056076999999999995
2 24025740 rs72782114 5.302e-35
2 24025759 rs2551342 0.032736
2 24026216 rs111285004 0.8859
2 24026403 rs138561904 0.7809699999999999
2 24026411 rs2712061 4.4478999999999994e-24
2 24026496 rs74633660 0.010847
2 24026579 rs17462670 4.691499999999999e-35
2 24026921 rs72782117 8.483699999999999e-36
2 24027002 rs2551343 4.7576999999999995e-24
2 24027442 rs78209320 0.10057999999999999
2 24027531 rs2712063 0.032934
2 24027539 rs7608893 0.9105
2 24027720 rs77595113 0.079458
2 24027746 rs7609086 0.36641
2 24028124 rs114901441 0.79396
2 24028364 rs2339919 0.09209500000000001
2 24028406 rs74570152 0.012286
2 24028521 rs183077107 0.015561000000000002
2 24028788 rs76348260 0.10113
2 24029375 rs2339920 0.030061
2 24029805 rs56342010 0.010895
2 24029907 rs114628711 0.96319
2 24029928 rs55707417 4.5414e-36
2 24030126 rs55770503 3.8631e-35
2 24030431 rs7579114 0.032719
2 24030504 rs115880416 0.045219
2 24030564 rs180734657 1.4003e-11
2 24030669 rs7579450 3.0773e-16
2 24031324 rs111359211 0.5260100000000001
2 24031800 rs2339921 0.033164
2 24031974 rs10178799 0.9957799999999999
2 24032289 rs76581703 0.06800700000000001
2 24032895 rs138606541 0.19947
2 24032899 rs140278277 0.7124699999999999
2 24033468 rs13010837 0.11732999999999999
2 24033501 rs116532567 0.8847
2 24033607 rs7590516 5.835e-22
2 24033707 rs4384732 0.033635000000000005
2 24033789 rs56397893 4.3071999999999993e-35
2 24033920 rs558040887 0.34652
2 24034178 rs7564732 2.2572000000000002e-24
2 24034554 rs112258271 0.48854
2 24034560 rs7565108 2.6238e-24
2 24034626 rs113078436 0.42746000000000006
2 24034802 rs111783468 0.53482
2 24035501 rs149513414 0.60995
2 24035507 rs7605327 2.4639e-25
2 24035866 rs78890483 0.4044
2 24036086 rs6718631 2.6995e-24
2 24036222 rs7569424 3.7296999999999996e-35
2 24037690 rs141375503 0.10672000000000001
2 24037877 rs146661886 0.73225
2 24038174 rs79023848 6.167199999999999e-36
2 24038595 rs7589440 3.9936e-35
2 24038731 rs75763409 0.14242
2 24039126 rs531502973 0.9095700000000001
2 24039131 rs552105729 0.16258
2 24039225 rs111703050 0.47389
2 24039779 rs2339923 0.035394
2 24039877 rs112419121 0.5031100000000001
2 24039901 rs72782126 4.0969999999999995e-35
2 24040290 rs75381070 0.10665
2 24040402 rs572192725 0.38635
2 24040406 rs2339925 0.035748
2 24040446 rs138291655 0.0021024
2 24041465 rs180737578 0.6462899999999999
2 24041589 rs55765125 0.011981
2 24041619 rs191554620 0.98267
2 24041957 rs190955076 0.36718
2 24042008 rs182426788 0.29508
2 24042016 rs80020296 7.347e-05
2 24042131 rs9309166 0.034414
2 24042167 rs144290436 0.18436
2 24042298 rs9967650 1.9845999999999997e-24
2 24042550 rs2879639 0.034
2 24042689 rs62125899 0.92766
2 24042727 rs150556740 0.73225
2 24042805 rs143477841 0.34781999999999996
2 24042842 rs193002099 0.064001
2 24043573 rs2879640 4.0849000000000006e-35
2 24044304 rs114884746 0.09339299999999999
2 24044352 rs35379186 0.031605
2 24044475 rs34525874 0.031698000000000004
2 24044501 rs6545121 1.903e-17
2 24044618 rs144957686 0.7629
2 24044850 rs9967848 0.29796
2 24045508 rs112038270 0.063791
2 24045734 rs2339926 3.9779000000000003e-35
2 24045743 rs2339927 3.7328e-35
2 24046426 rs75866363 1.6782e-11
2 24046728 rs115076100 0.0025234000000000003
2 24046960 rs12328046 0.034181
2 24046980 rs78666697 0.34915
2 24047056 rs138515185 1.805e-11
2 24047294 rs141847520 0.88907
2 24047344 rs72782136 3.6844999999999994e-35
2 24047352 rs36040486 0.15850999999999998
2 24047436 rs138834867 0.19775
2 24047701 rs78045089 0.02738
2 24047805 rs72782137 3.5939e-35
2 24047821 rs146011918 0.34347
2 24047846 rs114749989 0.39304
2 24048162 rs72782138 2.9906999999999994e-35
2 24048183 rs6748701 0.032705
2 24048338 rs6731314 1.9253e-24
2 24048780 rs6545124 0.034184
2 24048994 rs139918729 0.7629
2 24049071 rs7557333 0.14245
2 24049118 rs12992833 0.16427
2 24049446 rs111354201 0.45645
2 24049453 rs2339928 2.3855e-25
2 24049617 rs147079162 0.55119
2 24049874 rs570829576 0.11354000000000002
2 24049985 rs552139577 0.20106
2 24050061 rs147751375 0.0034368000000000003
2 24050454 rs189517952 0.042183
2 24050991 rs78312718 0.32037
2 24051184 rs13430580 0.75602
2 24051245 rs2339929 1.8745e-17
2 24052349 rs141494715 0.20178
2 24052402 rs13019901 0.036518
2 24052668 rs13020533 0.15344000000000002
2 24052998 rs2339930 0.034119
2 24053681 rs12618938 0.036338
2 24053893 rs9309168 0.03374
2 24053958 rs144157568 0.59458
2 24054510 rs13016006 1.8729999999999998e-17
2 24054632 rs6734395 0.050258
2 24054647 rs35832626 0.16305999999999998
2 24054954 rs149851014 0.33305
2 24055058 rs10432637 0.035605
2 24055529 rs78827995 0.030593000000000002
2 24055691 rs9941520 0.036769
2 24055820 rs145621539 0.9635
2 24056135 rs79474583 0.25615
2 24056668 rs17761971 2.2878e-07
2 24057125 rs113028226 0.064555
2 24057212 rs190523360 0.15834
2 24057396 rs138626349 0.48222
2 24057801 rs147346326 0.38875
2 24058060 rs72786269 0.54997
2 24058250 rs10182536 0.31628
2 24058386 rs189561185 0.49678999999999995
2 24058848 rs148772064 0.6327
2 24058866 rs2675352 0.033413
2 24058910 rs75102482 0.011227
2 24058964 rs116284394 0.50127
2 24059049 rs72786270 3.9513e-35
2 24059288 rs151330668 2.0754e-11
2 24059381 rs2712049 0.031452999999999995
2 24059408 rs2712050 3.1689e-24
2 24059471 rs140703107 0.20115
2 24059865 rs79827581 0.10645
2 24060032 rs2712051 2.4541999999999998e-17
2 24060132 rs145054672 0.02978
2 24060140 rs138764085 0.01321
2 24060141 rs12474547 0.033469
2 24060439 rs13006587 0.14509
2 24060670 rs6545127 3.748699999999999e-35
2 24060671 rs577994950 0.71827
2 24060747 rs188783646 0.5302899999999999
2 24061034 rs6719830 0.035416
2 24061192 rs80232540 0.67913
2 24061879 rs111674421 0.48888000000000004
2 24061975 rs79319589 0.39100999999999997
2 24062554 rs72786275 7.223400000000001e-10
2 24062566 rs72786276 5.8160999999999995e-36
2 24062600 rs73922019 0.64932
2 24062663 rs2712052 0.030220999999999998
2 24062818 rs72786277 3.9554999999999996e-35
2 24063243 rs72786278 3.9116e-35
2 24063266 rs72786279 3.9551999999999997e-35
2 24063317 rs114006888 5.6976e-06
2 24063332 rs10207543 0.47100000000000003
2 24063450 rs113456504 0.8865700000000001
2 24063641 rs62125903 0.9218
2 24064000 rs575693912 0.53719
2 24064687 rs140027676 0.77341
2 24065307 rs147821894 0.74724
2 24065323 rs568248279 0.99911
2 24065592 rs544632638 0.9686
2 24065848 rs76146692 0.011101999999999999
2 24066103 rs752634024 0.060769000000000004
2 24066183 rs6718635 5.2291999999999995e-36
2 24066193 rs4233703 0.044016
2 24066372 rs181320294 0.66974
2 24066722 rs2675353 0.41039
2 24067608 rs150890107 0.71613
2 24068126 rs2953028 3.0828999999999998e-24
2 24068577 2:24068577_G_A 0.37245
2 24068758 rs566149713 0.30493000000000003
2 24070353 rs146975215 0.69065
2 24070357 rs147647860 0.88656
2 24070514 rs111830547 0.48068999999999995
2 24070537 rs115536373 0.74136
2 24070811 rs150097569 0.19837
2 24070977 rs79921427 0.38526
2 24071170 rs34416396 0.036284
2 24071407 rs2712075 0.03221
2 24071427 rs7588286 9.938999999999999e-38
2 24072084 rs2675354 0.029999
2 24072363 rs567186028 0.037947
2 24072375 rs2675355 0.030208
2 24072616 rs150837366 0.5714899999999999
2 24072691 rs555090965 0.75325
2 24073145 rs76349747 0.39525
2 24073437 rs56021814 7.492699999999999e-38
2 24073480 rs74397222 0.41805
2 24073810 rs77400814 0.9945799999999999
2 24073910 rs2712053 0.032135000000000004
2 24074150 rs113792790 0.47476
2 24074659 rs72786286 3.3982e-35
2 24074734 rs2675356 3.0937e-24
2 24074843 rs2675357 0.031281
2 24074955 rs2675358 0.032048
2 24075416 rs72786288 3.4484999999999995e-35
2 24075546 rs2675359 2.1326e-17
2 24075583 rs2675360 0.028661000000000002
2 24076062 rs149391691 0.0060946
2 24076136 rs4665641 0.036382
2 24076212 rs144844725 0.77345
2 24076217 rs148157934 0.6023
2 24076632 rs7590252 0.035184
2 24076943 rs13028280 0.056376
2 24077079 rs140855079 0.74658
2 24077196 rs770674542 0.41668
2 24077321 rs113272124 0.011534
2 24077482 rs139573322 0.11373
2 24077630 rs2712099 0.029919
2 24077725 rs11903395 0.14668
2 24077833 rs11887019 0.58378
2 24078171 rs146419544 0.49651000000000006
2 24078318 rs2339931 0.032236
2 24079136 rs576678898 0.90386
2 24079236 rs79655424 0.38608000000000003
2 24079520 rs2712090 0.032080000000000004
2 24079552 rs111877322 0.21941
2 24079889 rs138344804 0.19704000000000002
2 24080003 rs2675363 2.8627e-24
2 24080017 rs565843549 0.27371999999999996
2 24080023 rs2675364 0.029942
2 24080274 rs2712089 0.029931
2 24080446 rs2712087 0.032086
2 24080757 rs10182167 0.40847
2 24080817 rs2675365 0.032223
2 24080834 rs2712083 0.029976999999999997
2 24081092 rs6742839 2.3611e-17
2 24081181 rs543592460 0.17585
2 24081345 rs13392823 0.38645999999999997
2 24081356 rs139221345 0.58309
2 24081406 rs146502667 0.41098
2 24081421 rs2712082 0.031833
2 24081690 rs2712081 0.031758999999999996
2 24081877 rs78938579 5.1455e-11
2 24082061 rs2712079 2.8794e-24
2 24082463 rs2675366 0.032599
2 24082518 rs541185810 0.47715
2 24082593 rs148845335 0.41491000000000006
2 24082868 rs13020789 0.034806000000000004
2 24082895 rs79769521 0.14764000000000002
2 24083011 rs72786298 4.8365e-36
2 24083103 rs13402499 0.29664
2 24083140 rs78669950 1.7516999999999998e-11
2 24083334 rs111935589 0.88766
2 24083484 rs544114510 0.8553200000000001
2 24083573 rs2675351 2.0114e-19
2 24083774 rs186787392 0.69448
2 24083925 rs6712524 5.9338e-38
2 24084325 rs113677398 0.88192
2 24084701 rs115407996 0.032202999999999996
2 24084890 rs150396373 0.49518999999999996
2 24084985 rs79064893 0.0301
2 24084989 rs72788206 1.7593e-26
2 24085186 rs115551181 0.32115
2 24085373 rs78602816 0.10654000000000001
2 24085413 rs4665242 0.034672
2 24085426 rs111502441 0.54273
2 24085606 rs17762102 5.874099999999999e-38
2 24086201 rs113758377 0.52869
2 24086944 rs56303870 2.0402999999999996e-35
2 24086961 rs56413706 4.8403999999999996e-36
2 24087009 rs139307382 0.8860600000000001
2 24087095 rs142518269 5.4933e-36
2 24087385 rs72788212 2.975e-35
2 24087395 rs557249944 0.9542299999999999
2 24087621 rs72788214 3.9079e-35
2 24087857 rs12623316 3.9071e-35
2 24087914 rs11903165 0.029679
2 24088078 rs113623379 0.52408
2 24088174 rs12614038 4.6859e-36
2 24088364 2:24088364_A_G 0.41463999999999995
2 24088489 rs56145919 3.4725e-24
2 24088704 rs17045966 0.032228
2 24089533 2:24089533_C_T 0.6252300000000001
2 24090044 rs116672135 0.032057
2 24090435 rs72788218 8.2894e-38
2 24090638 rs10181272 0.30717
2 24091099 rs150221884 1.938e-23
2 24091141 rs12614496 1.7053000000000002e-19
2 24091153 rs77400587 0.10543
2 24091515 rs56398785 8.384700000000001e-39
2 24091775 rs55993671 0.011581999999999999
2 24091837 rs72788275 0.00017843
2 24091908 rs11679459 2.4782e-17
2 24091963 rs116270343 0.21877
2 24092589 rs192209373 0.69822
2 24092709 rs182696804 0.95049
2 24092773 rs2176263 4.8719e-13
2 24093046 rs186037352 0.21678000000000003
2 24093306 rs2339883 0.034395
2 24093475 rs11125284 0.034428
2 24093490 rs182369473 0.19837
2 24093756 rs12612492 5.2187e-36
2 24093845 rs149321955 0.19377
2 24093992 rs79185922 0.01381
2 24094273 rs187865966 0.55132
2 24094339 rs147171480 0.67098
2 24094340 rs112319596 0.88766
2 24094787 rs55948613 2.0625000000000002e-26
2 24094890 rs113213560 0.030900999999999998
2 24095285 rs72788278 8.165499999999999e-38
2 24095557 rs369124881 0.30307
2 24095772 rs138669840 0.010631999999999999
2 24095798 rs17038360 2.0945e-26
2 24095907 rs72788280 7.9632e-38
2 24095944 rs113952653 0.20594
2 24096282 rs77818458 0.0675
2 24096304 rs77975787 0.15385
2 24097128 rs115689703 1.1682000000000001e-11
2 24097170 rs77159280 0.061228
2 24097329 rs114623297 0.15409
2 24097389 rs7566727 0.033777
2 24097497 rs541133617 0.44781000000000004
2 24097539 rs72788284 3.4549e-24
2 24097649 rs140441473 0.5466300000000001
2 24097660 rs111266818 0.5363
2 24098094 rs111518989 0.038342
2 24098270 rs113732527 4.1967e-35
2 24098306 rs116444877 0.011771
2 24098321 rs72788286 7.912199999999999e-38
2 24098351 rs112171740 0.030393
2 24098371 rs113027486 4.0316999999999996e-35
2 24098410 rs151122362 0.06556000000000001
2 24098910 rs116755682 0.29325
2 24099229 rs112306858 0.030563
2 24099611 rs17045975 3.4503e-24
2 24099657 rs563647682 0.32649
2 24099702 rs112048961 0.030393
2 24099798 rs145698915 5.483800000000001e-35
2 24100064 rs146565832 0.20745
2 24100081 rs116661837 0.3702
2 24100560 rs555471774 0.64988
2 24100770 rs12988200 2.4319e-17
2 24100963 rs183713067 0.89559
2 24101066 rs55653559 4.0393999999999994e-35
2 24101422 rs55682359 4.034599999999999e-35
2 24101478 rs184704596 0.64987
2 24101508 rs182154882 0.5665
2 24101633 rs528090718 0.88765
2 24101996 rs78541093 0.012988
2 24102077 rs74354042 0.030942
2 24102423 rs11125293 3.2809e-24
2 24102459 rs114196999 0.082517
2 24102691 rs4665244 0.27002
2 24102797 rs112985192 6.6167e-35
2 24103749 rs12623079 4.0867999999999997e-35
2 24103761 rs3795951 0.030672
2 24103888 rs11902820 0.030672
2 24104293 rs72788298 2.0604000000000001e-26
2 24104522 rs139528708 0.23306
2 24104702 rs563555420 0.21721999999999997
2 24104758 rs144186104 0.77341
2 24104784 rs140980614 0.88185
2 24104849 rs150360135 0.14392
2 24104872 rs111961877 0.030672
2 24104877 rs115773648 0.086756
2 24104973 rs2176264 0.037122
2 24105572 rs138893552 0.032827999999999996
2 24106020 rs113784293 0.53467
2 24106445 rs150821390 0.62684
2 24106780 rs2339884 0.62362
2 24107060 rs77762418 0.075805
2 24107182 rs79103660 0.88764
2 24107246 rs72788302 5.503999999999999e-36
2 24108164 rs78848559 0.031258
2 24108506 rs112915080 0.9757399999999999
2 24108557 rs72790304 3.5128e-26
2 24108989 rs13415783 0.29479
2 24109144 rs113565503 0.88181
2 24109159 rs562445770 0.8227399999999999
2 24109206 rs566902538 0.045526
2 24109230 rs4665245 0.037519
2 24109316 rs17045981 3.2405e-26
2 24110089 rs12463543 0.08064600000000001
2 24110135 rs12471864 1.5904000000000003e-19
2 24110411 rs558430508 0.4748
2 24110472 rs149021211 0.19682
2 24110611 rs17762465 0.035644999999999996
2 24110657 rs75512051 0.013091
2 24111078 rs17045983 0.032831
2 24111210 rs77374907 0.14034000000000002
2 24111311 rs72790306 9.294299999999998e-39
2 24111742 rs4665643 2.3789000000000002e-17
2 24111823 rs12623333 2.3158e-35
2 24111854 rs756860376 0.86292
2 24111886 rs146359088 0.61792
2 24111936 rs34074829 0.14726
2 24112100 rs143054308 0.19284
2 24112515 rs115899044 0.067531
2 24112541 rs144744495 0.056158000000000007
2 24112559 rs111657181 5.8713e-38
2 24112697 rs144178245 0.013203999999999999
2 24112702 rs111980003 0.75626
2 24112724 rs7594221 4.181e-20
2 24113354 rs6731333 5.700000000000001e-23
2 24113405 rs28505387 0.29395
2 24113467 rs76765856 0.059548000000000004
2 24113857 rs560607590 0.93501
2 24113931 rs4665246 7.385e-18
2 24113932 rs557140688 0.37801999999999997
2 24114182 rs112228331 0.63762
2 24114616 rs80087889 0.031195
2 24114729 rs17762609 6.747299999999999e-35
2 24114861 rs112877966 0.88177
2 24114871 rs72790309 3.1728e-09
2 24114958 rs6714606 0.38604
2 24115207 rs138413889 3.3582e-35
2 24115224 rs190643737 0.29113
2 24115325 rs181475164 0.13663
2 24115460 rs1980164 0.035943
2 24115619 rs144398721 0.99702
2 24115922 rs17762651 3.0889e-35
2 24116070 rs113672088 0.71368
2 24116583 rs80328442 0.033507999999999996
2 24116716 rs72790310 3.2338e-35
2 24116813 rs80134098 0.35771
2 24116974 rs145446272 0.25129
2 24117238 rs6740524 2.7865000000000003e-24
2 24117261 rs561445432 0.70591
2 24117282 rs139675912 4.4538e-36
2 24117291 rs149922594 4.4834e-05
2 24117541 rs1156797 1.9219e-19
2 24118705 rs10210982 0.35236
2 24118941 rs554474538 0.038882
2 24119088 rs113039907 0.66251
2 24119241 rs6545162 1.7205999999999999e-19
2 24119384 rs142081701 0.53471
2 24119404 rs114460989 0.082885
2 24119413 rs146663863 0.29351
2 24119543 rs115111822 0.198
2 24119740 rs145354761 0.14367
2 24120350 rs12466121 8.4698e-20
2 24120414 rs188894518 0.45752
2 24120501 rs113539908 0.6503899999999999
2 24120707 rs13391415 0.20328
2 24120965 rs548052170 0.26498
2 24121282 rs114118653 0.032888
2 24121315 rs75537266 0.030081
2 24121346 rs79430910 0.011198999999999999
2 24121376 rs78708878 0.31806999999999996
2 24121655 rs550530357 0.9601700000000001
2 24121957 rs35598160 0.068661
2 24122078 rs111575445 0.030855
2 24122642 rs112310010 2.1847e-26
2 24122872 rs150559082 0.11777
2 24123033 rs113450460 0.031111
2 24123226 rs75267227 0.033197000000000004
2 24123539 rs17711796 0.07566
2 24123626 rs72790319 0.6151
2 24123946 rs77724890 0.011154
2 24124578 rs17711825 8.865299999999999e-38
2 24125234 rs56339558 2.2537e-26
2 24126153 rs72790326 9.3625e-38
2 24126290 rs17045990 0.03128
2 24126493 rs17762782 9.7157e-38
2 24126526 rs74598169 0.13972
2 24126855 rs186934829 0.47701000000000005
2 24126904 rs6756419 6.7732e-10
2 24127029 rs141707475 0.7315
2 24127691 rs17045999 0.033362
2 24127849 rs1022346 2.2849999999999998e-26
2 24128725 rs565644511 0.9491
2 24128937 rs115773071 0.19977999999999999
2 24128940 rs554397233 0.73049
2 24128973 rs116069247 0.8751899999999999
2 24129148 rs112725470 2.3319999999999998e-26
2 24129207 rs147711631 0.49837
2 24129241 rs142550192 0.55466
2 24129277 rs72790329 1.8463e-26
2 24129287 rs113722490 2.1374e-06
2 24129330 rs4665644 0.031887
2 24129389 rs140521091 1.4640999999999998e-38
2 24129464 rs115861480 1.2949e-38
2 24129755 rs10193676 0.18983
2 24132272 rs72796316 7.872599999999999e-38
2 24132329 rs183088216 0.90828
2 24132701 rs11687065 2.088e-19
2 24132836 rs146277678 0.034194999999999996
2 24132864 rs55878121 0.012167
2 24132871 2:24132871_T_C 0.34269
2 24132980 rs112313489 9.5588e-38
2 24133027 rs72796319 7.198099999999999e-38
2 24133358 rs112386147 0.031077999999999998
2 24133453 rs114186200 0.26783
2 24133590 rs56104215 7.2013e-38
2 24133687 rs566148553 0.12179000000000001
2 24134015 rs13028272 0.06591699999999999
2 24134032 rs113593043 9.4698e-38
2 24134167 rs139050099 1.2865999999999999e-38
2 24134499 rs113057593 0.010354
2 24134537 rs72796325 1.7659e-26
2 24134592 rs530379674 0.7124699999999999
2 24134599 rs12612830 7.080499999999999e-38
2 24135014 rs144815526 0.18554
2 24135034 rs12616257 1.8215e-26
2 24135346 rs114655742 0.033298
2 24135557 rs145832889 0.18704
2 24136448 rs12992076 3.7473e-09
2 24136569 rs79532647 0.033782
2 24136912 rs116727594 0.032984
2 24137047 rs72796326 1.076e-37
2 24137424 rs7575092 0.26592
2 24137581 rs150557852 0.071087
2 24137800 rs138604942 0.18599000000000002
2 24138089 rs116102732 0.26833
2 24138161 rs79806627 0.033135000000000005
2 24138574 rs143418024 0.033816000000000006
2 24139325 rs113449631 0.74258
2 24139362 rs763598911 0.2198
2 24139481 rs577340731 0.8573
2 24139520 rs12475813 0.57414
2 24140056 rs113148714 0.79151
2 24140258 rs17762931 0.4385
2 24140372 rs72796327 1.5084e-38
2 24140660 rs146796831 0.11695
2 24141343 rs72796328 1.1252e-38
2 24141469 rs12478037 2.4533000000000005e-19
2 24141662 rs867733 0.012186
2 24141858 rs79801952 0.030705
2 24141912 rs72796329 6.0838e-38
2 24142102 rs13389807 0.26761
2 24142175 rs116062918 0.032793
2 24142183 rs143563900 0.36894
2 24142212 rs13431937 0.28029
2 24142464 rs148547899 0.033503
2 24142478 rs142921692 0.63125
2 24142500 rs113530757 6.068999999999999e-38
2 24142957 rs72796337 6.0502e-38
2 24143063 rs72796339 5.9965e-38
2 24143153 rs11888269 0.35267
2 24143267 rs112315293 0.72278
2 24143375 rs75563393 0.07851
2 24143500 rs111615599 0.46138999999999997
2 24143575 rs10199664 0.34512
2 24143622 rs72796340 6.0102e-38
2 24143675 rs35324570 0.033873
2 24143856 rs150155623 0.051196
2 24143959 rs11899617 0.23104
2 24143960 rs11899618 0.24247
2 24144351 rs78012058 0.36623
2 24144685 rs4665646 2.1925e-19
2 24144699 rs79815174 0.033281
2 24144845 rs75765319 0.24886999999999998
2 24144873 rs17046004 1.7752e-26
2 24144902 rs138612670 0.02399
2 24145065 rs116088549 0.032671
2 24145253 rs1400218 2.0868e-19
2 24145429 rs72851390 0.9853
2 24146156 rs77048033 0.94489
2 24146443 rs148495127 0.18504
2 24146544 rs142790779 0.74392
2 24146735 rs553727386 0.49278999999999995
2 24146758 rs532494110 0.8398700000000001
2 24146832 rs4665647 2.2025999999999997e-19
2 24147047 rs145309966 1.1876e-38
2 24147085 rs10170595 0.33258000000000004
2 24147631 rs72796343 1.1291999999999998e-38
2 24147666 rs769616884 0.79756
2 24147841 rs13389538 0.33409
2 24147928 rs538525069 0.2563
2 24147996 rs574950318 0.29627
2 24148020 rs77498254 0.09628099999999999
2 24148070 rs560775524 0.070717
2 24148192 rs577261736 0.048967000000000004
2 24148231 rs963725 1.1255e-38
2 24148538 rs963726 2.0794e-19
2 24148803 rs143437653 0.7315
2 24148973 rs182809480 0.007485600000000001
2 24149439 rs61739076 9.513499999999999e-39
2 24150056 rs138924142 0.17812
2 24150095 rs75960003 1.7076e-08
2 24150163 rs78332127 1.5215999999999998e-26
2 24150457 2:24150457_A_T 0.57081
2 24150546 rs577064778 0.54174
2 24150632 rs13021384 3.6584000000000003e-19
2 24150783 rs112139157 1.4415e-26
2 24150973 rs114427692 0.19951
2 24151175 rs10208319 0.34255
2 24151372 rs12616768 1.3762999999999997e-38
2 24151391 rs12613859 1.4303e-26
2 24151889 rs145275776 0.02399
2 24152131 rs115917872 0.16122999999999998
2 24152133 rs116270933 0.24004
2 24152284 rs112284359 0.8261299999999999
2 24152534 rs112316954 0.0099021
2 24152590 rs535580802 0.063885
2 24153073 rs750572155 0.55204
2 24153132 rs10182357 3.6798e-19
2 24153466 rs145136439 0.97814
2 24153990 rs576112589 0.038154
2 24154192 rs11674248 0.55618
2 24154579 rs77920719 0.032513
2 24154709 rs10201116 0.34024
2 24154821 rs12621406 5.6095e-38
2 24154964 rs12621445 9.421099999999999e-39
2 24155078 rs546037649 0.13581
2 24155286 rs142996307 0.18753
2 24155448 rs6754694 5.2116e-38
2 24155478 rs6751655 2.3130999999999998e-38
2 24155714 rs115013609 0.10979000000000001
2 24155760 rs6751955 3.9843000000000007e-19
2 24155929 rs144546054 0.031346
2 24156290 rs7589939 0.15542999999999998
2 24156769 rs56064672 1.3218e-26
2 24156860 rs10207951 0.27749
2 24156959 rs11892262 0.030711000000000002
2 24157000 rs553130806 0.3621
2 24157244 rs74938740 0.75058
2 24157336 rs115881206 0.0010788
2 24157566 rs13034709 1.4219e-08
2 24157786 rs11893708 1.5268e-26
2 24157997 rs781392427 0.8164899999999999
2 24158003 rs55846516 5.559899999999999e-38
2 24158222 rs184558051 0.15006
2 24158425 rs72796351 5.243099999999999e-38
2 24158431 rs114914583 0.032089
2 24158638 rs2176265 1.5e-26
2 24158641 rs28866579 0.27726999999999996
2 24159213 rs77128214 0.031873
2 24159250 rs10184859 0.33784000000000003
2 24159288 rs6710426 5.0108e-38
2 24159322 rs78386572 0.16491
2 24159332 rs113662457 0.030919
2 24159417 rs116218806 0.15016
2 24159903 rs113014365 1.3322e-26
2 24160120 rs150800300 0.22321
2 24160131 rs72796357 4.8402e-38
2 24160132 rs72796358 4.6925999999999997e-38
2 24160259 rs115568757 0.14017000000000002
2 24160545 rs72796359 9.604099999999999e-39
2 24160642 rs2339886 3.2900999999999997e-19
2 24160689 rs72796361 1.3503e-26
2 24161047 rs112916602 0.030483999999999997
2 24161934 rs565793977 0.7324
2 24162018 rs7572949 0.55428
2 24162097 rs777211962 0.8793700000000001
2 24162324 rs77789577 0.40171
2 24162663 rs72796369 1.3006000000000003e-26
2 24162703 rs115721531 0.069985
2 24163121 rs6729507 3.5429000000000003e-19
2 24163190 rs150241367 0.17775
2 24163323 rs139272208 0.081051
2 24163587 rs191823968 0.17604
2 24164032 rs552989665 0.55256
2 24164073 rs147065981 0.02399
2 24164129 rs4488614 0.025727999999999997
2 24164237 rs4564735 3.5641999999999995e-19
2 24164443 rs77168703 0.77015
2 24164507 rs78338674 0.0098468
2 24164639 rs75293971 0.0087683
2 24164735 rs10169690 3.5005e-19
2 24164956 rs113141068 0.88902
2 24165235 rs12616899 4.6836999999999997e-38
2 24165503 rs116565656 0.033019
2 24165511 rs12616985 4.6938e-38
2 24165624 rs55854582 0.0092725
2 24165630 rs115673762 0.033014
2 24165791 rs116259643 0.26164
2 24166001 rs55653174 6.1999e-38
2 24166047 rs376955830 0.46058999999999994
2 24166221 rs150555576 0.091362
2 24166277 rs12617839 4.6922e-38
2 24166869 rs113638928 0.030826999999999997
2 24166892 rs113067638 0.88266
2 24167267 rs75046532 4.6430999999999996e-38
2 24167268 rs7558300 0.025199
2 24167370 rs751389016 0.22651
2 24167385 rs72796378 1.0024999999999999e-26
2 24167417 rs111229211 1.6061e-35
2 24167445 rs79835156 0.031382
2 24167677 rs149876155 0.073236
2 24167751 rs4665248 3.7931999999999994e-19
2 24167949 rs79326186 0.26153000000000004
2 24168188 rs60490158 0.025664999999999997
2 24168487 rs149212725 7.927900000000001e-18
2 24168620 rs7578969 4.6381999999999994e-38
2 24168769 rs142468880 0.17368
2 24168909 rs147920918 0.17879
2 24169525 rs141760001 0.13566
2 24169565 rs534974541 0.26697
2 24169615 rs114066314 0.11632
2 24170170 rs11883604 0.24386999999999998
2 24170214 rs11894756 1.2985e-26
2 24170360 rs72796385 4.5548e-38
2 24170437 rs11901412 0.8748600000000001
2 24170522 rs115540400 0.033582
2 24170851 rs10201934 0.25929
2 24171182 rs111692589 0.031353
2 24171365 rs113966511 4.2842999999999997e-38
2 24171509 rs72796388 4.592e-38
2 24171689 rs76636427 0.08307
2 24171761 rs72796389 4.3742999999999995e-38
2 24171806 rs139470741 0.8419
2 24171872 rs113578018 0.051207
2 24172119 rs147957646 0.88902
2 24172312 rs74965737 3.0281999999999995e-19
2 24172560 rs149158542 0.033123
2 24172771 rs13035058 3.4707e-19
2 24172870 rs186076530 0.7197399999999999
2 24173003 rs78275916 0.033164
2 24173167 rs13009856 0.025761000000000003
2 24173377 rs7594510 4.3950999999999994e-38
2 24173565 rs7581107 4.5309e-38
2 24173663 rs140449139 0.033329000000000004
2 24173918 rs10167308 0.25788
2 24174066 rs10167434 0.23188000000000003
2 24174399 rs115627274 0.082095
2 24174483 rs34499205 0.026300999999999998
2 24174486 rs145429899 0.033343
2 24174616 rs4665249 3.4234e-19
2 24174644 rs138046505 0.14282
2 24175394 rs113606190 0.67062
2 24175407 rs192740131 0.16215
2 24175641 rs181707811 0.20405
2 24175875 rs113352997 0.61161
2 24175914 rs6545184 3.4611999999999994e-19
2 24176374 rs74983619 0.034593
2 24176460 rs139894065 0.17619
2 24177281 rs111796340 0.6319899999999999
2 24177675 2:24177675_T_A 0.22177
2 24178053 rs139087264 0.006337399999999999
2 24178093 rs113312575 4.458e-38
2 24178154 rs72796396 4.277e-38
2 24178211 rs72796397 4.270699999999999e-38
2 24179371 rs187206336 0.8319700000000001
2 24179478 rs113175515 0.55874
2 24179565 rs11885670 0.031695
2 24179669 rs79383119 0.033306999999999996
2 24179881 rs75101706 0.030313
2 24179922 rs4665250 0.020488
2 24180078 rs72796401 1.7096e-26
2 24180104 rs72796402 7.1735e-39
2 24180125 rs72798404 8.513199999999999e-39
2 24180144 rs72798406 1.5186000000000002e-26
2 24180164 rs144393659 0.40592
2 24180198 rs116417004 0.16741
2 24180790 rs184260806 0.045502999999999995
2 24180810 rs76091392 0.61319
2 24180924 rs75460590 0.6071300000000001
2 24181159 rs12616678 1.306e-26
2 24181253 rs112097545 0.66071
2 24181356 rs370272783 0.5303399999999999
2 24181386 rs77268175 0.6527
2 24181583 rs12623496 4.1411e-38
2 24181656 rs80070223 0.031069
2 24181670 rs12623521 1.2195999999999999e-26
2 24181845 rs72798408 8.098100000000001e-39
2 24181983 rs35903346 0.06991599999999999
2 24182159 rs12151849 0.019434
2 24182316 rs185796515 0.14683
2 24182849 rs148253350 0.084384
2 24182910 rs113894838 0.03052
2 24183205 rs112882718 0.040223
2 24183529 rs112447895 0.62422
2 24183805 rs7369458 0.5163800000000001
2 24184220 rs771854738 0.31843
2 24184246 rs149441543 0.084013
2 24184263 rs115882967 0.8651200000000001
2 24184343 rs72798411 8.2256e-39
2 24184620 rs11125331 0.018076
2 24184665 rs552851041 0.7127
2 24184667 rs183037467 0.1904
2 24184676 rs112788077 4.157e-38
2 24184710 rs11125332 0.018298
2 24184724 rs113366664 0.030872000000000004
2 24185097 rs17046015 0.05036
2 24185385 rs773774751 0.90917
2 24185521 rs562366247 0.36868
2 24185525 rs112145585 4.2575e-38
2 24185560 rs181272915 0.8705200000000001
