CHR BP SNP P
22 43005296 rs73173086 1.3332e-05
22 43006551 rs115590837 0.6108100000000001
22 43007592 rs60530807 0.8549399999999999
22 43007594 rs1540311 0.55742
22 43007597 rs137110 0.12951
22 43007743 rs143434797 0.35888000000000003
22 43008077 rs141677571 0.61168
22 43008104 rs137111 0.22503
22 43008214 rs145808161 0.36196
22 43008891 rs146142400 0.11640999999999999
22 43008919 rs35520449 0.033293
22 43009089 rs77102447 0.9699399999999999
22 43009452 rs147621505 0.6139600000000001
22 43009537 rs112472831 0.5481
22 43009759 rs137112 0.083868
22 43009817 rs137113 0.13278
22 43010155 rs138428793 0.91651
22 43010601 rs6002815 0.081548
22 43010728 rs79911213 0.19814
22 43010817 rs28627172 0.11769
22 43010821 rs61744232 0.26415
22 43011009 rs143329654 0.58565
22 43011044 rs74364344 0.10497999999999999
22 43011246 rs137114 0.14554
22 43011403 rs137115 0.15434
22 43011446 rs9620074 0.76931
22 43011674 rs137116 0.082116
22 43011807 rs150772854 0.58995
22 43012202 rs68420 0.088184
22 43012555 rs185027570 0.15515
22 43012788 rs113160582 0.7482800000000001
22 43012849 rs146662045 0.74764
22 43012853 rs137117 0.11225
22 43012968 rs74279210 0.76244
22 43013218 rs137118 0.12460999999999998
22 43013236 rs137119 0.01069
22 43013260 rs112688552 0.5921
22 43013399 rs150450970 0.9203399999999999
22 43013554 rs137121 0.20801999999999998
22 43013755 rs532832925 0.80787
22 43013785 rs12483767 0.32273
22 43013823 rs527819305 0.5058699999999999
22 43013836 rs137122 0.12165
22 43013883 rs78361912 0.73426
22 43014398 rs8190474 0.7117
22 43014773 rs6002819 0.17795999999999998
22 43015387 rs7284807 0.16976
22 43015492 rs137123 0.41343
22 43015716 rs137124 0.33693
22 43015717 rs147783444 0.79537
22 43015795 rs76458556 0.68613
22 43015977 rs78933321 0.45436000000000004
22 43016015 rs12106607 0.48503
22 43016467 rs8190470 0.7058300000000001
22 43017056 rs59334747 0.5043
22 43017483 rs147709184 0.43703000000000003
22 43017627 rs751153 0.23103
22 43017719 rs8190468 0.4108
22 43018054 rs8190467 0.8356600000000001
22 43018122 rs2003823 0.25045
22 43018185 rs2018557 0.017641
22 43018191 rs557659505 0.55302
22 43018216 rs114534262 0.43283999999999995
22 43018236 rs576014367 0.97778
22 43018587 rs743887 0.37489
22 43018623 rs743888 0.018305000000000002
22 43018982 rs8190464 0.96973
22 43019252 rs137126 0.17657
22 43019449 rs191372419 0.5220600000000001
22 43019536 rs2071843 0.56988
22 43019562 rs2071844 0.5673600000000001
22 43019632 rs137127 0.23245
22 43020126 rs6002824 0.23799
22 43020167 rs8190458 0.97508
22 43020169 rs137128 0.41849
22 43020234 rs8190457 0.027769
22 43020322 rs137129 0.43306000000000006
22 43020471 rs115339547 0.46453999999999995
22 43020903 rs5996196 0.31329
22 43021141 rs137130 0.36859000000000003
22 43021347 rs140990418 0.56481
22 43021446 rs137131 0.37629
22 43021554 rs137132 0.35070999999999997
22 43021607 rs137133 0.39171999999999996
22 43021713 rs137134 0.35173000000000004
22 43021954 rs34103809 0.039618
22 43022693 rs6002826 0.75026
22 43023432 rs8190451 0.40587
22 43023527 rs137136 0.9248
22 43023535 rs137137 0.96572
22 43023686 rs75478217 0.1978
22 43023939 rs2071846 0.11202000000000001
22 43023980 rs137138 0.9918299999999999
22 43024701 rs8190441 0.00031073
22 43024861 rs541213534 0.065937
22 43024944 rs145466089 0.28598
22 43025000 rs148021816 0.60449
22 43025194 rs8190440 0.9747
22 43025470 rs2267452 0.59809
22 43025942 rs2267453 0.01596
22 43025950 rs2267454 0.0044725
22 43026212 rs9623647 0.79255
22 43026296 rs737733 0.0030388999999999998
22 43026616 rs2285138 0.0039433
22 43026690 rs2285139 0.0037976
22 43026695 rs7287662 0.52774
22 43026791 rs8190435 0.40697
22 43026792 rs5758820 0.45221000000000006
22 43027084 rs8190433 0.41681
22 43027138 rs8190430 0.8688600000000001
22 43027356 rs743889 0.0050961999999999995
22 43027630 rs2071847 0.78585
22 43027824 rs6002829 0.35141999999999995
22 43027869 rs6002830 0.15356
22 43027959 rs8190427 0.9024
22 43028306 rs547530266 0.2235
22 43028308 rs743890 0.1868
22 43028481 rs3091344 0.0027958
22 43028693 rs116659685 0.63053
22 43028799 rs2299832 0.82214
22 43028803 rs2267455 0.76502
22 43028862 rs34373836 0.014993000000000001
22 43029138 rs8190424 0.72113
22 43029706 rs184892020 0.13989000000000001
22 43029809 rs2267456 0.96562
22 43029849 rs115880233 0.30764
22 43030011 rs143120936 0.81275
22 43030128 rs148284803 0.51639
22 43030129 rs5996198 0.89413
22 43030324 rs5996199 0.36168
22 43030430 rs143543844 0.52483
22 43030483 rs150104600 0.33876
22 43030950 rs111896009 0.45507
22 43031078 rs5758822 0.00064614
22 43031210 rs5751314 0.00061232
22 43031465 rs142780849 0.34239
22 43031657 rs8190423 0.96677
22 43031820 rs8190422 0.95194
22 43031943 rs8190421 0.00062313
22 43031951 rs116260740 0.27652
22 43031958 rs560595555 0.05222
22 43031973 rs8190420 0.85283
22 43032041 rs8190419 0.8092600000000001
22 43032082 rs551965148 0.046941000000000004
22 43032121 rs534893962 0.025969
22 43032182 rs6002837 0.00058557
22 43032229 rs8140318 0.94819
22 43032244 rs5758823 0.37521
22 43032296 rs191734423 0.21754
22 43032328 rs5758824 0.00061225
22 43032375 rs78317721 0.92
22 43032488 rs8190416 0.00053002
22 43032742 rs5996200 0.0005687
22 43032870 rs2285141 0.96441
22 43033022 rs115713945 0.84882
22 43033101 rs8190415 0.451
22 43033556 rs774798246 0.38697
22 43033708 rs115643374 0.8951899999999999
22 43033800 rs5751315 0.00063034
22 43033907 rs570469686 0.056024000000000004
22 43034072 rs138942558 0.85577
22 43034144 rs5751316 0.39326
22 43034175 rs9607923 0.00058189
22 43034260 rs6002838 0.40741
22 43034450 rs73423186 0.9492200000000001
22 43034503 rs74746483 0.94168
22 43034602 rs6002839 0.39323
22 43034667 rs5996201 0.33543
22 43034960 rs12171070 0.30501
22 43035098 rs78852336 0.9676
22 43035200 rs555983585 0.98559
22 43035287 rs142301218 0.94273
22 43035296 rs12158041 0.32543
22 43035371 rs139626388 0.79186
22 43035410 rs137140 0.00052965
22 43035415 rs7287830 0.9649700000000001
22 43035582 rs12329980 0.5805600000000001
22 43035793 rs5751318 0.46135
22 43035928 rs12628044 0.92356
22 43036245 rs6519327 0.93101
22 43036470 rs6519328 0.94363
22 43036551 rs7293119 0.33434
22 43036779 rs7284660 0.97921
22 43036925 rs763110923 0.33421
22 43037084 rs6002841 0.1261
22 43037205 rs150615684 0.052461
22 43037398 rs12160248 0.28904
22 43037559 rs184809951 0.21836999999999998
22 43037967 rs9620076 0.27731999999999996
22 43038179 rs148692063 0.18800999999999998
22 43038408 rs5758830 0.46353999999999995
22 43039330 rs8190413 0.9324899999999999
22 43039664 rs8190411 0.18259
22 43039693 rs8190410 0.00066607
22 43039876 rs539001991 0.43573999999999996
22 43039982 rs2267457 0.97459
22 43040082 rs734637 0.45448999999999995
22 43040303 rs8190409 0.34481999999999996
22 43040434 rs8190407 0.34733
22 43040474 rs8190406 0.84499
22 43040640 rs6002846 0.13559000000000002
22 43040747 rs78356298 0.5694600000000001
22 43040793 rs763063 0.45005
22 43040807 rs8190404 0.00074888
22 43040810 rs8190403 0.13055
22 43040839 rs5751319 0.44576000000000005
22 43040873 rs2284088 0.9221299999999999
22 43040921 rs1109585 0.47589
22 43041171 rs6002848 0.0058748
22 43041255 rs8190402 0.96767
22 43041376 rs8190401 0.21235
22 43041390 rs143374818 0.62173
22 43041391 rs916321 0.0013896
22 43041460 rs6002849 0.16566
22 43041489 rs2413707 0.00044568
22 43041545 rs6002850 0.0054343
22 43041593 rs2413708 0.41241000000000005
22 43041636 rs8190397 0.18559
22 43041777 rs8190396 0.17733
22 43041837 rs6002851 0.00064942
22 43041902 rs6002853 0.0075654
22 43041909 rs8190394 0.37288000000000004
22 43041929 rs8190393 0.0012823
22 43042130 rs6002854 0.19775
22 43042197 rs8190391 0.46684
22 43042204 rs73888346 0.5455800000000001
22 43042618 rs8190388 0.16842000000000001
22 43042682 rs8190387 0.30848000000000003
22 43042714 rs147198627 0.6381899999999999
22 43043087 rs2284090 0.0014977999999999999
22 43043170 rs5996204 0.14914000000000002
22 43043175 rs2267458 0.9574600000000001
22 43043238 rs8190385 0.9565100000000001
22 43043503 rs6002855 0.32437
22 43043580 rs137141 0.36273
22 43043619 rs8190382 0.26313000000000003
22 43043758 rs8190381 0.23981999999999998
22 43043954 rs2267459 0.0058147
22 43044149 rs8190377 0.40637
22 43044485 rs6002856 0.16272999999999999
22 43044572 rs60631826 0.96896
22 43044765 rs8190371 0.00072134
22 43045060 rs190364570 0.37271
22 43045150 rs560202735 0.85665
22 43045295 rs8190370 0.5515
22 43045565 rs8190365 0.54115
22 43045572 rs73888347 0.37875
22 43045643 rs28365958 0.9694
22 43045695 rs28365957 0.98956
22 43045707 rs5996205 0.22966
22 43045879 rs115879497 0.46333
22 43046094 rs11705171 0.0027300000000000002
22 43046277 rs6002858 0.00072299
22 43046301 rs74761310 0.85985
22 43046412 rs145889883 0.3272
22 43046466 rs5758833 0.5121100000000001
22 43046494 rs60685278 0.83959
22 43046517 rs11705269 0.0023626999999999997
22 43046537 rs114521169 0.5877600000000001
22 43046707 rs6002862 0.52146
22 43046912 rs188535737 0.6796
22 43047023 rs12330105 0.5767899999999999
22 43047232 rs145945494 0.3751
22 43047285 rs3761461 0.002849
22 43047453 rs73425225 0.17060999999999998
22 43047476 rs3827361 0.0024678
22 43047832 rs28699161 0.86282
22 43047865 rs28404399 0.87151
22 43048096 rs148428221 0.1198
22 43048151 rs56242040 0.00076194
22 43048263 rs75096326 0.36298
22 43048469 rs79153620 0.8708299999999999
22 43048721 rs142358895 0.4994
22 43048898 rs182794303 0.65173
22 43049014 rs5758837 0.0030228
22 43049048 rs77394173 0.90225
22 43049439 rs541018173 0.71044
22 43049470 rs138849162 0.10587
22 43049482 rs149366844 0.67388
22 43049714 rs55730916 0.47981
22 43049868 rs12159980 0.1306
22 43049869 rs146039789 0.2995
22 43049981 rs60807245 0.508
22 43050235 rs73425231 0.71583
22 43050275 rs7292384 0.75636
22 43050380 rs150716175 0.3506
22 43050527 rs13057781 0.00087828
22 43050539 rs5996206 0.001065
22 43050597 rs6002863 0.00099604
22 43050788 rs13054038 0.00083151
22 43051071 rs140120404 0.6624899999999999
22 43052136 rs9611830 0.00083377
22 43052197 rs190763304 0.35651
22 43052348 rs5996208 0.29428000000000004
22 43052578 rs6002864 0.28674
22 43052604 rs73888349 0.8525
22 43052705 rs181580178 0.50558
22 43052832 rs138780329 0.62256
22 43052883 rs5758840 0.0019337
22 43053140 rs141621691 0.86166
22 43053240 rs147174073 0.7417
22 43053336 rs5758842 0.003055
22 43053435 rs78089762 0.88986
22 43053469 rs80294609 0.5213899999999999
22 43053756 rs12167306 0.55415
22 43053813 rs1009433 0.0018112000000000002
22 43053898 rs141026452 0.68018
22 43054092 rs182433907 0.06324600000000001
22 43054117 rs7284931 0.49933999999999995
22 43054121 rs5758843 0.0019138999999999998
22 43054308 rs73174905 0.00027973
22 43054490 rs11090113 0.5100899999999999
22 43054509 rs11090114 0.0018445999999999998
22 43054564 rs192354085 0.45826999999999996
22 43054738 rs5751322 0.51553
22 43055227 rs541424216 0.29349000000000003
22 43055262 rs146590914 0.61663
22 43055539 rs141293100 0.17268
22 43055597 rs773730964 0.54727
22 43055841 rs59949817 0.10013
22 43055992 rs144785890 0.2759
22 43056039 rs137143 0.7138100000000001
22 43056143 rs5996209 0.099463
22 43056228 rs5996210 0.20351
22 43056278 rs5996211 0.099344
22 43056302 rs5996212 0.16378
22 43056343 rs563814476 0.80471
22 43056577 rs563165910 0.1412
22 43056758 rs12627948 0.93722
22 43056854 rs114623727 0.84441
22 43057134 rs6002868 0.09388300000000001
22 43057206 rs112490964 0.8885
22 43057328 rs147138497 0.96854
22 43057360 rs180979501 0.27505999999999997
22 43057546 rs34945863 0.60075
22 43057547 rs569188218 0.32379
22 43057565 rs79173401 0.9413600000000001
22 43057711 rs550934105 0.46805
22 43057833 rs5751323 0.5753
22 43058146 rs115245396 0.2759
22 43058226 rs534068967 0.45071000000000006
22 43058496 rs2858470 0.5099600000000001
22 43058576 rs60221805 0.079047
22 43058627 rs11705003 0.009116299999999999
22 43058668 rs527695747 0.36468
22 43058672 rs130320 0.5120100000000001
22 43058739 rs61335672 0.36369
22 43058804 rs2858471 0.50745
22 43058805 rs6002871 0.11147
22 43058811 rs6002872 0.11147
22 43058822 rs150911578 0.06403500000000001
22 43058837 rs130321 0.50678
22 43059138 rs78856866 0.93105
22 43059160 rs144229380 0.8646799999999999
22 43059229 rs146534961 0.3131
22 43059235 rs130322 0.50838
22 43059290 rs12628966 0.96944
22 43059464 rs130324 0.5471
22 43059697 rs12157400 0.1226
22 43059760 rs112994439 0.12055999999999999
22 43059840 rs8135701 0.9305399999999999
22 43059925 rs130326 0.53868
22 43060098 rs187809724 0.26897
22 43060120 rs34660329 0.13794
22 43060877 rs6002875 0.12385
22 43061006 rs130327 0.0043651
22 43061323 rs114310552 0.48761000000000004
22 43061482 rs130328 0.49964
22 43061494 rs2413709 0.0084217
22 43061594 rs130329 0.48958
22 43061610 rs130330 0.50029
22 43061737 rs4420 0.0040374
22 43061968 rs57900173 0.99274
22 43062331 rs130331 0.44948
22 43062332 rs139301925 0.64993
22 43062340 rs135091 0.070784
22 43062434 rs130332 0.49949
22 43062737 rs5996214 0.25818
22 43062797 rs111911231 0.16035
22 43063013 rs56703519 0.4918
22 43063021 rs60176251 0.39242
22 43063246 rs7286140 0.00774
22 43063348 rs567803818 0.29399000000000003
22 43063511 rs2744884 0.0047616
22 43063574 rs6002878 0.09535199999999999
22 43063720 rs139014860 0.48521000000000003
22 43063769 rs135092 0.13304000000000002
22 43063958 rs135093 0.48466000000000004
22 43064030 rs73174907 0.00038937
22 43064078 rs6002880 0.12955999999999998
22 43064274 rs150567024 0.55657
22 43064517 rs57240860 0.12758
22 43064840 rs135094 0.47893
22 43064857 rs135095 0.0043674
22 43064887 rs79737669 0.82629
22 43065324 rs141426134 0.28586
22 43065337 rs181534538 0.8809999999999999
22 43065400 rs113270378 0.76032
22 43065407 rs144868206 0.1231
22 43065704 rs116174112 0.8940899999999999
22 43065766 rs141374848 0.88361
22 43065921 rs58319500 0.9609200000000001
22 43065968 rs555387376 0.47065
22 43066379 rs130333 0.6105
22 43066531 rs130334 0.38428
22 43066932 rs112970116 0.14328
22 43067054 rs130335 0.65489
22 43067127 rs5751329 0.5989300000000001
22 43067263 rs9620078 0.29139
22 43067327 rs8138985 0.9678399999999999
22 43067331 rs10427938 0.9707399999999999
22 43067520 rs150935078 0.43801999999999996
22 43067544 rs77813371 0.0058008999999999995
22 43067722 rs8140629 0.98951
22 43067988 rs151135591 0.96903
22 43068016 rs149666062 0.73547
22 43068239 rs130336 0.8262299999999999
22 43068401 rs9611835 0.68758
22 43068518 rs7286131 0.8386600000000001
22 43068543 rs59805864 0.9002899999999999
22 43068676 rs116343070 0.094717
22 43068711 rs5758854 0.6906800000000001
22 43068847 rs116204065 0.7437600000000001
22 43068882 rs130337 0.092571
22 43069248 rs188697040 0.59192
22 43069264 rs9611837 0.74274
22 43069336 rs58482696 0.7231
22 43069740 rs5758856 0.67264
22 43069761 rs12628255 0.9318299999999999
22 43070090 rs6002884 0.74237
22 43070153 rs5996215 0.39585
22 43070422 rs9623656 0.97477
22 43070593 rs5758857 0.7165699999999999
22 43070623 rs5758858 0.7253
22 43070640 rs142066255 0.96957
22 43070655 rs130338 0.83541
22 43070689 rs62238286 0.81255
22 43070780 rs9623657 0.85216
22 43070801 rs6002885 0.35388000000000003
22 43070805 rs5758859 0.70603
22 43070814 rs9623658 0.7593300000000001
22 43070835 rs6002886 0.89008
22 43071004 rs6002887 0.030851999999999997
22 43071005 rs145427997 0.9427700000000001
22 43071202 rs111567116 0.9515399999999999
22 43071309 rs62238287 0.005829399999999999
22 43071608 rs5758860 0.72433
22 43071727 rs6002888 0.21808000000000002
22 43071850 rs116745417 0.57836
22 43072077 rs147071188 0.9400299999999999
22 43072394 rs74529553 0.86606
22 43072543 rs184852778 0.5612199999999999
22 43072626 rs73425294 0.9464100000000001
22 43072726 rs571301340 0.19477
22 43072847 rs5996216 0.47753999999999996
22 43073031 rs17003208 0.94126
22 43073331 rs61374197 0.9538200000000001
22 43073386 rs5996217 0.48263999999999996
22 43073537 rs5996218 0.47891999999999996
22 43073785 rs6002889 0.37633
22 43073828 rs6002890 0.5574399999999999
22 43073864 rs6002891 0.38656999999999997
22 43073923 rs754431418 0.14579
22 43073936 rs12627752 0.9436899999999999
22 43074011 rs6002892 0.47872
22 43074023 rs139130766 0.39044
22 43074115 rs12166977 0.98139
22 43074272 rs764204909 0.72038
22 43074378 rs130342 0.84924
22 43074556 rs130343 0.87177
22 43074900 rs130344 0.81147
22 43074921 rs12158638 0.3523
22 43075075 rs78605759 0.29717
22 43075094 rs763114362 0.61198
22 43075140 rs182597112 0.17467
22 43075306 rs115768418 0.38008000000000003
22 43075338 rs141109263 0.99944
22 43075422 rs130345 0.8407600000000001
22 43075425 rs5996219 0.32243
22 43075914 rs74777275 0.99131
22 43075948 rs130346 0.85887
22 43076065 rs138224955 0.098651
22 43076100 rs76494235 0.84572
22 43076341 rs5758863 0.70849
22 43076390 rs115384783 0.43349
22 43076496 rs73888351 0.94311
22 43076516 rs6002893 0.34431
22 43076614 rs550224005 0.96142
22 43076765 rs139516732 0.38556999999999997
22 43076809 rs130347 0.8743299999999999
22 43076956 rs6002894 0.35579
22 43077027 rs130348 0.8727799999999999
22 43077050 rs130349 0.8749
22 43077087 rs188285320 0.29821
22 43077116 rs55759830 0.8476799999999999
22 43077143 rs130350 0.87375
22 43077709 rs9611839 0.7204699999999999
22 43077904 rs130363 0.69557
22 43078091 rs5996221 0.54091
22 43078207 rs130364 0.89825
22 43078382 rs116600647 0.86298
22 43078466 rs73888353 0.5654100000000001
22 43078569 rs130365 0.8955200000000001
22 43078589 rs135096 0.73264
22 43078760 rs5996222 0.47322
22 43079037 rs130367 0.7892899999999999
22 43079072 rs130368 0.7914399999999999
22 43079081 rs115117704 0.2987
22 43079175 rs130369 0.74458
22 43079214 rs135097 0.7868
22 43079607 rs739024 0.98165
22 43079754 rs17003212 0.9555100000000001
22 43079766 rs192871434 0.9966
22 43079783 rs76858808 0.89544
22 43079847 rs135098 0.78363
22 43080028 rs130370 0.78277
22 43080278 rs73427217 0.8658100000000001
22 43080310 rs55785253 0.88346
22 43080792 rs130371 0.75142
22 43080880 rs130372 0.78304
22 43080905 rs130373 0.72518
22 43081011 rs111489258 0.8178300000000001
22 43081044 rs130374 0.74449
22 43081095 rs60445094 0.38823
22 43081101 rs130377 0.74055
22 43081141 rs73427221 0.8226100000000001
22 43081398 rs130379 0.95268
22 43081442 rs5758865 0.7296199999999999
22 43081553 rs130380 0.73824
22 43081676 rs7289700 0.94415
22 43081726 rs130382 0.7187100000000001
22 43081759 rs185526404 0.26745
22 43081796 rs130383 0.69592
22 43082040 rs135100 0.7177899999999999
22 43082046 rs774263290 0.39473
22 43082052 rs130384 0.71819
22 43082265 rs130385 0.9346399999999999
22 43082478 rs130386 0.8491299999999999
22 43082755 rs130387 0.94729
22 43082826 rs130388 0.8661399999999999
22 43082898 rs12628410 0.9359799999999999
22 43083045 rs130389 0.95493
22 43083155 rs130390 0.84431
22 43083465 rs59408849 0.93865
22 43083611 rs59356108 0.9616899999999999
22 43084078 rs115378559 0.89312
22 43084079 rs116524244 0.9205700000000001
22 43084104 rs732336 0.81482
22 43084123 rs135101 1.4859e-06
22 43084125 rs135102 1.5714e-06
22 43084157 rs135103 0.022646
22 43084163 rs9611841 0.44155
22 43084355 rs35653875 0.0086362
22 43084446 rs56027862 0.032053
22 43084512 rs736014 0.9506100000000001
22 43084613 rs736013 0.9561
22 43084670 rs6002898 0.4266
22 43084680 rs736015 0.94857
22 43084693 rs4421 1.437e-06
22 43084880 rs191968149 0.41026
22 43085425 rs2006304 0.70332
22 43085610 rs135105 0.00026898
22 43085647 rs2006303 0.70803
22 43085854 rs7291375 1.1604000000000001e-06
22 43085927 rs4334578 0.00037983
22 43085943 rs7291417 1.0859999999999999e-06
22 43086173 rs5996223 0.00026316
22 43086301 rs182520870 0.36046
22 43086424 22:43086424_G_A 0.3329
22 43086450 rs739025 0.00026404
22 43086592 rs2899361 0.022321
22 43086644 rs141037646 0.7008
22 43086768 rs151232420 0.9962700000000001
22 43086896 rs4822184 0.00026257
22 43087015 rs28915395 0.5584
22 43087025 rs6002900 0.49785
22 43087426 rs143404489 0.91176
22 43087644 rs8142445 0.6288100000000001
22 43087713 rs28915393 0.80958
22 43087781 rs8142375 0.72122
22 43087853 rs6002901 0.47816000000000003
22 43087854 rs6002902 0.4371
22 43088002 rs28915392 0.9903299999999999
22 43088010 rs12168190 1.186e-06
22 43088078 rs28915391 0.47086999999999996
22 43088175 rs28915390 0.7853899999999999
22 43088261 rs1053026 0.46871999999999997
22 43088402 rs144318323 0.97511
22 43088403 rs28915389 0.8438399999999999
22 43088435 rs135106 0.73933
22 43088463 rs3747193 0.74139
22 43088500 rs28915387 0.56912
22 43088549 rs3747194 0.023024
22 43088599 rs28915385 0.95729
22 43088642 rs543529172 0.52368
22 43088971 rs9623659 0.69787
22 43089055 rs6002904 0.00029805
22 43089470 rs28915383 0.9224100000000001
22 43089517 rs28915382 0.45956
22 43089658 rs28915381 0.9316
22 43089849 rs11541159 0.7104699999999999
22 43090231 rs28915380 0.79601
22 43090249 rs3788594 0.00028638
22 43090276 rs3788595 0.9708
22 43090534 rs9623660 1.5437000000000001e-06
22 43090599 rs117648338 0.52472
22 43090714 rs130392 0.71434
22 43090734 rs28915378 0.57155
22 43090820 rs28915377 0.51563
22 43091179 rs9611843 0.69512
22 43091341 rs130394 5.263e-05
22 43091354 rs130395 0.7346
22 43091927 rs142009662 0.82221
22 43092004 rs78018648 0.96035
22 43092556 rs6002907 0.35681999999999997
22 43092620 rs135107 0.00076553
22 43092786 rs3761462 0.57517
22 43092827 rs182373576 0.5009899999999999
22 43092851 rs130396 0.00031936
22 43092912 rs3761464 0.93886
22 43092919 rs79692890 0.6136199999999999
22 43093143 rs130397 8.3145e-05
22 43093168 rs79365412 0.93637
22 43093172 rs74516724 0.91864
22 43093189 rs41277501 0.9391700000000001
22 43093296 rs3761465 0.9374600000000001
22 43093376 rs9623661 2.7062e-05
22 43093457 rs916231 1.6635e-06
22 43093596 rs135108 0.80442
22 43093640 rs149399083 0.6593
22 43093698 rs12628541 0.94029
22 43093984 rs184970048 0.16183
22 43094027 rs130399 6.8784e-05
22 43094085 rs3761467 0.9370799999999999
22 43094178 rs13056237 0.002404
22 43094340 rs2024643 0.00026944
22 43094465 rs8141906 0.7094
22 43094736 rs12628919 0.9494600000000001
22 43094877 rs11090115 6.7838e-05
22 43094925 rs4822185 0.00027021
22 43094932 rs28916570 0.94396
22 43095113 rs8138577 1.5604e-06
22 43095129 rs77076498 0.95367
22 43095255 rs60422751 0.9950100000000001
22 43095374 rs4822186 0.79094
22 43095457 rs4820476 0.81266
22 43095473 rs5758870 8.062e-05
22 43095585 rs370061522 0.88287
22 43095600 rs5758871 0.00018327
22 43095737 rs5751340 0.80027
22 43095895 rs28915372 1.2547e-06
22 43095928 rs910301 9.845299999999999e-05
22 43095999 rs5758872 0.65451
22 43096013 rs910302 0.00010723
22 43096042 rs910303 0.00020801
22 43096266 rs13057708 0.00025867
22 43096364 rs17485489 0.0010059
22 43096492 rs5996224 0.29272
22 43096496 rs116469228 0.78678
22 43096507 rs6002910 0.29164
22 43096549 rs145444419 0.036045999999999995
22 43096640 rs560516574 0.89728
22 43096996 rs7284681 0.35933000000000004
22 43097457 rs577456200 0.58267
22 43097514 rs5758873 0.051240999999999995
22 43097551 rs5751341 0.00012378
22 43097895 rs146064760 0.51635
22 43098123 rs57323342 0.65199
22 43098310 rs116122205 0.67925
22 43098501 rs5758875 0.038659
22 43098650 rs5751342 0.065774
22 43098738 rs140635929 0.021394
22 43098771 rs5751343 0.07524
22 43098879 rs76469430 0.9819100000000001
22 43098885 rs117715445 0.21485
22 43099055 rs5758876 0.055865
22 43099183 rs151217339 0.87269
22 43099621 rs73174925 0.14157
22 43099625 rs12167417 0.77547
22 43099957 rs28992193 0.65163
22 43099963 rs557188954 0.5334800000000001
22 43100579 rs4822187 7.882999999999999e-06
22 43100786 rs79142397 0.0047158
22 43100802 rs565336209 0.81597
22 43100856 rs5758880 0.0037734
22 43100944 rs5758881 0.15732000000000002
22 43101378 rs535059255 0.13464
22 43101397 rs8141448 1.7545e-08
22 43101429 rs8141461 2.0659999999999998e-08
22 43102870 rs9620083 6.1647e-05
22 43102937 rs6002920 0.00019096
22 43103248 rs143668975 0.4008
22 43103268 rs73174931 0.00020942
22 43103328 rs13055547 5.4269e-05
22 43103381 rs116841281 0.0012637
22 43103399 rs7286195 4.7263000000000005e-05
22 43103435 rs7286214 5.0858999999999995e-05
22 43103684 rs7285550 4.7462e-05
22 43104014 rs55878035 7.2259e-07
22 43104116 rs9620084 4.9338e-05
22 43104333 rs13055227 5.1291e-05
22 43104401 rs13056472 1.5793e-06
22 43104750 rs13055886 1.8861000000000003e-08
22 43105156 rs5758884 1.9659000000000002e-14
22 43105188 rs112899616 0.0001675
22 43105258 rs5758885 9.7964e-07
22 43105474 rs67194282 6.0246000000000006e-05
22 43105532 rs67418653 5.4681999999999996e-05
22 43105655 rs151292395 0.60722
22 43105685 rs114658793 0.43076000000000003
22 43105703 rs73174947 0.00016466
22 43105910 rs114146190 0.44615
22 43106189 rs5751347 1.6247e-08
22 43106453 rs11704052 6.0366000000000004e-05
22 43106582 rs11704081 6.0746000000000004e-05
22 43106765 rs11704086 5.9386000000000004e-05
22 43106806 rs5758886 4.5257e-07
22 43107003 rs62238306 0.27009
22 43107046 rs73174950 0.00015807
22 43107686 rs28992185 0.013269999999999999
22 43107689 rs5758888 0.12527
22 43107734 rs148025094 0.69453
22 43107837 rs9620086 0.1332
22 43107935 rs112545361 0.9054399999999999
22 43107993 rs34470970 8.1236e-07
22 43108140 rs28992184 0.9055
22 43108197 rs150601028 0.008959299999999998
22 43108395 rs17485718 0.00019813
22 43108663 rs1989502 8.939700000000001e-05
22 43108926 rs74332709 0.0042791
22 43109337 rs7364250 0.33534
22 43109743 rs5758889 2.3290000000000002e-08
22 43109773 rs8139858 0.00011977
22 43110114 rs5758890 7.841299999999999e-07
22 43110115 rs5758891 8.2205e-14
22 43110497 rs6002924 0.00057521
22 43110736 rs5758893 2.5053999999999997e-08
22 43110919 rs5758894 0.070436
22 43111057 rs73886107 0.95362
22 43111427 rs141619500 0.51748
22 43111436 rs28992183 1.0168000000000002e-06
22 43111536 rs534638382 0.49151000000000006
22 43111670 rs8141536 1.8214e-08
22 43111726 rs554316336 0.5835100000000001
22 43111733 rs73174952 0.0041546000000000005
22 43111772 rs9607928 0.0037156
22 43111774 rs184377377 0.9145700000000001
22 43112256 rs149617614 0.013057
22 43112475 rs738526 1.6825e-08
22 43112611 rs1883990 1.7123e-08
22 43112674 rs8136914 1.0402e-06
22 43112732 rs28992181 0.9447200000000001
22 43112818 rs1883991 1.4428e-08
22 43112931 rs28992180 0.98869
22 43112946 rs28992179 0.9190200000000001
22 43112961 rs738527 1.6780000000000002e-08
22 43113004 rs11703455 1.1077e-06
22 43113134 rs142786626 0.042912
22 43113407 rs9620087 1.4408e-08
22 43113434 rs9623671 3.1587e-13
22 43113435 rs9620088 1.4388000000000001e-08
22 43113534 rs28992178 0.023506
22 43113673 rs6002926 0.0023851999999999996
22 43113775 rs28992177 0.00027387
22 43113793 rs5751348 5.540200000000001e-19
22 43114020 rs2143918 6.767e-19
22 43114040 rs2143919 3.4165e-13
22 43114132 rs28992176 0.0035645000000000004
22 43114291 rs7287297 0.0032269
22 43114336 rs146715172 0.36578
22 43114342 rs28992175 0.6546
22 43114450 rs145587354 0.62939
22 43114471 rs13056962 1.0279000000000001e-06
22 43114551 rs8138197 3.9933e-19
22 43114686 rs111502273 0.55881
22 43114824 rs8138149 3.0636000000000004e-08
22 43114928 rs2143920 0.012033
22 43115254 rs9623672 3.5512e-08
22 43115576 rs5758896 9.5904e-13
22 43115695 rs190870918 0.031160000000000004
22 43115696 rs5758897 1.7152e-08
22 43115718 rs12168573 0.60164
22 43115756 rs115096187 0.8867700000000001
22 43115776 rs9611844 0.0036052
22 43115881 rs547329634 0.17110999999999998
22 43116137 rs9611845 0.0033061
22 43116149 rs28908471 2.0198e-08
22 43116584 rs9620089 1.8307e-08
22 43116966 rs28910286 0.8418100000000001
22 43116985 rs28910285 1.9411e-08
22 43116989 rs28910284 1.0831999999999999e-06
22 43117037 rs9607929 0.0053448
22 43117209 rs546297833 0.70506
22 43117463 rs5758898 5.5471e-07
22 43117572 rs28910283 0.29734
22 43117595 rs5751350 0.006529600000000001
22 43117598 rs5751351 2.4975e-08
22 43117776 rs140368159 0.155
22 43118094 rs8184980 0.005721
22 43118317 rs62238326 1.9480000000000003e-08
22 43118575 rs114716421 0.32700999999999997
22 43118594 rs187608376 0.79208
22 43118694 rs9611850 0.0053298
22 43118782 rs56093613 0.00099731
22 43118878 rs9611851 0.0052661
22 43119231 rs9623675 0.32743
22 43119239 rs78822660 0.0021224
22 43119434 rs9623676 0.0052184
22 43119596 rs116167441 0.57
22 43119914 rs562069343 0.84321
22 43120061 rs181980366 0.019101
22 43120111 rs34091628 7.7429e-07
22 43120209 rs9611852 0.0043675
22 43120259 rs78341978 0.1872
22 43120320 rs73429207 0.82624
22 43120508 rs528181780 0.14604
22 43120651 rs5996228 0.46466999999999997
22 43120675 rs141980231 0.32831
22 43121056 rs36060915 1.7385999999999998e-08
22 43121058 rs9611853 0.0042333
22 43121133 rs143582928 0.0018889
22 43121139 rs549812747 0.77791
22 43121426 rs12166331 1.5884000000000002e-08
22 43121452 rs75698169 0.91576
22 43121495 rs77303290 0.6590699999999999
22 43121511 rs139580996 0.8665700000000001
22 43121666 rs73429209 0.8211700000000001
22 43121968 rs9623677 0.004263800000000001
22 43122433 rs144987100 0.027460000000000002
22 43122529 rs116103857 0.80621
22 43122713 rs546134312 0.21859
22 43122720 rs9607931 0.0042713000000000004
22 43123195 rs6002928 2.0261e-08
22 43123199 rs6002929 0.8816299999999999
22 43123204 rs116654400 0.45038999999999996
22 43123288 rs67094263 0.004509
22 43123590 rs73429217 0.7578199999999999
22 43123737 rs17173780 2.0933e-06
22 43123873 rs6002930 1.4585e-08
22 43124032 rs138015159 0.94189
22 43124101 rs142033988 0.78147
22 43124333 rs191151185 0.7368899999999999
22 43124515 rs9611855 0.48889
22 43124785 rs5758901 6.4959e-07
22 43124890 rs12168555 0.34115999999999996
22 43124998 rs9611857 0.5250100000000001
22 43125006 rs13054537 0.0072921999999999996
22 43125432 rs111959486 0.5737300000000001
22 43126236 rs75737464 0.8215899999999999
22 43126481 rs5751352 6.7346e-07
22 43126548 rs7285546 0.56258
22 43126800 rs537954875 0.36049000000000003
22 43126885 rs560009060 0.14242
22 43127064 rs17003270 0.0027965
22 43127395 rs190861880 0.45211999999999997
22 43127431 rs738528 3.706e-07
22 43127465 rs738529 2.9897e-07
22 43127812 rs115379703 0.9623799999999999
22 43127834 rs738530 2.6781e-07
22 43128031 rs78271550 0.0028158000000000002
22 43128032 rs738531 2.1981999999999997e-10
22 43128076 rs11913385 0.89404
22 43128319 rs12159909 0.30744
22 43128582 rs5758902 0.0068436999999999994
22 43128585 rs9623683 0.012325
22 43128596 rs12628551 3.1104000000000003e-06
22 43128628 rs9623684 0.62045
22 43128825 rs8137560 0.0030226999999999997
22 43128911 rs9607932 0.58189
22 43128974 rs183489685 0.63113
22 43129050 rs9611858 0.53342
22 43129316 rs192693476 0.60337
22 43129361 rs2413712 3.6871e-07
22 43129399 rs147635144 0.5023
22 43129593 rs9754507 0.0028476
22 43129646 rs145518848 0.60563
22 43129826 rs148838956 0.53922
22 43129827 rs9611859 0.0055955
22 43129958 rs779027434 0.20681999999999998
22 43130116 rs5751356 1.0215999999999999e-06
22 43130279 rs9611861 0.54004
22 43130398 rs9611862 0.5851
22 43130706 rs768055295 0.6181800000000001
22 43131036 rs531381004 0.36349000000000004
22 43131185 rs9611863 0.50159
22 43131592 rs5996229 0.29738000000000003
22 43131670 rs150180804 0.61993
22 43132167 rs75919921 0.9958799999999999
22 43132180 rs117321107 0.11613
22 43132266 rs116653114 0.67988
22 43132328 rs147479062 0.16079000000000002
22 43132871 rs190267017 0.8496600000000001
22 43132888 rs367573908 0.31189
22 43132954 rs9611864 0.4283
22 43133285 rs186750246 0.14897
22 43133688 rs12168880 0.53696
22 43134147 rs12628772 2.3552e-07
22 43134267 rs114210834 0.84035
22 43134340 rs115238710 0.18641
22 43134525 rs2413713 0.68512
22 43134690 rs12170390 0.52476
22 43134726 rs78182976 0.32078
22 43134801 rs5751357 2.6245e-07
22 43135008 22:43135008_C_T 0.47573000000000004
22 43135279 rs4328732 2.8486e-07
22 43135489 rs9611868 0.4933
22 43135524 rs57865866 0.5928800000000001
22 43135696 rs57880102 6.519e-07
22 43135731 rs9611869 0.50869
22 43135749 rs79934073 0.6955399999999999
22 43135993 rs9623686 6.6695e-06
22 43136111 rs112454243 0.82805
22 43136177 rs186048857 0.9989100000000001
22 43136212 rs12167537 1.7534000000000003e-07
22 43136583 rs8141918 1.7809e-07
22 43136686 rs112878473 0.5631
22 43136805 rs185331665 0.15234
22 43136808 rs2413714 2.2365e-07
22 43136845 rs9607938 0.4542
22 43137187 rs151080603 0.39008000000000004
22 43137760 rs193138445 0.46448
22 43137820 rs183350349 0.17781
22 43137973 rs9680786 3.5307999999999997e-06
22 43137999 rs11090116 0.5807100000000001
22 43138403 rs6002934 0.59019
22 43138671 rs192030459 0.18127000000000001
22 43139399 rs148256223 0.043744
22 43139528 rs57946965 6.9891e-06
22 43139896 rs116200502 0.47115
22 43140293 rs9623687 0.6641199999999999
22 43140443 rs73429253 0.51168
22 43140578 rs5758906 2.3866999999999995e-07
22 43140672 rs78428029 0.88456
22 43140720 rs5758907 2.8119e-06
22 43140786 rs138083205 0.47844
22 43140831 rs5996230 0.69853
22 43140837 rs62238333 0.17885
22 43141020 rs4822191 2.1792e-13
22 43141034 rs112042219 0.39587
22 43141043 rs191011237 0.8832
22 43141093 rs4820477 4.3472e-13
22 43141208 rs73429256 0.38322
22 43141350 rs78733497 0.047901
22 43141361 rs145924057 0.50741
22 43141391 rs9611872 0.18758
22 43141409 rs6002935 0.0021734000000000002
22 43141440 rs535626431 0.027844999999999998
22 43141444 rs556884158 0.9798100000000001
22 43141459 rs2143921 2.6759e-11
22 43141692 rs8141403 0.36395
22 43141848 rs2143922 5.7372e-06
22 43141907 rs2143923 3.067e-11
22 43142002 rs112900888 0.86111
22 43142173 rs529515551 0.1583
22 43142216 rs62238334 0.006972800000000001
22 43142577 rs77247463 0.046452
22 43142593 rs2413715 9.8808e-07
22 43142778 rs57371474 0.35829
22 43142948 rs8137312 0.007205199999999999
22 43143026 rs59397850 0.92445
22 43143160 rs12160649 0.0020716
22 43143228 rs6519336 8.830299999999999e-07
22 43143233 rs2006041 5.5298e-06
22 43143236 rs187716036 0.0012142000000000001
22 43143265 rs62238335 0.007066800000000001
22 43143284 rs558280903 0.64241
22 43143378 rs6002936 0.019114
22 43143899 rs4365558 0.0026328000000000002
22 43143996 rs141527480 0.86214
22 43144054 rs2092663 0.0072241
22 43144289 rs75918564 0.054298
22 43144592 rs113051030 0.053772
22 43144771 rs6002939 0.082335
22 43144950 rs112373602 0.054347
22 43145068 rs116594202 0.48996000000000006
22 43145097 rs79903956 0.00067512
22 43145421 rs1535079 5.5626e-06
22 43145466 rs59171526 0.0079074
22 43145502 rs111373987 0.35624
22 43145575 rs186472310 0.28864
22 43145641 rs111483704 0.053924
22 43145764 rs1969673 3.4203e-11
22 43145853 rs5758910 5.4327e-06
22 43145925 rs114647439 0.0026943
22 43146151 rs549898487 0.82215
22 43146625 rs561865491 0.37999
22 43146815 rs559282901 0.8586799999999999
22 43147001 rs149246830 0.6431899999999999
22 43147222 rs573913258 0.65137
22 43147829 rs140981167 0.73975
22 43148068 rs113780963 0.8386
22 43148076 rs77347709 0.071103
22 43148092 rs5751359 7.432300000000001e-07
22 43148171 rs113484649 0.72809
22 43148259 rs5758913 6.6016e-07
22 43148321 rs78812795 0.069625
22 43148731 rs6002943 0.0015806
22 43148743 rs545310602 0.08895
22 43148762 rs112572144 0.35985
22 43148872 rs79984964 0.33897
22 43148967 rs73429282 0.5707899999999999
22 43149081 rs143330930 0.23806999999999998
22 43149360 rs531692309 0.02885
22 43149435 rs150300727 0.15904000000000001
22 43149643 rs149027910 0.21865
22 43149660 rs6002944 0.46675
22 43149851 rs554146746 0.21475
22 43149951 rs76703787 0.61983
22 43150156 rs111573029 0.9706799999999999
22 43150293 rs150898627 0.63413
22 43150298 rs184793223 0.17625
22 43150392 rs113083577 0.046104
22 43150453 rs6002945 0.79966
22 43150523 rs6002946 1.0128999999999999e-05
22 43150872 rs9611874 0.52258
22 43151095 rs12166007 0.003261
22 43151116 rs28455106 0.81462
22 43151167 rs62238340 0.43303
22 43151352 rs146094293 0.48798
22 43151431 rs143397471 0.56582
22 43151763 rs4820478 1.7668e-06
22 43151775 rs73429291 0.54023
22 43152144 rs62240070 0.2317
22 43152305 rs556291962 0.01644
22 43152314 rs9623691 0.87931
22 43152893 rs8142534 0.0032344
22 43152916 rs146797378 0.8457600000000001
22 43153146 rs7287569 1.1657e-09
22 43153182 rs561670026 0.41268999999999995
22 43153305 rs5758914 1.2106e-09
22 43153387 rs144861754 0.68502
22 43153437 rs5758915 1.1702e-09
22 43153703 rs17486173 0.0010717
22 43153792 rs112666063 0.074324
22 43153807 rs9611875 0.012015000000000001
22 43153952 rs73886113 0.6876899999999999
22 43153957 rs12166876 0.77047
22 43153963 rs75624884 0.5114
22 43154073 rs118187689 0.078894
22 43154261 rs12168327 0.0027241999999999995
22 43154288 rs139172921 0.19996
22 43154299 rs9623692 1.4719e-09
22 43154366 rs149929374 0.55
22 43154533 rs59620734 0.5792
22 43154534 rs182507727 0.9042899999999999
22 43154680 rs5758916 0.00021467
22 43154705 rs5758917 0.095938
22 43154719 rs141109801 0.98056
22 43154742 rs6002947 0.00083965
22 43155270 rs5758918 0.59631
22 43155357 rs9611876 0.71826
22 43155395 rs8139460 0.8182699999999999
22 43155449 rs114083755 0.19003
22 43155528 rs138337924 0.2709
22 43155550 rs59297069 0.0056874
22 43155564 rs8139726 0.15746
22 43155722 rs6519337 0.0046237
22 43155723 rs141956169 0.89451
22 43155747 rs8139973 0.46629
22 43155792 rs148524302 0.28976999999999997
22 43155855 rs4239900 0.0012453
22 43155893 rs4239901 0.10340999999999999
22 43155913 rs141736771 0.7325
22 43156006 rs9611877 0.66067
22 43156104 rs144554287 0.38666999999999996
22 43156186 rs139496964 0.028701
22 43156223 rs9611878 0.07976
22 43156303 rs551020500 0.68415
22 43156313 rs113265231 0.62693
22 43156469 rs5751360 0.5564600000000001
22 43156611 rs564652163 0.5100899999999999
22 43156616 rs5751361 0.32461999999999996
22 43156705 rs6002948 0.00017101
22 43156780 rs565728126 0.61743
22 43157043 rs7286343 0.062145000000000006
22 43157308 rs6002949 0.057880999999999995
22 43157324 rs9611880 1.8134999999999999e-06
22 43157823 rs141968713 0.45258000000000004
22 43157913 rs190472460 0.95581
22 43158483 rs67935361 0.0080906
22 43158555 rs5758920 0.49305
22 43158711 rs9611881 3.0045e-07
22 43158727 rs9611882 4.2301000000000003e-07
22 43158867 rs9611883 0.0001712
22 43158892 rs142521808 0.88187
22 43159090 rs5758921 0.0040326
22 43159168 rs36116991 0.076244
22 43159218 rs139453455 3.4741e-07
22 43159515 rs9611884 0.9777299999999999
22 43159609 rs7292914 0.00024308
22 43159809 rs4822192 0.075818
22 43159810 rs5996232 0.00069963
22 43159858 rs114460888 0.8531200000000001
22 43159948 rs9611885 0.00027153
22 43160068 rs112462182 6.614899999999999e-09
22 43160145 rs5996233 0.00024839
22 43160254 rs376377492 0.70105
22 43160257 rs9611886 0.00010273
22 43160356 rs117917039 0.0062937
22 43160404 rs9611887 0.00028129
22 43160504 rs148096299 0.55586
22 43160584 rs140925049 0.018448
22 43160637 rs9611888 0.00024667
22 43160642 rs116183754 0.3269
22 43160656 rs5751363 0.59313
22 43160717 rs117341554 0.049742
22 43160756 rs5758922 8.717100000000001e-05
22 43160895 rs7288339 0.67115
22 43161113 rs112375179 0.44398000000000004
22 43161181 rs139098013 0.21479
22 43161242 rs5758923 0.15398
22 43161261 rs5758924 0.68909
22 43161592 rs6519340 0.016912
22 43161924 rs114512137 0.79913
22 43161994 rs2064462 2.4033000000000004e-07
22 43162106 rs13058545 0.08476900000000001
22 43162363 rs114642260 0.6499199999999999
22 43162411 rs2064463 1.9667000000000003e-07
22 43162495 rs2064464 2.1660999999999998e-07
22 43162581 rs2064465 2.3340999999999997e-07
22 43162944 rs114334805 0.88739
22 43162952 rs2413716 2.0472000000000002e-07
22 43162958 rs2179873 2.7316e-07
22 43162984 rs5751364 2.8250999999999995e-07
22 43163061 rs2143924 2.5079e-07
22 43163200 rs2179874 1.9294e-07
22 43163213 rs9607942 0.1405
22 43163289 rs544495750 0.63835
22 43163360 rs4820479 2.2090999999999998e-07
22 43163366 rs4822196 2.2265999999999998e-07
22 43163424 rs147057442 0.7394
22 43163441 rs181380880 0.943
22 43163714 rs12484587 0.0054512
22 43163718 rs12484588 0.0046005
22 43163722 rs5758926 0.15732000000000002
22 43163850 rs10470280 0.00458
22 43163883 rs12484721 0.40634000000000003
22 43164064 rs8139795 0.068061
22 43164133 rs75803153 0.67202
22 43164277 rs5996234 5.5118e-07
22 43164369 rs8140077 0.067747
22 43164431 rs8140109 2.6899000000000003e-07
22 43164563 rs12160525 0.067813
22 43164768 rs8141004 0.0048920000000000005
22 43164781 rs540114619 0.33236
22 43164811 rs62240074 0.70915
22 43164862 rs116738795 0.51449
22 43165105 rs6519342 0.060629999999999996
22 43165344 rs7285970 0.69245
22 43165729 rs112083945 0.0051549
22 43165739 rs5751365 0.26847
22 43165866 rs6002950 1.6420999999999999e-07
22 43165948 rs7286938 0.032357
22 43166388 rs5758927 0.93976
22 43166449 rs5758928 0.9144399999999999
22 43166710 rs144634377 0.28484
22 43166718 rs12167804 0.42236
22 43166810 rs147885125 0.7962899999999999
22 43166822 rs36076326 0.1166
22 43166958 rs35253449 0.075495
22 43167037 rs548803060 0.5545899999999999
22 43167050 rs13056373 0.07937899999999999
22 43167082 rs189177577 0.11145
22 43167419 rs116424698 0.60912
22 43167446 rs113612962 0.74282
22 43167720 rs77215631 0.8992700000000001
22 43167736 rs9611891 0.18056
22 43167775 rs5758929 0.046392
22 43167811 rs142351734 0.5645100000000001
22 43167838 rs186216263 0.8459700000000001
22 43167966 rs7288045 0.2053
22 43168003 rs191122329 0.7326600000000001
22 43168036 rs13058429 0.075829
22 43168325 rs370258059 0.86905
22 43168707 rs374731054 0.80672
22 43168776 rs62240077 0.068453
22 43168826 22:43168826_C_T 0.29889
22 43168852 rs13053320 0.07189
22 43168976 rs13053216 0.072181
22 43169153 rs145327532 0.80145
22 43169224 rs13058359 0.081304
22 43169380 rs9607944 0.7711
22 43169396 rs77347057 0.5743
22 43169539 rs13053339 0.083213
22 43169575 rs9611894 0.14615999999999998
22 43169578 rs4820480 0.0047965
22 43169648 rs13053640 0.078953
22 43169818 rs13054887 0.078058
22 43169852 rs13053563 0.07798
22 43170109 rs11090118 0.27057
22 43170119 rs183316642 0.99449
22 43170229 rs140331042 0.60749
22 43170321 rs62240078 0.49141
22 43170492 rs12628411 0.07947
22 43170686 rs5758931 3.2108000000000007e-07
22 43170699 rs12628492 0.080826
22 43170882 rs7285149 0.050798
22 43170942 rs35450514 0.081308
22 43170994 rs13056081 0.08094900000000001
22 43171045 rs13053982 0.08124400000000001
22 43171314 rs115004442 0.5476300000000001
22 43171673 rs62240105 0.088326
22 43171685 rs62240106 0.087031
22 43171779 rs6002951 0.1504
22 43171915 rs147538399 0.35709
22 43172267 rs738532 0.91705
22 43172308 rs738533 0.051713
22 43172489 rs2413717 0.05815599999999999
22 43172502 rs145368629 0.00085237
22 43172646 rs13055920 0.064249
22 43172678 rs144214992 0.16899
22 43172806 rs13055639 0.083962
22 43172820 rs535230635 0.48613
22 43173676 rs574993400 0.02727
22 43173743 rs13057777 0.093035
22 43173922 rs9611895 0.092191
22 43173928 rs116366892 0.31393000000000004
22 43174188 rs2064466 0.087996
22 43174321 rs9607945 0.15772
22 43174413 rs4634034 0.16722
22 43174715 rs115688953 0.52604
22 43175057 rs9607946 0.095466
22 43175286 rs9623696 0.26382
22 43175426 rs12162975 0.17235
22 43175465 rs13057483 0.098398
22 43175639 rs5758934 0.061551999999999996
22 43175821 rs5758935 0.063348
22 43175823 rs5758936 0.063348
22 43175959 rs4822197 5.5732e-07
22 43175971 rs79725899 0.6412
22 43176215 rs182463065 0.039986
22 43176312 rs76756217 0.4876
22 43176355 rs5751366 0.60614
22 43176357 rs11913658 0.32591
22 43176590 rs9611896 0.16795
22 43176623 rs9620095 0.32184
22 43176834 rs4822198 0.01643
22 43176847 rs113515068 0.0035466
22 43177104 rs151219413 0.8365299999999999
22 43177420 rs142028174 0.40524
22 43177437 rs758083243 0.9329299999999999
22 43177559 rs7284250 0.099244
22 43177656 rs116534864 0.5039899999999999
22 43177784 rs112094336 0.58603
22 43177811 rs78861754 0.63497
22 43177919 rs74835051 0.6102
22 43178043 rs4822199 0.004656100000000001
22 43178089 rs114820584 0.63849
22 43178255 rs185324100 0.3745
22 43178492 rs184103981 0.69909
22 43178546 rs4239902 0.16675
22 43178639 rs116622580 0.38781
22 43179166 rs9623697 0.0034921
22 43179168 rs112165588 0.89174
22 43179297 rs62240107 0.18978
22 43179613 rs112735498 0.6463800000000001
22 43179680 rs9611898 0.18823
22 43179681 rs149439485 0.0038080999999999996
22 43179919 rs80025741 0.7944899999999999
22 43180054 rs5758937 0.00010118
22 43180249 rs138261070 0.6551600000000001
22 43180302 rs142754516 0.65275
22 43180418 rs5758938 0.17812
22 43180452 rs757599230 0.54335
22 43180854 rs57659865 0.65774
22 43180959 rs540272613 0.92715
22 43181175 rs9611899 0.4098
22 43181441 rs377556105 0.019036
22 43181517 rs145312149 0.21775
22 43181587 rs7286822 0.0060695
22 43181803 rs5758941 0.006465
22 43181871 rs571500761 0.79823
22 43181953 rs558627969 0.32628
22 43182103 rs144161605 0.38826
22 43182162 rs117797294 0.47425
22 43182491 rs13057031 0.17563
22 43182751 rs13053289 0.20888
22 43182761 rs5751367 0.20417000000000002
22 43183243 rs560164512 0.71804
22 43183391 rs8138223 0.0048563
22 43183762 rs1997885 0.003703
22 43184135 rs9607947 0.83581
22 43184636 rs118101692 5.4947e-05
22 43184763 rs117094931 0.8996
22 43185012 rs2179875 0.42628
22 43185126 rs544977536 0.13768
22 43185180 rs2143926 0.8923200000000001
22 43185254 rs74444868 0.18186
22 43185518 rs544163121 0.39046
22 43185753 rs145154822 0.01671
22 43185783 rs11913807 0.16282
22 43185971 rs34250586 0.17665999999999998
22 43185979 rs111618460 0.18695
22 43186033 rs5996237 0.72243
22 43186224 rs536240442 0.48096000000000005
22 43186296 rs138947157 0.0027035999999999996
22 43186636 rs11912288 0.14439000000000002
22 43186738 rs116222061 0.9237
22 43186824 rs8136210 0.29868
22 43186985 rs187772488 0.74953
22 43187014 rs73886134 0.36108
22 43187138 rs9623699 0.030704000000000002
22 43187236 rs8140100 0.16697
22 43187650 rs565153458 0.23125
22 43187853 rs540677028 0.88321
22 43187900 rs5758943 0.17379
22 43187942 rs56236840 0.20856999999999998
22 43188083 rs62240110 0.5754100000000001
22 43188113 rs148931627 0.72172
22 43188180 rs4820483 0.15602
22 43188196 rs185568519 0.029923
22 43188274 rs5751370 0.6296
22 43188309 rs4820484 0.051490999999999995
22 43188331 rs111985210 0.15365
22 43188343 rs189172038 0.56475
22 43188433 rs55719732 0.76455
22 43188524 rs113785273 0.96435
22 43188611 rs5751371 0.16675
22 43189080 rs9607948 0.16735
22 43189081 rs76163980 0.9934700000000001
22 43189335 rs74481199 0.27986
22 43189369 rs371508171 0.13615
22 43189445 rs9611902 0.07327
22 43189819 rs73176804 0.038518000000000004
22 43189832 rs9607949 0.16385
22 43189888 rs76930712 9.0923e-05
22 43189919 rs549610444 0.013909999999999999
22 43190044 rs73886137 0.12409
22 43190067 rs73886138 0.92604
22 43190144 rs111407830 0.16247999999999999
22 43190158 rs34973372 0.048113
22 43190176 rs61564876 0.36874
22 43190198 rs532082398 0.22743000000000002
22 43190449 rs9611903 0.14956
22 43190505 rs77104522 0.29541
22 43190592 rs557040483 0.48591000000000006
22 43190649 rs1984476 0.06988
22 43190817 rs2013730 0.039401
22 43190868 rs190854581 0.13619
22 43190884 rs73433236 0.76859
22 43190893 rs140150721 0.8355899999999999
22 43190937 rs73886140 0.65532
22 43191090 rs79880791 0.29745
22 43191319 rs5758944 0.031704
22 43191340 rs5758945 0.6060399999999999
22 43191368 rs9611904 0.16117
22 43191404 rs9611905 0.15645
22 43191524 rs9607950 0.15523
22 43191555 rs9607951 0.15317
22 43191640 rs9611906 0.15542
22 43192208 rs77434522 0.11969
22 43192437 rs75362667 0.37175
22 43192460 rs117271852 0.43975
22 43192480 rs9607952 0.030905000000000002
22 43192547 rs183766195 0.058142
22 43192569 rs77469431 0.92563
22 43192571 rs113966223 0.5966899999999999
22 43192918 rs41277261 0.84836
22 43192933 rs746278918 0.80591
22 43193096 rs111846836 0.44788999999999995
22 43193128 rs8135102 0.15838
22 43193154 rs8136141 0.15435
22 43193275 rs61069304 0.95947
22 43193323 rs5751372 0.06587
22 43193579 rs77945410 0.78899
22 43193603 rs11913246 0.15577
22 43193641 rs4393836 0.63438
22 43193703 rs112736077 0.6445
22 43193719 rs9611907 0.15736
22 43193847 rs9611908 0.15598
22 43193888 rs117772729 0.9388200000000001
22 43193915 rs1811846 0.030394
22 43193929 rs9611909 0.15741
22 43194272 rs116982580 0.93014
22 43194273 rs1807591 0.15693
22 43194333 rs376376952 0.79368
22 43194521 rs147322831 0.34059
22 43195109 rs11551619 0.51485
22 43195114 rs79850497 0.66995
22 43195134 rs36003980 0.76905
22 43195147 rs1128013 0.06679500000000001
22 43195172 rs117877473 0.25405
22 43195296 rs5758948 0.029752999999999998
22 43195345 rs11912192 0.15448
22 43195568 rs114701283 0.37706999999999996
22 43195671 rs5758949 0.06579700000000001
22 43195697 rs2179872 0.029658999999999998
22 43195906 rs116590730 0.7794800000000001
22 43196061 rs145213232 0.78308
22 43197034 rs5758951 0.16530999999999998
22 43197344 rs569213144 0.22684
22 43197468 rs182448444 0.14331
22 43197642 rs140991408 0.56314
22 43197830 rs112803795 0.86749
22 43197859 rs3788596 0.031199
22 43197897 rs3788597 0.030777
22 43198175 rs116194316 0.93395
22 43198259 rs2413720 0.038644
22 43198406 rs148422812 0.0059373
22 43198765 rs574522659 0.32727
22 43198836 rs2413721 0.15838
22 43198934 rs2413722 0.15012999999999999
22 43198966 rs140377448 0.84149
22 43199106 rs184039855 0.99115
22 43199229 rs115427936 0.32537
22 43199346 rs75431888 0.1581
22 43199479 rs773828194 0.033563
22 43199521 rs9607953 0.1693
22 43199970 rs3946072 0.66263
22 43200191 rs8135114 0.15859
22 43200220 rs2413723 0.067491
22 43200292 rs539414617 0.82658
22 43200419 rs147535328 0.3348
22 43200448 rs2899363 0.067164
22 43200456 rs2413724 0.1576
22 43200482 rs5996239 0.6570699999999999
22 43201020 rs562971149 0.06915199999999999
22 43201036 rs187231000 0.07218200000000001
22 43201116 rs115429241 0.33026
22 43201210 rs4822200 0.15633
22 43201280 rs11913904 0.1146
22 43201557 rs11913831 0.17525
22 43201673 rs11913845 0.17535
22 43201931 rs76194869 0.16865
22 43201945 rs373711821 0.98306
22 43202089 rs17003339 0.168
22 43202181 rs76957308 0.17552
22 43202830 rs9611911 0.16895
22 43202861 rs146736972 0.49418
22 43203137 rs738535 0.14148
22 43203210 rs11913107 0.17581
22 43203238 rs17003350 0.17578
22 43203281 rs2273141 0.07193
22 43203852 rs9611912 0.18118
22 43203964 rs9611913 0.17595
22 43204085 rs112376632 0.5761
22 43204412 rs569252342 0.95511
22 43204581 rs112291088 0.9587100000000001
22 43204622 rs150606352 0.30601999999999996
