CHR BP SNP P
9 109544492 rs4636263 0.77917
9 109545055 rs4467995 0.7377600000000001
9 109545302 rs4537358 0.73745
9 109545918 rs10978638 0.77481
9 109545989 rs10759198 0.77477
9 109546063 rs10759199 0.73418
9 109546235 rs10759200 0.7612800000000001
9 109547176 rs73667268 0.9367200000000001
9 109547433 rs747097329 0.8301799999999999
9 109547552 rs180838637 0.66815
9 109547595 rs148296585 0.42168
9 109547607 rs73667269 0.93071
9 109547952 rs4237187 0.77908
9 109547959 rs4237188 0.77845
9 109548106 rs4742673 0.35043
9 109548159 rs55693048 0.70526
9 109548173 rs4743026 0.8166800000000001
9 109548485 rs10978639 0.20815
9 109548774 rs76501618 0.3064
9 109550149 rs762558592 0.05380700000000001
9 109550422 rs144889084 0.41213
9 109550497 rs7870572 0.94042
9 109550499 rs7870269 0.93047
9 109550508 rs7856638 0.93396
9 109550708 rs140363231 0.43772
9 109550966 rs62568578 0.10436
9 109551109 rs12350959 0.97383
9 109551330 rs13292392 0.9479799999999999
9 109551450 rs10978640 0.8612299999999999
9 109551468 rs55766326 0.9654799999999999
9 109552401 rs62568581 0.33821
9 109552856 rs565969240 0.27344
9 109553035 rs143474127 0.012554000000000001
9 109553121 rs150985926 0.77735
9 109553122 rs4743027 0.46478
9 109553131 rs4743028 0.48696000000000006
9 109553293 rs55763446 0.042316
9 109553406 rs11562314 0.19067
9 109554180 rs111512094 0.33958
9 109554196 rs10978641 0.0002731
9 109554293 rs113205499 0.23053
9 109554597 rs143197262 0.17806
9 109554690 rs10816432 5.9719e-08
9 109554769 rs180833963 0.18498
9 109555499 rs149096215 0.184
9 109556054 rs542944479 0.9862799999999999
9 109556081 rs561004935 0.41573999999999994
9 109556676 rs117578775 0.67796
9 109556887 rs12376953 1.8375e-05
9 109556911 rs150496394 0.16701
9 109557247 rs7863306 2.8977e-08
9 109557900 rs78474309 0.16366
9 109557941 rs4128264 1.7732e-05
9 109558116 rs75223861 0.16668
9 109559157 rs10816434 2.5012e-08
9 109559345 rs139556001 0.1452
9 109559481 rs73667270 0.8659399999999999
9 109559954 rs181693018 0.24775999999999998
9 109560129 rs78649139 0.16660999999999998
9 109560248 rs147876674 0.17109000000000002
9 109560478 rs7032928 1.7727e-05
9 109560764 rs531992272 0.45476000000000005
9 109560852 rs7021953 0.41228000000000004
9 109561206 rs73667271 0.11227000000000001
9 109561276 rs115577900 0.27876999999999996
9 109562318 rs73515146 0.45631000000000005
9 109563682 rs76566068 0.28758
9 109564232 rs542250021 0.30284
9 109564248 rs10978645 1.8186e-05
9 109564278 rs10978646 1.7122e-08
9 109566506 rs10978647 0.90179
9 109566543 rs78509281 0.0037286999999999997
9 109567301 rs77704702 0.14954
9 109568244 rs74561373 0.15391
9 109569434 rs116851566 0.14924
9 109569577 rs117240831 0.54476
9 109570271 rs150076689 0.14923
9 109570727 rs7025923 3.0692e-08
9 109571268 rs78836228 0.14875
9 109571457 rs7027172 0.10747000000000001
9 109571579 rs142892976 0.15189
9 109571730 rs10759201 2.6617000000000003e-08
9 109571973 rs10978648 1.8159e-08
9 109572128 rs186525861 0.20723000000000003
9 109572297 rs146886807 0.65276
9 109572564 rs143104684 0.056294000000000004
9 109572678 rs7034630 1.9278e-05
9 109572755 rs141164528 0.057111
9 109572822 rs7034994 2.0264000000000002e-08
9 109573186 rs7863002 2.0362e-08
9 109573198 rs150551819 0.15214
9 109573375 rs558991210 0.32072
9 109573795 rs10978649 1.8547e-08
9 109574447 rs117798859 0.40764
9 109574466 rs4743029 2.5922999999999997e-08
9 109575207 rs543616320 0.26675
9 109575230 rs142975868 0.10665999999999999
9 109575286 rs151089481 0.64749
9 109575643 rs552259246 0.36109
9 109575734 rs145529050 0.068615
9 109575825 rs570940165 0.27196
9 109576145 rs9987909 1.8122000000000002e-08
9 109576400 rs552548211 0.068615
9 109576697 rs146287851 0.18622
9 109576866 rs144409997 0.056728
9 109577271 rs10119214 3.1474e-06
9 109577891 rs767755353 0.6511399999999999
9 109578968 rs10116257 2.7177e-08
9 109579213 rs10978651 1.7969e-08
9 109579226 rs74409090 0.068615
9 109579339 rs73667272 0.8059999999999999
9 109579632 rs193127182 0.58226
9 109579877 rs188205093 0.5444
9 109580032 rs10816438 1.6425e-08
9 109580274 rs114363229 0.056728
9 109580965 rs148643156 0.067103
9 109581132 rs4742675 2.6089000000000003e-08
9 109581431 rs10124271 1.958e-08
9 109582377 rs552620560 0.14884
9 109583219 rs75506695 0.067599
9 109583282 rs78101886 0.13068
9 109583559 rs183749921 0.74735
9 109584675 rs12337584 0.8471200000000001
9 109584896 rs543423727 0.76332
9 109585028 rs118002536 0.73819
9 109585381 rs185420063 0.52649
9 109585492 rs562445209 0.49431
9 109585536 9:109585536_C_T 0.68595
9 109585610 rs117680711 0.90615
9 109586260 rs117093829 0.25926
9 109586329 rs553083329 0.39050999999999997
9 109586854 rs148413290 0.061632000000000006
9 109586873 rs28674111 1.5328999999999998e-08
9 109587395 rs79456053 0.062409000000000006
9 109588027 rs533429356 0.9132899999999999
9 109588555 rs79147456 0.43383
9 109588584 rs189376667 0.48858999999999997
9 109588976 rs78349279 0.90817
9 109589218 rs148362884 0.13221
9 109589226 rs10978653 1.7006e-08
9 109589248 rs10816441 1.7503e-08
9 109590148 rs7027205 1.8343e-08
9 109591816 rs10759204 0.86416
9 109592475 rs7019935 1.6627e-08
9 109592778 rs4625093 0.001872
9 109592934 rs75086287 0.13602999999999998
9 109593050 rs547870230 0.28481
9 109593973 rs10978654 2.1061999999999997e-08
9 109594707 rs75171737 0.46973000000000004
9 109595668 rs149921442 0.9839
9 109595694 rs182701990 0.8084600000000001
9 109595764 rs764462189 0.20795999999999998
9 109595771 rs7044116 4.8346999999999996e-08
9 109596087 rs559267408 0.14357
9 109596108 rs114289518 0.9343
9 109596562 rs142363262 0.14235
9 109596749 rs10816445 0.00012368
9 109597347 rs10816446 4.1334e-08
9 109597525 rs10816447 4.0943e-08
9 109598171 rs9792598 0.85865
9 109599046 rs7027110 4.4362000000000004e-08
9 109599050 rs191863964 0.69311
9 109599183 rs185783163 0.7771100000000001
9 109599495 rs182477300 0.6581600000000001
9 109599508 rs80336809 0.26976
9 109600180 rs16925864 0.32159
9 109600191 rs62568582 0.33479000000000003
9 109600345 rs74328936 0.29002
9 109601222 rs4743030 0.0024122
9 109601321 rs12344905 0.87869
9 109602443 rs141368758 0.47818
9 109602499 rs117431348 0.47586999999999996
9 109603168 rs116253004 0.064289
9 109603827 rs137954116 0.89848
9 109604032 rs10978655 0.00015493
9 109605205 rs76548960 0.13367
9 109605566 rs80235127 0.73127
9 109605690 rs772721881 0.42322
9 109606754 rs10125187 0.00012364
9 109607166 rs80350310 0.80372
9 109607185 rs10125300 0.00011846
9 109607556 rs541433274 0.7571899999999999
9 109608188 rs4743031 0.00019267
9 109608353 rs143518056 0.13767000000000001
9 109608473 rs189472414 0.22991
9 109608526 rs147977189 0.70897
9 109608535 rs7870608 0.50689
9 109609059 rs11795159 0.60746
9 109609168 rs73667274 0.54961
9 109609349 rs77152122 0.30861
9 109609554 rs7048022 0.0029481999999999998
9 109609789 rs75867606 0.13266
9 109610156 rs115866493 0.31609
9 109610179 rs76261262 0.13246
9 109610456 rs4333673 5.8199e-08
9 109610641 rs10978657 0.79004
9 109611497 rs576168849 0.022012999999999998
9 109611638 rs12351931 0.70211
9 109611916 rs763831734 0.7118
9 109612099 rs574032859 0.17115999999999998
9 109612499 rs140568817 0.21053000000000002
9 109612511 rs10816448 5.8954000000000006e-08
9 109612767 rs114283023 0.43795
9 109613363 rs12340042 0.78399
9 109613717 rs145726440 0.58162
9 109613929 rs141435699 0.21225
9 109614079 rs148030741 0.29441999999999996
9 109614212 rs34473172 6.4142e-08
9 109614422 rs74338544 0.72644
9 109614563 rs16925880 0.043039999999999995
9 109614849 rs10283476 0.7837
9 109614859 rs7019311 0.10340999999999999
9 109615061 rs760477821 0.53956
9 109615601 rs10978660 0.75898
9 109616024 rs6477545 0.00020723
9 109616137 rs9942937 6.3307e-08
9 109616229 rs79072595 0.087394
9 109616262 rs6477546 0.00020927
9 109616379 rs79080672 0.12355
9 109618233 rs12686124 0.75356
9 109618261 rs7860475 0.12342
9 109618474 rs10978661 5.386e-08
9 109618643 rs7850188 0.00019317
9 109618950 rs117553209 0.12355999999999999
9 109619051 rs76532668 0.12437000000000001
9 109619207 rs4743032 5.3492e-08
9 109619473 rs78360234 0.12397999999999999
9 109619710 rs75800811 0.32343
9 109619779 rs115577923 0.9434100000000001
9 109620155 rs80103278 0.64908
9 109620811 rs12343333 1.8019e-06
9 109620900 rs7045529 0.30243000000000003
9 109621134 rs138800974 0.19280999999999998
9 109621240 rs191771306 0.13292
9 109621317 rs114696980 0.29298
9 109621902 rs116517179 0.61139
9 109621917 rs75771161 0.043683
9 109621943 rs75366279 0.28312
9 109621944 rs12684728 0.70718
9 109621966 rs73667299 0.1665
9 109622050 rs77608939 0.043429
9 109622123 rs80028764 0.9992
9 109622255 rs61996262 0.18264
9 109622659 rs77655844 0.9664
9 109622801 rs35277765 0.77705
9 109622889 rs61995959 0.37543000000000004
9 109623074 rs34529769 3.4113e-08
9 109623390 rs116588521 0.1009
9 109623523 rs10978662 0.17624
9 109624255 rs7863663 0.00013278
9 109625143 rs755205665 0.9746100000000001
9 109626611 rs541074527 0.5096
9 109626812 rs118017926 0.08595900000000001
9 109627690 rs74365259 0.07949400000000001
9 109627769 rs73667300 0.69088
9 109627868 rs192830671 0.58948
9 109627913 rs4743033 4.5318000000000004e-09
9 109628051 rs73667301 0.58394
9 109628178 rs79256371 0.077981
9 109628359 rs113489420 0.38581
9 109628972 rs74777888 0.17103
9 109629133 rs117406813 0.75889
9 109629238 rs114898714 0.54138
9 109629431 rs149916490 0.18745
9 109629836 rs76555325 0.080652
9 109629960 rs73667302 0.69528
9 109630064 rs12686549 0.57723
9 109631420 rs12684759 0.62647
9 109632050 rs149146089 0.20613
9 109632353 rs4743034 8.7184e-09
9 109632661 rs77805892 0.54138
9 109633242 rs78603534 0.07918
9 109633372 9:109633372_A_G 0.33826999999999996
9 109633748 rs76538466 0.018425999999999998
9 109634563 rs114493939 0.18731
9 109634582 rs192283131 0.25577
9 109635286 rs76570543 0.079561
9 109635512 rs73668704 0.6956899999999999
9 109635618 rs7033661 0.00018227
9 109635925 9:109635925_C_T 0.57258
9 109636096 rs79256268 0.079686
9 109636467 rs139360080 0.16443
9 109636874 rs184580518 0.70755
9 109637284 rs4743035 5.2924e-09
9 109637353 rs553600398 0.25243000000000004
9 109637397 rs76279833 0.075023
9 109637582 rs147878175 0.17865
9 109637621 rs80298998 0.45738999999999996
9 109637844 rs59644801 0.59697
9 109638167 rs9299129 0.038886000000000004
9 109638198 rs9299130 3.7856999999999994e-09
9 109639062 rs7874161 9.921200000000001e-05
9 109639153 rs114813568 0.10817
9 109639204 rs76773378 0.074305
9 109639896 rs4743036 2.0262e-09
9 109639970 rs4743037 3.5219e-09
9 109640836 rs10978664 2.0553e-09
9 109642224 rs59826021 0.7642399999999999
9 109642696 rs954585 8.9849e-05
9 109643305 rs59104513 0.77274
9 109643582 rs74370605 0.085742
9 109643840 rs151092123 0.77528
9 109643880 rs7858917 1.1217000000000001e-05
9 109643974 rs191027457 0.65701
9 109644110 rs7873103 1.5144000000000001e-05
9 109644311 rs35460589 1.8836e-09
9 109644377 rs35699219 1.6136e-09
9 109644712 rs137872051 0.071505
9 109644865 rs6477547 1.745e-05
9 109645329 rs184056965 0.7151
9 109645580 rs569773973 0.50105
9 109645987 rs4743038 1.8440999999999999e-09
9 109647221 rs16925890 1.4925e-05
9 109647316 rs117751496 0.65638
9 109647919 rs2136693 1.0954e-05
9 109648284 rs7033075 0.18333
9 109649294 rs117586014 0.6018100000000001
9 109649778 rs976575 0.00010792
9 109650249 rs116717372 0.18875
9 109650829 rs143591936 0.049707
9 109650904 rs7045628 0.0001133
9 109651092 rs11794083 6.451599999999999e-06
9 109651453 rs79097952 0.08505900000000001
9 109651551 rs6477548 2.3825e-05
9 109652139 rs10124856 0.042013999999999996
9 109652698 rs146608421 0.4728
9 109652983 rs10978666 5.0603e-06
9 109653111 rs189689217 0.60802
9 109653221 rs3814542 1.9284e-05
9 109653651 rs150300700 0.45883999999999997
9 109654524 rs6477549 0.0001137
9 109654970 rs146305457 0.2545
9 109655223 rs62568588 0.16691
9 109655907 rs752778104 0.65489
9 109655941 rs75719732 0.4258
9 109656123 rs78744013 0.093939
9 109656131 rs73668706 0.9616100000000001
9 109656154 rs535147284 0.27158000000000004
9 109656369 rs115636915 0.5249
9 109656495 rs576169209 0.33739
9 109656714 rs567877021 0.25155
9 109656878 rs77062654 0.48926000000000003
9 109657027 rs73668707 0.96205
9 109657674 rs115223806 0.42025
9 109657901 rs16925903 0.24124
9 109658078 rs114273892 0.24605
9 109658333 rs907064 0.00011885
9 109658527 rs751602800 0.067497
9 109658699 rs10759206 0.00011981
9 109658771 rs10759207 0.005017
9 109659895 rs139560475 0.42246000000000006
9 109660390 rs117883324 0.026933
9 109660539 rs77699042 0.22776
9 109660670 rs115555616 0.045489
9 109660783 rs10816449 6.9336e-06
9 109661016 rs7020870 0.00012922
9 109661340 rs73668708 0.8864700000000001
9 109661664 rs560029975 0.29222
9 109661775 rs79101374 0.22815
9 109662881 rs116417928 0.26215
9 109662888 rs12378511 7.183e-06
9 109663031 rs7870965 0.043573
9 109663086 rs115209521 0.2289
9 109663104 rs115797622 0.21319000000000002
9 109663388 rs60659217 0.24629
9 109663421 rs148905659 0.09386900000000001
9 109663557 rs574571758 0.33041
9 109663743 rs57431553 0.29929
9 109663854 rs7025317 6.9536e-06
9 109663863 rs547055226 0.032792
9 109664209 rs767417721 0.60845
9 109664447 rs62568589 0.23087
9 109665137 rs548714964 0.9600700000000001
9 109665310 rs148568678 0.24550999999999998
9 109666391 rs114371533 0.71202
9 109666954 rs147159002 0.088407
9 109667217 rs151144247 0.22689
9 109667502 rs35025069 2.3593000000000003e-05
9 109667553 rs552680850 0.27007
9 109667668 rs72741794 0.26213000000000003
9 109668065 rs114978561 0.2988
9 109668204 rs61405127 0.48718999999999996
9 109668908 rs138339217 0.58763
9 109669456 rs10816452 1.116e-05
9 109669600 rs181950533 0.48823
9 109670016 rs7020564 2.8027e-06
9 109670158 rs75603984 0.93721
9 109670282 rs73668709 0.9931700000000001
9 109670474 rs148412551 0.2222
9 109670679 rs117410736 0.46538
9 109670988 rs73668710 0.96772
9 109671102 rs151003457 0.34106
9 109671184 rs186302386 0.28513
9 109671603 rs73668711 0.97278
9 109671627 rs73668712 0.5032300000000001
9 109671980 rs73668713 0.96304
9 109672427 rs141292323 0.25816999999999996
9 109672475 rs60387291 0.99095
9 109672599 rs60896348 0.8942200000000001
9 109673244 rs16925920 0.98555
9 109673737 rs771763268 0.25690999999999997
9 109674098 rs73668714 0.9596100000000001
9 109674288 rs16925924 0.058874
9 109674618 rs7855909 2.398e-05
9 109674721 rs16925931 0.97009
9 109674866 rs144104704 0.24068
9 109675354 rs1567451 0.05006
9 109676430 rs17788018 0.41048999999999997
9 109676515 rs10816454 0.095832
9 109676731 rs78111985 0.25914
9 109676893 rs1858231 0.10084
9 109677417 rs11789013 0.40118000000000004
9 109677797 rs7041410 0.18456
9 109677901 rs537259859 0.68382
9 109677989 rs146911468 0.30648000000000003
9 109678552 rs75141999 0.72054
9 109679461 rs139828622 0.37469
9 109679767 rs10816455 0.20790999999999998
9 109680313 rs541723261 0.19118
9 109680876 rs139432854 0.024669
9 109681727 rs117717612 0.68074
9 109682112 rs72741797 0.52278
9 109682501 rs10978672 0.45951000000000003
9 109682869 rs80286428 0.2169
9 109682871 rs10978673 0.44697
9 109683043 rs10978674 0.77198
9 109683216 rs10978675 0.39565
9 109684721 rs116853836 0.9931
9 109684990 rs78100162 0.5029899999999999
9 109685081 rs10978676 0.43583999999999995
9 109685250 rs117889004 0.59292
9 109685461 rs10978677 0.40963
9 109686180 rs567722839 0.44392
9 109687288 rs1000152 0.9665
9 109687403 rs17723637 0.41885
9 109688482 rs72741799 0.47998999999999997
9 109688912 rs150780618 0.4967
9 109689752 rs3814541 0.34465999999999997
9 109689859 rs3814540 0.14288
9 109689972 rs41277821 0.0039988
9 109690286 rs190490829 0.28875
9 109690506 rs115571895 0.30098
9 109690582 rs141145292 0.64737
9 109690843 rs143646728 0.21022
9 109691447 rs141348266 0.27247
9 109691521 rs17785570 0.028016000000000003
9 109691676 rs3814538 0.13765
9 109692680 rs117971847 0.5143
9 109692820 rs139184113 0.9063700000000001
9 109692942 rs74505324 0.60112
9 109693331 rs41277825 0.4501
9 109693736 rs180792029 0.35136
9 109693888 rs137955204 0.69331
9 109694584 rs41277827 0.29539
9 109695139 rs2134063 0.8892399999999999
9 109695892 rs77324528 0.9998100000000001
9 109695950 rs1510283 0.9821200000000001
9 109696053 rs78894169 0.8944700000000001
9 109696844 rs118016792 0.091167
9 109697002 rs10978679 0.73898
9 109697534 rs143758230 0.0029584
9 109698139 rs574708481 0.59938
9 109698220 rs16925948 0.16104000000000002
9 109698561 rs150926890 0.30596999999999996
9 109699283 rs138617878 0.51205
9 109699547 rs4743039 0.6676
9 109699899 rs138141766 0.51925
9 109700412 rs75562643 0.46371999999999997
9 109703198 rs16925955 0.81413
9 109703423 rs150141728 0.41791999999999996
9 109703531 rs73522983 0.4915
9 109704287 rs184170271 0.072546
9 109704462 rs75605633 0.060538999999999996
9 109705093 rs180772154 0.27482
9 109705149 rs190087210 0.55911
9 109705338 rs12349575 0.4104
9 109705661 rs16925965 0.80356
9 109705933 rs151091622 0.5105
9 109706064 rs12350774 0.20181
9 109706277 rs145453827 0.41791999999999996
9 109706849 rs79993534 0.77504
9 109707818 rs117000474 0.27943
9 109708207 rs7868949 0.29086
9 109708216 rs150228162 0.45473
9 109708278 rs79967190 0.099844
9 109708402 rs576699172 0.93963
9 109708556 rs544147631 0.605
9 109709150 rs144334814 0.62461
9 109709621 rs117793763 0.061055
9 109711110 rs114378609 0.5221600000000001
9 109711878 rs12351612 0.31725
9 109712974 rs185017151 0.35257
9 109714870 rs10978680 0.33146
9 109715102 rs10978681 0.13204000000000002
9 109715141 rs17723699 0.1035
9 109715273 rs10978682 0.53985
9 109715419 rs10978683 0.22876
9 109715677 rs16925977 0.46251000000000003
9 109715708 rs73522992 0.38043000000000005
9 109715853 rs76367440 0.84801
9 109716111 rs7039109 0.39955999999999997
9 109716382 rs58431218 0.87956
9 109716558 rs57147563 0.79583
9 109716610 rs145719373 0.40357
9 109716738 rs4743040 0.7745
9 109716760 rs184818159 0.40357
9 109717114 rs7043419 0.6353
9 109717179 rs114895104 0.10960999999999999
9 109718049 rs10120951 0.24273000000000003
9 109718637 rs7848891 0.6399199999999999
9 109719140 rs765896342 0.69928
9 109719199 rs759696596 0.7420100000000001
9 109720299 rs28633093 0.52285
9 109720683 rs528682275 0.38273
9 109720825 rs77347585 0.15041
9 109721041 rs12002021 0.48408999999999996
9 109721364 rs11999963 0.47126
9 109721551 rs144445961 0.18448
9 109722260 rs144172641 0.08810599999999999
9 109722693 rs151051098 0.57724
9 109722876 rs11791901 0.08948300000000001
9 109724121 rs150190889 0.9270700000000001
9 109724367 rs11790439 0.50776
9 109724478 rs28505762 0.23761999999999997
9 109724528 rs73524903 0.69867
9 109724854 rs117727432 0.78968
9 109725632 rs556505975 0.5715399999999999
9 109725642 rs12349283 0.1904
9 109725918 rs10512351 0.52375
9 109725932 rs77322043 0.72647
9 109726613 rs12003150 0.57028
9 109727209 rs7860806 0.56386
9 109727341 rs762208336 0.5626800000000001
9 109727490 rs530309880 0.7457600000000001
9 109728072 rs6477551 0.5634100000000001
9 109728087 rs6477552 0.5635600000000001
9 109728985 rs58403995 0.93386
9 109729137 rs12350828 0.55772
9 109729342 rs776342790 0.12312999999999999
9 109729761 rs58984661 0.70812
9 109729843 rs776844278 0.41313999999999995
9 109730048 rs10978686 0.5474100000000001
9 109730140 rs12005883 0.55977
9 109730909 rs7847708 0.5757
9 109731036 rs143515046 0.51605
9 109731046 rs77044793 0.65255
9 109731122 rs79146649 0.24061999999999997
9 109731124 rs11793493 0.48682
9 109731533 rs11793958 0.49121000000000004
9 109731787 rs61678248 0.4579
9 109731844 rs16926018 0.49585
9 109731936 rs10123849 0.4676
9 109732281 rs7865916 0.31739
9 109733120 rs113985934 0.46592
9 109733487 rs1546484 0.6516
9 109733743 rs1510285 0.45798
9 109735038 rs114132547 0.031181
9 109735176 rs10978687 0.14223
9 109735229 rs55710928 0.45885
9 109735565 rs112000036 0.15195
9 109735964 rs561814913 0.31615
9 109736626 rs41277831 0.078002
9 109736952 rs139967299 0.049823
9 109737715 rs7041011 0.047931
9 109737730 rs765555045 0.45453999999999994
9 109737944 rs73668717 0.40276
9 109738406 rs12344317 0.45761999999999997
9 109738606 rs118042993 0.37524
9 109739061 rs756413857 0.51507
9 109739226 rs140066544 0.47696000000000005
9 109739822 rs143903976 0.5156
9 109739960 rs113219221 0.22876
9 109740060 rs57466834 0.55175
9 109740143 rs7848037 0.29538000000000003
9 109740520 rs10978689 0.49043000000000003
9 109740524 rs10978690 0.62188
9 109741309 rs10978691 0.46726999999999996
9 109741801 rs67360244 0.47223999999999994
9 109742550 rs77808688 0.07662000000000001
9 109742967 rs72743709 0.73138
9 109743287 rs905070 0.47965
9 109743427 rs905071 0.58245
9 109744143 rs73524922 0.60006
9 109744373 rs138944621 0.51636
