CHR BP SNP P
7 99676818 rs181712849 0.85631
7 99677219 rs532709756 0.75351
7 99677608 rs117092150 0.016382
7 99677647 rs73713939 0.59197
7 99677917 rs34031156 0.016342
7 99678000 rs139890347 0.12693
7 99678491 rs941289 0.0027999
7 99678622 rs941290 4.8894e-38
7 99678916 rs73395948 0.45915
7 99678946 rs117464141 1.1995e-31
7 99679295 rs113683483 2.7971999999999996e-11
7 99679597 rs77712869 0.008562299999999998
7 99679690 rs553624397 0.77142
7 99679720 rs60594059 0.57772
7 99679780 rs185759756 0.18853
7 99679974 rs189119216 0.54182
7 99681071 rs115656055 0.12705999999999998
7 99682026 rs12705071 0.013893
7 99682187 rs528356246 0.33824
7 99682246 rs80145858 0.47021
7 99682265 rs141502301 0.2745
7 99682812 rs147066403 0.17361
7 99683319 rs187407964 0.74629
7 99683649 rs567903349 0.71309
7 99683662 rs192302191 0.0048491
7 99684115 rs148387760 0.9309299999999999
7 99684271 rs56252897 0.78755
7 99684329 rs184285663 1.044e-05
7 99684419 rs188169326 0.014339
7 99684461 rs191538978 0.80812
7 99684494 rs56695509 0.46565
7 99684526 rs77515038 0.00068704
7 99684613 rs188850170 0.02893
7 99685309 rs144027873 0.00083237
7 99685536 rs577352146 0.81208
7 99685942 rs147841391 0.038048
7 99686116 rs7807156 0.067746
7 99686482 rs114675276 0.54784
7 99686873 rs4729575 1.0443000000000001e-06
7 99687488 rs531459181 0.009379799999999999
7 99687549 rs115247182 0.13005999999999998
7 99687571 rs78101144 0.23196
7 99687738 rs775377098 0.065414
7 99688822 rs2272346 0.00069302
7 99688952 rs145902681 0.0097807
7 99689385 rs61749908 0.40602
7 99689403 rs76829163 0.15779
7 99689494 rs41280959 9.211899999999999e-05
7 99689615 rs76623811 0.00067065
7 99689679 rs7799720 0.21528000000000003
7 99690129 rs17447058 0.00069216
7 99690690 rs4928 0.00066045
7 99690747 rs1130958 0.00073661
7 99690849 rs115964837 0.00070153
7 99690878 rs2307352 0.0016921
7 99691007 rs2307349 0.33226
7 99691429 rs72631824 0.70201
7 99691652 rs72631827 0.6601600000000001
7 99691740 rs1527423 0.06643500000000001
7 99691747 rs2307351 0.18843
7 99691871 rs149624106 0.017994
7 99692114 rs185672319 0.14551
7 99692155 rs191267681 0.9587100000000001
7 99692163 rs77603567 0.00059705
7 99692264 rs17447273 0.00065715
7 99692368 rs186857759 0.9536399999999999
7 99692445 rs191725179 0.60545
7 99692594 rs4729576 0.010364
7 99692618 rs574765312 0.71949
7 99692748 rs117088758 0.00068466
7 99692806 rs777975564 0.85515
7 99692818 rs149448794 0.0018402999999999998
7 99692993 rs2261360 4.8268e-06
7 99693078 rs12267 4.1567e-06
7 99693413 rs76705400 0.13296
7 99693552 rs2307355 0.00061333
7 99693575 rs2307347 0.25493000000000005
7 99693615 rs2307350 0.54128
7 99693747 rs61749909 0.92335
7 99693818 rs138710609 0.00018232
7 99693943 rs74694934 0.63905
7 99694101 rs142829147 0.8357
7 99694161 rs74406926 0.00068248
7 99694311 rs182064752 0.52925
7 99694458 rs186659386 0.18162
7 99694541 rs80026394 0.00010544
7 99694617 rs113310819 0.14381
7 99694770 rs150577786 0.58107
7 99694771 rs76157218 0.00068306
7 99694784 rs115073631 0.00068306
7 99695026 rs2307345 0.24156
7 99695131 rs13242458 0.00038081
7 99695427 rs183616578 4.3042e-05
7 99696001 rs779625649 0.90543
7 99696370 rs1534309 3.6249999999999997e-37
7 99696797 rs2070215 0.012115
7 99697220 rs73395957 0.63452
7 99697373 rs139618259 0.52986
7 99697569 rs146945383 0.58073
7 99697916 rs73159721 0.027639999999999998
7 99698015 rs4319008 0.00068742
7 99698183 rs530598250 0.11877
7 99698457 rs557295262 0.34764
7 99698499 rs78828105 0.61453
7 99698790 rs76000357 0.39284
7 99698941 rs148266409 0.14661
7 99699169 rs1534310 0.013106999999999999
7 99699407 rs189367118 0.21663000000000002
7 99699626 rs2293481 0.79582
7 99699833 rs192509885 0.005664
7 99700274 rs41280962 0.00069563
7 99700378 rs41280965 1.6747999999999998e-06
7 99700471 rs74961284 0.217
7 99700565 rs138437966 0.006630500000000001
7 99700864 rs999886 0.7916
7 99701176 rs999885 0.10237
7 99701297 rs113020957 0.23908000000000001
7 99701422 rs139906290 0.00069979
7 99701640 rs4729577 0.78881
7 99702211 rs145883941 0.34234000000000003
7 99702403 rs573126333 0.24553000000000003
7 99702947 rs41280968 5.5181e-16
7 99703028 rs200900793 0.047517000000000004
7 99703505 rs62485013 1.8797999999999996e-63
7 99703669 rs79617997 0.22421
7 99703958 rs2293479 0.5386
7 99704100 rs139861201 0.61243
7 99704448 rs4134932 0.25138
7 99704487 rs57403878 0.83286
7 99704528 rs189536527 0.044005
7 99704629 rs146258708 0.9408
7 99704724 rs4134930 0.56463
7 99704796 rs13309 0.74941
7 99704827 rs1050542 0.48331
7 99705181 rs145939245 0.30043000000000003
7 99705320 rs4134927 0.00050986
7 99705358 rs4134925 0.00052375
7 99705666 rs114272994 0.2775
7 99706218 rs115360193 0.6221399999999999
7 99706303 rs4134923 0.7815300000000001
7 99706399 rs117460458 0.00018719
7 99706454 rs150877929 0.00021977
7 99706478 rs114851292 0.20501999999999998
7 99706518 rs4134922 0.31053000000000003
7 99706550 rs4134921 0.6814600000000001
7 99706818 rs113821198 0.36704000000000003
7 99707682 rs4134920 0.38754
7 99707712 rs2272338 0.77746
7 99707728 rs4134919 0.45685
7 99707950 rs4134917 0.76718
7 99708016 rs116196406 0.27034
7 99708321 rs4134915 0.23681999999999997
7 99708326 rs4134914 0.00050197
7 99708331 rs4134913 0.23075
7 99708356 rs4134912 0.005351699999999999
7 99708388 rs4134911 0.00047819
7 99708745 rs4134909 0.00012111
7 99709068 rs4134908 0.68328
7 99709247 rs552048417 0.06829299999999999
7 99709297 rs4134907 0.63127
7 99710327 rs138109632 0.99882
7 99710745 rs144977632 0.0047453999999999994
7 99711040 rs4134903 0.015268
7 99711065 rs138856474 0.0062897
7 99711234 rs4134901 0.27066
7 99711312 rs151025736 0.8145399999999999
7 99711468 rs368823730 0.15714
7 99711470 rs4134899 1.4646e-12
7 99711614 rs4134898 9.7547e-67
7 99711987 rs569691228 0.39299999999999996
7 99712421 rs111694319 0.87434
7 99712745 rs562699567 0.63968
7 99712901 rs4134896 0.43113999999999997
7 99712962 rs4134895 0.39313000000000003
7 99713154 rs183682123 0.68906
7 99713579 rs537334737 0.6032
7 99713820 rs4134892 5.391e-51
7 99713821 rs4134891 0.17149
7 99713930 rs4134889 0.38861
7 99714050 rs4134888 0.78599
7 99714220 rs4134887 0.25899
7 99714990 rs191165084 0.40715999999999997
7 99715143 rs182901595 0.42962
7 99715391 rs115304524 0.27375
7 99715907 rs187590715 0.20382999999999998
7 99715960 rs185035949 0.29675999999999997
7 99716648 rs116599970 0.85941
7 99716901 rs3807479 0.70198
7 99717254 rs4134885 0.9257299999999999
7 99717821 rs182641304 0.62079
7 99718161 rs113493966 0.3969
7 99719020 rs138198222 0.43354
7 99719412 rs193110643 0.20132
7 99719448 rs191550866 0.65396
7 99719490 rs375581987 0.9651799999999999
7 99719604 rs181714133 0.96272
7 99719705 rs143319000 0.6179600000000001
7 99719753 rs7799946 0.009841299999999999
7 99719959 rs148615650 0.032763
7 99720002 rs143557149 0.46448
7 99720309 rs76702812 0.16688
7 99720640 rs1569055 5.7129e-49
7 99720994 rs35146811 0.5984
7 99721202 7:99721202_G_A 0.75651
7 99722173 rs60551236 0.52173
7 99722266 rs1880949 0.58208
7 99723424 rs149750020 6.170699999999999e-32
7 99723456 rs9969273 0.25256
7 99723509 rs113032224 0.86695
7 99723790 rs60213059 0.54894
7 99723982 rs533104100 1.2347000000000001e-20
7 99724146 rs116695203 0.63832
7 99724694 rs138428123 8.3137e-27
7 99724912 rs181014638 0.5947100000000001
7 99725146 rs78225095 0.00056685
7 99725210 rs142426754 0.95929
7 99725466 rs78225840 0.83635
7 99725631 rs146467476 0.9109999999999999
7 99725726 rs374231043 0.8877799999999999
7 99726150 rs2091445 0.94494
7 99726520 rs141502707 0.16178
7 99726530 rs150912632 0.032212
7 99727022 rs115326027 0.64098
7 99727649 rs111435309 0.41051000000000004
7 99727784 rs533394680 6.9508e-08
7 99728019 rs186724695 0.76851
7 99728546 rs77273076 0.043685
7 99728790 rs35991721 0.58639
7 99728897 rs530393553 0.8536100000000001
7 99728942 rs568558846 0.87913
7 99729358 rs566962214 0.9341200000000001
7 99729508 rs73395975 0.67952
7 99730201 rs140386970 0.26431
7 99730583 rs147668105 0.285
7 99730800 rs75150913 0.39709
7 99731110 rs146579476 0.00023387
7 99731260 rs117705004 0.00026139
7 99731475 rs572816719 0.28073000000000004
7 99731484 rs181259064 0.55612
7 99731665 rs139112066 0.08052100000000001
7 99731808 rs148990229 0.7046899999999999
7 99732205 rs531098553 4.2386e-08
7 99732323 rs112678697 0.8311200000000001
7 99732398 rs188130870 0.39847
7 99732426 rs192927108 9.3854e-10
7 99732903 rs192412697 0.39836
7 99732948 rs117279321 0.0002463
7 99733155 rs185058485 0.99126
7 99733315 rs11768171 0.0023780999999999997
7 99733919 rs114831045 0.9355399999999999
7 99734225 rs77639804 1.2624e-31
7 99734661 rs11505847 0.5736100000000001
7 99734787 rs149307613 0.3922
7 99734842 rs11505848 0.0020768
7 99735088 rs148442569 0.62225
7 99735137 7:99735137_C_T 0.04478
7 99735181 rs7341389 0.049045
7 99735200 rs550122118 0.22428
7 99735266 rs571595257 0.2169
7 99735364 rs117461151 0.0003306
7 99735418 rs186089674 0.7427699999999999
7 99735521 rs191075262 0.73548
7 99735578 rs76827214 0.9329700000000001
7 99736059 rs11771139 0.54096
7 99736739 rs147914336 0.43051999999999996
7 99737143 rs569309480 0.25953000000000004
7 99737164 rs56733782 0.32676
7 99737517 rs145358829 8.1966e-06
7 99737654 rs192653619 0.73082
7 99737975 rs563214784 0.8922399999999999
7 99738043 rs182470552 0.73082
7 99738053 rs3779047 0.00058419
7 99738293 rs562274631 0.25953000000000004
7 99738322 rs35042434 0.00059708
7 99738412 rs111445469 0.65036
7 99738472 rs148232115 0.34456
7 99738514 rs368626845 0.72927
7 99738879 rs11979397 3.4371999999999996e-49
7 99738990 rs76066998 0.49331
7 99739219 rs76483787 4.3664e-14
7 99739226 rs112503115 0.43053
7 99739362 rs6975031 7.425699999999999e-49
7 99740081 rs147226242 0.91461
7 99740363 rs140600498 1.1541999999999998e-08
7 99740550 7:99740550_C_T 6.2103e-06
7 99740602 rs75741756 0.3314
7 99740723 rs114524579 0.6975100000000001
7 99741051 rs115101147 0.95493
7 99741326 rs145101862 0.27821
7 99741674 rs182043653 0.076888
7 99741855 rs574575020 0.0012744000000000002
7 99742093 rs4729578 6.854899999999999e-31
7 99742234 rs549768499 0.78213
7 99742262 rs531982066 0.037142
7 99742310 rs181030667 0.44778999999999997
7 99742452 rs543724040 0.081944
7 99742641 rs12539985 1.5354999999999997e-61
7 99742818 rs143508830 0.49783999999999995
7 99742892 rs77640201 0.47281000000000006
7 99742926 rs368664921 0.24943
7 99743089 rs190916894 0.7731
7 99743515 rs148001733 0.013730000000000001
7 99743841 rs116870394 0.78082
7 99744262 rs138779785 0.15129
7 99744572 rs77686669 0.0015452999999999999
7 99744585 rs569184322 0.011259
7 99744643 rs192536131 0.1872
7 99745414 rs80152859 0.54271
7 99745538 rs112068374 0.501
7 99745585 rs144305120 7.3428e-05
7 99745623 rs13227472 0.15989
7 99745698 rs181178636 0.75863
7 99746004 rs77355473 0.5607
7 99746201 rs10231604 0.00062853
7 99746293 rs374753425 0.24888000000000002
7 99747130 rs12878 0.054161
7 99747378 rs7785392 0.00062521
7 99748324 rs79810375 0.6357
7 99748380 rs112328330 0.521
7 99748391 rs556930477 0.07961900000000001
7 99748636 rs535383077 2.0521e-08
7 99748746 rs138006562 0.50993
7 99749333 rs142068074 0.56501
7 99749691 rs73395997 0.5513600000000001
7 99749740 rs77832961 0.57853
7 99750436 rs148057112 0.764
7 99750754 rs141862851 2.2274999999999996e-51
7 99751017 rs3736591 0.012256
7 99751091 rs145738939 0.89155
7 99751279 rs76212539 0.59783
7 99751281 rs3736590 0.00045437
7 99751521 rs11540426 0.013935
7 99751584 rs113315077 0.38
7 99751594 rs111773951 0.34334000000000003
7 99751610 rs77496317 0.43177
7 99751709 rs79362363 0.7329
7 99751789 rs146321633 0.12397000000000001
7 99751880 rs73397503 0.7328600000000001
7 99752412 rs544911959 0.62958
7 99752566 rs55839153 0.19558
7 99753121 rs2272337 0.00043366
7 99753261 rs145894341 0.9674200000000001
7 99753709 rs11764527 0.032557
7 99753870 rs11764584 0.00046981
7 99753881 rs112784768 0.7361800000000001
7 99754612 rs147759270 0.008837600000000001
7 99754637 rs885566 0.28314
7 99754643 rs114824692 0.12437000000000001
7 99754870 rs138820761 0.9611299999999999
7 99755343 rs117793118 0.29668
7 99756390 rs139605172 0.6408699999999999
7 99756503 rs7807641 0.00044425
7 99756610 rs141967364 0.32442
7 99757147 rs74883328 0.68253
7 99757395 rs529407027 0.76394
7 99757612 rs3823646 0.00043428
7 99757955 rs112880621 0.42695
7 99757982 rs140328330 0.28731999999999996
7 99758040 rs140652132 0.031894
7 99758136 rs3800951 0.0003589
7 99758145 rs147809354 0.19534
7 99758158 rs149908309 0.43106000000000005
7 99758276 rs775899842 0.7422
7 99758299 rs149033197 0.81785
7 99759007 rs140810237 0.92717
7 99759205 rs34130487 0.43157
7 99759255 rs11771167 0.00037221
7 99759578 rs186863919 0.71608
7 99759637 rs7787294 0.00036979
7 99759828 rs7787492 0.00036579
7 99760065 rs184249272 6.6159999999999995e-09
7 99760087 rs150688374 1.6099e-45
7 99760563 rs539276725 0.76394
7 99760973 rs2405440 0.00033482
7 99761079 rs77352925 0.7591899999999999
7 99761585 rs75700863 0.00014688
7 99761757 rs118138929 0.01014
7 99762042 rs532774487 0.7643
7 99762149 rs188556062 0.21099
7 99762377 rs147771608 0.8871700000000001
7 99762410 rs570767485 0.08459
7 99762584 rs542997209 0.65408
7 99762638 rs576865047 0.24795
7 99764116 rs149092760 0.0038881000000000002
7 99764196 rs116867043 0.12195
7 99764240 rs142988850 0.035861000000000004
7 99764572 rs78756658 1.7943e-09
7 99766655 rs73397507 0.62412
7 99767449 rs189831862 0.8587600000000001
7 99767587 rs1918353 0.004256899999999999
7 99767773 rs138791019 4.4621e-56
7 99768939 rs77487872 0.47553999999999996
7 99768957 rs75779608 0.26639
7 99769251 rs541390926 0.8342700000000001
7 99769860 rs116665446 0.6773
7 99770322 rs188710400 0.3952
7 99770355 rs148408040 0.52433
7 99770415 rs142497713 3.8011e-05
7 99770428 rs185022115 0.84664
7 99770456 rs57966707 5.8075e-05
7 99770529 rs755674414 0.030057999999999998
7 99770592 rs139509980 0.22935
7 99770879 rs186778007 0.03482
7 99770912 rs73397512 0.80584
7 99771187 rs116538316 0.76362
7 99771849 rs3735242 0.00028489
7 99771951 rs75571285 0.70405
7 99772133 rs181481835 0.00049478
7 99772151 rs539760226 0.084842
7 99772511 rs143234278 0.68494
7 99772600 rs12668498 0.0085335
7 99772863 rs77390585 0.80533
7 99772896 rs147050977 0.6863199999999999
7 99773560 rs115660268 0.61771
7 99773676 rs116138580 0.92468
7 99773879 rs74662631 0.9590799999999999
7 99774103 rs538287037 6.0725e-05
7 99774122 rs12705073 9.7432e-15
7 99774327 rs12705074 0.046666
7 99774353 rs532455601 3.9503999999999997e-07
7 99774555 rs191034306 0.0286
7 99774914 rs114132987 0.8383700000000001
7 99775615 rs73397519 0.54065
7 99775870 rs114147543 0.8408700000000001
7 99775933 rs78894444 0.74485
7 99775968 rs538253190 0.084844
7 99776272 rs7799441 1.8172e-15
7 99776581 rs7793328 0.5481699999999999
7 99776603 rs558563654 0.84667
7 99776668 rs141655350 0.9151
7 99776808 rs941288 2.8300000000000005e-17
7 99776891 rs554412708 0.69923
7 99777245 rs78886656 0.046856
7 99777422 rs55796551 0.5012300000000001
7 99777869 rs7457787 0.63822
7 99777894 rs189211237 0.82132
7 99778019 rs12666107 0.50164
7 99778227 rs11531577 4.2267e-10
7 99778285 rs2272343 2.6522000000000004e-10
7 99778306 rs139621533 1.7146e-08
7 99778317 rs149733769 0.9454299999999999
7 99778364 rs568326235 0.69923
7 99778379 rs145715859 0.00011515
7 99778382 rs141506148 0.8523700000000001
7 99778430 rs147067366 0.6705800000000001
7 99778945 rs3807471 7.620000000000001e-07
7 99779074 rs561584229 0.40602
7 99779243 rs3779046 0.0033665999999999995
7 99779259 rs3779045 0.0033665999999999995
7 99779886 rs6465764 0.0029017
7 99779898 rs187538572 0.018113999999999998
7 99780039 rs182967242 0.8642799999999999
7 99780049 rs557088096 0.11878
7 99780282 rs4729579 0.0029017
7 99780283 rs2056726 3.9771e-10
7 99780655 rs10252884 0.0033236999999999993
7 99780678 rs533867478 0.24314000000000002
7 99781377 rs571115228 2.8973e-08
7 99782142 rs139899196 0.94619
7 99782215 rs145340750 0.80699
7 99782310 rs75236766 5.176599999999999e-10
7 99782753 rs7788301 0.0028308000000000005
7 99782869 rs148973843 2.5795e-06
7 99782909 rs79246196 0.6146199999999999
7 99783173 rs189128899 0.81309
7 99783714 rs6960458 0.0028389
7 99784704 rs2141160 0.0030153000000000003
7 99784935 rs117493030 0.01023
7 99785191 rs373319227 0.55921
7 99785443 rs6465765 0.0029062
7 99785528 rs57250559 0.84541
7 99785671 rs6465766 0.0032167000000000003
7 99785750 rs4727449 3.8945e-06
7 99785765 rs74742883 3.5525e-10
7 99786819 rs2272344 0.0033645000000000003
7 99786964 rs11764176 0.0033293
7 99787120 rs143887145 0.13018
7 99787290 rs147246504 0.85288
7 99787372 rs6948729 0.0035312
7 99787840 rs116655071 0.94535
7 99789613 rs114270871 0.25745
7 99789665 rs73159753 0.59704
7 99789817 rs4729580 5.158600000000001e-15
7 99790677 rs12666425 0.0035623000000000004
7 99790913 rs566242031 0.087538
7 99790954 rs188438097 0.50397
7 99790971 rs11767968 0.008992100000000001
7 99791539 rs10953295 6.391699999999999e-14
7 99791865 rs558841816 0.19865
7 99791879 rs6975013 0.23874
7 99792258 rs56310893 0.72245
7 99792259 rs576713863 0.015659
7 99792608 rs7811662 0.0086609
7 99792666 rs11762932 4.9043e-10
7 99793149 rs117235087 0.87876
7 99793305 rs73159758 0.039741000000000005
7 99793352 rs116941680 0.9112600000000001
7 99793942 rs4299940 4.9985e-14
7 99793958 rs190093945 0.44974
7 99794872 rs200131656 0.88051
7 99795215 rs62482167 1.1792999999999998e-47
7 99795672 rs139707192 0.50316
7 99795955 rs528268006 0.06590399999999999
7 99796057 rs111629818 0.83652
7 99796072 rs3823642 0.009149899999999999
7 99796146 rs3735241 1.1394000000000002e-13
7 99796363 rs568230768 0.27946
7 99796583 rs144753898 0.66922
7 99796833 rs142844623 0.66922
7 99796885 rs146609079 0.18687
7 99797031 rs2272345 0.009151399999999999
7 99797792 rs13230744 0.0067628
7 99798530 rs141693812 0.5908899999999999
7 99799141 rs146872663 0.68643
7 99799496 rs140742906 0.31283
7 99799784 rs201982714 0.71706
7 99799845 rs1043915 0.0088684
7 99800153 rs151236543 0.69007
7 99800239 rs138556948 0.10801
7 99800559 rs7789890 3.1896e-09
7 99800813 rs148851665 0.76322
7 99800835 rs1727145 7.241800000000001e-13
7 99800935 rs530354158 0.71467
7 99800958 rs1628077 0.0092496
7 99800999 rs570205621 0.15078
7 99801095 rs192866183 0.63785
7 99801356 rs138129781 0.0035900999999999997
7 99802044 rs79986079 4.0775e-09
7 99802047 rs78633062 0.9492
7 99802331 rs149048452 0.0038474000000000004
7 99802812 rs2246713 5.342e-13
7 99803412 rs2950517 0.0089015
7 99803794 rs1727123 0.008715899999999999
7 99804104 rs1727124 0.008787200000000002
7 99804125 rs1727125 0.008755200000000001
7 99804239 rs112547654 0.048004000000000005
7 99804240 rs186187069 0.0020896
7 99804678 rs528790089 0.10554000000000001
7 99804856 rs182884666 0.15519000000000002
7 99805319 rs2528900 0.008688600000000001
7 99805555 rs113235931 0.87023
7 99805622 rs189074594 0.0071607
7 99806388 rs549104877 0.58963
7 99807030 rs115654718 0.6351100000000001
7 99807146 rs1138417 0.0084409
7 99807265 rs1061230 0.0080384
7 99807344 rs2950518 6.061399999999999e-14
7 99807473 rs941287 3.6885e-13
7 99807656 rs117363191 0.00057559
7 99808097 rs17249588 0.67596
7 99808151 rs1637001 0.0087131
7 99808689 rs147584531 0.016691
7 99808703 rs61749910 0.98006
7 99809032 rs80044214 0.036272000000000006
7 99809499 rs143584383 0.60687
7 99809790 rs117369923 6.0705e-10
7 99809835 rs1617502 0.12523
7 99809921 rs1727128 7.4237e-06
7 99809963 rs182456726 0.016101
7 99810113 rs2257213 0.0085944
7 99810159 rs56162722 0.11252000000000001
7 99810375 rs78675707 0.97654
7 99810424 rs771903780 0.0042745
7 99810425 rs74774557 6.9399e-09
7 99810433 rs115529197 0.7390899999999999
7 99810643 rs1618851 0.0080508
7 99810695 rs73397555 0.51439
7 99810751 rs185329956 0.2847
7 99810820 rs112084126 0.010034999999999999
7 99811002 rs1727129 1.2870999999999997e-11
7 99811204 rs1623264 0.0079619
7 99811313 rs1624099 1.5325999999999998e-11
7 99811464 rs1727130 0.007958
7 99811750 rs188384958 0.62021
7 99811765 rs181256968 7.3377999999999994e-06
7 99811830 rs142195721 0.88069
7 99811836 rs1052482 0.0064304
7 99812008 rs12056000 1.3822e-07
7 99812089 rs1636975 0.0079571
7 99812295 rs545568586 0.8256700000000001
7 99812297 rs1727132 0.007966899999999999
7 99812360 rs145392532 0.7570899999999999
7 99812728 rs62482169 1.5851e-24
7 99812870 rs1727133 0.0077451
7 99813092 rs17309333 0.11339
7 99813137 rs182500618 0.25566
7 99813285 rs75655792 1.9949e-08
7 99813672 rs1727134 0.0081603
7 99813912 rs1636978 0.0086381
7 99813914 rs77654185 0.98575
7 99813999 rs527860926 0.1096
7 99814088 rs542587125 0.085048
7 99814329 rs112279715 0.85069
7 99814529 rs138080852 0.0025515
7 99814643 rs141261889 0.79462
7 99814823 rs2405729 0.92968
7 99814930 rs185106424 0.97424
7 99814984 rs190352084 0.083835
7 99815108 rs73161728 0.8626
7 99815185 rs142051582 0.86987
7 99815247 rs1727138 0.0087262
7 99815330 7:99815330_C_T 0.0040214
7 99815367 rs1727139 0.008814299999999999
7 99815399 rs1727140 0.008327600000000001
7 99815963 rs61116265 0.52637
7 99815984 rs58267233 0.74442
7 99816160 rs191054029 0.10071000000000001
7 99816179 rs1727142 0.0093522
7 99816437 rs1636988 0.009749899999999999
7 99816509 rs62482172 3.482e-19
7 99817076 rs117789573 0.03227
7 99817196 rs17250196 1.5988e-07
7 99817391 rs7782305 8.366e-10
7 99817511 rs369789179 0.70695
7 99817570 rs144154892 0.85195
7 99817585 rs7786505 8.7494e-10
7 99817705 rs183060184 0.63839
7 99817859 rs2906645 0.010311
7 99817878 rs141119008 0.0038775999999999997
7 99818084 rs188001537 0.81947
7 99818100 rs200763091 0.00055639
7 99818101 rs4727450 0.14397000000000001
7 99818137 rs2906646 1.9565e-13
7 99818185 rs141513122 0.73831
7 99818374 rs113071786 0.57501
7 99818927 rs705867 1.5426e-13
7 99819524 rs189632781 3.4865e-26
7 99819577 rs858505 0.010353
7 99819828 rs541836729 0.70877
7 99819844 rs56089143 1.0635e-09
7 99819910 rs555586191 0.060934
7 99820050 rs858506 0.010402
7 99820168 rs114681724 0.8333799999999999
7 99820309 rs563357633 2.1215999999999996e-07
7 99820801 rs150436753 0.62872
7 99820877 rs858507 0.010043
7 99820919 rs190968713 0.5058199999999999
7 99821128 rs118107707 0.052524
7 99821235 rs200517022 0.74445
7 99821381 rs858508 0.010457
7 99821685 rs863450 0.010520999999999999
7 99821725 rs117078557 0.11632999999999999
7 99821894 rs858510 2.1819e-13
7 99822032 rs139202020 0.9562200000000001
7 99822164 rs528062422 0.72444
7 99822266 rs191780932 0.15537
7 99822300 rs147528467 0.86435
7 99822607 rs79149916 0.74122
7 99822666 rs757960 0.25853000000000004
7 99822829 rs112552861 0.7855300000000001
7 99823055 rs766012373 0.59844
7 99823522 rs6947033 8.281099999999999e-10
7 99823621 rs858511 0.010467
7 99823930 rs62482173 3.9895999999999997e-22
7 99823937 rs544012984 5.0777e-05
7 99823999 rs190413835 0.00010411
7 99824048 rs115947943 0.86013
7 99824353 rs1859787 2.0476e-13
7 99824391 rs775835887 0.56717
7 99824453 rs858512 0.010365000000000001
7 99824465 rs180674738 0.727
7 99825275 rs6953580 8.643399999999999e-10
7 99825558 rs858513 0.010368
7 99825717 rs182709412 0.071358
7 99825744 rs114544788 0.17187
7 99825748 rs858514 0.01034
7 99826370 rs143507567 0.011289
7 99826438 rs186714143 0.80811
7 99826697 rs116810156 0.78089
7 99826793 rs146750051 7.4039e-24
7 99827148 rs2950520 0.011286
7 99827531 rs117430166 1.6074999999999998e-07
7 99827637 rs542336873 0.733
7 99827902 rs143653732 0.2927
7 99827941 rs151024111 9.9929e-10
7 99828205 rs547150133 0.46466999999999997
7 99828471 rs193113105 0.8518600000000001
7 99828655 rs73161733 0.98535
7 99828831 rs146476401 1.2013e-15
7 99829203 rs559550291 0.19247
7 99829827 rs184318317 0.00010274
7 99830086 rs143185989 1.0854000000000002e-09
7 99830281 rs192156380 0.62375
7 99830781 rs147122369 6.0233e-07
7 99831118 rs34301839 0.00061943
7 99831399 rs182224247 0.8074399999999999
7 99831447 rs148392587 0.66576
7 99831777 rs114499025 0.34169
7 99831829 rs572775140 0.19146
7 99831872 rs141691753 0.76476
7 99831998 rs183511599 0.15134
7 99832442 rs10225636 0.57089
7 99832743 rs111922231 0.52886
7 99833098 rs149946724 0.94376
7 99833345 rs145201975 0.89755
7 99833499 rs559197665 0.72342
7 99833529 rs146601535 0.7981199999999999
7 99833851 rs62482174 4.768100000000001e-19
7 99834190 rs10246243 9.421e-10
7 99834306 rs141791030 0.6784600000000001
7 99835375 rs115079654 0.8469
7 99835446 rs116667980 0.12852
7 99835613 rs62482175 6.250999999999999e-64
7 99835754 rs150262685 0.8342200000000001
7 99836032 rs114544715 0.8342200000000001
7 99836140 rs557027116 0.7256100000000001
7 99836384 rs137929882 0.5814699999999999
7 99836685 rs73399514 9.6455e-10
7 99836748 rs139861184 0.58508
7 99837415 rs60568054 0.5655899999999999
7 99837513 rs114402171 0.9308799999999999
7 99837759 rs556854094 0.047092
7 99837917 rs146245928 0.8478700000000001
7 99838108 rs7782051 4.6961000000000003e-07
7 99838234 rs73399523 0.7588600000000001
7 99838389 rs191457016 0.50868
7 99838428 rs142712263 0.56871
7 99838846 rs116121773 0.044538
7 99839222 rs183515794 0.72208
7 99839511 rs192501249 0.8192
7 99839523 rs73399528 0.5334300000000001
7 99839839 rs115388482 0.56304
7 99839934 rs528037909 0.6513800000000001
7 99840362 rs858500 0.73679
7 99840461 rs866500 0.84349
7 99840652 rs114417780 0.044715
7 99840796 rs541072716 0.71997
7 99840825 rs145410269 0.049518
7 99840998 rs189076864 0.82505
7 99841168 rs115185453 0.8217
7 99841354 rs117038461 0.048008999999999996
7 99842067 rs118058744 0.8198700000000001
7 99842120 rs10257359 0.79976
7 99842244 rs575030095 0.0029877
7 99842404 rs369917959 0.47689
7 99842502 rs13240468 0.00028371
7 99842766 rs10245781 0.56742
7 99843035 rs10261440 0.55865
7 99843100 rs10245955 0.56716
7 99843224 rs10246363 0.50738
7 99843353 rs858502 1.9626e-08
7 99843509 rs138506889 0.20626999999999998
7 99843677 rs529325598 0.2818
7 99843704 rs141655313 0.24033000000000002
7 99843773 rs116448117 0.81748
7 99843812 rs567014359 0.79356
7 99844169 rs150737322 0.00062915
7 99844282 rs187360186 0.19178
7 99844385 rs191896841 5.1815e-08
7 99844552 rs188638927 0.8249700000000001
7 99844729 rs10224352 0.60347
7 99844980 rs117791027 0.79707
7 99844999 rs78156167 0.6563399999999999
7 99845157 rs10269973 0.75807
7 99845866 rs858503 3.0111000000000003e-38
7 99845998 rs148689129 7.2258e-06
7 99846414 rs76281814 3.407e-08
7 99846442 rs117700582 0.13463
7 99846454 rs28559768 0.58757
7 99846706 rs56922690 0.55786
7 99846833 rs10269574 2.7113999999999997e-08
7 99846912 7:99846912_G_A 0.0035179
7 99847147 rs7801070 1.7966e-08
7 99847237 rs112241539 2.0452e-08
7 99847829 rs577220307 0.038256
7 99847978 rs59248100 1.7997000000000002e-08
7 99848201 rs116862302 1.4277000000000001e-10
7 99848294 rs147460494 0.80428
7 99848632 rs535918216 0.72431
7 99848702 rs190165169 0.29498
7 99848791 rs183316489 0.72431
7 99848931 rs141062864 0.0021533
7 99849128 rs186775794 0.80688
7 99849196 rs558555147 0.34091
7 99849423 rs118005046 0.13026
7 99849572 rs145890241 0.80477
7 99850026 rs10253173 0.74916
7 99850182 rs185114228 2.6136e-05
7 99850377 rs138537772 0.68128
7 99850762 rs112551737 0.74895
7 99850886 rs180721475 0.042356
7 99851257 rs183402935 7.676000000000001e-08
7 99851269 rs11771660 1.8207e-08
7 99852144 rs187714626 0.00071116
7 99852197 rs192559525 4.365499999999999e-63
7 99852865 rs116905739 0.18511
7 99853039 rs550879556 0.05461900000000001
7 99853249 rs113833562 0.3031
7 99853760 rs139905057 0.0020976
7 99854063 rs10269633 0.7671899999999999
7 99854070 rs10269641 3.8275e-09
7 99854125 rs144307107 0.6844100000000001
7 99856501 rs57999130 0.79278
7 99856519 rs541273457 0.7832899999999999
7 99856826 rs375993943 0.65887
7 99857152 rs143061955 0.79525
7 99857155 rs138852276 0.34264
7 99857280 rs577540061 0.80552
7 99857564 rs147019274 0.7823
7 99857626 rs138196997 0.13153
7 99857962 rs150616153 0.68525
7 99858116 rs116762470 0.68328
7 99858206 rs114730337 0.39198
7 99858505 rs113401658 1.2624999999999999e-08
7 99858751 rs535520230 0.68525
7 99859353 rs73399565 0.9041799999999999
7 99859434 rs190387094 0.40066999999999997
7 99859550 rs144388965 0.91271
7 99860193 rs574209829 0.06529299999999999
7 99860574 rs142434477 0.0025689
7 99860606 rs140678171 0.0035848
7 99860741 rs549300537 0.78085
7 99860813 rs186067749 0.79471
7 99861149 rs141376982 0.32433
7 99861846 rs187687702 0.32114000000000004
7 99861970 rs138068624 0.7429899999999999
7 99862067 rs57116449 0.98774
7 99862201 rs191879862 0.16825
7 99862594 rs148305956 0.74415
7 99862770 rs6967372 0.34679
7 99862876 rs538791558 6.6723e-05
7 99863484 rs113842733 1.1614e-08
7 99863876 rs146344650 0.0036796
7 99864141 rs11489584 2.2583999999999996e-38
7 99864186 rs551310147 0.6642600000000001
7 99864283 rs116165980 0.9040100000000001
7 99864328 rs566979140 0.56329
7 99864586 rs554324615 0.46991000000000005
7 99865400 rs28622961 0.8205100000000001
7 99866340 rs73399574 0.8787
7 99866649 7:99866649_A_G 0.11420999999999999
7 99866704 rs148621540 0.017749
7 99866868 rs111230419 0.84751
7 99867233 rs147304309 0.98879
7 99867667 rs183856861 0.5978100000000001
7 99868412 rs12113906 1.7795999999999999e-38
7 99868574 rs141233430 0.68934
7 99868575 rs190148579 0.8216100000000001
7 99869389 rs538157829 0.6853100000000001
7 99870394 rs145090722 0.0009691000000000001
7 99871279 rs150175968 6.2009e-05
7 99871349 rs138639042 0.80686
7 99871903 rs191747056 0.69418
7 99872071 rs6943160 5.0274000000000004e-08
7 99872675 rs73161741 5.9758999999999995e-05
7 99872842 rs113439364 0.9475899999999999
7 99872911 rs189212982 0.53517
7 99873397 rs150916360 5.9705e-05
7 99873398 rs188345932 0.46806000000000003
7 99873449 rs139409096 4.1462e-25
7 99873778 rs113844570 2.7467e-08
7 99874171 rs147355216 9.0766e-06
7 99874197 rs34857299 0.22868000000000002
7 99874997 rs117244534 0.030677999999999997
7 99876010 rs138235358 1.0071e-11
7 99876530 rs189483782 0.4921
