CHR BP SNP P
11 113313580 rs188449345 0.25193000000000004
11 113313662 rs61902778 0.54765
11 113314124 rs4245145 0.41938000000000003
11 113314363 rs4648319 0.61725
11 113314479 rs371178801 0.44916999999999996
11 113314906 rs553912181 0.8825799999999999
11 113315048 rs4379875 0.6985899999999999
11 113315276 rs112646785 0.46379
11 113315355 rs11214608 0.12946
11 113315975 rs116621410 0.25698000000000004
11 113316102 rs11214609 0.1912
11 113316236 rs12574471 0.30175
11 113316740 rs139858421 0.79297
11 113317067 rs17529477 0.00028944
11 113317387 rs78258422 0.5776100000000001
11 113317745 rs17601612 5.2139e-06
11 113317754 rs11214610 0.38221
11 113317973 rs4245146 3.6795e-05
11 113318007 rs4245147 3.5782e-05
11 113318305 rs114549933 0.9846
11 113318408 rs4936270 0.62248
11 113318625 rs139271991 0.65336
11 113318705 rs4936271 3.9641e-05
11 113318855 rs114419425 0.6858
11 113318880 rs80215768 0.31738
11 113318907 rs4936272 4.3586000000000006e-05
11 113319452 rs4274224 4.1826e-05
11 113319631 rs115481513 0.93163
11 113319835 rs76581995 0.3037
11 113320009 rs61308771 0.27019
11 113320382 rs77195172 0.67556
11 113320419 rs4245148 0.6443300000000001
11 113320487 rs73557280 0.25978
11 113320519 rs78303686 0.21898
11 113321014 rs561144546 0.93084
11 113321211 rs55697087 0.3724
11 113321796 rs4460839 0.6632100000000001
11 113321843 rs577463148 0.8859899999999999
11 113322234 rs188905110 0.9361299999999999
11 113322370 rs142615934 0.9627100000000001
11 113322943 rs7109897 0.16219
11 113322974 rs115612282 0.93724
11 113323803 rs75644434 0.10818
11 113323831 rs72999670 0.00010209999999999999
11 113323860 rs17115596 0.3746
11 113324293 rs12805897 0.14762999999999998
11 113324474 rs4581480 0.80155
11 113325866 rs144851051 0.28039000000000003
11 113326291 rs114281160 0.9363600000000001
11 113326519 rs73557283 0.67748
11 113327294 rs77541954 0.6211800000000001
11 113327468 rs7122454 0.11549000000000001
11 113328135 rs80014933 0.22880999999999999
11 113328222 rs115443688 0.9302299999999999
11 113328580 rs140261065 0.8361
11 113328681 rs7948028 7.6275e-06
11 113328682 rs10891550 0.12074000000000001
11 113328810 rs74751335 0.20473
11 113328913 rs77264605 0.20554
11 113329449 rs76499333 0.21281
11 113329461 rs548652105 0.23318000000000003
11 113329504 rs182038742 0.18218
11 113329774 rs7131056 0.000118
11 113329886 rs188104522 0.6088
11 113330219 rs11214611 0.14595
11 113330451 rs4936274 0.7538199999999999
11 113330970 rs114057774 0.93185
11 113331330 rs773328603 0.084569
11 113331532 rs4648317 0.10568
11 113331915 rs7109615 0.29914
11 113332295 rs10891551 0.11342999999999999
11 113332416 rs58259116 0.25244
11 113332450 rs74355206 0.22007
11 113332456 rs58541804 0.27641
11 113332914 rs58678513 0.26779000000000003
11 113332956 rs4322431 0.00024601
11 113333425 rs7117915 0.10164
11 113333452 rs114195807 0.45707
11 113333671 rs10891552 0.22413000000000002
11 113333699 rs7118174 0.28996
11 113334100 rs4337071 8.8647e-06
11 113334206 rs118168024 0.0093462
11 113334209 rs4630328 8.7212e-06
11 113334571 rs181919941 0.6216
11 113334904 rs72999677 0.00016529
11 113335259 rs11214613 0.6727
11 113335497 rs11214614 0.00011116
11 113335572 rs117317480 0.045036
11 113335717 rs4350392 0.13007
11 113336172 rs11601054 7.54e-06
11 113336818 rs140631271 0.64062
11 113337058 rs61902787 7.9631e-06
11 113337204 rs75824731 0.2177
11 113337239 rs113997054 0.99977
11 113337267 rs10891553 0.67879
11 113337446 rs77655590 0.22405999999999998
11 113337720 rs149143840 0.37882
11 113337778 rs12421616 0.21994
11 113337844 rs73557296 0.2314
11 113337860 rs114766109 0.36101
11 113338357 rs4245149 0.15834
11 113338419 rs759918899 0.98051
11 113338457 rs73557297 0.28498
11 113338497 rs60253148 0.22916
11 113338946 rs7102650 0.21293
11 113339249 rs7939472 0.12342
11 113339590 rs55887984 0.33584
11 113340005 rs116019082 0.36835
11 113340251 rs75924850 0.8266
11 113340467 rs117720003 0.25898000000000004
11 113340553 rs73557301 0.28820999999999997
11 113340672 rs146374078 0.36835
11 113341119 rs189045953 0.50544
11 113341283 rs34179357 0.8414
11 113341391 rs4938019 0.15209
11 113341583 rs35659571 0.81442
11 113341800 rs149772623 0.71486
11 113342463 rs192321211 0.19473
11 113342716 rs74640347 0.93034
11 113342889 rs58113363 0.28996
11 113343023 rs57527113 0.30695
11 113343495 rs80322609 0.30729
11 113343496 rs35921774 0.23517
11 113343942 rs10891554 0.6811
11 113344274 rs114728410 0.36775
11 113344912 rs61902807 6.3051e-06
11 113345339 rs10789943 0.14877
11 113345406 rs10789944 0.15175
11 113345566 rs117816894 0.0093115
11 113345653 rs79872790 0.27146
11 113345669 rs79092434 0.26564
11 113345987 rs12281924 0.077662
11 113346351 rs1799978 0.28286999999999995
11 113346789 rs150038002 0.25455
11 113346955 rs12364283 0.32516999999999996
11 113347319 rs148756144 0.28913
11 113347861 rs61902808 0.14793
11 113348275 rs79710426 0.18219000000000002
11 113348759 rs77268850 0.26694
11 113349152 rs114388616 0.36791
11 113349371 rs56118276 9.4541e-05
11 113349374 rs7110440 6.1512e-06
11 113350219 rs145852787 0.7251
11 113350250 rs192584254 0.36277
11 113350620 rs35277073 6.1877e-06
11 113350790 rs115452430 0.94139
11 113352553 rs78708867 0.36701
11 113352557 rs4483623 0.27583
11 113352761 rs10891556 0.062254
11 113352834 rs191425358 0.26091
11 113352901 rs116587758 0.9375899999999999
11 113352906 rs78363643 0.24118
11 113353124 rs183452025 0.0052744
11 113353185 rs4424703 0.74449
11 113353599 rs11214618 0.077568
11 113353986 rs12800185 0.88151
11 113354219 rs541486139 0.14142000000000002
11 113354660 rs115908009 0.8754
11 113354800 rs77041236 0.8754
11 113354850 rs73559415 0.42213999999999996
11 113355006 rs143333383 0.43443000000000004
11 113355140 rs758808045 0.06980599999999999
11 113355156 rs76105936 0.24136
11 113355352 rs147470733 0.56552
11 113355444 rs7121986 6.8139999999999995e-06
11 113355736 rs6589377 6.694500000000001e-06
11 113355995 rs12421112 0.24095999999999998
11 113356039 rs115444593 0.26971999999999996
11 113356050 rs72999691 9.7031e-05
11 113356150 rs112081481 0.30101
11 113356179 rs7929453 6.6497e-06
11 113356248 rs564015428 0.66723
11 113356250 rs139193369 0.2702
11 113356389 rs60055940 0.30534
11 113356400 rs57418925 0.30235
11 113356566 rs148652575 0.27034
11 113357241 rs188248088 0.27205
11 113357749 rs114286020 0.79964
11 113357976 rs7924418 0.29634
11 113357985 rs10891561 0.07800499999999999
11 113358034 rs12282404 0.73777
11 113358061 rs12282409 0.42825
11 113358195 rs535159003 0.7785
11 113358211 rs4482060 9.3391e-07
11 113358248 rs116367811 0.9383799999999999
11 113358319 rs115768113 0.36774
11 113358350 rs140313543 0.63225
11 113358615 rs760973490 0.6853899999999999
11 113358652 rs4938020 1.672e-05
11 113358852 rs73559425 0.29961
11 113359119 rs77648771 0.27098
11 113359189 rs182115615 0.6645
11 113359401 rs749208327 0.9891
11 113359858 rs73559426 0.30334
11 113360182 rs528065439 0.9458799999999999
11 113360221 rs11214620 0.061848
11 113360862 rs11214621 0.07641
11 113361176 rs10891562 0.074754
11 113361262 rs149020393 0.84129
11 113361651 rs4421776 9.834299999999999e-05
11 113362074 rs774455632 0.26971999999999996
11 113362376 rs57368029 0.79589
11 113362792 rs142561928 0.28958
11 113363374 rs10891563 0.074777
11 113363523 rs11214622 0.00013549
11 113363630 rs12286462 0.059912
11 113363692 rs77967220 0.79543
11 113363851 rs575299341 0.90602
11 113363944 rs11214623 0.51408
11 113363973 rs138747339 0.45737
11 113364271 rs4611239 9.8779e-05
11 113364479 rs547086312 0.57494
11 113364636 rs150525071 0.39896
11 113364647 rs4245150 4.7901e-06
11 113364691 rs17602038 6.266900000000001e-06
11 113364803 rs4938021 6.219400000000001e-06
11 113365084 rs4936275 6.2063999999999996e-06
11 113365100 rs73559433 0.30925
11 113365141 rs4936276 6.204299999999999e-06
11 113365165 rs58551493 0.31142
11 113365185 rs59790388 0.30176
11 113365347 rs573516287 0.019851
11 113365552 rs145474611 0.65517
11 113365953 rs114626339 0.9362299999999999
11 113366254 rs28733351 0.30839
11 113366439 rs12099143 9.3019e-05
11 113366804 rs116369552 0.62816
11 113367105 rs76883867 0.36785
11 113367257 rs75238076 0.10235
11 113367331 rs746348026 0.63975
11 113367332 rs11214626 9.918299999999999e-05
11 113367370 rs12576181 0.31972
11 113367567 rs10736466 0.39361
11 113367685 rs4938022 9.9618e-05
11 113367801 rs72999702 0.8592
11 113368331 rs12292637 0.7199399999999999
11 113368366 rs57622799 0.23692
11 113368996 rs7947342 0.073311
11 113369142 rs7934294 0.71299
11 113369329 rs12574578 0.31859
11 113369417 rs186321470 0.9334600000000001
11 113369854 rs186783333 0.89171
11 113369892 rs545094691 0.93601
11 113369954 rs139407785 8.4859e-05
11 113369979 rs10736467 0.43573999999999996
11 113370758 rs61902811 4.216499999999999e-06
11 113370777 rs141069785 0.9174100000000001
11 113370801 rs531335912 0.6241800000000001
11 113370885 rs149819626 0.89705
11 113370891 rs6589378 0.30522
11 113370946 rs76720909 0.31751999999999997
11 113371099 rs7942219 0.0742
11 113371487 rs7124087 0.30023
11 113371488 rs35006999 0.52555
11 113371688 rs145022169 0.90825
11 113372496 rs34239591 0.64375
11 113372671 rs7934649 4.2284e-06
11 113373051 rs138566877 0.75012
11 113373277 rs17602285 0.007989399999999999
11 113373404 rs11214627 7.8734e-05
11 113373630 rs558621782 0.73543
11 113373838 rs11214628 0.69205
11 113373979 rs78978060 0.23694
11 113374013 rs10891564 0.00083659
11 113374200 rs182235212 0.96029
11 113374567 rs6589379 4.163e-06
11 113374684 rs11214629 0.00088191
11 113374847 rs4938023 4.1723e-06
11 113375106 rs117634635 0.48422
11 113375446 rs75400360 0.23668000000000003
11 113375450 rs114077478 0.9167299999999999
11 113375515 rs572287099 0.6328199999999999
11 113375629 rs79830408 0.23664000000000002
11 113375896 rs183880929 0.29778000000000004
11 113375996 rs4503578 0.0001081
11 113376667 rs78864975 0.7702100000000001
11 113376764 rs75783881 0.2374
11 113376775 rs146796311 0.20911999999999997
11 113376856 rs4254099 0.28511
11 113377488 rs7111031 4.2868e-06
11 113377567 rs7111359 0.36036
11 113377572 rs140288927 0.80414
11 113377686 rs114575250 0.61985
11 113378320 rs11214630 0.00015036
11 113378414 rs73001610 0.00016272
11 113378566 rs4938024 6.0582e-05
11 113378904 rs6589380 0.31434
11 113378952 rs6589381 5.3133000000000004e-06
11 113378988 rs115411968 0.36141999999999996
11 113379189 rs756421984 0.9872200000000001
11 113379292 rs11214632 0.25975
11 113379377 rs146131093 0.34219
11 113379812 rs143656983 0.6642
11 113379824 rs6589382 0.31769000000000003
11 113380113 rs149994838 0.8165
11 113380619 rs79476585 0.31363
11 113380818 rs12361003 0.0001069
11 113381085 rs548058162 0.5401699999999999
11 113381210 rs4245151 0.33146
11 113381797 rs73559472 0.336
11 113381832 rs7949802 5.3696e-06
11 113381872 rs35511553 0.63589
11 113381908 rs12576653 0.32550999999999997
11 113382207 rs184408718 0.9537700000000001
11 113382519 rs11214633 0.16827
11 113382913 rs11214634 0.1555
11 113382984 rs73559476 0.31681
11 113383067 rs76907165 0.36635999999999996
11 113383234 rs116474405 0.94158
11 113383282 rs4938025 0.000144
11 113383338 rs144729281 0.14289000000000002
11 113383394 rs4479021 4.910299999999999e-06
11 113383777 rs10891565 0.08694
11 113383912 rs11214635 0.065208
11 113384006 rs7479729 0.080486
11 113384048 rs7106947 0.33952
11 113384111 rs7107293 4.5984e-06
11 113384175 rs140730960 0.66852
11 113384281 rs4447205 0.065945
11 113384498 rs77906631 0.25179
11 113384909 rs1984739 9.3547e-05
11 113385039 rs77645071 0.30913
11 113385640 rs4245152 0.29949000000000003
11 113386043 rs4534613 3.9912e-06
11 113386124 rs148857549 0.8544
11 113386161 rs80189357 0.25581
11 113386347 rs35738585 4.0621e-06
11 113386391 rs34216353 4.0719e-06
11 113386531 rs116788530 0.96226
11 113386619 rs12361261 8.0909e-05
11 113386625 rs773721068 0.16153
11 113387093 rs77531519 0.30733
11 113387447 rs56079230 0.9169
11 113387590 rs145136240 0.7904800000000001
11 113387644 rs4466875 7.6485e-05
11 113387704 rs116661249 0.60928
11 113387809 rs7131411 0.00010653
11 113387902 rs4429089 0.31255
11 113387975 rs114694343 0.43303
11 113388112 rs150886047 0.9083899999999999
11 113388354 rs4245153 0.30954
11 113388674 rs4245154 3.4961000000000003e-06
11 113388723 rs10789945 0.071156
11 113388780 rs73001624 0.70168
11 113388812 rs73559491 0.11489
11 113388995 rs73559493 0.37435999999999997
11 113389365 rs11214636 0.058145
11 113389472 rs4938026 0.22783
11 113389588 rs2002229 0.089737
11 113389908 rs781638350 0.29185
11 113389923 rs73559495 0.16208
11 113390122 rs2002228 0.089517
11 113390588 rs191906611 0.26283
11 113390601 rs4548655 0.093343
11 113390846 rs77647540 0.9623299999999999
11 113390905 rs12280961 0.21825
11 113391179 rs115993628 0.9528
11 113391231 rs184240681 0.87554
11 113391384 rs73559496 0.8203
11 113391928 rs115466993 0.59813
11 113392138 rs2511513 0.36214
11 113392374 rs60033929 0.056048
11 113392656 rs78169211 0.00031958
11 113392704 rs12291458 0.048226
11 113392994 rs2514218 1.0418000000000001e-06
11 113393088 rs7123062 0.45274
11 113393460 rs149735646 0.34645
11 113393510 rs144629532 0.87713
11 113393870 rs114023625 0.43032
11 113394035 rs12420205 8.327600000000001e-07
11 113394264 rs115318579 0.09694
11 113394405 rs11214637 0.31761999999999996
11 113394661 rs11214638 0.31745999999999996
11 113394703 rs142620595 0.74451
11 113394847 rs2514217 0.8868299999999999
11 113394985 rs188714844 0.24823
11 113395015 rs142732944 2.6088e-06
11 113395132 rs11214639 0.080854
11 113395279 rs143146919 0.15672
11 113395329 rs2514214 0.6035699999999999
11 113396011 rs138263990 0.9094899999999999
11 113396034 rs11214640 0.26943
11 113396081 rs2514225 0.56866
11 113396745 rs73001634 0.90507
11 113397036 rs191679570 0.9381200000000001
11 113397388 rs114420706 0.5937899999999999
11 113397442 rs191838834 0.14855
11 113397655 rs2511515 0.60018
11 113397674 rs149925801 0.24552
11 113397706 rs2514224 0.61541
11 113397842 rs10891566 0.57911
11 113398288 rs146696279 0.76731
11 113398484 rs757425353 0.74711
11 113398505 rs115722639 0.93074
11 113398547 rs73001640 0.94571
11 113398627 rs10891567 0.57547
11 113399168 rs12286158 0.26048000000000004
11 113399189 rs190424162 0.65903
11 113399375 rs73561612 0.11857999999999999
11 113399453 rs147049358 0.32227
11 113399482 rs61902834 0.37334
11 113399491 rs2514223 0.52832
11 113399699 rs138223909 0.14743
11 113399941 rs550809140 0.25655
11 113400111 rs188403932 0.9238700000000001
11 113400117 rs181294748 0.036067
11 113400497 rs2511516 0.28934
11 113400655 rs12276315 0.070673
11 113400784 rs76200487 0.39881
11 113400894 rs2514222 0.57328
11 113401147 rs2514221 0.58782
11 113401192 rs2514220 0.58531
11 113401466 rs10891568 0.6795100000000001
11 113401669 rs115478362 0.15219000000000002
11 113402024 rs80211901 0.37576
11 113402093 rs7946113 0.27086
11 113402567 rs7934447 0.25726
11 113402775 rs7112715 0.31092
11 113402949 rs2511517 0.8892200000000001
11 113403279 rs764130572 0.44623999999999997
11 113403292 rs2514219 0.25686
11 113403487 rs12281749 0.34562
11 113403499 rs2511518 0.39945
11 113403647 rs7116732 0.3278
11 113403681 rs75183935 0.46234
11 113403997 rs17530934 0.9250299999999999
11 113404170 rs2514227 0.47613
11 113404229 rs34519046 0.7318600000000001
11 113404328 rs2514226 0.71515
11 113404458 rs13377418 0.3944
11 113404688 rs79871500 0.35007
11 113404792 rs115947611 0.28021999999999997
11 113405057 rs34023451 0.68571
11 113405123 rs749467524 0.65851
11 113405588 rs118149410 0.39348
11 113405589 rs117190952 0.38308000000000003
11 113405648 rs111784064 0.49501000000000006
11 113405954 rs2511519 0.7037399999999999
11 113406035 rs141664196 0.28155
11 113406246 rs115040859 0.28106
11 113406269 rs150541713 0.29605
11 113406465 rs9736825 0.7349600000000001
11 113406552 rs144207996 0.4864
11 113406758 rs9736857 0.69377
11 113406884 rs11214645 0.14257
11 113407129 rs112658881 0.33157
11 113407492 rs11214647 0.090745
11 113407513 rs74327381 0.39566999999999997
11 113407542 rs76878909 0.6414300000000001
11 113407711 rs11214648 0.17423
11 113407749 rs76355313 0.37038000000000004
11 113407864 rs186812689 0.86977
11 113407913 rs567892874 0.5793699999999999
11 113408109 rs74637199 0.27192
11 113408112 rs114940082 0.35893
11 113408165 rs186051633 0.36062
11 113408201 rs115587950 0.56888
11 113408517 rs7115462 0.47492
11 113408518 rs7115226 0.46799999999999997
11 113408533 rs192575605 0.68691
11 113408619 rs115733312 0.46405
11 113408657 rs11214650 0.15471
11 113408705 rs11214651 0.08594299999999999
11 113408712 rs7131446 0.33566
11 113408937 rs11214652 0.48907
11 113408942 rs2514228 0.43911999999999995
11 113409093 rs192910157 0.49863
11 113409152 rs140440245 0.17995999999999998
11 113409210 rs150380135 0.52693
11 113410000 rs2514229 0.55953
11 113410065 rs7942123 0.34665999999999997
11 113410114 rs17115673 0.09114
11 113410917 rs11214654 0.084857
11 113410990 rs77412938 0.36641999999999997
11 113411155 rs11214655 0.27849
11 113411628 rs11823610 0.14085
11 113411740 rs34342004 0.79645
11 113411741 rs11825869 0.36926
11 113411916 rs60098307 0.45786000000000004
11 113412443 rs4309187 4.2908000000000003e-07
11 113413050 rs11214656 0.48491999999999996
11 113413148 rs144193328 0.012235
11 113413228 rs537735695 0.81262
11 113413565 rs10891570 6.0117e-07
11 113413878 rs11214657 0.9911399999999999
11 113413889 rs60392837 0.50448
11 113414196 rs34516854 0.58601
11 113414200 rs79962387 0.23963
11 113414237 rs373054644 0.34756
11 113414384 rs768760798 0.50488
11 113414718 rs61902838 0.24086
11 113414766 rs4938027 2.4003e-06
11 113414885 rs114751723 0.62183
11 113414988 rs575582412 0.79624
11 113415088 rs10789947 1.8218e-06
11 113415114 rs11214660 0.218
11 113415135 rs4636708 2.6094999999999997e-06
11 113415145 rs4435036 2.5391e-06
11 113415205 rs61902839 0.22283000000000003
11 113415703 rs12281325 0.32178
11 113415720 rs7115090 4.9371e-06
11 113415976 rs7937641 4.7056e-06
11 113416020 rs56053905 0.50846
11 113416077 rs11214661 0.91865
11 113416096 rs7937477 3.9879e-05
11 113416134 rs139711611 0.78379
11 113416356 rs78473175 0.2207
11 113417108 rs79330444 0.38914
11 113417281 rs12287992 0.5806100000000001
11 113417580 rs78439123 0.18499000000000002
11 113417603 rs12222458 6.9385000000000006e-06
11 113418194 rs10736468 9.9347e-06
11 113418199 rs115193459 0.18037
11 113418222 rs10736469 6.1688999999999995e-06
11 113418371 rs10736470 4.9573e-07
11 113418379 rs117292569 0.5816899999999999
11 113418405 rs12787249 0.22583000000000003
11 113418443 rs190948348 0.45723
11 113418957 rs187629084 0.51115
11 113419017 rs542419193 0.38042
11 113419236 rs74459030 0.38716999999999996
11 113419835 rs746793937 0.12841
11 113419869 rs12576506 0.62476
11 113419949 rs117667905 0.96245
11 113419974 rs10891571 2.4829000000000002e-05
11 113420004 rs535385661 0.8595700000000001
11 113420295 rs148185846 0.42917
11 113420701 rs74387587 0.34707
11 113420762 rs71477213 0.2802
11 113421226 rs182007604 0.62093
11 113421243 rs75937529 0.23209000000000002
11 113421340 rs146131027 0.78864
11 113421423 rs190793294 0.23045
11 113421534 rs115151992 0.43582
11 113421621 rs112086348 0.038771
11 113421863 rs79763557 0.25735
11 113422510 rs571697892 0.31694
11 113423444 rs75096488 0.15888
11 113424042 rs10750025 1.6491e-06
11 113424390 rs35458579 0.17953
11 113424504 rs115615487 0.93675
11 113424558 rs7952106 0.00016447
11 113424799 rs558338361 0.93924
11 113425069 rs189642527 0.06616799999999999
11 113425364 rs140731149 0.20448
11 113425430 rs73001688 3.3167000000000004e-06
11 113425468 rs7927693 0.0002195
11 113425593 rs79304978 0.9959600000000001
11 113425739 rs75896421 0.2639
11 113425807 rs148653130 0.92681
11 113425936 rs75580754 0.1936
11 113426234 rs78143474 0.59273
11 113426394 rs114937420 0.95978
11 113426518 rs12805622 0.20033
11 113426587 rs12807056 0.20651
11 113426589 rs4344526 0.00022136
11 113426791 rs746268164 0.9259200000000001
11 113427334 rs117916973 0.09490499999999999
11 113427428 rs114803258 0.9381
11 113427625 rs77780366 0.37654
11 113427677 rs10789948 0.00024388
11 113428174 rs35431557 0.20684
11 113428670 rs74344624 0.9791200000000001
11 113429728 rs75989962 0.47513
11 113429832 rs74381874 0.89781
11 113430252 rs182011613 0.21739
11 113430486 rs4373974 4.0063999999999995e-06
11 113431960 rs4936277 0.00013646
11 113432730 rs553013810 0.64328
11 113432946 rs149348974 0.41815
11 113432998 rs778344046 0.5029899999999999
11 113433355 rs7101854 0.80275
11 113433780 rs141311008 0.58604
11 113433994 rs73553108 0.73227
11 113434075 rs73001698 0.055259
11 113434120 rs61902848 0.009623999999999999
11 113434242 rs11214664 0.00024263
11 113434250 rs11214665 0.00024145
11 113434828 rs556303224 0.872
11 113434858 rs73553116 0.7303
11 113435060 rs149663258 0.93809
11 113435105 rs572286344 0.0062657
11 113435128 rs546590993 0.32678
11 113435819 rs7125215 0.00029375
11 113435935 rs78141154 0.32049
11 113436010 rs747038690 0.038359
11 113436051 rs113490295 0.06690499999999999
11 113436072 rs7125588 0.00018609
11 113436487 rs4130345 0.57794
11 113436594 rs76162238 0.09058
11 113436778 rs189111456 0.8534700000000001
11 113437033 rs4531502 0.00023055
11 113437074 rs12791990 0.8268200000000001
11 113437313 rs34513850 0.76269
11 113437358 rs150433199 0.45874
11 113437688 rs61902850 0.052225
11 113437791 rs145551916 0.7116600000000001
11 113438068 rs7933981 0.00017091
11 113438092 rs61687445 0.00017805
11 113438181 rs76645247 0.091035
11 113438559 rs74658440 0.12791
11 113438607 rs11823775 0.00024331
11 113438813 rs190486095 0.18225
11 113438949 rs4520623 0.0002391
11 113440294 rs115990434 0.96278
11 113440331 rs7123697 0.00024496
11 113442125 rs77414181 0.3055
11 113442302 rs76540458 0.7560100000000001
11 113442336 rs7101666 0.00037516
11 113442865 rs7102458 0.00034166
11 113443174 rs138114548 0.079141
11 113443632 rs538631430 0.83141
11 113443753 rs6589386 0.00013754
11 113444245 rs78471854 0.0035364000000000003
11 113444367 rs7126382 0.00046359
11 113444398 rs115772758 0.19645
11 113444448 rs73004014 0.62685
11 113444727 rs73004016 0.0014606
11 113444924 rs190952972 0.73274
11 113445157 rs140312713 0.034319999999999996
11 113445229 rs7933602 0.00018486
11 113445371 rs117408764 0.061328
11 113445451 rs73004019 0.16881
11 113445494 rs7936719 0.00025073
11 113445690 rs75325090 0.24209
11 113445910 rs188282316 0.54183
11 113445913 rs115446262 0.083952
11 113446019 rs575703550 0.26746
11 113446128 rs77934884 0.1983
11 113446700 rs182006097 0.22587
11 113447226 rs144843073 0.51668
11 113447660 rs4936278 0.00010877
11 113447787 rs56363150 0.18733
11 113447963 rs73563012 0.77977
11 113448599 rs4075412 0.72682
11 113448654 rs71477215 0.9552700000000001
11 113448738 rs77803809 0.43437
11 113448762 rs7928017 0.00012521
11 113448937 rs78605981 0.49586
11 113449113 rs76025214 0.084913
11 113449366 rs115583340 0.25328
11 113450100 rs117049847 0.45022
11 113450404 rs115769016 0.5355800000000001
11 113450820 rs4318016 0.8305100000000001
11 113450899 rs59472562 0.81183
11 113451052 rs144235304 0.064747
11 113451055 rs4319541 0.9552299999999999
11 113451229 rs4319542 0.0001584
11 113451380 rs79584280 0.47331999999999996
11 113451589 rs4132966 0.18081
11 113451765 rs7940164 0.59285
11 113452250 rs113978512 0.46963
11 113452593 rs12365214 0.8422299999999999
11 113452594 rs117535980 0.70197
11 113452651 rs116772694 0.069286
11 113452919 rs116936821 0.37843000000000004
11 113453017 rs187994708 0.017654
11 113453095 rs145826847 0.00055884
11 113453703 rs12798830 0.005350100000000001
11 113453784 rs112212886 0.002763
11 113454763 rs12288129 0.86767
11 113454768 rs12576834 0.37319
11 113455526 rs186046873 0.12303
11 113455687 rs570497866 0.51018
11 113455815 rs183042760 0.015954
11 113455820 rs142778568 0.059650999999999996
11 113455826 11:113455826_G_A 0.97421
11 113455838 rs10789950 0.96706
11 113456260 rs534862919 0.042983999999999994
11 113456292 rs7928223 6.7191e-05
11 113456459 rs117613910 0.81452
11 113456484 rs76991401 0.8411799999999999
11 113456647 rs576874080 0.25158
11 113456961 rs116382004 0.61283
11 113457048 rs10750026 0.43273999999999996
11 113457324 rs4245155 0.63651
11 113457673 rs4488232 0.034304
11 113457899 rs141195993 0.14162
11 113457963 rs115767479 0.37839
11 113458314 rs77895742 0.53194
11 113458707 rs540092525 0.72621
11 113459318 rs146374288 0.0079185
11 113459325 rs11214672 0.10514000000000001
11 113459375 rs116606687 0.006979399999999999
11 113459376 rs11214673 0.10676
11 113459431 rs59774972 0.3907
11 113459628 rs10891573 0.090317
11 113460499 rs542143816 0.66819
11 113460990 rs78168664 0.20967
11 113461197 rs547377847 0.34907
11 113461413 rs56074007 0.20115
11 113461717 rs11607852 0.16262000000000001
11 113461947 rs114726295 0.18569000000000002
11 113462012 rs3923972 0.14634
11 113462170 rs3923973 0.0002551
11 113463401 rs7109874 0.00098185
11 113463439 rs11214674 0.004956899999999999
11 113463478 rs143043495 0.65635
11 113463548 rs182004991 0.82155
11 113463560 rs139005911 0.04813
11 113463632 rs140698010 0.043381
11 113463633 rs145905788 0.04339
11 113463783 rs12272205 0.00093427
11 113464248 rs3924141 0.00073609
11 113464626 rs149344500 0.28091
11 113464659 rs7128800 0.08681799999999999
11 113464881 rs139897018 0.044708
11 113464997 rs147434339 0.9468700000000001
11 113465110 rs12281207 0.92786
11 113465146 rs148453686 0.28997
11 113465182 rs78072402 0.5112300000000001
11 113465627 rs11606030 0.13701
11 113465721 rs150952326 0.38229
11 113465727 rs140793911 0.058226
11 113466173 rs75331695 0.52164
11 113466190 rs7941273 0.08619500000000001
11 113466439 rs55703229 0.19505999999999998
11 113466565 rs2014920 0.00023746
11 113466790 rs78638332 0.10132000000000001
11 113467075 rs77652349 0.0078388
11 113467484 rs115191142 0.015327
11 113467799 rs745321512 0.6783399999999999
11 113467840 rs141453683 0.05745700000000001
11 113467920 rs112805079 0.067074
11 113468005 rs79228128 0.060494000000000006
11 113468325 rs143879832 0.38779
11 113468348 rs12278439 0.08605700000000001
11 113468692 rs187977654 0.064594
11 113469219 rs12280220 0.00068541
11 113469280 rs17115723 0.07811900000000001
11 113469508 rs1344188 0.82334
11 113469532 rs77825898 0.07768
11 113469677 rs78600463 0.038995
11 113469848 rs74482580 0.07768
11 113470310 rs79298570 0.5393100000000001
11 113470586 rs148669354 0.46496000000000004
11 113470980 rs146697220 0.19543
11 113471046 rs114473570 0.44742
11 113471179 rs144013172 0.24455
11 113471253 rs111617703 0.037423000000000005
11 113471329 rs575681161 0.15313
11 113471356 rs955755 0.078667
11 113471957 rs12788951 0.0046437
11 113471985 rs61902854 0.13846
11 113472284 rs61902855 0.0023954999999999996
11 113472298 rs374808556 0.13079000000000002
11 113472313 rs61902856 0.00067548
11 113472876 rs75062483 0.19765
11 113473283 rs73004036 0.47765
11 113473287 rs77363771 0.03802
11 113473312 rs7126925 0.087107
11 113473363 rs77578227 0.19000999999999998
11 113473882 rs74325263 0.60856
11 113474081 rs17115726 0.29811
11 113474112 rs148302426 0.40479
11 113474662 rs150589368 0.059446000000000006
11 113474680 rs139546683 0.061721000000000005
11 113475283 rs73004038 0.12709
11 113475658 rs144878506 0.05965
11 113475979 rs7123334 0.0024878
11 113476298 rs1396807 0.92332
11 113476625 rs192262522 0.41323000000000004
11 113477081 rs11214677 0.0021048
11 113477160 rs142398895 0.05921799999999999
11 113477376 rs112395692 0.040352
11 113477587 rs17603387 0.12944
11 113477621 rs115655544 0.66247
11 113477850 rs527726225 0.093937
11 113478201 rs1039832 0.087616
11 113478293 rs79622460 0.59131
11 113478304 rs1039833 0.084226
11 113478481 rs143179793 0.38856
11 113478503 rs114129601 0.078148
11 113478563 rs113639403 0.044923000000000005
11 113478718 rs540287866 0.38558000000000003
11 113479945 rs139458703 0.0024769
11 113480655 rs57475277 0.08021299999999999
11 113480893 rs187621039 0.7914800000000001
11 113480895 rs191032184 0.42837
11 113481115 rs192896289 0.043187
11 113481402 rs184587576 0.04308
11 113481872 rs61904960 0.027094999999999998
11 113482237 rs55817538 0.089429
11 113482283 rs140231789 0.0055359
11 113482964 rs58257470 0.0022033
11 113483138 rs73004041 0.12251
11 113483357 rs147711625 0.62005
11 113483442 rs56369127 0.002257
11 113483680 rs57567248 0.8682
11 113484332 rs74360607 0.49937
11 113484583 rs11606797 0.38711
11 113484595 rs190884137 0.20355
11 113484603 rs183429013 0.18032
11 113484683 rs12278351 0.38216999999999995
11 113485326 rs55751957 0.11213
11 113485404 rs138750764 0.042747
11 113486477 rs12292290 0.36759000000000003
11 113486912 rs148228157 0.26699
11 113487585 rs73004043 0.015618
11 113487777 rs190712358 0.22808
11 113488088 rs10789952 0.16095
11 113488162 rs10502179 0.67179
11 113488377 rs10789953 0.37129
11 113488631 rs115597312 0.38244
11 113488730 rs77668790 0.060655999999999995
11 113489137 rs112655513 0.040951
11 113489401 rs113570762 0.039024
11 113489556 rs17531438 0.025372
11 113490252 rs7107799 0.98588
11 113490361 rs114074483 0.3606
11 113490723 rs80186555 0.98008
11 113490938 rs146538768 0.53337
11 113490960 rs141228277 0.043660000000000004
11 113490997 rs75563209 0.65959
11 113491253 rs187178237 0.7406699999999999
11 113491620 rs75946672 0.060305
11 113491658 rs78578595 0.24716
11 113491665 rs10502178 0.1155
11 113492230 rs12277018 0.36430999999999997
11 113493024 rs146957419 0.06617100000000001
11 113493070 rs79598357 0.81475
11 113493196 rs116179212 0.0071765
11 113493337 rs535779964 0.98308
11 113493760 rs113821605 0.21091
11 113493831 rs60538619 0.81917
11 113494067 rs61560986 0.711
11 113494531 rs112605604 0.037288999999999996
11 113494732 rs61904964 0.11177000000000001
11 113494864 rs12281062 0.0060765
11 113495279 rs12806316 0.0042683999999999995
11 113495510 rs75513200 0.8275299999999999
11 113495549 rs17115747 0.1151
11 113496366 rs17115751 0.078748
11 113496569 rs140303345 0.34433
11 113496928 rs7130926 0.023183000000000002
11 113496977 rs114103133 0.39165
11 113497032 rs11607743 0.11197
11 113497882 rs143714658 0.051088
11 113498576 rs74858318 0.20159000000000002
11 113498791 rs79338069 0.54599
11 113499099 rs12271732 0.4064
11 113499171 rs150482357 0.35483000000000003
11 113499184 rs12221767 0.81421
11 113499561 rs2076782 0.5706899999999999
11 113499583 rs4502018 0.47329
11 113500513 rs7131623 0.16629000000000002
11 113500612 rs11214680 0.74697
11 113500630 rs7117470 0.037228
11 113500821 rs11601692 0.10290999999999999
11 113500858 rs144739477 0.042575
11 113501025 rs142838636 0.57181
11 113501655 rs2886189 0.1034
11 113501705 rs79190149 0.67945
11 113502064 rs571527580 0.96844
11 113502133 rs1878737 0.99774
11 113502266 rs925268 0.09033200000000001
11 113502665 rs144263342 0.87618
11 113503067 rs56080111 0.09758
11 113503954 rs3914059 0.0033238
11 113504082 rs4471464 0.061836
11 113504136 rs11605737 0.10237
11 113504326 rs2136446 0.062275
11 113504687 rs11606258 0.10676
11 113504689 rs11603962 0.10540999999999999
11 113504913 rs1509513 0.002454
11 113506081 rs1509514 0.0027911
11 113506285 rs1509515 0.0027919
11 113506388 rs774972602 0.52198
11 113506551 rs75601171 0.18128
11 113506860 rs10891576 0.98477
11 113507087 rs17531898 0.08916
11 113507192 rs146409467 0.47876
11 113507720 rs113685236 0.43883999999999995
11 113507723 rs2016102 0.99685
11 113508088 rs61904979 0.089187
11 113508152 rs115487976 0.37338000000000005
11 113508204 rs61904980 0.089227
11 113508292 rs61904981 0.088321
11 113508374 rs141877158 0.73138
11 113508425 rs1022084 0.0026081
11 113508452 rs61904982 0.088104
11 113509107 rs770815081 0.58244
11 113509453 rs112675705 0.21054
11 113510127 rs74752025 0.44414
11 113510323 rs12577253 0.9083600000000001
11 113510358 rs114558907 0.83896
11 113510776 rs79026631 0.78971
11 113510868 rs73004062 0.13108
11 113511107 rs115459135 0.36969
11 113511327 rs61904983 0.12691
11 113511358 rs10789954 0.6540600000000001
11 113511634 rs187835866 0.9628200000000001
11 113511658 rs78015293 0.23176999999999998
11 113512309 rs73004065 0.11987
11 113512361 rs185245293 0.14533
11 113512362 rs17092527 0.34775
11 113512386 rs75192187 0.49861000000000005
11 113512522 rs11601402 0.11792000000000001
11 113512572 rs139169618 0.88539
11 113512931 rs77172267 0.4814
11 113513386 rs17092533 0.051891999999999994
11 113513499 rs17610557 0.11754
