CHR BP SNP P
3 23345361 rs17343818 5.7845000000000004e-09
3 23345651 rs562207834 0.76466
3 23345684 rs12636682 5.8101e-09
3 23345788 rs1027379 3.9416e-09
3 23345862 rs57131555 0.012789
3 23345865 rs181297565 0.032277
3 23345922 rs534151484 0.65769
3 23346046 rs115867975 0.30287
3 23346161 rs181865462 0.80152
3 23346215 rs1027380 0.61736
3 23346310 rs77472243 0.8609100000000001
3 23346407 rs7648425 0.6169
3 23346416 rs115406363 0.68752
3 23346532 rs79704595 0.70121
3 23346795 rs7627380 0.017319
3 23346955 rs77177510 0.72942
3 23347011 rs143776402 0.4665
3 23347106 rs73037784 7.5809000000000006e-06
3 23347288 rs62255347 0.4055
3 23347682 rs114950613 0.70418
3 23347772 rs115511409 0.6694899999999999
3 23347817 rs62255348 0.40635
3 23348014 rs9874082 6.2986000000000006e-09
3 23348154 rs9840808 0.70291
3 23348409 rs184154194 0.77257
3 23348776 rs34646795 0.50329
3 23349062 rs80214639 0.010763
3 23349099 rs115496428 0.16831
3 23349433 rs115708649 0.30701
3 23349496 rs4858496 5.4663000000000004e-09
3 23349532 rs548430999 0.27683
3 23349727 rs55968728 0.0021763000000000004
3 23349738 rs11922172 0.84649
3 23349775 rs17012988 0.7024699999999999
3 23349857 rs17012991 0.9791799999999999
3 23349865 rs9809364 0.68861
3 23350110 rs182867925 0.81501
3 23350466 rs34443476 0.33034
3 23350837 rs7653868 0.71955
3 23351246 rs62255349 0.53792
3 23351346 rs80144523 0.012215
3 23352090 rs9853489 4.1321999999999994e-09
3 23352107 rs4858497 8.219200000000002e-09
3 23352223 rs6790185 0.87511
3 23352569 rs35869522 0.30637
3 23352808 rs10451986 7.349899999999999e-09
3 23352825 rs531307576 0.28001
3 23353365 rs1994953 0.71819
3 23353622 rs140635883 0.024558
3 23353670 rs12496983 2.9501e-09
3 23353671 rs11928344 6.559899999999999e-09
3 23353684 rs9840015 0.88641
3 23354123 rs117106647 0.70087
3 23354170 rs538766878 0.71914
3 23354400 rs576664236 0.29007
3 23354426 rs11129116 5.8441e-09
3 23354638 rs77046089 0.6963
3 23354901 rs116252180 0.56981
3 23354926 rs12497974 4.8407e-09
3 23355017 rs146836506 0.70443
3 23355047 rs767879980 0.28614
3 23356418 rs60407944 5.8791000000000005e-09
3 23356672 rs188952402 0.068412
3 23356862 rs2132144 0.70591
3 23357291 rs35402533 0.33539
3 23357575 rs145988122 0.48253999999999997
3 23357626 rs138863499 0.7672899999999999
3 23357695 rs7651175 5.5224e-09
3 23357726 rs4858498 0.86908
3 23358146 rs2884731 2.2459e-07
3 23358248 rs149150101 0.31174
3 23358571 rs148747851 0.82057
3 23358612 rs114815295 0.69439
3 23358811 rs142367686 0.82057
3 23359029 rs73039804 9.2599e-08
3 23359044 rs57575542 2.8155e-08
3 23359646 rs7649682 6.3706e-09
3 23360024 rs7638405 5.6481e-09
3 23360085 rs115872768 0.69104
3 23360474 rs13074192 4.3625e-07
3 23360627 rs17012998 0.69696
3 23360714 rs138720918 0.70606
3 23360993 rs571395955 0.29278000000000004
3 23361054 rs7646505 5.8228e-09
3 23361070 rs6550754 0.59272
3 23361120 rs7636532 0.59246
3 23361463 rs17013003 0.68612
3 23361647 rs114631155 0.67315
3 23361728 rs9847958 4.477e-09
3 23361944 rs187730003 0.87354
3 23361999 rs748513515 0.10054
3 23362720 rs1495131 4.3877e-09
3 23362889 rs17403650 4.405699999999999e-09
3 23363050 rs12185989 5.5663000000000005e-09
3 23363260 rs74484601 0.97949
3 23363858 rs13092830 0.35473000000000005
3 23363878 rs78683690 0.6639
3 23363956 rs114171663 0.81343
3 23364105 rs565516353 0.49223999999999996
3 23364295 rs57869672 5.8138e-09
3 23364390 rs57624654 5.53e-09
3 23364643 rs116593900 0.50033
3 23364883 rs9844558 0.8921399999999999
3 23364918 rs11921580 5.6035e-09
3 23365221 rs17013009 0.69267
3 23365739 rs1532355 3.9848e-07
3 23365763 rs9849679 0.69219
3 23365800 rs74700422 0.70004
3 23366118 rs182822536 0.84377
3 23366187 rs146987593 0.041358
3 23366337 rs138052532 0.53973
3 23367021 rs7610971 6.2818e-09
3 23367177 rs185605030 0.082844
3 23367230 rs148269897 0.98145
3 23367364 rs7613733 6.1153e-09
3 23367923 rs9822422 4.4291999999999996e-09
3 23368281 rs565233042 0.9826
3 23368377 rs147956539 6.155899999999999e-09
3 23368532 rs57909730 9.2119e-07
3 23368583 rs11717397 4.6201e-07
3 23368772 rs9865602 6.3515e-09
3 23369029 rs6806387 0.8831
3 23369340 rs34504120 0.3208
3 23369360 rs71322171 0.35346
3 23369388 rs188493550 0.0075033
3 23369741 rs187764882 0.12422000000000001
3 23369744 rs115460585 0.69675
3 23369795 rs147762254 0.76941
3 23370264 rs7622913 6.462899999999999e-09
3 23370314 rs145160537 0.59919
3 23370914 rs9848331 0.60824
3 23371339 rs4858499 0.72607
3 23371446 rs4858500 5.9115e-09
3 23371636 rs34743949 0.35564
3 23371732 rs4858501 6.6801e-09
3 23371899 rs4858502 6.8719e-09
3 23372011 rs370819551 0.79399
3 23372024 rs576408694 0.70665
3 23372266 rs139161096 0.4405
3 23372432 rs6765562 6.1873999999999995e-09
3 23372716 rs142742142 0.7632399999999999
3 23373175 rs6550755 1.9872e-07
3 23373437 rs144311993 0.96786
3 23373646 rs6769167 0.009895399999999999
3 23373800 rs9826089 3.7826e-10
3 23373961 rs17013023 0.68781
3 23374074 rs144129404 0.9029799999999999
3 23374075 rs2017065 0.020337
3 23374209 rs34064548 0.61442
3 23374278 rs34619482 0.25271
3 23374559 rs952134 1.0316000000000001e-08
3 23374955 rs186771321 0.057915999999999995
3 23375083 rs17013026 0.6599
3 23375638 rs9874519 6.261500000000001e-10
3 23375952 rs182017346 0.90753
3 23376165 rs114487461 0.9606600000000001
3 23376366 rs542361655 0.18885
3 23376468 rs186396046 0.23328000000000002
3 23376691 rs4858504 3.8869000000000003e-10
3 23376912 rs79863482 0.5819
3 23377079 rs146516828 0.70724
3 23377104 rs181164514 0.91399
3 23377133 rs4858068 0.8678899999999999
3 23377366 rs4858505 9.4056e-09
3 23378027 rs17013029 0.68124
3 23378093 rs138495847 0.91824
3 23378367 rs114401821 0.18609
3 23378448 rs28756798 0.46021000000000006
3 23378866 rs1874234 0.84026
3 23378967 rs1874235 3.5668e-10
3 23378993 rs191804941 0.26561
3 23379335 rs7634565 0.70712
3 23379551 rs115498376 0.70648
3 23379587 rs553894614 0.27709
3 23379824 rs115253675 0.68763
3 23379933 rs192962067 0.9219
3 23379935 rs9820922 8.7553e-09
3 23380071 rs13087238 0.24873
3 23380137 rs146520517 0.71296
3 23380168 rs76552979 0.68472
3 23380260 rs1390084 0.9043200000000001
3 23380290 rs716456 9.027200000000001e-09
3 23380319 rs716457 3.636e-10
3 23380716 rs116219533 0.7043
3 23380880 rs9873317 4.912599999999999e-10
3 23381113 rs9821681 0.71911
3 23381119 rs76373441 0.91779
3 23381779 rs73823457 0.8633700000000001
3 23381941 rs9310716 0.71517
3 23382060 rs4858506 4.083e-10
3 23382243 rs9681506 0.71008
3 23382370 rs138385553 0.007747499999999999
3 23382626 rs1874502 0.78494
3 23382687 rs76001520 0.68685
3 23382812 rs1874503 0.8333799999999999
3 23382934 rs185710899 0.084526
3 23383068 rs17013035 0.68857
3 23383262 rs146664692 0.15617
3 23383427 rs139370805 0.69302
3 23383559 rs78795801 0.6807300000000001
3 23384047 rs144832209 0.48972
3 23384701 rs4858507 0.82124
3 23384779 rs4858069 1.0227e-08
3 23384931 rs11916447 2.1836e-11
3 23384942 rs763354035 0.6058100000000001
3 23385208 rs75966419 0.68718
3 23385277 rs183462235 0.019747999999999998
3 23385360 rs4858070 0.8250799999999999
3 23385398 rs114816806 0.7971699999999999
3 23385454 rs148938877 0.63761
3 23385858 rs147694268 0.3154
3 23385877 rs13076527 0.28465999999999997
3 23385941 rs1054048 5.4269e-10
3 23385942 rs17013049 0.68812
3 23386295 rs148360148 0.0097828
3 23386296 rs78238263 0.6873
3 23386539 rs150495715 0.6369
3 23386571 rs34732257 0.2845
3 23386880 rs35190363 0.28522
3 23386945 rs79361841 0.68743
3 23386956 rs35230557 0.28570999999999996
3 23387013 rs35902312 0.25845999999999997
3 23387172 rs115698093 0.77147
3 23387503 rs13087861 1.0645e-08
3 23387557 rs114704458 0.16625
3 23387619 rs11711072 1.0008e-08
3 23387718 rs111529885 0.27435
3 23388290 rs4858508 4.3033e-10
3 23388424 rs9859515 3.4524e-10
3 23388492 rs114071995 0.65031
3 23388535 rs9839738 2.5007999999999998e-08
3 23388767 rs144750331 0.2069
3 23388855 rs188042752 0.93209
3 23388882 rs140198067 2.7065000000000002e-11
3 23388891 rs148991673 0.69496
3 23389053 rs190410195 0.93209
3 23389054 rs148168464 0.69406
3 23389114 rs141400472 0.71005
3 23389160 rs145262472 0.6906399999999999
3 23389240 rs4858509 2.3641e-08
3 23389570 rs7635784 2.709e-11
3 23389586 rs6765758 0.89892
3 23389600 rs138420161 0.8034899999999999
3 23389659 rs35928592 0.29138000000000003
3 23389682 rs6805889 2.4264e-08
3 23389705 rs112053187 0.0030383000000000003
3 23390221 rs6550756 3.0713e-10
3 23390301 rs1353322 8.659e-09
3 23390308 rs185413549 0.93381
3 23390431 rs147213586 0.93886
3 23390432 rs17013099 0.70315
3 23390452 rs74419190 0.6401600000000001
3 23390488 rs12630883 2.5568e-11
3 23390507 rs12633613 2.6766e-11
3 23390594 rs13073761 0.25794
3 23390887 rs192598028 0.93206
3 23391181 rs558747491 0.75164
3 23391202 rs192841296 0.33473
3 23391254 rs185250307 0.25825
3 23391541 rs145313735 0.29104
3 23391698 rs368589100 0.46985
3 23391700 rs536789213 0.5664899999999999
3 23392158 rs13325204 0.19033
3 23392314 rs143002966 0.87641
3 23392346 rs529173983 0.75976
3 23392352 rs544101672 0.005855600000000001
3 23392691 rs540253615 0.9337700000000001
3 23393004 rs117670843 0.69877
3 23393020 rs575379682 0.30023
3 23393310 rs187751669 0.93966
3 23393606 rs192143055 0.75565
3 23393695 rs13323100 0.20993
3 23393842 rs571146908 0.30023
3 23393973 rs189498722 0.96516
3 23394409 rs28889973 0.35395
3 23394607 rs576561949 0.6743
3 23394695 rs184438677 0.93374
3 23394734 rs554252345 0.66535
3 23394899 rs576643114 0.63503
3 23395175 rs547915492 0.70575
3 23395295 rs554923260 0.5395399999999999
3 23395409 rs190694528 0.9251799999999999
3 23395839 rs570029494 0.14704
3 23396000 rs187703277 0.9217
3 23396320 rs148462165 2.6506e-11
3 23396350 rs191639948 0.14987999999999999
3 23396719 rs552185958 0.0080298
3 23396879 rs74743894 0.68847
3 23396952 rs34108997 0.4392
3 23397032 rs7643705 0.9219799999999999
3 23397104 rs35990123 0.2604
3 23397125 rs138167052 0.035772000000000005
3 23397433 rs59588718 0.53938
3 23397445 rs4858074 1.1154e-08
3 23397469 rs116497331 0.017575999999999998
3 23397472 rs191797005 0.81172
3 23397765 rs56872157 0.12927
3 23397812 rs58574234 0.31445
3 23397944 rs139676660 0.93942
3 23397980 rs142989770 0.62643
3 23398116 rs73823460 0.7833399999999999
3 23398312 rs9826647 3.4056e-10
3 23398313 rs151115936 0.4385
3 23398493 rs111276481 0.60993
3 23398574 rs6778478 3.1006e-11
3 23398680 rs17013104 0.78095
3 23399023 rs552248750 0.054640999999999995
3 23399088 rs17013107 0.94534
3 23399420 rs76204630 0.69393
3 23399633 rs7617659 3.6516999999999994e-11
3 23399848 rs2036044 0.9509299999999999
3 23399877 rs113416984 0.16466
3 23399996 rs116045720 0.1058
3 23400096 rs2036045 0.5253399999999999
3 23400417 rs17013116 0.69288
3 23400432 rs148049261 0.9405600000000001
3 23400546 rs182818372 0.092574
3 23400571 rs71322172 0.2977
3 23400823 rs71322173 0.29736
3 23400864 rs75375787 0.16665
3 23401005 rs6807390 3.5271999999999996e-11
3 23401258 rs142075164 0.94068
3 23401446 rs9757330 0.93915
3 23401462 rs9758590 0.9395600000000001
3 23401528 rs17013125 0.7049
3 23401596 rs17013128 0.71486
3 23401647 rs2047339 0.9423799999999999
3 23401772 rs192582440 0.69023
3 23401808 rs75136586 0.70673
3 23401886 rs79200568 0.9462
3 23401921 rs139382524 0.8911399999999999
3 23402038 rs2047340 0.63268
3 23402043 rs150033671 0.017056
3 23402143 rs2173057 0.94383
3 23402241 rs114191215 0.3262
3 23403080 rs35059447 0.45761999999999997
3 23403094 rs115215343 0.18716
3 23403371 rs76173129 0.72344
3 23403505 rs116556013 0.73295
3 23403530 rs12715047 3.0444e-10
3 23403652 rs9825778 6.1693e-10
3 23403755 rs115400961 0.039458999999999994
3 23403943 rs6769173 3.1764e-10
3 23403968 rs370442209 0.54186
3 23404073 rs6780388 0.9340799999999999
3 23404125 rs115494056 0.093402
3 23404267 rs149102653 0.17662
3 23404319 rs114522025 0.9111799999999999
3 23404325 rs138827318 0.85454
3 23404635 rs114700177 0.72493
3 23404654 rs115761521 0.7249899999999999
3 23404705 rs13063986 0.45719
3 23404725 rs150659961 0.93825
3 23404770 rs79894152 0.72495
3 23404806 rs77430872 0.72539
3 23404907 rs76123394 0.7202
3 23405023 rs13084327 0.45588
3 23405028 rs75803169 0.91104
3 23405037 rs7652287 0.7035
3 23405433 rs79843629 0.028336
3 23405792 rs185447048 0.68866
3 23406137 rs9840820 4.385e-10
3 23406148 rs560399263 0.46983
3 23406670 rs75696234 0.68935
3 23406758 rs61342179 0.55882
3 23407314 rs9809246 0.9404899999999999
3 23407423 rs9828922 0.35855
3 23407658 rs6550758 0.65373
3 23407752 rs6550759 0.84751
3 23407872 rs34758087 0.29345
3 23407888 rs147547374 0.10905
3 23408427 rs7631334 3.2451e-10
3 23408694 rs150709331 0.9321
3 23409021 rs139020074 0.83806
3 23409142 rs185504903 0.35453
3 23409420 rs144945405 0.7651100000000001
3 23409505 rs2359761 0.86113
3 23409507 rs2359760 0.66051
3 23409907 rs71322174 0.24752
3 23409976 rs74709254 0.013184999999999999
3 23410501 rs114998255 0.036828
3 23410743 rs116341993 0.01617
3 23410933 rs6550760 0.8457100000000001
3 23411032 rs140925175 0.3218
3 23411203 rs745494068 0.011095
3 23411208 rs116026529 0.63283
3 23411286 rs71322175 0.42144
3 23411425 rs141751915 0.79206
3 23411461 rs6763074 1.8055e-11
3 23411582 rs183463694 0.8391700000000001
3 23411606 rs147080226 0.56172
3 23411754 rs57234542 1.8112000000000004e-11
3 23411936 rs9878638 0.7117
3 23411947 rs183690049 0.35929
3 23412188 rs114612794 0.67845
3 23412246 rs75072886 0.78251
3 23412423 rs931609 0.8575
3 23412528 rs9827507 4.3474999999999997e-10
3 23412529 rs191825983 0.20495
3 23412755 rs186818650 0.5885
3 23412936 rs114066612 0.80265
3 23413031 rs2359759 1.0773e-10
3 23413396 rs150538435 0.63656
3 23413466 rs78053050 2.0108e-11
3 23413558 rs112683254 0.16279000000000002
3 23413667 rs139290090 0.96759
3 23413703 rs77300102 0.69253
3 23414049 rs34262865 0.020880000000000003
3 23414103 rs145089995 0.34346
3 23414140 rs61654762 0.80445
3 23414207 rs78849469 0.90009
3 23414579 rs115856510 0.6571
3 23414613 rs183488496 0.10016
3 23414757 rs111514121 0.82552
3 23414761 rs116278050 0.6571
3 23414977 rs147057735 0.83236
3 23415449 rs17404982 0.49473
3 23415638 rs142532878 0.66951
3 23415690 rs150281605 0.35099
3 23415697 rs13098494 0.49742
3 23415782 rs6550761 1.8101e-11
3 23415878 rs73138415 0.72629
3 23416153 rs138922593 0.35048
3 23416168 rs149458592 0.9075799999999999
3 23416390 rs7637485 0.87018
3 23416467 rs138603122 0.11247
3 23416501 rs55934161 1.8213e-11
3 23416525 rs141676837 0.8360299999999999
3 23416550 rs114907658 0.18885
3 23417020 rs59513149 0.5501199999999999
3 23417027 rs6795968 7.9262e-09
3 23417646 rs73823465 0.55106
3 23417884 rs6796840 6.590399999999999e-10
3 23417923 rs6784195 7.1614e-10
3 23417936 rs6801824 0.8846299999999999
3 23417991 rs17405137 2.9264e-10
3 23417996 rs35975795 0.32006999999999997
3 23418110 rs71322178 0.99687
3 23418129 rs150592041 0.10275999999999999
3 23418338 rs147885408 0.79066
3 23418419 rs1908772 1.6574e-11
3 23418527 rs17345745 0.49858
3 23418587 rs9859651 4.4408999999999996e-10
3 23418880 rs111841398 0.8622299999999999
3 23418888 rs114404554 0.33226
3 23419113 rs61636332 0.72619
3 23419299 rs114557893 0.69571
3 23419333 rs149194082 0.013113999999999999
3 23419471 rs114049505 0.69406
3 23419546 rs573539240 0.24286999999999997
3 23419624 rs35245309 0.28941
3 23419899 rs116033714 0.6722
3 23419945 rs17013152 0.69404
3 23420060 rs35236373 0.49728
3 23420082 rs151331945 0.9727600000000001
3 23420149 rs9821419 8.300700000000001e-09
3 23420397 rs35347265 0.27366
3 23420868 rs568714545 0.78991
3 23421269 rs138541768 0.83075
3 23421355 rs115567346 0.19289
3 23421420 rs188548176 0.09145199999999999
3 23421509 rs192154571 0.31647
3 23421658 rs145390908 0.20328
3 23421994 rs58879825 0.9525399999999999
3 23422793 rs115508317 0.10178
3 23422909 rs370584254 0.8473299999999999
3 23423033 rs4858077 5.1004e-10
3 23423235 rs114933903 0.9761200000000001
3 23423361 rs114070358 0.68774
3 23423382 rs7642713 0.78641
3 23423471 rs147694190 0.90527
3 23423736 rs6799132 0.8264100000000001
3 23423846 rs149829304 0.28954
3 23423916 rs115702796 0.21001999999999998
3 23424060 rs12386394 8.374000000000001e-09
3 23424867 rs78371224 0.0079735
3 23424999 rs76460948 0.68161
3 23425071 rs12634459 1.8217e-11
3 23425738 rs35156003 0.31689
3 23425747 rs6768277 0.72109
3 23425798 rs35497505 0.31744
3 23425808 rs13321359 5.224199999999999e-10
3 23425875 rs145195106 0.29070999999999997
3 23425959 rs12715048 8.3606e-09
3 23426071 rs35179250 0.31798000000000004
3 23426114 rs138614812 0.6814899999999999
3 23426321 rs766067327 0.79492
3 23426332 rs13066741 0.3179
3 23426390 rs149294946 0.67642
3 23426619 rs13326048 4.9444e-10
3 23426974 rs74704376 0.42751999999999996
3 23427200 rs191810530 0.97155
3 23427481 rs9879217 0.76385
3 23428614 rs57604620 0.24251999999999999
3 23428661 rs144359906 0.07413
3 23428727 rs111861301 0.33903
3 23428821 rs75954394 0.49712
3 23429040 rs141400639 0.38622
3 23429585 rs35218978 0.28643
3 23429954 rs183963580 0.053568
3 23430022 rs573950379 0.47486000000000006
3 23430043 rs189129539 0.08864
3 23430168 rs114918528 0.9173899999999999
3 23430173 rs60579786 0.94081
3 23430434 rs13059155 0.31639
3 23430656 rs3104242 0.82962
3 23430998 rs71322180 0.49661000000000005
3 23431022 rs181999416 0.12423
3 23431158 rs71322181 0.49751999999999996
3 23431250 rs73041534 2.3705e-10
3 23431716 rs140117016 0.8850899999999999
3 23432078 rs73041537 2.3043e-10
3 23432228 rs778484 3.8763e-10
3 23432567 rs7612812 0.024775
3 23432662 rs115017162 0.19685999999999998
3 23432744 rs191017635 0.14762999999999998
3 23433097 rs778485 4.1578e-10
3 23433181 rs75345904 0.68075
3 23433342 rs145523911 0.83859
3 23433526 rs192418848 0.9733299999999999
3 23434016 rs36123653 0.49555
3 23434504 rs59735910 0.57972
3 23434534 rs778486 3.0318000000000002e-09
3 23434726 rs9830853 0.34984
3 23434889 rs75613244 0.68058
3 23435256 rs150395886 0.9421200000000001
3 23435327 rs36124326 0.28533000000000003
3 23435498 rs73823472 0.021566
3 23435691 rs78971814 0.6804600000000001
3 23436091 rs189278823 0.49407
3 23436208 rs191510864 0.37212
3 23436397 rs704535 0.79509
3 23436567 rs56979234 0.023849000000000002
3 23436766 rs763535839 0.85015
3 23436970 rs182264402 0.66084
3 23437128 rs114179811 0.73741
3 23437250 rs778487 4.917500000000001e-10
3 23437420 rs74731890 0.68032
3 23437464 rs778488 1.1441e-09
3 23437767 rs60632986 1.0008e-08
3 23437812 rs192976445 0.48946999999999996
3 23437868 rs9829577 0.7492800000000001
3 23437909 rs13059557 0.50275
3 23438121 rs71322183 0.31123
3 23438223 rs78920875 0.6782
3 23438257 rs538824666 0.8184
3 23438365 rs754083777 0.1047
3 23438574 rs57625069 0.022423
3 23439124 rs778504 0.50507
3 23439130 rs138261157 0.61226
3 23439190 rs71322184 0.28722
3 23439361 rs34928302 0.49871000000000004
3 23439435 rs60982913 0.14459
3 23439458 rs58606687 0.13179000000000002
3 23439478 rs9819566 0.76512
3 23439509 rs9857217 0.50412
3 23439529 rs13070865 0.49873
3 23439870 rs371361608 0.85387
3 23440528 rs75901656 0.8341700000000001
3 23440644 rs778506 6.772899999999999e-10
3 23440665 rs78500536 0.74736
3 23440705 rs778507 7.197200000000001e-10
3 23440768 rs9834737 0.76479
3 23440786 rs147325217 0.94014
3 23440897 rs35320722 0.49467
3 23440956 rs114339949 0.89107
3 23441164 rs13093554 0.78822
3 23441269 rs778508 7.1532e-10
3 23441307 rs114588398 0.91328
3 23441433 rs73138434 0.76126
3 23441534 rs75859164 0.6806
3 23441573 rs76482036 0.59145
3 23441604 rs34134134 0.30043000000000003
3 23441619 rs192014597 0.96541
3 23441977 rs9822891 0.4957
3 23442473 rs140290909 0.93385
3 23442475 rs114302868 0.8921
3 23442537 rs75709953 0.31393000000000004
3 23442653 rs9845340 0.76476
3 23442847 rs757891578 0.5529999999999999
3 23443007 rs73138436 0.73456
3 23443054 rs55797660 1.3198e-08
3 23443565 rs13063183 0.49401999999999996
3 23443636 rs34916096 0.29579
3 23443819 rs35028631 0.31794
3 23443973 rs35901544 0.022369
3 23444030 rs141941400 0.93094
3 23444171 rs147328764 0.0093267
3 23444259 rs541648915 0.7417600000000001
3 23444562 rs78814038 0.8911899999999999
3 23444619 rs778457 0.7574
3 23444928 rs115093398 0.98855
3 23445159 rs149704422 0.12150999999999999
3 23445220 rs778458 0.75413
3 23445272 rs1826847 1.4159e-11
3 23445491 rs2173058 0.026771
3 23445618 rs9843539 0.12021
3 23445638 rs73041557 2.2595e-10
3 23445909 rs778459 9.0532e-10
3 23446278 rs148457343 0.30894
3 23446855 rs9866889 0.76502
3 23446977 rs76368394 0.69867
3 23447031 rs1695205 0.80495
3 23447365 rs778460 1.3164000000000001e-09
3 23447453 rs73041562 0.7418
3 23447623 rs778461 6.2391e-10
3 23447659 rs778462 6.8399e-10
3 23448783 rs778463 0.80285
3 23449080 rs147531495 0.5616
3 23449440 rs35098118 0.4931
3 23449509 rs79220330 0.5394800000000001
3 23449510 rs78413668 0.54286
3 23449522 rs35907941 0.3737
3 23449719 rs141127620 0.012836000000000002
3 23449808 rs35038414 0.4935
3 23449866 rs117433939 0.68377
3 23449927 rs2359763 5.627499999999999e-10
3 23450062 rs191455762 0.9609700000000001
3 23450173 rs183722909 0.72748
3 23450433 rs559149555 0.46456000000000003
3 23450570 rs549267485 0.65757
3 23450757 rs34928966 0.2936
3 23450978 rs555140727 0.77331
3 23451220 rs74714370 0.6793899999999999
3 23451249 rs181218307 0.96168
3 23451864 rs180980789 0.087283
3 23452110 rs778471 2.0206e-07
3 23452255 rs114058235 0.34212
3 23452660 rs778470 6.045900000000001e-10
3 23452664 rs148929613 0.97054
3 23452748 rs115867739 0.59062
3 23452762 rs77868502 0.72495
3 23453171 rs78833512 0.56295
3 23453247 rs80296770 0.6771699999999999
3 23453430 rs778469 0.84936
3 23453460 rs34447431 0.77082
3 23453485 rs146504300 0.94989
3 23453561 rs778468 8.751200000000001e-10
3 23453798 rs6807788 1.7614e-11
3 23453854 rs34972244 0.49917
3 23454094 rs778467 8.4797e-10
3 23454175 rs35408638 0.28236
3 23454217 rs35314441 0.28226
3 23454366 rs35055753 0.30943000000000004
3 23454414 rs77142119 0.013431
3 23454503 rs115929907 0.7612399999999999
3 23454550 rs1845901 0.027781999999999998
3 23454686 rs1845899 0.028294
3 23454790 rs1496653 0.015128999999999998
3 23454798 rs76619102 0.6796
3 23455044 rs141695275 0.19084
3 23455421 rs189342829 0.04513
3 23455428 rs55707830 0.8174899999999999
3 23455464 rs7613185 0.028287
3 23455582 rs35352848 0.014666
3 23455704 rs145208575 0.30783
3 23455976 rs1692651 2.2198e-09
3 23456061 rs1692652 6.163300000000001e-10
3 23456064 rs1695172 6.5247e-06
3 23456137 rs114919984 0.63743
3 23456161 rs35381236 0.030364
3 23456538 rs80110460 0.67892
3 23456889 rs13067919 0.030436
3 23456908 rs538389802 0.57523
3 23456982 rs1695171 5.643999999999999e-10
3 23457080 rs13094957 0.014509999999999999
3 23457266 rs1695170 5.4568e-10
3 23457520 rs76792885 0.30831
3 23457558 rs765730573 0.75036
3 23457656 rs150267276 0.81787
3 23457875 rs142349715 0.32437
3 23458185 rs144677520 0.67887
3 23458259 rs113952924 0.44838
3 23458292 rs117773627 0.67886
3 23458309 rs28835332 0.28998
3 23458332 rs112765929 0.59009
3 23458955 rs777348735 0.42823
3 23459012 rs141804327 0.67876
3 23459284 rs114357703 0.5909800000000001
3 23459307 rs115462114 0.67862
3 23459329 rs1695180 0.82305
3 23459557 rs537521252 0.64682
3 23459575 rs189361509 0.097971
3 23459819 rs61093643 0.39847
3 23459863 rs145371798 0.61482
3 23459870 rs116076297 0.66352
3 23459934 rs117267155 0.66018
3 23460006 rs116340684 0.94595
3 23460017 rs35273607 0.31133
3 23460232 rs1692619 0.8731200000000001
3 23460627 rs1908773 7.246699999999999e-10
3 23460896 rs6780897 0.49767
3 23461023 rs73138449 0.75398
3 23461149 rs73823478 0.50058
3 23461375 rs61264520 3.8274e-10
3 23461568 rs112218011 0.9500299999999999
3 23461571 rs75282582 0.49317
3 23461637 rs79574325 0.66535
3 23461730 rs149508596 0.7997
3 23462311 rs549907598 0.30741999999999997
3 23462591 rs74953686 0.64794
3 23462667 rs114263672 0.6632
3 23462755 rs9869171 0.8052699999999999
3 23462984 rs772656306 0.89871
3 23463097 rs73138453 0.8502799999999999
3 23463176 rs117385788 0.66376
3 23463208 rs118167996 0.66306
3 23463647 rs13090303 0.4935
3 23463722 rs13090335 0.30867
3 23463814 rs1692617 6.2921e-10
3 23463993 rs3104243 5.152e-10
3 23464214 rs369212073 0.48281999999999997
3 23464241 rs139886260 0.8706299999999999
3 23464249 rs13096187 0.30882
3 23464293 rs9879132 0.80019
3 23464320 rs13095736 0.49908
3 23464458 rs77441071 0.6664800000000001
3 23464515 rs778495 0.32609
3 23464682 rs181623850 0.34133
3 23465135 rs778494 6.338499999999999e-10
3 23465159 rs7627525 0.032415
3 23465195 rs75372651 0.34086
3 23465386 rs146675310 0.9653200000000001
3 23465473 rs78501928 0.667
3 23465614 rs757370873 0.75966
3 23465934 rs112661737 0.8583799999999999
3 23466101 rs778493 0.7533
3 23466255 rs7628372 0.024902
3 23466847 rs113181826 0.15406
3 23467026 rs9873329 0.518
3 23467190 rs60074421 0.29577
3 23467455 rs61707213 0.47435
3 23467682 rs80168048 0.66776
3 23467761 rs778492 0.80569
3 23467773 rs2359765 0.028227
3 23467832 rs2359766 0.027685
3 23468034 rs111999494 0.9519299999999999
3 23468291 rs144549319 0.011859999999999999
3 23468505 rs6800930 0.39271999999999996
3 23468661 rs146633977 0.68592
3 23468711 rs188859437 0.58928
3 23468715 rs139038410 0.6849
3 23468822 rs193088249 0.8718
3 23469358 rs535050492 0.73065
3 23469372 rs13063451 0.29898
3 23469536 rs545142542 0.40967
3 23469775 rs76511044 0.6803
3 23469954 rs115570431 0.9876
3 23470398 rs116825046 0.18725999999999998
3 23470528 rs71322185 0.29593
3 23470746 rs75370193 0.6805100000000001
3 23470909 rs79686032 0.98951
3 23470920 rs9883870 0.025332
3 23471001 rs75502816 0.6945899999999999
3 23471003 rs116085291 0.95268
3 23471025 rs71322186 0.47431999999999996
3 23471046 rs76220283 0.1577
3 23471072 rs4340647 0.027630000000000002
3 23471079 rs148049878 0.67619
3 23471269 rs76569051 0.6822699999999999
3 23471289 rs571172349 0.83472
3 23471475 rs141847726 0.91
3 23471670 rs76443639 0.11474000000000001
3 23471732 rs116326141 0.22968000000000002
3 23471940 rs191998304 0.8096399999999999
3 23472006 rs9852053 0.49468
3 23472140 rs73041583 0.9975
3 23472349 rs115193162 0.2603
3 23472553 rs76202993 0.67718
3 23473346 rs704534 3.4612999999999997e-10
3 23473371 rs983288 0.68056
3 23473380 rs540479843 0.9689
3 23473391 rs73138464 0.21191
3 23473453 rs778503 7.853400000000001e-10
3 23473926 rs71322187 0.27724
3 23474331 rs7639266 0.025773
3 23474436 rs34804976 0.30143000000000003
3 23474611 rs778502 0.8530399999999999
3 23474747 rs80080236 0.61124
3 23474793 rs537379170 0.058194
3 23474867 rs778501 5.0318e-10
3 23474913 rs576987943 0.3404
3 23475014 rs75526640 0.015137999999999999
3 23475061 rs560273192 0.68084
3 23475080 rs766033647 0.20735
3 23475377 rs150940927 0.5776399999999999
3 23475386 rs34894979 0.28781
3 23475698 rs778500 4.9252e-10
3 23476008 rs17013216 0.6784
3 23476115 rs17013219 0.6784600000000001
3 23476145 rs12108063 0.9717100000000001
3 23476278 rs778499 4.3848000000000007e-10
3 23476407 rs17013223 0.65393
3 23477389 rs77612790 0.012856
3 23477493 rs182052943 0.076085
3 23477628 rs61081559 0.9386
3 23477692 rs57172051 7.6887e-12
3 23477816 rs778498 2.2088999999999997e-10
3 23478411 rs76493985 0.8890899999999999
3 23478652 rs542885523 0.68323
3 23478839 rs187784457 0.30027
3 23479044 rs778497 0.81343
3 23479478 rs35021696 0.29455
3 23479968 rs186586986 0.90122
3 23480144 rs778496 4.1441000000000007e-10
3 23480626 rs6764347 0.023384000000000002
3 23480686 rs145109088 0.97305
3 23480731 rs58522464 0.29545
3 23481048 rs551512019 0.39261999999999997
3 23481062 rs6808488 0.022981
3 23481113 rs6808513 9.3104e-09
3 23481508 rs35649850 0.26716
3 23481567 rs34827773 0.29474
3 23481899 rs71322189 0.29615
3 23481907 rs140518291 0.5496300000000001
3 23482085 rs554458692 0.71206
3 23482110 rs17013241 0.46748
3 23482138 rs7645209 6.472799999999999e-09
3 23482301 rs11129119 4.802e-09
3 23482375 rs17013245 0.6936399999999999
3 23482493 rs71322190 0.29978
3 23482812 rs7611684 0.46521999999999997
3 23482979 rs185693114 0.69113
3 23482987 rs150907305 0.68928
3 23483051 rs75564076 0.7031
3 23483395 rs139435929 0.9427200000000001
3 23483536 rs13062101 2.0561e-06
3 23483559 rs76951063 0.73949
3 23483590 rs575138495 0.46456000000000003
3 23483694 rs6767599 6.3754e-09
3 23484159 rs540283050 0.9433600000000001
3 23484233 rs561774673 0.74351
3 23484827 rs704533 4.4136e-10
3 23485046 rs140438167 0.011087
3 23485522 rs61500565 0.97075
3 23485548 rs764867473 0.74541
3 23485989 rs74875747 0.10414000000000001
3 23486287 rs144133106 0.2241
3 23486461 rs374975511 0.58681
3 23486533 rs73138480 0.9485299999999999
3 23486552 rs187666638 0.80194
3 23486631 rs558931499 0.18250999999999998
3 23487049 rs538314296 0.3819
3 23487100 rs1692622 1.8385e-10
3 23487111 rs6780723 5.142800000000001e-09
3 23487458 rs184561592 0.67024
3 23487607 rs57801020 3.1285999999999994e-11
3 23488061 rs372609039 0.62978
3 23488161 rs139298476 0.011018
3 23488495 rs144175713 0.67398
3 23488499 rs34322396 0.3061
3 23488585 rs3111309 3.7114999999999995e-10
3 23489038 rs1692621 0.95621
3 23489208 rs151280309 0.51067
3 23489339 rs78528905 0.36316
3 23489505 rs34896901 0.48445
3 23489512 rs9880889 0.056488
3 23489737 rs73041601 1.4806e-10
3 23489804 rs114587031 0.5291100000000001
3 23490139 rs1692620 4.4587000000000003e-10
3 23490210 rs1695200 4.4284e-10
3 23490279 rs79525284 0.6664899999999999
3 23490397 rs73821807 0.07621499999999999
3 23490466 rs73821808 0.041601
3 23490469 rs73821809 0.041668000000000004
3 23490841 rs6780787 3.8172000000000004e-09
3 23490881 rs17013266 0.045439
3 23491003 rs59461083 1.4259e-10
3 23491076 rs17013268 0.68386
3 23491110 rs57192920 0.038118
3 23491180 rs112055027 0.95045
3 23491444 rs13100499 0.29475
3 23491564 rs76920265 0.85756
3 23491946 rs76922186 0.64139
3 23492056 rs141226476 0.75357
3 23492108 rs73138490 0.9367200000000001
3 23492147 rs66649889 4.5275999999999995e-08
3 23492204 rs73043614 1.1119999999999999e-07
3 23492295 rs9830742 5.0431000000000005e-09
3 23492364 rs35383024 0.29285
3 23492744 rs115096029 0.18375
3 23492751 rs73138492 0.9361
3 23493018 rs142518290 0.13257
3 23493180 rs77044092 0.64717
3 23493289 rs139608549 0.3404
3 23493343 rs149739856 0.095294
3 23493475 rs9873929 0.047486
3 23493521 rs9836574 4.1802e-08
3 23493709 rs145726300 0.09767999999999999
3 23494036 rs778527 0.98921
3 23494231 rs778526 5.932000000000001e-10
3 23494279 rs73821812 0.055894000000000006
3 23494312 rs778525 0.9956
3 23494353 rs7632099 1.6344e-10
3 23494473 rs79309670 0.94645
3 23494496 rs7610906 3.3748e-11
3 23494512 rs778524 0.87808
3 23494718 rs778523 1.0505999999999999e-09
3 23495040 rs778483 0.99929
3 23495050 rs142545026 0.13446
3 23495082 rs73821813 0.085806
3 23495258 rs2359768 0.044337
3 23495535 rs35778452 0.32484
3 23495854 rs73821814 0.034751
3 23495918 rs186584477 0.09781000000000001
3 23496134 rs17013286 0.65168
3 23496456 rs73821815 0.10590999999999999
3 23496465 rs75190282 0.8144100000000001
3 23496500 rs73043622 1.6074e-10
3 23497089 rs373733236 0.48656000000000005
3 23497216 rs181197518 0.89071
3 23497665 rs778482 2.4179e-08
3 23497705 rs59687869 0.045614999999999996
3 23497970 rs57338964 9.577000000000001e-11
3 23497976 rs778481 7.504899999999999e-07
3 23498013 rs76479167 0.65179
3 23498042 rs114476030 0.8674200000000001
3 23498492 rs778480 9.8455e-10
3 23498514 rs778479 0.89271
3 23498643 rs186687994 0.8135399999999999
3 23498913 rs76204058 0.65104
3 23499097 rs148980747 0.076047
3 23499102 rs187075968 0.007442799999999999
3 23499201 rs35177750 0.29467
3 23499231 rs539255211 0.8325899999999999
3 23499364 rs73140507 0.6183
3 23499370 rs114569488 0.51402
3 23499467 rs75411908 1.3119000000000001e-10
3 23499564 rs78669056 0.6533100000000001
3 23499595 rs75351662 0.65368
3 23499700 rs77376455 0.8879299999999999
3 23500001 rs534544923 0.93384
3 23500010 rs778477 2.7134e-08
3 23500151 rs149285329 0.63926
3 23500159 rs144618751 3.2436e-10
3 23500377 rs77550060 0.15442999999999998
3 23500575 rs73140509 0.9432
3 23500996 rs778476 5.7799e-10
3 23501333 rs190370442 0.8237700000000001
3 23501763 rs74577912 0.47291000000000005
3 23501841 rs114185149 0.46361
3 23501851 rs55737333 2.4268999999999997e-10
3 23501905 rs144770759 0.078765
3 23501916 rs73140514 0.9248299999999999
3 23502305 rs113450722 0.9786799999999999
3 23503352 rs74455108 0.73532
3 23503404 rs143886351 0.82405
3 23503502 rs79549892 0.65233
3 23503506 rs778475 7.7382e-10
3 23503523 rs554377137 0.75531
3 23503599 rs552313706 0.81603
3 23503992 rs116708944 0.42707
3 23504046 rs150341837 0.1644
3 23504134 rs1695188 5.6615e-10
3 23504137 rs35763885 0.8890399999999999
3 23504139 rs1692612 1.1478e-09
3 23504147 rs778474 0.40415999999999996
3 23504679 rs778473 0.51056
3 23504979 rs534457755 0.83544
3 23505187 rs34080387 6.2337e-09
3 23505347 rs115174927 0.030597000000000003
3 23505673 rs79656534 0.90417
3 23505781 rs75176225 0.65262
3 23505805 rs185828777 0.77761
3 23505899 rs778472 0.089768
3 23506357 rs143949677 0.98655
3 23506391 rs540097144 0.76631
3 23506409 rs7645478 0.51869
3 23506433 rs28567933 0.93989
3 23506507 rs34011881 0.65267
3 23506739 rs116814987 0.42707
3 23506879 rs149657440 0.88471
3 23506975 rs145522868 0.81798
3 23507074 rs41400550 0.066821
3 23507441 rs113310815 0.6073
3 23507559 rs190639263 0.32687
3 23507587 rs182882940 0.43667
3 23507667 rs547444433 0.13821
3 23507762 rs75596090 0.96703
3 23507894 rs143489234 0.31743000000000005
3 23507978 rs76498164 0.060839
3 23508320 rs142122958 0.65283
3 23508593 rs113398592 0.9790399999999999
3 23508833 rs138896984 0.9790399999999999
3 23509205 rs59180179 3.6007999999999996e-10
3 23509361 rs368836328 0.78747
3 23509363 rs13091634 0.27445
3 23509474 rs60852547 0.20469
3 23509597 rs3111310 0.061854
3 23509607 rs79670966 0.9382
3 23510020 rs144284049 0.080135
3 23510044 rs17013314 0.6511
3 23510389 rs74973715 0.95095
3 23510792 rs34225647 0.30949
3 23510800 rs58047209 0.94958
3 23511053 rs778466 0.23237
3 23511224 rs116700276 0.66545
3 23511338 rs999764 0.37115
3 23511815 rs12638508 8.4728e-11
3 23511823 rs550672099 0.15718
3 23511842 rs1985664 0.69388
3 23511880 rs62253445 0.4177
3 23511904 rs73140523 0.6161800000000001
3 23512030 rs151151734 0.60326
3 23512248 rs79535803 0.69393
3 23512324 rs114181835 0.53105
3 23512746 rs182643040 0.61833
3 23512861 rs778465 0.99641
3 23512958 rs544525007 0.6481
3 23513056 rs17013320 0.69185
3 23513352 rs73043633 0.010058
3 23513859 rs1007332 0.69514
3 23514281 rs115301186 0.64162
3 23514552 rs111750425 0.13840999999999998
3 23514921 rs59235066 0.43823999999999996
3 23515292 rs115819816 0.69921
3 23515328 rs138847760 0.007471800000000001
3 23515577 rs114003450 0.69522
3 23516100 rs778491 0.78315
3 23516145 rs541140691 0.84224
3 23516186 rs762886969 0.18224
3 23516260 rs34311158 0.99236
3 23516271 rs536406356 0.11599999999999999
3 23516430 rs74467184 0.94311
3 23516614 rs35121170 0.26431
3 23516769 rs182431937 0.84864
3 23517148 rs35209889 0.26739
3 23517847 rs17013322 0.69544
3 23517859 rs185666101 0.84167
3 23518040 rs778490 0.17640999999999998
3 23518111 rs11711549 0.94957
3 23518410 rs75995268 0.6266
3 23519172 rs17081034 0.47452
3 23519326 rs145685203 0.47218999999999994
3 23519529 rs77096585 0.69568
3 23519687 rs116335689 0.9374899999999999
3 23519814 rs113123889 0.0060857
3 23519851 rs778489 0.92822
3 23520525 rs57258152 2.0093e-11
3 23520706 rs181575118 0.10207999999999999
3 23520741 rs13323077 0.89876
3 23520877 rs13316118 0.9794700000000001
3 23520920 rs185276587 0.096435
3 23520921 rs190089364 0.094462
3 23521035 rs115373720 0.69693
3 23521061 rs9862557 0.24731
3 23521204 rs9862734 0.8906299999999999
3 23521425 rs776087100 0.46116
3 23521532 rs73043635 1.6061000000000003e-10
3 23521614 rs73043636 2.1205999999999998e-11
3 23521650 rs1695197 0.91446
3 23521847 rs1692650 4.6002999999999996e-10
3 23521867 rs73043637 3.6975999999999997e-09
3 23522003 rs1695192 0.88181
3 23522217 rs2173461 0.013802000000000002
3 23522285 rs1692649 0.92305
3 23522330 rs114689204 0.9792299999999999
3 23522349 rs1692648 0.92725
3 23522392 rs17013329 0.88792
3 23522580 rs1695185 0.9283399999999999
3 23522640 rs369001709 0.41721
3 23522785 rs1695183 0.9272
3 23522809 rs1692647 0.9537899999999999
3 23522961 rs75063275 0.95857
3 23523106 rs17013333 0.69643
3 23523201 rs1692646 0.97278
3 23524033 rs1695203 0.92681
3 23524494 rs13095737 0.28408
3 23524687 rs62255783 0.43454
3 23524886 rs78535080 0.6759
3 23525142 rs778522 0.9354600000000001
3 23525292 rs3111311 1.6132e-08
3 23525367 rs78493845 0.48591000000000006
3 23525461 rs17013344 0.70062
3 23525625 rs778521 6.8988e-09
3 23525923 rs545423721 0.52385
3 23525961 rs150534693 0.92622
3 23525997 rs17013348 0.7007
3 23526676 rs113333267 0.87015
3 23526686 rs13065375 0.30191
3 23526780 rs809640 0.8639100000000001
3 23527119 rs778520 0.97546
3 23527471 rs7641437 0.040125
3 23527593 rs778519 0.8505
3 23527672 rs74509211 0.70099
3 23527961 rs75516655 0.00013586
3 23528303 rs778518 0.84772
3 23528326 rs34710747 3.8867e-11
3 23528580 rs75407011 0.70143
3 23528588 rs111980177 0.0062581
3 23528743 rs34916962 0.26661
3 23528977 rs778517 0.83173
3 23529009 rs114995618 0.84615
3 23529021 rs801277 0.96341
3 23529047 rs35105861 0.26043
3 23529069 rs778516 0.8378200000000001
3 23529260 rs778515 0.9761200000000001
3 23529267 rs547107720 0.059766999999999994
3 23529279 rs34171096 0.27839
3 23529598 rs17013356 0.64442
3 23530097 rs7640458 3.7998e-11
3 23530107 rs73043642 0.8262
3 23530332 rs778514 5.5381e-10
3 23530563 rs778513 0.9089
3 23530593 rs76280470 0.6933600000000001
3 23530633 rs778512 0.9098200000000001
3 23530667 rs76686512 0.7033
3 23530850 rs778511 0.89699
3 23530899 rs778510 3.5491e-10
3 23531119 rs9812300 4.5564e-11
3 23531429 rs75850610 0.78618
3 23532073 rs114997570 0.60838
3 23532429 rs116091253 0.78292
3 23532690 rs75377494 0.69226
3 23532893 rs73821825 0.1952
3 23533024 rs138030139 0.073469
3 23533550 rs116136210 0.06552999999999999
3 23534073 rs7646541 0.99661
3 23534264 rs7636705 0.8960600000000001
3 23534345 rs115966372 0.6924899999999999
3 23534594 rs186289992 0.0028756
3 23534648 rs13314364 0.93784
3 23534816 rs186684652 0.8201
3 23535156 rs116535114 0.86661
3 23535180 rs139858950 0.67979
3 23535338 rs57427415 0.68992
3 23535459 rs6798153 9.2397e-09
3 23535483 rs73043648 6.9205e-11
3 23535591 rs116076862 0.078764
3 23535928 rs1995175 0.98505
3 23536070 3:23536070_T_C 0.52892
3 23536451 rs11712012 0.012416
3 23536452 rs117928264 0.69126
3 23536891 rs34474714 0.29247
3 23536934 rs144497209 0.39350999999999997
3 23537129 rs116201069 0.41081999999999996
3 23537142 rs9882384 0.9858899999999999
3 23537364 rs79424216 0.61774
3 23537612 rs117706844 0.69795
3 23538082 rs1498812 0.9008
3 23538101 rs56034809 0.89174
3 23538233 rs1498811 1.5012000000000002e-10
3 23538258 rs112203685 0.44691000000000003
3 23538267 rs1498810 0.82706
3 23538286 rs138579172 0.5286
3 23538412 rs149334220 0.59763
3 23538563 rs74592107 0.69708
3 23539176 rs73043654 9.3709e-11
3 23539221 rs112631170 0.5616399999999999
3 23539283 rs565239464 0.49475
3 23539765 rs187536932 0.1098
3 23539779 rs9631541 0.9767100000000001
3 23539998 rs13070136 0.25681
3 23540203 rs191107757 0.84915
3 23540909 rs3817002 1.4247e-08
3 23540927 rs7614195 0.83655
3 23541057 rs1011754 0.6866300000000001
3 23541256 rs79454101 0.20422
3 23542014 rs13093140 0.18014000000000002
3 23542068 rs143975299 0.8612799999999999
3 23542254 rs2055307 0.8929
3 23542460 rs6788900 0.025682
3 23542984 rs41380744 0.60753
3 23543047 rs75365744 0.39549
3 23543077 rs73140544 0.90144
3 23543403 rs59034251 0.6795800000000001
3 23543417 rs58068931 1.9132e-11
3 23543952 rs57853647 0.81448
3 23544441 rs73139762 0.8133699999999999
3 23544899 rs7617725 8.558799999999999e-10
3 23545157 rs113318686 3.9745e-06
3 23545220 rs7612666 1.6837e-08
