CHR BP SNP P
1 114898253 rs116398185 0.48413
1 114898403 rs61810982 0.21122
1 114898414 rs113576145 0.4015
1 114898617 rs761460951 0.65886
1 114898786 rs76751574 0.27457
1 114899852 rs475454 0.38934
1 114900086 rs12743364 0.041572000000000005
1 114900153 rs12135157 0.6954
1 114900320 rs581313 0.6381100000000001
1 114900678 rs556765 0.29917
1 114901205 rs72693889 0.9973
1 114901208 rs9659507 0.5851
1 114901231 rs552096 0.35731999999999997
1 114903151 rs683803 0.35623
1 114903299 rs9429531 0.95042
1 114903486 rs11587330 0.47092
1 114904093 rs28530519 0.50663
1 114904174 rs12069552 0.38766
1 114904180 rs12084629 0.49931000000000003
1 114904342 rs537015 0.35122
1 114904908 rs140204468 0.66399
1 114905066 rs11808287 0.075281
1 114906280 rs187473675 0.18912
1 114906713 rs11804067 0.096366
1 114906992 rs1989138 0.5332600000000001
1 114907728 rs146715792 0.28664
1 114907811 rs140415268 0.72388
1 114907832 rs2358610 0.93604
1 114908056 rs76948671 0.034341
1 114908368 rs526236 0.46993
1 114908468 rs35436374 0.57731
1 114908659 rs11102788 0.7155600000000001
1 114909210 rs497183 0.32106
1 114909703 rs57835359 0.021581
1 114910559 rs182155100 0.3871
1 114911589 rs12747146 0.21736
1 114912088 rs191866596 0.32361
1 114913262 rs766884252 0.9545799999999999
1 114913733 rs147060780 4.9794e-06
1 114913869 rs536239 0.17912999999999998
1 114913923 rs114474233 8.1026e-06
1 114913943 rs143978905 0.13115
1 114914554 rs191753708 0.00050493
1 114914968 rs566076719 0.059676
1 114915031 rs9429535 0.48217
1 114915192 rs7517208 0.083236
1 114915566 rs73003361 0.052117
1 114915859 rs139333764 0.61345
1 114916653 rs75630451 0.81297
1 114916782 rs116070260 0.00039328
1 114916857 rs116387417 0.0004024
1 114917230 rs1936933 0.0023524
1 114917547 rs142193083 0.00032781
1 114918070 rs193211696 0.2945
1 114918132 rs140976340 0.93989
1 114918182 rs138870215 0.20961
1 114918658 rs73003363 0.062326
1 114918666 rs187269182 0.30878
1 114919024 rs115314884 0.018379
1 114919243 rs552441541 0.9304
1 114919403 rs116196962 0.00047909
1 114919442 rs12057599 0.8047
1 114919675 rs11799483 0.00048624
1 114919868 rs563216429 0.10830999999999999
1 114920025 rs149755481 0.46763000000000005
1 114920097 rs12753188 2.3559e-10
1 114920363 rs114926039 0.18363
1 114920558 rs74113163 0.70724
1 114920570 rs9429536 0.406
1 114920965 rs617703 0.21434
1 114921058 rs111930247 0.65882
1 114921182 rs72693896 0.21829
1 114921323 rs116154950 0.77961
1 114921476 rs768372337 0.95888
1 114921896 rs78701985 0.89585
1 114922056 rs79021929 0.38285
1 114922790 rs9429742 1.163e-11
1 114923228 rs9429537 0.38377
1 114923328 rs183102436 0.68404
1 114923549 rs9429538 1.5825e-06
1 114923636 rs9429539 7.878199999999999e-07
1 114923914 rs137855765 0.5004
1 114924203 rs11807672 0.00050957
1 114924256 rs116479129 0.32645
1 114924804 rs11799372 0.00062396
1 114924805 rs141248417 0.83905
1 114925005 rs9429540 0.48433000000000004
1 114925217 rs80312311 0.058251
1 114925493 rs74640931 0.7542
1 114925583 rs115096482 0.00059047
1 114925657 rs139785264 0.59645
1 114925808 rs139690832 0.29383000000000004
1 114926351 rs6686961 4.3333e-07
1 114926355 rs60928002 0.06712
1 114926555 rs6687180 0.00059462
1 114926574 rs7526485 0.002415
1 114926672 rs185252867 0.0012255
1 114926673 rs141428955 0.62534
1 114926959 rs77069792 0.82265
1 114926982 rs12044508 0.8215399999999999
1 114927201 rs9429541 4.3318000000000007e-07
1 114927437 rs6675263 0.51202
1 114927709 rs11809120 0.00050281
1 114928417 rs11102789 0.99131
1 114928501 rs79871622 0.8229299999999999
1 114928743 rs9429542 4.3254e-07
1 114928895 rs116337120 0.3529
1 114929088 rs74113167 0.8197399999999999
1 114929295 rs147216773 0.26097
1 114930331 rs6660499 0.00065278
1 114930465 rs141425667 0.079698
1 114930478 rs6700742 4.3588e-07
1 114930636 rs112770771 0.223
1 114930835 rs9429743 0.44393999999999995
1 114930836 rs35847079 8.9499e-11
1 114930840 rs144241430 0.81782
1 114931080 rs780944275 0.045089
1 114931209 rs76917398 0.00053104
1 114931215 rs9429744 0.51425
1 114931308 rs184914842 0.12995
1 114931419 rs35267619 0.8389700000000001
1 114931664 rs187270208 0.34381
1 114931718 rs114218244 0.70968
1 114932147 rs6689787 0.53079
1 114932182 rs12094584 0.9481200000000001
1 114932347 rs75494557 0.056917999999999996
1 114932550 rs7522459 0.80585
1 114932553 rs115351053 0.00045353
1 114932865 rs9429544 6.3679999999999995e-12
1 114933246 rs116090732 0.23698000000000002
1 114933431 rs9429745 0.53767
1 114934016 rs9429545 0.5532199999999999
1 114934421 rs114943427 0.070778
1 114936079 rs41313288 2.1781000000000002e-10
1 114936653 rs538281293 0.17692
1 114936834 rs148085403 0.17340999999999998
1 114937098 rs115198517 0.0021983000000000003
1 114937110 rs41301293 0.00060923
1 114937358 rs41310112 0.00068352
1 114937522 rs78581320 0.062958
1 114937636 rs9429746 0.46466999999999997
1 114937696 rs116058638 0.53882
1 114937872 rs34277810 0.02187
1 114938160 rs116707829 0.00069288
1 114938175 rs1125002 0.42158999999999996
1 114938289 rs41314009 2.1904e-10
1 114938699 rs73003377 0.20894000000000001
1 114938838 rs188028201 0.12139000000000001
1 114938898 rs113104023 0.91751
1 114939079 rs41296188 0.85924
1 114939633 rs41313993 0.023543
1 114939739 rs12057251 0.0014375
1 114939907 rs75224258 0.00057616
1 114939944 rs35834438 0.0010611
1 114941013 rs75715605 0.074185
1 114941169 rs111600066 0.86011
1 114941326 rs3789615 0.0060302
1 114941553 rs3789617 0.0042369
1 114942250 rs116234499 0.28336
1 114942296 rs73003383 0.084133
1 114942504 rs73005343 0.19488
1 114942658 rs79542723 0.16388
1 114942730 rs12061718 0.9223399999999999
1 114942835 rs557892449 0.81519
1 114942982 rs115611068 0.00055434
1 114942986 rs60072459 0.098574
1 114943121 rs145168623 0.20038
1 114943348 rs72693901 0.15333
1 114943659 rs532841900 0.0059918
1 114943720 rs7540802 0.83014
1 114943721 rs111699898 0.2055
1 114943783 rs112325511 0.089488
1 114944121 rs116766647 0.66879
1 114944372 rs530696309 0.098319
1 114944448 rs764392324 0.22034
1 114944458 rs757208435 0.9848
1 114944681 rs35031220 6.5969e-11
1 114944685 rs79233405 0.0864
1 114945110 rs61281964 0.43711000000000005
1 114945231 rs190206984 0.6701
1 114945394 rs2179657 0.2452
1 114945634 rs73005347 0.092645
1 114946154 rs78091818 0.83415
1 114946431 rs138880660 0.00055443
1 114946464 rs144789348 0.00050644
1 114947256 rs75221707 0.088121
1 114947905 rs769861750 0.9946799999999999
1 114947958 rs150689232 0.056112
1 114948004 rs189444270 0.077898
1 114948281 rs6537825 0.37056
1 114948309 rs56056367 0.7007899999999999
1 114948394 rs112059163 0.31645999999999996
1 114948638 rs6677898 0.083954
1 114948769 rs10489419 0.8527399999999999
1 114949141 rs116709266 0.00058745
1 114949298 rs74638235 0.3691
1 114949397 rs77301923 0.70325
1 114949820 rs41274116 0.11985
1 114950322 rs9429546 0.36222
1 114950373 rs79287774 0.70329
1 114950611 rs112479986 0.6988800000000001
1 114950945 rs554781857 0.49700000000000005
1 114951141 rs74113170 0.8484
1 114951220 rs6672519 6.332999999999999e-07
1 114951390 rs71662879 9.0777e-11
1 114951409 rs141081151 0.70827
1 114952065 rs11807174 0.00050585
1 114952345 rs75575951 0.7004199999999999
1 114953390 rs114976132 0.65018
1 114953420 rs6694768 5.7706e-07
1 114953514 rs72696003 0.59716
1 114953528 rs56262010 0.023753
1 114953820 rs60939066 0.6556
1 114954716 rs73005355 0.085753
1 114954725 rs79917407 0.8833700000000001
1 114955007 rs114144691 0.66691
1 114955024 rs75908207 0.60252
1 114955623 rs78852087 0.00062442
1 114955773 rs77513899 0.08780299999999999
1 114957001 rs60178328 0.091918
1 114957021 rs143725626 0.6208
1 114957078 rs58720760 0.089365
1 114957254 rs6537826 5.9783e-07
1 114957852 rs562995911 0.40642
1 114958202 rs67882944 1.0689999999999999e-11
1 114958253 rs116500007 0.00067085
1 114958779 rs35167198 5.564800000000001e-07
1 114958827 rs115564666 0.074164
1 114958946 rs3789619 1.9246e-11
1 114959540 rs11582563 2.3540000000000003e-10
1 114959888 rs7547836 1.7313999999999998e-11
1 114960257 rs7552750 0.75225
1 114960270 rs78087696 0.1531
1 114960663 rs7515983 0.081237
1 114960714 rs58747061 0.53596
1 114960806 rs6660911 0.11263
1 114960866 rs7516184 0.85603
1 114961350 rs72696005 0.71732
1 114961553 rs59223546 0.51374
1 114961568 rs146501066 0.8314
1 114961952 rs78631936 0.07559600000000001
1 114961979 rs76954814 0.25433
1 114962014 rs116210775 0.69535
1 114962555 rs7514446 0.44915
1 114962936 rs74113173 0.8559899999999999
1 114962965 rs149177296 0.22069
1 114963076 rs114343739 0.070875
1 114963113 rs7512590 0.00061291
1 114963270 rs9662831 0.19219
1 114963574 rs78457892 0.073202
1 114964232 rs55763520 0.030581999999999998
1 114964520 rs548081645 0.034819
1 114964628 rs116275389 0.00061329
1 114964782 rs78432194 0.000614
1 114965673 rs77614825 0.6675399999999999
1 114965812 rs6537827 5.423e-07
1 114965963 rs575602882 0.37994
1 114965966 rs7536927 0.9764299999999999
1 114966053 rs7544820 0.41708
1 114966100 rs7523112 5.4173e-07
1 114966353 rs114945311 0.13726
1 114966469 rs115812120 0.41221
1 114966558 rs143401507 0.93348
1 114966776 rs142686786 0.27171
1 114967591 rs35212068 9.6136e-08
1 114967795 rs76897220 0.087345
1 114968402 rs142334021 0.77792
1 114968461 rs74113175 0.8563799999999999
1 114968640 rs181183423 0.90851
1 114968764 rs116110271 0.41123000000000004
1 114968821 rs78892455 0.5493100000000001
1 114968973 rs74113176 0.85601
1 114969155 rs115688932 0.073685
1 114969398 rs141611069 0.99061
1 114969430 rs113761148 0.16405999999999998
1 114969600 rs6656393 3.1714000000000005e-07
1 114969621 rs11805346 0.00061594
1 114969641 rs34643195 1.9909e-10
1 114969665 rs58747000 0.084958
1 114970017 rs147090166 0.2583
1 114970090 rs6682018 0.86598
1 114970660 rs115205951 0.30141
1 114970792 rs4839009 0.69548
1 114970890 rs57740732 0.09681000000000001
1 114971198 rs570372861 0.72509
1 114971247 rs6700446 0.09681000000000001
1 114971886 rs7541954 4.6467e-07
1 114972695 rs562135596 0.11162000000000001
1 114972723 rs6658339 0.0006165
1 114972873 rs6667058 3.7243e-07
1 114972976 rs140578438 0.60775
1 114973087 rs77036565 0.000606
1 114973210 rs185007119 0.65814
1 114973276 rs12097570 0.26876
1 114973360 rs80326582 0.5225
1 114973429 rs12083584 4.6318000000000005e-07
1 114973690 rs11585926 6.8959e-12
1 114974036 rs75481487 0.00072282
1 114974241 rs151101361 0.9717
1 114974361 rs12076243 0.79056
1 114974731 rs7548452 0.00072282
1 114975158 rs181768031 0.72553
1 114975301 rs186192529 0.97672
1 114975425 rs73005378 0.08482100000000001
1 114975618 rs80033151 0.087328
1 114976224 rs12132214 0.71662
1 114976433 rs113801966 0.90386
1 114976676 rs79232375 0.075796
1 114977403 rs6690560 5.5397e-07
1 114977859 rs35179735 5.523699999999999e-07
1 114978023 rs34732139 1.9909e-10
1 114978317 rs191936450 0.13635999999999998
1 114978393 rs11102790 5.5937e-07
1 114978607 rs71664843 8.4031e-11
1 114979089 rs7516386 2.0232e-11
1 114979232 rs143489535 0.00072392
1 114979435 rs114369972 0.5976600000000001
1 114979553 rs12084658 0.004515399999999999
1 114979603 rs60416895 0.80669
1 114979604 rs141745001 0.20546999999999999
1 114979763 rs77165627 0.087328
1 114980030 rs115363676 0.00072394
1 114980091 rs114000705 0.00072394
1 114980105 rs114697577 0.62007
1 114980114 rs74404051 0.85626
1 114981116 rs11102791 0.2882
1 114981447 rs755420249 0.9077
1 114981630 rs33993445 5.5413e-07
1 114982191 rs115349929 0.00072394
1 114982222 rs772127085 0.27271
1 114982264 rs73005385 0.14376
1 114982271 rs74331919 0.00072362
1 114982387 rs115431734 0.0027397
1 114983349 rs142843084 0.37775
1 114983709 rs12063561 0.71846
1 114983871 rs11102792 5.5445e-07
1 114984032 rs74692839 0.00072394
1 114984169 rs7540369 0.6302800000000001
1 114984273 1:114984273_T_C 0.19152
1 114984360 rs75306349 0.37431
1 114984379 rs116389740 0.14225
1 114984651 rs74113182 0.85611
1 114984667 rs6671587 3.4028e-07
1 114984962 rs11807745 0.00061245
1 114985661 rs9725116 0.044395
1 114985670 rs190072589 0.06105700000000001
1 114985732 rs140744312 0.44666999999999996
1 114985761 rs182680590 0.00061245
1 114985819 rs145889537 0.6522899999999999
1 114985836 rs7519209 5.5445e-07
1 114985991 rs9728144 0.17193
1 114986150 rs7552912 0.11010999999999999
1 114986220 rs74679588 0.00061245
1 114986244 rs7524365 0.7337600000000001
1 114986332 rs77838872 0.00061245
1 114987034 rs780104989 0.5251899999999999
1 114987213 rs75291118 0.00061245
1 114987452 rs114249129 0.00061245
1 114987591 rs74113185 0.026338
1 114987718 rs6537828 1.2558e-06
1 114987866 rs116715699 0.43606999999999996
1 114988096 rs574189193 0.22313000000000002
1 114988175 rs77397307 0.85626
1 114988436 rs149786426 0.29366
1 114988630 rs11588220 5.4212e-07
1 114988797 rs116058604 0.37431
1 114988843 rs79701495 0.50216
1 114989096 rs115671446 0.65805
1 114989211 rs2143583 2.2275e-11
1 114989580 rs74113186 0.85626
1 114989639 rs114046070 0.30781
1 114990155 rs115036480 0.087507
1 114990256 rs6668327 5.0483e-07
1 114990547 rs80082541 0.00072485
1 114990828 rs80309660 0.72409
1 114991075 rs111337123 0.85567
1 114991429 rs73005390 0.082139
1 114991444 rs190733935 0.019642
1 114991581 rs80267897 0.096724
1 114992471 rs116764046 0.67476
1 114992760 rs6675600 4.5953000000000004e-07
1 114992895 rs6688348 0.024288
1 114992962 rs72696009 0.015122
1 114993106 rs80185464 0.6357
1 114993719 rs11811790 0.00072526
1 114994499 rs79172490 0.085963
1 114994744 rs186201086 0.97041
1 114994911 rs6688160 0.00072508
1 114995074 rs77457946 0.8540000000000001
1 114995216 rs146325825 0.074296
1 114995224 rs139589031 0.16126
1 114995578 rs115682446 0.00072785
1 114995660 rs114271743 0.00072526
1 114995825 rs144418344 0.44664
1 114995942 rs146109483 0.00072526
1 114996112 rs11102794 4.644e-07
1 114996321 rs114581028 0.00072526
1 114996324 rs11589568 1.8619e-10
1 114996358 rs116365218 0.091455
1 114997162 rs115912510 0.00061552
1 114997730 rs61660055 0.8579700000000001
1 114997845 rs59576781 0.67476
1 114997861 rs78459848 0.091455
1 114998221 rs35817608 6.385800000000001e-11
1 114998624 rs140908756 0.025131
1 114998644 rs11799935 0.00072526
1 114998827 rs34500144 1.8688e-10
1 114999011 rs7532456 0.92501
1 114999195 rs11812026 0.00072526
1 114999256 rs74113189 0.8573
1 114999277 rs7511633 4.6397e-07
1 114999465 rs73005396 0.083038
1 114999576 rs77615432 0.08859600000000001
1 114999593 rs59214319 0.52947
1 114999749 rs138735495 0.034599
1 114999861 rs116084722 0.00072573
1 114999978 rs1146149 0.5172899999999999
1 115000060 rs6656726 1.5611e-11
1 115000481 rs11577901 1.6459000000000002e-11
1 115000587 rs146291418 0.17948
1 115000622 rs537735389 0.49018999999999996
1 115000626 rs80086576 0.30966
1 115000642 rs76897832 0.44664
1 115000677 rs142819150 0.82224
1 115000699 rs186806144 0.033342000000000004
1 115001121 rs146136894 0.37735
1 115001538 rs17561158 0.079925
1 115001992 rs78076575 0.08770599999999999
1 115002022 rs78495359 0.79152
1 115002281 rs75377904 0.08755
1 115002538 rs74113190 0.58485
1 115002548 rs115748164 0.00072578
1 115002730 rs139395939 0.8368399999999999
1 115002905 rs147761602 0.50048
1 115003006 rs114808715 0.49378
1 115003403 rs2336580 0.11862
1 115003679 rs567282151 0.44504
1 115003688 rs2878746 0.85806
1 115003776 rs112938093 0.7764800000000001
1 115003935 rs11102795 0.024228
1 115004054 rs11582166 9.1699e-11
1 115004191 rs73005400 0.066175
1 115004568 rs114234620 0.43436
1 115004581 rs57840440 0.67419
1 115004735 rs114258144 0.00072578
1 115004781 rs61655733 0.71086
1 115004838 rs76386697 1.0943000000000002e-10
1 115005417 rs73007260 0.13994
1 115005627 rs74406851 0.7823100000000001
1 115006273 rs143115738 0.79803
1 115006374 rs112336190 0.2246
1 115006427 rs191504856 0.44111000000000006
1 115006660 rs78664007 0.85949
1 115006708 rs113946217 0.68328
1 115006769 rs74317591 0.00061379
1 115007224 rs184651008 0.051841
1 115007297 rs190377373 0.8303299999999999
1 115007379 rs145639758 0.16834000000000002
1 115007525 rs73007263 0.08198
1 115007965 rs57206604 0.43401000000000006
1 115008389 rs180820053 0.98998
1 115008601 rs11802949 0.00072686
1 115008670 rs72696011 0.058176
1 115008801 rs17032751 0.85714
1 115009041 rs115999820 0.24335
1 115009068 rs6694561 0.45686000000000004
1 115009623 rs35731306 6.4378e-11
1 115009800 rs7527168 0.7144
1 115009995 rs144051640 0.22213000000000002
1 115010155 rs6537829 0.076004
1 115010845 rs78638919 0.52998
1 115010869 rs115093396 0.00084701
1 115011282 rs79913272 0.15964
1 115011484 rs6670743 4.651e-07
1 115011487 rs12083873 0.0010997
1 115011673 rs145549785 0.22701
1 115011775 rs74901102 0.0007264
1 115012182 rs17032759 0.090541
1 115012189 rs17593470 0.7115199999999999
1 115012343 rs146557372 0.65425
1 115012861 rs114005212 0.061028
1 115013015 rs148329192 0.80474
1 115013251 rs141447340 0.25625
1 115013479 rs150457709 0.22183000000000003
1 115013552 rs114585510 0.26655
1 115013830 rs116728245 0.00061403
1 115014029 rs112465350 0.8812200000000001
1 115014041 rs147322135 0.13278
1 115014197 rs77907069 0.00061403
1 115014363 rs116005633 0.098618
1 115014565 rs77945683 0.00061403
1 115014676 rs75783406 0.00061403
1 115014728 rs17032764 0.00099384
1 115015035 rs143849516 0.75763
1 115015519 rs116089420 0.13302999999999998
1 115015803 rs12082107 0.11980999999999999
1 115016016 rs34383590 0.00090414
1 115016166 rs141079153 0.047889
1 115016404 rs6703214 0.074294
1 115016415 rs6537832 2.2506e-07
1 115016667 rs114575914 0.67465
1 115016752 rs143705554 0.25401999999999997
1 115017383 rs141549143 0.04634
1 115018078 rs11803560 0.00061403
1 115018099 rs146206007 0.67696
1 115018135 rs144106203 0.46637
1 115018198 rs11805015 0.00054277
1 115018255 rs12075649 0.9396
1 115018260 rs12086242 0.9594
1 115018473 rs560264763 0.47802
1 115018809 rs114965782 0.00057082
1 115019108 rs116649594 0.05584600000000001
1 115019239 rs71664847 9.2376e-11
1 115019458 rs553753913 0.81603
1 115019467 rs56193552 0.8431799999999999
1 115019710 rs7520209 0.00082031
1 115020207 rs79107566 0.4563
1 115020253 rs576199184 0.5841
1 115020283 rs78555254 0.68414
1 115020496 rs17032768 0.088325
1 115020548 rs60614633 0.53957
1 115020602 rs781642088 0.9057
1 115020679 rs74113195 0.8453
1 115020900 rs182281120 0.7336199999999999
1 115021249 rs73007266 6.9461e-12
1 115021356 rs148200951 0.23685
1 115021583 rs141162861 0.23298000000000002
1 115021975 rs7538458 0.00072668
1 115022215 rs74113196 0.8408200000000001
1 115022260 rs181987706 0.041572000000000005
1 115022262 rs187282856 0.041572000000000005
1 115022518 rs113511534 1.1414e-10
1 115022582 rs577859434 0.59149
1 115022609 rs149333631 0.8469200000000001
1 115022698 rs144590751 0.088589
1 115022712 rs190056701 0.00061416
1 115023005 rs148472259 0.85041
1 115023032 rs182703660 0.088429
1 115023185 rs12078204 2.2189e-07
1 115023469 rs78211076 0.75567
1 115023575 rs75053409 0.088429
1 115023723 rs113261035 0.53098
1 115023751 rs144711522 0.55415
1 115023930 rs7533214 0.00061381
1 115023932 rs567183200 0.29688000000000003
1 115023981 rs140538566 0.088429
1 115023982 rs7544790 5.174199999999999e-07
1 115023990 rs568870110 0.1486
1 115024265 rs12076673 0.69038
1 115024368 rs112695611 0.37846
1 115024480 rs115965126 0.00061381
1 115024669 rs114968693 0.088589
1 115024946 1:115024946_C_T 0.14087
1 115025070 rs115517930 0.68414
1 115025271 rs143724900 0.8665700000000001
1 115025402 rs114522046 0.16887
1 115025423 rs116608231 0.088012
1 115025700 rs11583976 2.4967e-10
1 115025707 rs113968895 0.068108
1 115025725 rs112528834 0.8617
1 115025880 rs76431324 0.043087
1 115025940 rs11582652 1.3308e-05
1 115026090 rs144748197 0.085302
1 115026158 rs113806169 0.068188
1 115026223 rs71664848 2.2971000000000003e-10
1 115026388 rs151077387 0.24605
1 115026576 rs79390624 2.4847e-10
1 115026594 rs192131637 0.18579
1 115026608 rs36032169 0.70899
1 115026659 rs141475759 0.72627
1 115027031 rs6671365 4.5053999999999996e-07
1 115027033 rs183335446 0.09260499999999999
1 115027271 rs7550104 0.00061381
1 115027367 rs113892544 0.068188
1 115027388 rs529645849 0.023934999999999998
1 115027438 rs7528577 2.1248e-07
1 115027556 rs71664849 2.4842e-10
1 115028008 rs77229936 0.19322
1 115028048 rs7529160 0.69331
1 115028118 rs114047836 0.90412
1 115028212 rs112320824 0.40653
1 115028382 rs74756519 0.59142
1 115028476 rs75855033 0.66087
1 115028626 rs71664850 2.5313e-10
1 115028722 rs184991814 0.038278
1 115028735 rs6693073 0.46638
1 115029109 rs112626783 0.011865
1 115029288 rs185364683 0.68675
1 115029431 rs115728658 0.087349
1 115029578 rs112956928 0.38813000000000003
1 115029607 rs139309028 0.91864
1 115029770 rs114954058 0.00072055
1 115029803 rs115838968 0.17237
1 115030241 rs57102586 0.67485
1 115030412 rs375096509 0.66497
1 115031246 rs539109314 0.28796
1 115031362 rs79744310 0.00061381
1 115031572 rs140234788 0.06224400000000001
1 115031652 rs78566443 0.00061381
1 115031720 rs79520328 0.57325
1 115031858 rs72696017 0.14824
1 115032145 rs72990804 0.068325
1 115032272 rs60562558 0.068115
1 115032389 rs12083692 1.832e-11
1 115032651 rs12084870 5.4968e-12
1 115032652 rs76701955 5.3154e-12
1 115032733 rs6666770 5.4147999999999996e-08
1 115032892 rs138939594 0.23842
1 115033426 rs116336869 0.19805999999999999
1 115033512 rs1113207 4.8095e-07
1 115033679 rs144704165 0.12847
1 115034171 rs114246585 0.15498
1 115034258 rs12079871 0.10860999999999998
1 115034269 rs6703485 4.9388e-07
1 115034555 rs114036973 0.3418
1 115034584 rs76932691 0.68293
1 115034709 rs6537833 4.8408e-07
1 115034713 rs76218814 0.073821
1 115035062 rs74651016 0.00072129
1 115035091 rs74861028 0.15507
1 115035123 rs150058518 0.07095900000000001
1 115035157 rs145477205 0.67228
1 115035321 rs148817943 0.2224
1 115035464 rs142495490 0.29181
1 115035519 rs147592448 0.37351
1 115035828 rs35810026 2.7537e-10
1 115036020 rs116419166 0.0007268
1 115036256 rs35172413 4.3861000000000003e-07
1 115036379 rs186277501 0.026887
1 115036381 rs11811686 0.42546000000000006
1 115036667 rs150372399 0.037306
1 115036720 rs561497950 0.037306
1 115036740 rs114733781 0.67505
1 115036924 rs558938702 0.36727
1 115037119 rs74113201 0.85695
1 115037494 rs114369703 0.60761
1 115037535 rs142035102 0.9913700000000001
1 115037646 rs116560490 0.12378
1 115037660 rs146375578 0.21045
1 115037699 rs139674993 0.12215
1 115037751 rs765181344 0.9985799999999999
1 115037767 rs866595462 0.45966999999999997
1 115037980 rs192872698 0.75156
1 115038077 rs188537229 0.033989
1 115038155 rs77195557 0.04813
1 115038281 rs77336200 0.2888
1 115038488 rs77999355 0.00072202
1 115038778 rs11102798 0.90038
1 115038899 rs6660859 0.8461
1 115039119 rs6661053 4.930899999999999e-07
1 115039143 rs6658383 4.930899999999999e-07
1 115039149 rs74113202 0.26148000000000005
1 115039203 rs74688215 0.58918
1 115039268 rs11102799 0.0015919
1 115039312 rs74925394 0.15843
1 115039512 rs565972449 0.33592
1 115039681 rs116452936 0.66401
1 115039915 rs538121779 0.78156
1 115039918 rs35400560 2.0124000000000003e-11
1 115039980 rs574776734 0.010435999999999999
1 115039999 rs748261045 0.014125
1 115040414 rs144297526 0.67228
1 115040491 rs114739303 0.66401
1 115040589 rs115968197 0.4139
1 115040672 rs188215528 0.88805
1 115040680 rs114690511 0.00072194
1 115040825 rs143536657 0.37351
1 115040932 rs11102800 0.0037514000000000002
1 115041115 rs542062084 0.010435999999999999
1 115041380 rs12743623 2.5875e-10
1 115041527 rs181689675 0.21001
1 115042081 rs11102801 0.74025
1 115042415 rs11102802 1.198e-05
1 115042482 rs11102803 4.8664e-07
1 115042511 rs11102804 4.8664e-07
1 115042545 rs113640677 0.84511
1 115042716 rs115368316 0.00072755
1 115042953 rs183236998 0.79614
1 115043669 rs149618438 0.10187
1 115043845 rs77755040 0.74536
1 115044030 rs72990817 0.063766
1 115044287 rs77656400 0.59923
1 115045256 rs184408087 0.71065
1 115045548 rs147150859 0.23062
1 115045600 rs79440837 0.00072791
1 115045653 rs554898873 0.44642
1 115045665 rs28749241 0.014984
1 115045690 rs76963758 0.00071952
1 115045852 rs6700078 0.00072791
1 115046056 rs147804222 0.18028
1 115046380 rs79720050 0.28441
1 115046577 rs74360029 0.066211
1 115047234 rs11801433 0.0007377000000000001
1 115047331 rs149121960 0.10032999999999999
1 115047484 rs71664852 1.2938e-10
1 115047549 rs7535520 5.336500000000001e-07
1 115047578 rs7535529 0.080718
1 115047837 rs74115208 0.8574200000000001
1 115048030 rs74879889 0.22896999999999998
1 115048102 rs559859339 0.029907
1 115048113 rs115880673 0.69709
1 115048250 rs111998418 0.7264
1 115048306 rs145620189 0.10380999999999999
1 115048346 rs148115678 0.23125
1 115048437 rs140965147 0.0048021
1 115048828 rs114618682 0.23681999999999997
1 115048959 rs138887718 0.00068104
1 115049614 rs76869242 0.00069435
1 115049683 rs72990821 0.072162
1 115049899 rs77547616 0.59775
1 115050234 rs77311556 0.96054
1 115050284 rs559965019 0.033306999999999996
1 115050403 rs546680122 0.50851
1 115050512 rs138523806 0.81894
1 115050891 rs34637442 3.1858e-10
1 115051374 rs72990822 0.06547599999999999
1 115051463 rs74115209 0.78178
1 115051827 rs548690960 0.34561
1 115052109 rs7538540 0.06980499999999999
1 115052351 rs148430686 0.24435
1 115052507 rs112736146 0.0005497000000000001
1 115052665 rs59800082 4.9402e-07
1 115052708 rs3827735 0.0019405000000000002
1 115052904 rs114929241 0.66464
1 115053911 rs139556778 0.00064156
1 115053941 rs7547048 4.5912e-07
1 115053952 rs182869302 0.040186
1 115054084 rs35423939 0.00054495
1 115054359 rs183363981 0.33251
1 115054668 rs112639372 0.28747
1 115054739 rs187883170 0.52042
1 115054812 rs112452619 0.01017
1 115055383 rs11102806 1.6351e-05
1 115056358 rs773465058 0.54614
1 115057114 rs76345670 0.24211
1 115057628 rs115152642 0.65177
1 115057695 rs34864279 2.3846e-09
1 115057905 rs115856232 0.41663
1 115058246 rs115001349 0.1137
1 115059140 rs139681520 0.54771
1 115059227 rs112767774 0.32411999999999996
1 115059476 1:115059476_C_G 0.21106
1 115059915 rs142660170 0.7924899999999999
1 115060174 rs28469736 0.018743
1 115060188 rs28697583 0.020654
1 115060398 rs74393300 0.91486
1 115060729 rs112092852 0.53203
1 115060730 rs745884157 0.40986000000000006
1 115060826 rs35461065 1.5056e-05
1 115060827 rs141632379 0.55118
1 115060875 rs146255043 0.017228999999999998
1 115061058 rs193076645 0.8289799999999999
1 115061128 rs114867144 0.19881
1 115061487 rs72990831 0.02267
1 115061584 rs11102807 2.0192999999999998e-05
1 115061642 rs11102808 1.966e-05
1 115062256 rs191685087 0.39775
1 115062410 rs71664854 6.08e-09
1 115062518 rs66766411 1.2462999999999999e-08
1 115062527 rs36092669 1.0901000000000001e-08
1 115063274 rs187336281 0.15016
1 115063283 rs12125028 0.2615
1 115063449 rs6658570 6.604e-09
1 115063545 rs574456678 0.14695999999999998
1 115064222 rs11102809 2.1743e-07
1 115064304 rs12128188 0.44237
1 115064499 rs79314422 0.010914
1 115064875 rs61083688 0.01936
1 115065069 rs17032783 0.46945
1 115065179 rs56704559 0.00098315
1 115065199 rs191532499 0.04808
1 115065347 rs60316949 0.0007734
1 115065510 rs148994532 0.61311
1 115066064 rs138523236 0.20387
1 115066222 rs141674978 0.19239
1 115066335 rs145324931 0.38611999999999996
1 115066538 rs74115215 0.30848000000000003
1 115067229 rs72696094 0.066851
1 115067541 rs77601974 0.52105
1 115067587 rs79046431 0.52686
1 115067806 rs78074996 0.38453000000000004
1 115068134 rs35812077 6.1176e-08
1 115068205 rs137922145 0.00084384
1 115068308 rs189152623 0.62253
1 115068357 rs35225630 3.9296e-05
1 115068395 rs150552060 0.49659
1 115068502 rs75612139 0.36371
1 115068690 rs572564330 0.3072
1 115068717 rs116313520 0.37889
1 115068829 rs562619824 0.30953
1 115068965 rs549524752 0.44711999999999996
1 115069251 rs139846391 0.00026234
1 115069252 rs1813046 5.904e-08
1 115069268 rs565773261 0.26371999999999995
1 115069855 rs75820636 0.00070952
1 115069906 rs11102810 4.2746e-05
1 115070136 rs115217811 0.24348000000000003
1 115070364 rs148732518 0.5133
1 115070529 rs142404851 0.07568899999999999
1 115070689 rs114896149 0.00094826
1 115070867 rs115360828 0.17707
1 115070957 rs61811010 0.73607
1 115070994 rs144490820 0.6883600000000001
1 115071109 rs77032655 0.5673600000000001
1 115071292 rs115388119 0.080336
1 115071511 rs74924606 0.5088
1 115071560 rs115087787 0.34314
1 115071649 rs78659939 0.071773
1 115071677 rs114736712 0.6055
1 115072733 rs78895324 0.0010545
1 115072794 rs370271681 0.98065
1 115073091 rs188480430 0.6862699999999999
1 115073334 rs74115219 0.5856100000000001
1 115073408 rs6668976 0.14152
1 115073780 rs10858046 0.0045138999999999995
1 115073851 rs116005798 0.38650999999999996
1 115073876 rs10858047 0.06311699999999999
1 115074268 rs77155635 0.0010042
1 115074369 rs138172772 0.9900100000000001
1 115074895 rs191084505 0.41258
1 115075267 rs149795801 0.1593
1 115075688 rs11102812 1.5722e-07
1 115075718 rs7536715 0.30459
1 115075892 rs6698121 0.0010576
1 115076039 rs183097693 0.00066472
1 115076054 rs6683350 0.00089343
1 115076233 rs6685955 0.16284
1 115076833 rs144372895 0.9494299999999999
1 115076994 rs9729280 0.027968
1 115077227 rs76783932 0.24483000000000002
1 115077273 rs141386323 0.00075168
1 115077406 rs190040591 0.64981
1 115078364 rs150931052 0.55555
1 115078547 rs2878745 0.014568000000000001
1 115078549 rs12034144 0.045714
1 115078611 rs116633239 0.077303
1 115078685 rs2137365 0.066345
1 115078973 rs148880169 0.57398
1 115079104 rs763793394 0.14290999999999998
1 115079171 rs75360337 0.27471999999999996
1 115079223 rs115221858 0.5547
1 115079297 rs12087616 0.74302
1 115079658 rs11587400 0.16072999999999998
1 115079875 rs183798573 0.66206
1 115079896 rs186313822 0.7075100000000001
1 115079916 rs114035667 0.1753
1 115079996 rs182101301 0.72023
1 115080214 rs192397619 0.89856
1 115080247 rs113608160 0.9343799999999999
1 115080263 rs12131807 3.9674e-06
1 115080285 rs575962858 0.72042
1 115080302 rs6663630 0.39166999999999996
1 115080315 rs139288660 0.14918
1 115080319 rs6699643 0.5188
1 115080420 rs192888714 0.17532999999999999
1 115080517 rs6674801 0.0085947
1 115080597 rs1810203 8.293799999999999e-07
1 115080656 rs140206729 0.09187200000000001
1 115080749 rs74115221 0.57932
1 115080790 rs191734905 0.72042
1 115080853 rs4839380 0.40894
1 115080875 rs2014836 0.014356
1 115080934 rs72698003 0.06275900000000001
1 115081237 rs11102814 0.24706
1 115081328 rs190792368 0.6622600000000001
1 115081501 rs78337162 0.22324000000000002
1 115081505 rs148606812 0.18953
1 115081833 rs115461774 0.1964
1 115081848 rs116774242 0.15717
1 115082096 rs151171176 0.29894
1 115082113 rs115643358 0.1649
1 115082480 rs11102815 0.36044
1 115082837 rs12076940 0.39887
1 115083141 rs12082776 0.39873000000000003
1 115083193 rs6673875 0.20451
1 115083230 rs555488921 0.26075
1 115083645 rs115591120 0.37472
1 115083681 rs114519813 0.36699
1 115083841 rs4839381 0.043149
1 115083923 rs188766456 0.8783299999999999
1 115083958 rs115096824 0.11235
1 115084036 rs543570896 0.060582000000000004
1 115084796 rs114085863 0.0019844999999999997
1 115084850 rs142279668 0.35356
1 115085951 rs139609752 0.34962
1 115086066 rs145109390 0.45458000000000004
1 115086113 rs147624298 0.26600999999999997
1 115086133 rs142184497 0.29179
1 115086232 rs143116865 0.31803000000000003
1 115086264 rs72698008 0.063547
1 115086580 rs61811012 0.0018239
1 115087012 rs187153007 0.67148
1 115087066 rs58053306 0.36421
1 115087110 rs138210616 0.0014526
1 115087292 rs61811013 0.00070172
1 115087605 rs61811014 0.001604
1 115088270 rs41366749 0.3585
1 115088442 rs74115222 0.59973
1 115088976 rs138846621 0.59129
1 115089087 rs149405511 0.7894899999999999
1 115089091 rs11102816 0.8921899999999999
1 115089279 rs12037358 0.063628
1 115089811 rs115873639 0.19741
1 115090325 rs139439551 0.36503
1 115090392 rs114320863 0.35114
1 115090661 rs181685729 0.8617799999999999
1 115090926 rs11807025 0.0017244
1 115091017 rs144992800 0.31392
1 115091087 rs11807363 0.46903999999999996
1 115091165 rs4839012 0.063947
1 115091181 rs149721552 0.069803
1 115091266 rs4839013 0.064047
1 115091951 rs562840955 0.33874
1 115092072 rs79753878 0.001823
1 115092804 rs772109537 0.46812
1 115093048 rs114594541 0.07523300000000001
1 115093059 rs377269912 0.82836
1 115093154 rs184132023 0.6703399999999999
1 115093360 rs144941824 0.09362100000000001
1 115093471 rs11809457 0.0015275
1 115093477 rs138874513 0.57367
1 115093526 rs114729050 0.1576
1 115093654 rs72698011 0.06830599999999999
1 115093847 rs72698012 0.27428
1 115093911 rs539678070 0.8204899999999999
1 115093962 rs11799953 0.0015466
1 115094099 rs115538213 0.0015712
1 115094280 rs140494746 0.07491
1 115094927 rs76783294 0.3585
1 115094963 rs184550956 0.9614799999999999
1 115095016 rs188519502 0.19708
1 115095079 rs114506551 0.43465
1 115095171 rs75868777 0.14628
1 115095634 rs185854040 0.65862
1 115096135 rs139320472 0.8418899999999999
1 115096175 rs538266360 0.40403
1 115096342 rs189960105 0.034230000000000003
1 115096379 rs183355175 0.46068000000000003
1 115096540 rs188090047 0.61678
1 115096648 rs116421532 0.28442
1 115096807 rs7546622 0.81718
1 115096894 rs182725090 0.71531
1 115096964 rs12738051 0.018744
1 115096990 rs72698016 0.069114
1 115097258 rs78525699 0.0016298999999999999
1 115097317 rs747723926 0.48199
1 115097363 rs115844056 0.0016760000000000002
1 115097535 rs149921327 0.8479700000000001
1 115097890 rs560375914 0.72663
