CHR BP SNP P
6 41817956 rs550003045 0.19964
6 41818125 rs180717616 0.32849
6 41818156 rs187188280 0.58443
6 41818591 rs147249701 0.37495
6 41818599 rs143449355 0.41176
6 41819036 rs73424094 0.9594299999999999
6 41819068 rs9471677 0.32727
6 41819387 rs115854812 0.53159
6 41819407 rs2265139 0.7109800000000001
6 41819588 rs149726130 0.9106799999999999
6 41819647 rs13203658 0.00026059
6 41819786 rs192350878 0.76799
6 41819994 rs149626718 0.43512
6 41820091 rs113053001 0.48691
6 41820654 rs6458247 0.06664500000000001
6 41820749 rs146425043 0.84435
6 41820838 rs145158792 0.784
6 41820963 rs139035291 0.004358399999999999
6 41821034 rs761992254 0.68082
6 41821096 rs564220799 0.36648000000000003
6 41821137 rs9381096 2.2248999999999993e-168
6 41821505 rs138190496 0.11715999999999999
6 41821538 rs149591112 0.7731600000000001
6 41821645 rs184814180 0.83714
6 41821669 rs140703558 0.0021744
6 41821823 rs180948036 0.0046856
6 41822683 rs116062566 0.38919000000000004
6 41823062 rs9462749 0.31128
6 41823631 rs144041787 0.30903
6 41823735 rs146467072 0.84195
6 41823883 rs144269193 0.41167
6 41823941 rs182718738 0.784
6 41824038 rs12175469 1.1413999999999997e-223
6 41824076 rs567210727 0.41834
6 41824087 rs150245727 0.41053
6 41824138 rs9471680 0.31361999999999995
6 41824218 rs2395789 0.0049058999999999995
6 41824220 rs143742432 0.40426
6 41824259 rs148139193 0.012188
6 41824816 rs146517043 0.31343000000000004
6 41825004 rs187570217 0.012222
6 41825053 rs16895040 0.00026025
6 41825111 rs12209885 2.7812e-17
6 41825211 rs142967198 0.36339
6 41825521 rs549706187 0.71225
6 41825590 rs6901756 3.6257999999999997e-16
6 41825640 rs551819269 1.4692000000000001e-05
6 41826391 rs183894022 0.9667600000000001
6 41826423 rs560917593 0.007890399999999999
6 41827011 rs2253961 1.1499999999999998e-96
6 41827193 rs2025951 7.318299999999999e-89
6 41827250 rs186458452 0.15835
6 41827336 rs61466555 5.833099999999999e-147
6 41827403 rs2025950 0.42402
6 41827423 rs16895043 0.8078
6 41827839 rs570310640 0.68717
6 41828070 rs2243605 0.069688
6 41828093 rs9471681 0.6849
6 41828244 rs116146047 0.6128
6 41828288 rs541796256 0.69413
6 41828465 rs548481625 0.9321
6 41828508 rs185232065 0.42708
6 41828780 rs140579057 0.41525
6 41829235 rs115277686 0.27625
6 41829267 rs4526183 0.06969199999999999
6 41829512 rs75717345 0.78137
6 41829970 rs34073739 7.711799999999995e-223
6 41830014 rs114385328 0.784
6 41830210 rs114924247 0.11727
6 41830269 rs148085384 0.99935
6 41830637 rs150794701 0.4196
6 41830645 rs2254454 6.166999999999999e-89
6 41830797 rs113294832 0.34371
6 41830900 rs11965174 0.00031589
6 41830927 rs73733044 0.024901
6 41831143 rs2254479 2.6118999999999994e-75
6 41831186 rs77438137 0.9995799999999999
6 41831252 rs79374916 0.36513
6 41831418 rs77947436 0.36486999999999997
6 41831428 rs115522854 0.21253000000000002
6 41832099 rs143272958 0.82968
6 41832280 rs372782144 0.11342
6 41832695 rs148398695 1.3114999999999999e-09
6 41832772 rs2250428 1.8334999999999996e-96
6 41832839 rs2479722 0.076071
6 41832973 rs112806071 0.0041528
6 41833417 rs191903600 0.58062
6 41833713 rs147930223 0.00032734
6 41833823 rs9357370 8.2717e-18
6 41833857 rs191731989 5.8491000000000004e-21
6 41834037 rs7739064 3.164299999999999e-90
6 41834184 rs76902860 0.35983000000000004
6 41834324 rs190201626 0.78568
6 41834336 rs529937872 0.26738
6 41834369 rs77568424 0.41744
6 41834557 rs78260632 0.42677
6 41834819 rs138238956 0.99335
6 41835193 rs115740142 0.00026206
6 41835208 rs113897244 0.35759
6 41835421 rs187388376 2.5114e-14
6 41835446 rs536831515 0.6929
6 41835483 rs191863765 0.69413
6 41835574 rs114139849 0.7044
6 41835812 rs143250584 0.00025845
6 41836040 rs187452016 0.27104
6 41836071 rs148943831 0.35851
6 41836074 rs138201879 0.47686999999999996
6 41836182 rs190439931 0.10751
6 41836225 rs138666700 0.39071999999999996
6 41836344 rs141781940 0.70503
6 41837088 rs149448268 0.97744
6 41837347 rs544251129 0.18409
6 41837361 rs377118740 0.09603400000000001
6 41838119 rs2251084 1.4496999999999998e-96
6 41838797 rs113738228 0.52684
6 41838817 rs2251168 2.5861e-17
6 41839092 rs2149274 2.2155999999999993e-89
6 41839268 rs2149275 3.5849e-17
6 41839402 rs75554582 0.0045118
6 41839438 rs2251274 2.1238999999999996e-89
6 41839996 rs115117969 0.0044297
6 41840593 rs2769934 0.077019
6 41841132 rs11965953 3.5470999999999985e-147
6 41841535 rs9369312 7.135999999999996e-223
6 41842116 rs77265088 0.28517
6 41842263 rs116802565 0.93505
6 41842277 rs371977553 0.54604
6 41842808 rs6907878 0.5309
6 41843044 rs2254474 9.240699999999998e-97
6 41843620 rs530254341 0.27625
6 41843812 rs111595888 0.34052
6 41844041 rs150027395 0.0028710999999999997
6 41844081 rs180703173 2.7619e-06
6 41844189 rs145358513 0.0077161
6 41844293 rs148731673 0.25087
6 41844386 rs186455975 0.9640700000000001
6 41845254 rs773109829 0.8393200000000001
6 41845613 rs114730940 0.10852
6 41845685 rs35793815 0.00028994
6 41845743 rs56662537 0.79748
6 41846045 rs545664164 0.9947299999999999
6 41846090 rs558938567 0.43138000000000004
6 41846110 rs2254805 5.911599999999999e-97
6 41846271 rs79615955 0.35548
6 41846285 rs114948253 0.0043967
6 41846422 rs72867166 3.458e-86
6 41846433 rs77725024 0.70243
6 41846569 rs2254936 3.4048999999999996e-89
6 41846701 rs540160828 5.5454999999999996e-14
6 41846876 rs182053911 0.69413
6 41846954 rs140397631 0.31779
6 41846986 rs193031593 0.77517
6 41847065 rs9369313 5.5823999999999976e-223
6 41847515 rs114900665 0.24264000000000002
6 41847534 rs10456505 1.5364000000000001e-13
6 41847541 rs149095822 0.68612
6 41847673 rs73733047 0.036563
6 41847740 rs184813830 0.10522999999999999
6 41847800 rs9381097 5.556299999999997e-223
6 41848061 rs34718512 6.7696e-38
6 41848088 rs9394837 5.594499999999997e-223
6 41848115 rs529789679 0.2792
6 41848116 rs549550156 0.2792
6 41848189 rs139364374 0.47702
6 41848244 rs11756859 0.0041346
6 41848555 rs374117167 0.0036590000000000004
6 41848820 rs148156689 0.1086
6 41849080 rs149832379 0.17134000000000002
6 41849189 rs182016170 0.33242
6 41849478 rs76147393 0.57896
6 41849701 rs79475640 0.7155600000000001
6 41849875 rs74542078 0.004539199999999999
6 41850242 rs74763719 0.0046436
6 41850547 rs180896762 0.33175
6 41850965 rs1192241 3.171799999999999e-89
6 41851436 rs113702796 0.77112
6 41851466 rs140818773 0.68838
6 41851512 rs760543374 0.47866000000000003
6 41851772 rs137902626 0.18586
6 41851887 rs144382454 0.0039048999999999998
6 41851975 rs9471685 2.5086999999999995e-89
6 41852041 rs10456112 4.4001e-16
6 41852187 rs2395792 3.9327000000000003e-26
6 41852198 rs146367132 0.68689
6 41852329 rs114603190 0.24656999999999998
6 41852616 rs1319012 2.2841e-29
6 41852681 rs555458726 0.6943
6 41852720 rs115914904 0.18586
6 41852755 rs1536703 6.3357e-76
6 41852934 rs149778870 0.39501
6 41852964 rs77280896 0.34708
6 41852990 rs530948921 0.33131
6 41853776 rs190435292 0.9136799999999999
6 41853870 rs543225034 0.18403
6 41853889 rs112493807 0.3456
6 41854157 rs9462751 0.44571000000000005
6 41854386 rs146955196 0.7893399999999999
6 41854401 rs150966945 0.46757
6 41854682 rs140675873 0.0050644
6 41856002 rs35085306 3.0962999999999987e-217
6 41856251 rs369332790 0.7742399999999999
6 41856255 rs144273780 0.7590600000000001
6 41857151 rs140564499 0.76869
6 41857265 rs115458954 0.0043828999999999995
6 41857482 rs116360833 5.8671e-20
6 41857487 rs115553027 3.7728000000000004e-20
6 41857575 rs74985576 0.00034306
6 41857606 rs116392806 0.00034311
6 41857691 rs1887718 6.0850999999999985e-89
6 41857836 rs56307633 0.83304
6 41857868 rs34992963 1.9225999999999996e-147
6 41857958 rs9462752 0.38359
6 41858171 rs115716218 0.004571899999999999
6 41858377 rs184328386 0.16405
6 41858860 rs115165644 0.61654
6 41858903 rs75473338 0.29783000000000004
6 41859794 rs59141089 0.91838
6 41859975 rs140255356 0.0042137
6 41860063 rs138492340 0.77088
6 41860252 rs11964516 2.9432999999999995e-147
6 41860288 rs181918777 0.9073399999999999
6 41860313 rs72867173 0.00060303
6 41860451 rs535201489 0.18425
6 41860715 rs115607183 0.004211100000000001
6 41860888 rs77569607 0.6995100000000001
6 41860988 rs138766169 0.020933
6 41861052 rs74771274 0.25018
6 41861481 rs114079336 0.13773
6 41862474 rs187775897 0.25924
6 41863743 rs12195503 2.4229e-17
6 41863875 rs374470378 0.14965
6 41864068 rs16895071 0.0042482
6 41864135 rs12174903 1.6114e-19
6 41864181 rs60167942 0.032975
6 41864441 rs2031847 0.0027767
6 41864504 rs9471686 0.39595
6 41864580 rs149689499 6.9149e-14
6 41864760 rs574262374 0.007260600000000001
6 41864763 rs9471687 0.38929
6 41865040 rs189342608 0.36864
6 41865407 rs6907404 2.5313999999999993e-96
6 41865412 rs148350770 0.12755
6 41865430 rs146289066 0.31206
6 41865799 rs762423502 0.11862
6 41865926 rs116561666 0.8673799999999999
6 41866024 rs773658566 0.026742000000000002
6 41866575 rs2395791 0.070405
6 41866650 rs115520429 0.27913000000000004
6 41866729 rs182111838 0.9185
6 41866950 rs11753039 2.997699999999999e-147
6 41867173 rs187820736 0.7276199999999999
6 41867348 rs148659546 0.18520999999999999
6 41867585 rs115216716 0.34146
6 41869240 rs371548396 0.16109
6 41869332 rs139213072 0.49728
6 41869659 rs539947301 0.039988
6 41869924 rs1536701 3.3242e-17
6 41869950 rs1536702 7.087299999999999e-97
6 41870146 rs78643713 0.7505
6 41870353 rs143963815 0.7715
6 41870486 rs75987904 0.78074
6 41870748 rs116159799 0.72134
6 41870910 rs6899626 3.7286e-17
6 41870911 rs79447837 0.00028582
6 41870921 rs76931082 2.2121e-16
6 41870957 rs6899659 3.7627e-17
6 41871301 rs185004036 0.57096
6 41871312 rs569371476 0.9707600000000001
6 41871563 rs143776446 0.0049954
6 41871673 rs138354696 0.18339
6 41871721 rs184022069 0.9485
6 41871786 rs9369314 3.4147999999999995e-70
6 41871858 rs116762994 0.0043950000000000005
6 41871885 rs574259453 0.22399000000000002
6 41871930 rs112504949 0.97396
6 41871973 rs9369315 7.8395e-17
6 41872237 rs62398362 1.1060999999999997e-126
6 41872387 rs150582569 0.12355
6 41872459 rs185720986 0.9289200000000001
6 41872685 rs57091930 0.5307
6 41872767 rs142455367 0.76598
6 41873221 rs7759595 0.56604
6 41873756 rs139419733 7.0495e-05
6 41873961 rs4714518 0.064807
6 41874265 rs41273798 0.32488
6 41874268 rs9462753 0.31156999999999996
6 41874788 rs142578784 0.0043887
6 41875179 rs765478577 0.9696799999999999
6 41875313 rs536883312 0.10764000000000001
6 41875795 rs187504985 0.77964
6 41876282 rs11970677 0.00033556
6 41876335 rs3806113 8.038499999999996e-223
6 41877319 rs76092294 0.9431299999999999
6 41877671 rs114056237 6.5892e-27
6 41878042 rs145963022 0.78737
6 41878266 rs4714519 0.00032496
6 41878336 rs148414992 0.0043529
6 41878538 rs116235119 0.0043531
6 41878639 rs535963383 0.9787600000000001
6 41878641 rs189194693 0.6713600000000001
6 41878807 rs145983183 3.976999999999999e-132
6 41879130 rs188913367 0.60947
6 41879518 rs79274058 0.28581999999999996
6 41879736 rs190738518 0.29551
6 41880373 rs113655378 0.35389
6 41880576 rs74812490 0.38234
6 41880607 rs75157530 0.33928
6 41880655 rs144794061 0.46853999999999996
6 41880673 rs111931658 0.0044223
6 41880961 rs115483593 0.08634
6 41881042 rs73426219 0.041089999999999995
6 41881073 rs7746198 0.0038108000000000005
6 41881513 rs182962659 0.0013177999999999998
6 41881626 rs137888939 0.099085
6 41881725 rs544296862 0.0042724
6 41881949 rs10947994 1.5947e-17
6 41882123 rs11969866 8.929099999999997e-111
6 41882264 rs115479737 1.5659e-21
6 41882533 rs549970325 0.010686
6 41882890 rs187553672 0.00018812
6 41882975 rs192175398 0.051031
6 41883252 rs546468768 0.93421
6 41883261 rs150128575 0.0045131
6 41883386 rs112085091 0.9078200000000001
6 41883624 rs112146912 0.27321999999999996
6 41885091 rs6920559 1.1124e-20
6 41885319 rs9357371 1.8894999999999988e-224
6 41885482 rs191616813 0.012429
6 41885510 rs75472244 0.35824
6 41885764 rs115284879 0.76718
6 41885885 rs76032968 0.63472
6 41885909 rs116460871 0.00029778
6 41885960 rs112423500 0.90381
6 41886340 rs542374060 0.18503
6 41886413 rs140085741 0.28717
6 41886922 rs372161246 0.015177000000000001
6 41887210 rs80032753 0.45532
6 41887510 rs143546450 0.7265
6 41887807 rs373041169 0.015177000000000001
6 41888827 rs2274578 8.265499999999999e-89
6 41889185 rs151229263 0.30532
6 41889212 rs9296368 0.35489
6 41889223 rs10947995 3.145199999999999e-147
6 41889240 rs61736990 0.73363
6 41889323 rs143551764 0.060283
6 41889409 rs3763273 0.0039413
6 41889505 rs144207756 0.8226399999999999
6 41889553 rs142676892 0.39994
6 41889673 rs41273802 0.29558
6 41890092 rs549199160 0.41798
6 41890141 rs756097617 0.63863
6 41890554 rs115316195 0.21227
6 41890835 rs2479723 0.055090999999999994
6 41890982 rs2479724 4.1478e-75
6 41891036 rs116771173 0.92415
6 41891410 rs77491476 0.45875
6 41891471 rs72867183 1.7418e-08
6 41891485 rs61027584 0.004349800000000001
6 41891486 rs188887936 0.42281
6 41891500 rs576357696 0.0041029
6 41891723 rs142039291 0.8752
6 41891879 rs9471690 0.98131
6 41891995 rs7738554 1.7259e-20
6 41892066 rs183967179 0.36395
6 41892291 rs75173045 0.33186
6 41892457 rs56215622 1.0943999999999994e-224
6 41892544 rs149988393 0.95515
6 41892782 rs77289717 0.1558
6 41892809 rs10947996 2.5590000000000005e-20
6 41892925 rs116146708 0.46526000000000006
6 41893003 rs76614900 0.23021
6 41893149 rs181794745 0.079701
6 41893202 rs185211243 0.23395
6 41893323 rs9349203 1.6160999999999995e-75
6 41893348 rs145856064 0.0037354
6 41893481 rs188643838 0.44275
6 41893517 rs185221024 0.9636
6 41894397 rs150302075 5.9834e-20
6 41894571 6:41894571_G_A 0.9248200000000001
6 41894757 rs542698920 0.18597
6 41895003 rs138306323 0.36568
6 41895150 rs2296916 0.0029818
6 41895193 rs36124188 0.13667
6 41895358 rs114055150 0.7549399999999999
6 41895769 rs80085578 0.081242
6 41895923 rs78694567 0.36587
6 41896293 rs185348305 0.40414
6 41896406 rs16895092 0.88585
6 41896424 rs77111822 0.35197
6 41896684 rs150615697 0.36379
6 41896919 rs778139497 0.24668
6 41897144 rs114683057 0.9089
6 41897236 rs190573617 0.35462
6 41897592 rs75728662 0.0036119999999999998
6 41897702 rs57385247 0.004296
6 41898096 rs2479726 0.053983
6 41898194 rs182672732 0.92163
6 41898521 rs187843739 0.3975
6 41898564 rs12661819 1.5999000000000002e-17
6 41898619 rs114469750 0.94737
6 41898709 rs367601943 0.25056
6 41898808 rs144435402 0.7422300000000001
6 41899629 rs16895095 0.8347899999999999
6 41899733 rs116014261 0.54192
6 41900375 rs149587548 0.0015102
6 41900406 rs3828855 0.0030326999999999997
6 41900538 rs114731913 0.8187800000000001
6 41900649 rs41273806 0.0034591
6 41900813 rs73426226 0.86997
6 41901003 rs769534198 0.16619
6 41901044 rs186513514 0.12972
6 41901606 rs140625886 0.9055
6 41901699 rs3218117 0.61169
6 41901763 rs3218116 1.996599999999999e-225
6 41902352 rs3218114 1.4804999999999997e-148
6 41902526 rs144960851 0.33165
6 41902559 rs3218109 0.085911
6 41902655 rs3218108 1.8067999999999993e-225
6 41902700 rs3218107 0.62173
6 41902938 rs3218106 0.8606600000000001
6 41903007 rs9529 0.04849
6 41903782 rs1051130 4.8680999999999994e-64
6 41903798 rs33966734 2.3188e-34
6 41903884 rs3218101 0.97634
6 41904035 rs545840762 0.45601
6 41904324 rs11552780 0.10405999999999999
6 41904483 rs3218100 0.0016475
6 41904829 rs116799352 0.71955
6 41904956 rs3218099 0.38224
6 41905154 rs3218098 0.75435
6 41905174 rs2479717 0.00040316
6 41905275 rs3218097 1.0245999999999993e-264
6 41905342 rs138827651 0.5945
6 41905681 rs114568248 0.72375
6 41906364 rs3218095 0.0059756
6 41906459 rs116403918 0.37026
6 41906661 rs3218092 3.554499999999999e-155
6 41906724 rs3218091 0.73348
6 41907213 rs3218090 0.7660899999999999
6 41907855 rs1410492 9.281699999999996e-266
6 41908122 rs3218089 0.5373
6 41908702 rs377533687 0.30496999999999996
6 41908717 rs372668741 0.2128
6 41908922 rs3218088 0.76052
6 41909438 rs1051129 3.2819000000000003e-07
6 41909942 rs3218087 0.37856
6 41910064 rs3218086 3.6153999999999993e-153
6 41910179 rs3218085 4.9523000000000004e-15
6 41910336 rs3218084 0.11892
6 41910425 rs190266656 0.25640999999999997
6 41910851 rs533403693 0.0011359000000000002
6 41911185 rs9381100 1.7266999999999998e-39
6 41911200 rs149184334 0.00034445
6 41911394 rs114787544 0.00032385
6 41911989 rs9462755 3.2388e-48
6 41912252 rs2479718 0.00041386
6 41912383 rs541919501 0.72148
6 41912864 rs9918454 0.31693000000000005
6 41913022 rs147075148 0.7217100000000001
6 41913043 rs138287578 0.00028978
6 41913081 rs2479719 0.0047313
6 41913570 rs6922320 0.58621
6 41913670 rs78915271 0.005693899999999999
6 41913778 rs4714520 1.5331e-39
6 41914195 rs113116955 0.0057787
6 41914208 rs139943373 0.32442
6 41914212 rs112063900 0.005601699999999999
6 41914378 rs9349204 1.0257999999999994e-245
6 41915123 rs116399896 0.7943600000000001
6 41915143 rs6913232 3.3446999999999996e-68
6 41915200 rs9471695 0.0041324
6 41915351 rs6933697 1.8652999999999997e-39
6 41915514 rs147929970 0.00036554
6 41915519 rs6934551 1.5865e-39
6 41915704 rs2479720 0.00062333
6 41915709 rs141797580 0.92364
6 41916214 rs115996323 0.7268399999999999
6 41917099 rs4714522 0.00048807
6 41917110 rs150177487 0.00019055
6 41917222 rs75580691 0.70739
6 41917260 rs141775582 0.99267
6 41917526 rs186985563 3.824e-06
6 41917598 rs9689216 9.7259e-40
6 41917988 rs139509473 0.40674
6 41918042 rs148624763 0.00019981
6 41918060 rs142453754 0.14513
6 41918104 rs7766817 4.9481e-68
6 41918190 rs7766960 4.502199999999999e-68
6 41918352 rs147682512 0.37
6 41918560 rs182423669 0.0013183
6 41918810 rs60119955 0.00050041
6 41919367 rs184070639 8.366299999999998e-25
6 41919386 rs114751952 0.0001984
6 41919394 rs115734688 0.28407
6 41919485 rs73426236 0.87598
6 41919589 rs113218652 0.012405
6 41920579 rs74979086 0.0049058
6 41921196 rs768913902 0.0041179
6 41921241 rs10947997 2.0065999999999993e-156
6 41921434 rs79675842 0.50036
6 41921556 rs146816748 0.50958
6 41921943 rs142180428 0.29678000000000004
6 41922220 rs7768317 9.1947e-37
6 41922509 rs142328364 0.9344600000000001
6 41922564 rs75875700 0.004785800000000001
6 41923801 rs6458249 0.68189
6 41924278 rs13340461 0.007884799999999999
6 41924346 rs114789046 1.8996e-07
6 41924369 rs16895128 5.120099999999999e-155
6 41924563 rs184655712 0.091882
6 41924626 rs146744409 0.80469
6 41924724 rs571342613 0.46998
6 41924853 rs4623235 3.7637999999999994e-82
6 41924931 rs16895130 0.00089799
6 41924998 rs112233623 4.6559999999999993e-119
6 41925159 rs9349205 3.281099999999998e-275
6 41925290 rs11970772 2.115499999999999e-160
6 41925304 rs11968166 1.2914999999999995e-155
6 41925712 rs114074977 0.00012165
6 41925719 rs180673743 0.26779000000000003
6 41925993 rs9471696 0.20985
6 41926122 rs144082269 0.7046899999999999
6 41926526 rs145622105 0.32059
6 41926819 rs149830553 0.014681999999999999
6 41926844 rs9471697 0.2256
6 41926935 rs9394841 2.4432999999999987e-265
6 41927020 rs564549396 0.0079469
6 41927141 rs373567197 0.26194
6 41927157 rs550306534 0.79447
6 41927226 rs144178642 2.6135e-09
6 41927813 rs4478405 2.9436999999999995e-84
6 41928132 rs9471698 0.011418000000000001
6 41928382 rs9349206 1.6021000000000002e-27
6 41928548 rs9381101 1.0800999999999997e-27
6 41928684 rs7773255 6.522799999999999e-84
6 41928874 rs74294386 3.1109e-07
6 41929356 rs9381102 1.0462e-27
6 41929363 rs187346828 0.5956
6 41929647 rs12190238 1.0470999999999998e-27
6 41929908 rs28494563 3.663099999999999e-80
6 41930102 rs7764698 5.78e-30
6 41930294 rs7745210 9.9463e-28
6 41930305 rs193035899 0.00045737
6 41930725 rs7745862 1.1649000000000002e-27
6 41931267 rs79379366 0.0026658000000000003
6 41931268 rs540571247 0.77512
6 41931569 rs12110546 2.6368000000000004e-07
6 41931783 rs12110857 0.31079
6 41932001 rs17287803 0.0097452
6 41932011 rs28449539 1.0557000000000002e-27
6 41932119 rs113847211 0.87287
6 41932190 rs576438099 0.856
6 41932274 rs114574826 0.1093
6 41932306 rs114162836 0.013987000000000001
6 41932403 rs62417386 3.4583e-12
6 41932893 rs146951292 0.01551
6 41933085 rs9367117 8.242499999999999e-28
6 41933459 rs34221531 4.888999999999999e-82
6 41933482 rs9349208 8.4989e-28
6 41933554 rs9357372 7.6201e-28
6 41933570 rs57023124 0.82685
6 41933595 rs747281640 0.2346
6 41933714 rs180939716 0.55979
6 41934104 rs72853818 3.1086e-08
6 41934139 rs766215800 0.037788999999999996
6 41934393 rs73426240 0.89215
6 41934514 rs4130023 3.525e-08
6 41934647 rs4607432 1.715e-27
6 41935524 rs61433430 0.9978600000000001
6 41935781 rs61375651 1.1934999999999999e-47
6 41936010 rs72853823 0.022952
6 41936168 rs62417389 3.4385999999999996e-50
6 41936294 rs114712655 0.70086
6 41936352 rs115511698 0.01793
6 41936636 rs111451105 0.9224
6 41936786 rs146083856 7.6366e-39
6 41937047 rs6458250 2.2043e-50
6 41937058 rs113756602 8.1978e-05
6 41937332 rs35398189 1.1635e-24
6 41937771 rs144637466 0.6976100000000001
6 41937894 rs185191536 0.8558100000000001
6 41938465 rs115022028 0.42013
6 41938481 rs139633563 5.9899e-06
6 41938661 rs185295461 0.8729899999999999
6 41938714 rs57729711 1.2794000000000001e-48
6 41938921 rs151141065 0.8253299999999999
6 41939005 rs116367478 0.040645999999999995
6 41939089 rs114359401 0.14382999999999999
6 41939154 rs60814983 0.8591
6 41939477 rs536039079 0.33981999999999996
6 41939609 rs79334131 7.6153e-07
6 41939806 rs7765516 1.6502999999999998e-82
6 41940505 rs114019813 0.78045
6 41940546 rs9349209 1.956799999999999e-239
6 41940604 rs545568534 0.8978200000000001
6 41940648 rs116243032 0.70065
6 41940886 rs66867810 9.6256e-07
6 41941169 rs6920885 3.5860999999999993e-68
6 41941598 rs141850859 0.8760700000000001
6 41941723 rs6899324 4.8825e-65
6 41941980 rs4415146 6.5495999999999985e-65
6 41941993 rs72853828 9.905900000000001e-08
6 41942245 rs550730994 8.4266e-06
6 41942533 rs60248286 3.7911000000000003e-47
6 41942568 rs9367118 5.010399999999997e-239
6 41942634 rs182766420 0.29706
6 41942775 rs548845244 0.12941
6 41942883 rs572690778 2.1625e-06
6 41943080 rs9381104 1.4533e-05
6 41943284 rs570357036 0.08794400000000001
6 41943290 rs9394842 2.1254e-24
6 41943544 rs145183244 0.88815
6 41944404 rs11964130 0.054844000000000004
6 41944700 rs186003780 0.42893000000000003
6 41944915 rs150421160 0.736
6 41945111 rs6458251 1.1194000000000002e-05
6 41945174 rs7768838 7.131199999999998e-64
6 41945635 rs62417391 1.3165e-48
6 41945875 rs61213270 0.9678399999999999
6 41945897 rs6939464 5.1424e-80
6 41945944 rs143722153 0.75668
6 41946189 rs79699037 1.1244e-48
6 41946261 rs6458252 7.9326e-06
6 41946319 6:41946319_A_G 0.86735
6 41946440 rs7774393 1.3045999999999998e-05
6 41946781 rs192171338 0.42502
6 41946792 rs13219754 1.0242999999999999e-78
6 41946889 rs9381105 4.3986000000000003e-26
6 41947666 rs7742078 0.14205
6 41947706 rs7741792 0.53023
6 41947821 rs7742392 0.8664799999999999
6 41947938 rs184517459 0.8471200000000001
6 41948055 rs6458253 0.82471
6 41948099 rs6458254 0.8616299999999999
6 41948284 rs541658735 0.31890999999999997
6 41948743 rs4714526 0.8661200000000001
6 41949190 rs6937656 0.8217700000000001
6 41949331 rs9296371 0.81955
6 41949504 rs9296372 0.85629
6 41949558 rs9471706 0.82414
6 41949565 rs146641317 0.0035683
6 41950082 rs9367119 0.8992399999999999
6 41950156 rs9369318 1.2017000000000001e-31
6 41950302 rs79716025 0.11972999999999999
6 41950441 rs146101372 0.61732
6 41950770 rs9462759 0.13552999999999998
6 41951031 rs149287478 0.0016169
6 41951645 rs116549857 0.040070999999999996
6 41951752 rs7745671 0.11450999999999999
6 41952106 rs555390851 0.90966
6 41952142 rs7750075 0.8607100000000001
6 41952382 rs73426279 0.05521
6 41952468 rs75961971 0.24458000000000002
6 41952511 rs113267280 5.553399999999998e-100
6 41952558 rs9357375 0.8185899999999999
6 41952687 rs150073830 0.1043
6 41952697 rs182445049 0.18509
6 41952828 rs116289676 0.042219
6 41952899 rs145339265 0.52978
6 41953003 rs116454779 0.20196
6 41953272 rs146505570 0.89491
6 41953714 rs73426281 0.061265999999999994
6 41954611 rs78019028 0.012059
6 41955520 rs114823132 0.038577
6 41955734 rs6919822 0.72567
6 41955778 rs72853846 0.16072999999999998
6 41956575 rs181533194 0.3309
6 41956696 rs559171560 0.88674
6 41956937 rs7766080 0.31747
6 41957541 rs6458259 0.70036
6 41957574 rs6458260 0.73974
6 41957787 rs76911561 0.9708200000000001
6 41957972 rs145189767 0.037723
6 41958246 rs60764456 1.9528999999999997e-47
6 41958396 rs6458261 0.7387600000000001
6 41958589 rs6458262 0.6985899999999999
6 41958819 rs144779511 1.3034999999999999e-17
6 41958835 rs191969619 7.5723e-17
6 41958976 rs150754248 0.23223000000000002
6 41959643 rs60610471 1.7361e-47
6 41959702 rs7739942 0.70326
6 41959785 rs7739971 0.7206100000000001
6 41959789 rs546855707 0.11503
6 41959793 rs72853854 4.2662e-08
6 41959959 rs141032724 0.47481
6 41959963 rs7764240 3.5456e-48
6 41960005 rs7744080 1.2383e-06
6 41960277 rs140130513 0.66303
6 41960494 rs9369319 0.75862
6 41960496 rs9367122 0.75961
6 41960507 rs151068317 0.28588
6 41960846 rs149773966 0.97356
6 41961013 rs4714532 0.7174
6 41961123 rs4714533 0.75513
6 41961319 rs7750163 0.74151
6 41961335 rs116228433 0.96805
6 41961426 rs13216308 0.7518
6 41961824 rs146721126 0.11008
6 41962225 rs114887899 0.47045
6 41962433 rs4714534 0.75568
6 41962449 rs4714535 0.75541
6 41962692 rs7738113 0.70958
6 41962741 rs138695227 0.22462
6 41962805 rs7756712 0.74967
6 41962820 rs113565514 0.05012
6 41963034 rs140052835 0.19012
6 41963069 rs9381112 1.6844999999999995e-182
6 41963074 rs114899211 1.3362e-10
6 41963274 rs144263828 0.97629
6 41963313 rs76256187 0.01311
6 41963449 rs73426302 0.050980000000000004
6 41963783 rs182204420 0.48355
6 41964134 rs139551958 0.84964
6 41964254 rs4714536 0.9947799999999999
6 41964498 rs140262187 0.041694
6 41964589 rs57958307 0.2144
6 41964637 rs9357378 0.0010367
6 41964641 rs55863894 0.98875
6 41964676 rs138646776 0.0030622
6 41964924 rs9357379 0.9506600000000001
6 41964954 rs9369321 0.99582
6 41964970 rs9381114 0.9933299999999999
6 41965076 rs6904394 0.94788
6 41965147 rs9394848 0.95931
6 41965182 rs6904586 0.9595
6 41965252 rs6927373 0.9596399999999999
6 41965428 rs6904985 0.99666
6 41965486 rs75256835 0.8559700000000001
6 41965549 rs138546124 0.39878
6 41965651 rs542120361 0.41989
6 41965807 rs4714537 0.93971
6 41966136 rs9471717 0.9632
6 41966164 rs9462760 0.9570700000000001
6 41966254 rs555595149 0.75889
6 41966300 rs12206672 1.1497e-29
6 41966345 rs539842806 0.062538
6 41966433 rs191897003 0.22891
6 41966542 rs4452641 0.9711299999999999
6 41966659 rs58519945 0.9692299999999999
6 41966729 rs113639898 0.13034
6 41967121 rs144287463 0.47393
6 41967228 rs147801269 0.67151
6 41967231 rs141078234 0.7063
6 41967443 rs4711695 0.9254399999999999
6 41967501 rs12661263 3.028599999999999e-177
6 41967512 rs7754319 0.9726
6 41967528 rs570583807 0.10042000000000001
6 41967540 rs146931251 0.72787
6 41967698 rs137954315 0.00016214
6 41967830 rs4714538 0.9354399999999999
6 41967934 rs35829548 2.0518999999999997e-78
6 41968088 rs143411127 0.4214
6 41968139 rs148345135 0.42568
6 41968180 rs13207451 1.0994999999999998e-78
6 41968668 rs116565956 0.00018315
6 41968754 rs9471721 0.8876700000000001
6 41968930 rs138329446 0.55107
6 41969287 rs191667291 0.0013683
6 41969367 rs115972896 0.037567
6 41969544 rs4714539 0.97346
6 41969633 rs530798216 0.5975699999999999
6 41969665 rs9767067 0.24706
6 41969768 rs4714540 0.93374
6 41969894 rs74883521 0.99046
6 41969928 rs144417304 0.43022
6 41969941 rs4437455 0.8418700000000001
6 41970224 rs190169684 1.8573e-07
6 41970318 rs4380741 0.95686
6 41970342 rs6935646 2.3876999999999997e-31
6 41970404 rs12526550 1.2316e-80
6 41970622 rs115513822 0.58306
6 41970747 6:41970747_A_G 0.68658
6 41970896 rs140638828 0.92122
6 41971583 rs142847950 0.47718
6 41971901 rs9369322 0.83096
6 41971907 rs144299688 0.043788
6 41972134 rs9369323 0.96745
6 41972220 rs147625114 0.013669999999999998
6 41972233 rs537036246 0.9761200000000001
6 41973168 rs535503025 0.4711
6 41973503 rs9357381 0.94266
6 41973743 rs12210079 1.9327e-31
6 41973744 rs4711696 0.8419399999999999
6 41973791 rs139695570 0.9413799999999999
6 41973822 rs11755928 1.7019999999999996e-78
6 41973918 rs9367124 0.63375
6 41974321 rs115981033 0.5737
6 41974372 rs554109148 0.17698
6 41974909 rs141366706 0.56775
6 41974953 rs61462530 0.05611699999999999
6 41975004 rs4714546 0.9053899999999999
6 41975052 rs118103136 0.020437999999999998
6 41975122 rs150209473 0.30423
6 41975322 rs9462762 0.00019369
6 41975679 rs114622370 0.072301
6 41975693 rs182679717 6.1685e-13
6 41975732 rs9462763 0.9783
6 41975846 rs12200559 3.0533000000000004e-27
6 41975906 rs143652290 0.018562000000000002
6 41976269 rs142871491 5.2823e-20
6 41976460 rs7774526 0.98788
6 41976471 rs7756304 0.98825
6 41976838 rs116614575 0.9446
6 41976973 rs3924130 9.352099999999998e-170
6 41977088 rs7449838 0.006326699999999999
6 41977243 rs192445493 0.00014878
6 41977713 rs78419250 0.77956
6 41977937 rs11756584 2.7373999999999995e-79
6 41977988 rs12527752 0.008254000000000001
6 41978065 rs73733061 0.008236499999999999
6 41978274 rs4607417 0.39304
6 41978306 rs9471726 0.60673
6 41978412 rs4445045 7.970799999999999e-55
6 41978552 rs138660539 0.20945999999999998
6 41978657 rs73733063 0.005987
6 41978986 rs149703400 0.81729
6 41979105 rs57484521 7.923199999999999e-55
6 41979204 rs12530094 0.0096288
6 41979246 6:41979246_A_T 0.17576
6 41979513 rs753172853 0.16360999999999998
6 41979555 rs139121020 0.046646
6 41979564 rs12530141 0.009249
6 41979565 rs12528337 0.010497
6 41979605 rs778565058 0.092512
6 41979730 rs146639346 0.7833100000000001
6 41979821 rs75752556 0.081985
6 41980117 rs4272212 0.00062517
6 41980201 rs4714547 0.7340800000000001
6 41980255 rs9471727 2.5024000000000003e-18
6 41980300 rs183592977 0.90154
6 41980402 rs188079997 0.97431
6 41980666 rs6921368 2.031e-86
6 41980871 rs6922061 1.3669999999999995e-86
6 41980937 rs56056026 3.618099999999999e-169
6 41981019 rs115139943 0.41481
6 41981065 rs114621753 0.4513
6 41981077 rs9349211 1.5730999999999997e-86
6 41981297 rs114724710 0.2924
6 41981392 rs9349212 6.655099999999999e-87
6 41981510 rs60223017 0.00075361
6 41981765 rs10948002 2.5027999999999995e-86
6 41981841 rs59332765 0.70515
6 41981878 rs6912057 3.267099999999999e-86
6 41981902 rs540614861 0.0059696
6 41981920 rs189333242 0.001105
6 41982032 rs141190851 0.022955
6 41982391 rs75955997 0.87936
6 41982451 rs10948003 1.7477e-54
6 41982893 rs9471728 1.9663e-18
6 41982953 rs6928971 7.923899999999998e-146
6 41982957 rs6906330 9.881799999999997e-146
6 41983371 rs12175190 6.952999999999997e-166
6 41983379 rs4711697 3.8051999999999994e-144
6 41983395 rs9462764 3.254499999999999e-144
6 41983431 rs4714548 6.420199999999997e-146
6 41983519 rs4714549 2.3800999999999995e-148
6 41983835 rs10807272 3.3838000000000003e-22
6 41983925 rs147699362 0.43599
6 41983971 rs10948004 7.057099999999998e-60
6 41984017 rs142317325 0.069632
6 41984265 rs78141248 0.9799200000000001
6 41984274 rs79898229 0.56655
6 41984385 rs140881081 0.65783
6 41984509 rs150174031 0.41713999999999996
6 41984648 rs79695329 0.51828
6 41984822 rs774315238 0.77936
6 41985229 rs13204359 1.5679000000000002e-11
6 41985436 rs9381118 0.013186000000000002
6 41985518 rs73733067 0.77545
6 41985615 rs369389308 0.47925
6 41985627 rs9357382 0.004282899999999999
6 41985882 rs191425685 0.20345
6 41985913 rs118140399 4.8826e-05
6 41985927 rs374693216 0.51345
6 41986208 rs10807273 3.2325999999999998e-19
6 41986269 rs72664259 0.064078
6 41986273 rs4714550 0.062266999999999996
6 41986427 rs142449754 0.061649
6 41986617 rs150909404 1.6248e-05
6 41986777 rs75154565 0.6732100000000001
6 41986808 rs60147533 0.0012345000000000001
6 41986862 rs193251481 0.9354899999999999
6 41987268 rs145559449 0.00024355
6 41987451 rs4711698 0.059226999999999995
6 41987544 rs9367125 1.2187999999999997e-164
6 41987667 rs78730289 0.0010881999999999999
6 41987688 rs4711699 0.081022
6 41987726 rs180934712 0.8902399999999999
6 41987765 rs6458265 0.88382
6 41987788 rs9394849 2.0554e-17
6 41987832 rs147870646 0.9646399999999999
6 41987893 rs148937692 7.252800000000001e-05
6 41987994 rs9394850 0.99846
6 41988145 rs115122695 0.91575
6 41988384 rs114056474 0.71897
6 41988430 rs79444255 0.8837799999999999
6 41988516 rs759351896 0.20015
6 41988582 rs4320368 0.7881600000000001
6 41988593 rs6937803 0.90676
6 41988742 rs56144648 0.057630999999999995
6 41988756 rs9471732 0.60752
6 41988842 rs6917992 0.9823299999999999
6 41988944 rs756462038 0.28095
6 41989249 rs55834072 0.056138
6 41989688 rs11751200 9.7405e-05
6 41989718 rs6901077 0.052948
6 41989747 rs577561244 0.00040685
6 41989828 rs9471733 0.079989
6 41989853 rs147298210 0.8396100000000001
6 41989858 rs7760280 0.78063
6 41989930 rs144703702 1.1279e-06
6 41989989 rs10948005 0.061664
6 41990136 rs78560252 0.8790600000000001
6 41990259 rs149983496 0.8391
6 41990449 rs77898797 1.1953e-08
6 41990540 rs62415868 0.058376
6 41990791 rs72664260 0.043052
6 41990827 rs56007794 0.048735
6 41990941 rs4714551 0.044554
6 41991039 rs76010090 0.76831
6 41991047 rs548209528 8.1351e-05
6 41991061 rs4714552 0.048292
6 41991069 rs145594918 0.64965
6 41991105 rs79211824 0.78561
6 41991133 rs9471734 1.4474e-16
6 41991347 rs78939020 0.70607
6 41991445 rs112020086 0.99479
6 41991515 rs115690744 0.8777299999999999
6 41991617 rs559377313 0.57713
6 41991675 rs113064794 0.51713
6 41991737 rs7750967 0.045322
6 41991740 rs7750688 0.045813
6 41991870 rs9394851 0.95101
6 41991913 rs9357383 0.047318
6 41991942 rs372622943 0.43935
6 41992279 rs62415869 0.058676
6 41992344 rs4714553 0.0011967
6 41992460 rs187179319 0.53345
6 41992518 rs4711702 0.048875
6 41992571 rs141027631 0.8792200000000001
6 41992694 rs756331100 0.094095
6 41992720 rs148221389 0.8835200000000001
6 41992983 rs4714554 1.3538999999999997e-26
6 41993007 rs9369324 4.928699999999999e-34
6 41993167 rs7770391 2.2382999999999997e-84
6 41993229 rs4714556 2.3545e-67
6 41993365 rs76583279 0.8420200000000001
6 41993479 rs115724923 0.29975999999999997
6 41993554 rs369942993 0.18492
6 41993656 rs9471735 1.9841e-90
6 41993688 rs12214723 2.1153e-17
6 41993861 rs7753265 5.153599999999999e-90
6 41994015 rs181284761 2.8599e-18
6 41994183 rs9394852 4.062e-23
6 41994323 rs142890159 0.035125
6 41994380 rs151031330 0.97795
6 41994481 rs115253804 0.61234
6 41994569 rs9471736 0.064354
6 41994716 rs144132761 0.8790399999999999
6 41994897 rs114118212 0.0044857
6 41994967 rs148849584 0.011472
6 41994973 rs35128272 6.7791e-28
6 41995297 rs9369325 2.1791e-81
6 41995361 rs4365924 1.8959999999999994e-163
6 41995496 rs10948006 1.1147e-52
6 41995547 rs9394853 6.1074e-16
6 41996009 rs73428370 0.5191600000000001
6 41996607 rs9381120 1.0769999999999998e-91
6 41996699 rs80211614 1.4354999999999998e-89
6 41996708 rs570342987 0.07872
6 41996800 rs7749541 0.8715
6 41996828 rs115735270 0.022463999999999998
6 41996956 rs79986923 2.1855000000000002e-16
6 41997182 rs77232756 0.44243999999999994
6 41997323 rs140333591 0.32239
6 41997377 rs9381121 7.841e-89
6 41997384 rs9381122 1.3311999999999998e-64
6 41997487 rs12528470 0.0016679000000000002
6 41997698 rs9367126 1.5250999999999993e-113
6 41997837 rs115086817 0.10161
6 41997926 rs9357384 1.0001e-111
6 41998018 rs77925148 0.8794200000000001
6 41998282 rs56053740 1.8819e-09
6 41998311 rs61307979 0.6738
6 41998545 rs200402382 0.21734
6 41998670 6:41998670_G_A 0.25658000000000003
6 41998963 rs75530981 0.3647
6 41999003 rs80080085 5.5798000000000003e-05
6 41999125 rs4711703 4.3783e-16
6 41999232 rs766691785 0.10977999999999999
6 41999358 rs13211412 0.0033218
6 41999796 rs186152686 0.5242399999999999
6 41999809 rs12199246 8.36e-14
6 42000210 rs150629183 0.71949
6 42000303 rs79132119 5.345399999999999e-05
6 42000456 rs80031019 0.24906999999999999
6 42000512 rs115440891 0.25956999999999997
6 42000584 rs77320037 0.22919
6 42000671 rs34226811 1.0847e-34
6 42000962 rs12202546 1.816e-13
6 42001134 rs148447776 5.1085e-05
6 42001193 rs114057280 2.3176e-13
6 42001197 rs373594378 0.16757
6 42001772 rs77028264 1.7885e-13
6 42002133 rs191312723 0.39878
6 42002383 rs78138774 3.8618000000000003e-13
6 42002694 rs533988174 0.00012704
6 42002867 rs13194688 8.0156e-12
6 42002878 rs76482034 3.1283000000000004e-13
6 42003084 rs10948007 3.0091e-13
6 42003145 rs142018879 0.24286
6 42003159 rs148077424 0.0097567
6 42003478 rs570357558 0.99236
6 42003573 rs189994251 0.50508
6 42003771 rs147191402 0.5047
6 42003802 rs4714557 2.1665e-15
6 42004171 rs180727395 0.25568
6 42004330 rs114015578 0.0098537
6 42004604 rs572582922 0.67667
6 42004803 rs12202607 6.5281e-13
6 42004869 rs147804102 6.6328e-05
6 42006304 rs4400214 4.7862e-12
6 42006528 rs145178246 0.73383
6 42006736 rs146842448 0.23006
6 42006750 rs115808640 0.63549
6 42006958 rs73733074 0.15415
6 42007077 rs9394855 1.5938999999999997e-71
6 42007403 rs67289879 0.0090154
6 42007468 rs12661131 5.3374e-36
6 42007571 rs4481419 2.4685e-12
6 42007877 rs115597780 3.7978e-05
6 42007993 rs188383673 0.7072
6 42008143 rs4236078 0.9237
6 42008203 rs13206037 0.0066816
6 42008394 rs371557105 0.62215
6 42008637 rs4714558 3.8176e-12
6 42008814 rs115968981 0.71528
6 42009106 rs78790875 8.6771e-05
6 42009222 rs116382789 0.37023
6 42009331 rs4331978 3.7509e-05
6 42009564 rs560789413 0.20855
6 42009583 rs4333413 0.0001771
6 42010161 rs139088401 0.5885199999999999
6 42010175 rs149917140 4.6613e-05
6 42010272 rs148621001 0.58865
6 42010302 rs143865154 0.36095
6 42010420 rs12200388 4.0223e-15
6 42010632 rs115201044 0.59123
6 42010681 rs13215373 0.00023814
6 42010850 rs4236079 0.23604
6 42011311 rs12202319 6.1065e-10
6 42011347 rs140986754 0.3533
6 42011405 rs150226098 0.5132800000000001
6 42011569 rs4346850 0.00013689
6 42011611 rs182429708 5.1165e-05
6 42011679 rs563732312 0.54932
6 42011717 rs4516936 0.00010937
6 42011923 rs73733077 0.84941
6 42012024 rs114590912 5.2379999999999994e-14
6 42012159 rs4554318 3.1708999999999994e-46
6 42012488 rs74916404 0.21204
6 42012786 rs142937763 0.36077
6 42013020 rs9381126 0.42186
6 42013042 rs6919122 1.3413e-25
6 42013049 rs6942118 0.0003297
6 42013360 rs6458267 1.0517000000000002e-21
6 42013763 rs79710947 0.072683
6 42013863 rs78605379 4.3057e-08
6 42013868 rs9369326 1.0528e-21
6 42013887 rs543251894 2.1731999999999998e-05
6 42013949 rs76143776 0.53396
6 42013997 rs60905160 4.2428999999999996e-08
6 42014011 rs34797855 1.5731e-07
6 42014057 rs76550746 0.5384800000000001
6 42014140 rs4560643 4.2243e-08
6 42014193 rs78955496 0.12134
6 42014236 rs114372870 0.020339
6 42014304 rs9369327 5.058099999999999e-16
6 42014529 rs73428398 0.41551000000000005
6 42014610 rs59809770 0.38125
6 42014828 rs116555240 0.44603000000000004
6 42015092 rs4527704 4.4143999999999995e-08
6 42015313 rs11754492 5.4368999999999995e-08
6 42015314 rs11754493 5.9158999999999994e-08
6 42015335 rs72855233 3.6479e-05
6 42015398 rs78395328 0.94383
6 42015704 rs77303819 4.4202e-08
6 42015886 rs12201437 0.5511699999999999
6 42016065 rs9394856 8.496299999999999e-53
6 42016132 rs144555274 0.81108
6 42016246 rs10456506 0.55142
6 42016319 rs11552783 5.5744e-08
6 42016447 rs73428399 0.43593000000000004
6 42016496 rs114882621 0.020725
6 42016796 rs12209078 0.56519
6 42016808 rs112700812 5.8096e-08
6 42017286 rs12210681 0.57134
6 42017321 rs12210689 0.5717399999999999
6 42017438 rs79015111 0.0016934
