CHR BP SNP P
11 13245636 rs74447391 0.020803
11 13245771 rs11824830 0.22469
11 13245803 rs34417666 0.23565999999999998
11 13246222 rs12808129 0.015022
11 13246635 rs142784745 0.43065
11 13246876 rs56020713 0.038454
11 13247026 rs7112090 0.0016771000000000002
11 13247395 rs183498086 0.1369
11 13247660 rs877790 0.444
11 13248234 rs80136461 0.39749
11 13248268 rs188112278 0.39834
11 13248307 rs117664203 0.004342
11 13248308 rs900143 0.43123
11 13248391 rs73421475 0.45481000000000005
11 13248437 rs147102530 0.6279899999999999
11 13248539 rs877822 0.00059446
11 13248647 rs7117211 0.4314
11 13248730 rs35424804 0.0038726
11 13249156 rs10831999 0.50298
11 13249327 rs7101574 0.44156000000000006
11 13249487 rs75406044 0.63832
11 13249708 rs184775955 0.5251399999999999
11 13249759 rs12421920 0.67802
11 13250399 rs10832000 0.4433
11 13250854 rs12787629 0.28021
11 13251292 rs77027554 0.5168
11 13251714 rs2128115 0.00051833
11 13251814 rs10832001 0.45127
11 13252041 rs12795870 0.29498
11 13252096 rs568871440 0.13393
11 13252380 rs10832002 0.45393999999999995
11 13252701 rs553576355 0.35825999999999997
11 13252771 rs139197352 0.37427
11 13253054 rs4757129 0.17643
11 13253161 rs149168351 0.16567
11 13253604 rs10832003 0.44563
11 13253775 rs10766062 0.45583
11 13254089 rs12277321 0.1882
11 13254341 rs117940263 0.052487
11 13254504 rs7104311 0.00067357
11 13254669 rs57694842 0.2877
11 13254897 rs192875073 0.3367
11 13255007 rs111639437 0.33297
11 13255161 rs78740431 0.2484
11 13255248 rs189042958 0.9935299999999999
11 13255277 rs141086931 0.001474
11 13255538 rs7107711 0.00065123
11 13255567 rs74547456 0.45198
11 13255971 rs7112233 0.00056088
11 13256147 rs74404498 0.49231
11 13257064 rs4757130 0.41989
11 13257150 rs11600948 0.041025
11 13257553 rs192160362 0.42957
11 13257667 rs7117492 0.51723
11 13257990 rs59529817 0.006427800000000001
11 13257995 rs58799160 0.5171899999999999
11 13258381 rs12805064 0.0089439
11 13258493 rs74697640 0.42933999999999994
11 13258981 rs73417975 0.0066771999999999995
11 13259316 rs117248448 0.63556
11 13259414 rs192198660 0.31351
11 13259561 rs41348446 0.8244299999999999
11 13259678 rs149222896 0.30829
11 13259778 rs1531755 0.0094024
11 13260181 rs1531754 0.33331
11 13260378 rs185498706 0.89097
11 13260387 rs189966216 0.0064866
11 13260743 rs10500776 0.0081844
11 13260882 rs12795287 0.0088116
11 13261186 rs758498854 0.073022
11 13261390 rs11607529 0.0080485
11 13261729 rs113704671 0.007336399999999999
11 13261833 rs149537890 0.70785
11 13261935 rs12802573 0.015493
11 13262490 rs12808273 0.015896
11 13262663 rs187236770 0.8910100000000001
11 13263353 rs149822155 0.8649399999999999
11 13263708 rs73417983 0.010733
11 13265221 rs6486108 0.64949
11 13265737 rs543723540 0.10144
11 13265911 rs10766063 0.5332399999999999
11 13266059 rs545617484 0.16412000000000002
11 13266215 rs2054605 0.00052744
11 13266342 rs2054604 0.010924
11 13266455 rs56784205 0.0053506
11 13266900 rs571971120 0.98234
11 13266951 rs10082688 0.00082064
11 13266963 rs576045521 0.1005
11 13267001 rs10832005 0.00048164
11 13267144 rs76735274 0.69018
11 13267199 rs1384018 0.00041297
11 13267222 rs61882099 0.50627
11 13267292 rs1079764 0.00053216
11 13267296 rs76709789 0.0038645000000000003
11 13267384 rs1384017 0.00028137
11 13267385 rs1384016 0.00021136
11 13267489 rs1384015 0.0017160999999999997
11 13267554 rs1384014 0.0058544
11 13267616 rs1384013 0.0028743
11 13267688 rs767529961 0.84236
11 13267768 rs11022717 0.0019057000000000002
11 13267867 rs6486109 1.8904e-06
11 13268144 rs11022718 0.015121
11 13268386 rs1351522 9.1872e-06
11 13268463 rs11022719 0.58773
11 13268494 rs1351521 9.2697e-06
11 13268538 rs1351520 1.0145e-05
11 13268540 rs77131938 0.9457
11 13268624 rs1351519 0.067051
11 13268797 rs4757133 9.0469e-06
11 13268900 rs16912527 0.7383
11 13268934 rs113391113 0.026174
11 13269302 rs149054151 0.96935
11 13269305 rs78135199 0.28846
11 13269356 rs12417293 0.60782
11 13269434 rs16912530 0.052046
11 13269485 rs1481882 0.7907
11 13269536 rs1481881 9.7065e-06
11 13269548 rs1481880 7.6182e-06
11 13269722 rs11825452 1.0925e-05
11 13269792 rs10832006 7.1568e-07
11 13269818 rs16912534 0.064944
11 13269877 rs16912535 0.013236000000000001
11 13269883 rs10734212 0.25166
11 13269885 rs116302218 0.032713
11 13269921 rs11825504 1.5995e-05
11 13269937 rs11825506 1.4149000000000001e-05
11 13269946 rs34588274 1.368e-05
11 13270008 rs35681858 1.0793e-05
11 13270052 rs10832007 7.7276e-06
11 13270084 rs543737566 0.055824
11 13270151 rs73418002 0.607
11 13270214 rs11605518 7.6625e-06
11 13270318 rs73419903 0.5321100000000001
11 13270501 rs11022721 8.8622e-06
11 13270538 rs11022722 8.7582e-06
11 13270588 rs76082440 0.013615
11 13270635 rs11022723 8.6144e-06
11 13270717 rs986721 6.015499999999999e-06
11 13270823 rs188353318 0.14472000000000002
11 13270897 rs11823928 0.37638
11 13270920 rs6486110 7.6012999999999995e-06
11 13271021 rs76113079 0.38799999999999996
11 13271138 rs986720 6.293099999999999e-06
11 13271276 rs986719 0.8858799999999999
11 13271342 rs56666276 0.8308
11 13271422 rs16912540 0.42508
11 13271768 rs1481879 7.5598e-06
11 13271792 rs529121909 0.97578
11 13271916 rs77948460 0.29816
11 13272029 rs11022724 0.41623000000000004
11 13272091 rs1481877 5.0055e-06
11 13272171 rs1481876 7.6218e-06
11 13272233 rs140044579 0.3805
11 13272308 rs73419908 0.43341999999999997
11 13272360 rs148290936 0.46895
11 13272616 rs4756761 4.8158e-06
11 13272663 rs73419909 0.43425
11 13272778 rs4756762 7.6748e-06
11 13272902 rs4757134 7.6677e-06
11 13273005 rs79263862 0.4258
11 13273156 rs11022725 8.4486e-06
11 13273305 rs11022726 8.5185e-06
11 13273343 rs59420898 0.56698
11 13273440 rs75212759 0.013061000000000001
11 13273660 rs768891330 0.259
11 13273711 rs118044746 0.64941
11 13273898 rs73419911 0.61741
11 13273904 rs565582083 0.94732
11 13274113 rs78568416 0.5080600000000001
11 13274502 rs900140 0.29064
11 13274537 rs544955722 0.88925
11 13274553 rs747601 5.8264e-06
11 13274613 rs764992136 0.038811
11 13274631 rs533586438 0.98561
11 13274991 rs11603808 5.0117e-06
11 13275240 rs4372426 4.9847e-06
11 13275280 rs4429039 0.48313999999999996
11 13275444 rs7939540 0.28948
11 13275639 rs4366469 0.80332
11 13275784 rs184424602 0.69466
11 13276226 rs55898930 0.020059
11 13276311 rs10500777 0.35094000000000003
11 13276329 rs10832008 0.35095
11 13276550 rs10832009 0.34799
11 13276923 rs9783306 5.930499999999999e-06
11 13277443 rs55957464 5.8334e-06
11 13277609 rs56105937 0.65561
11 13277840 rs10832010 0.37287
11 13277932 rs10766064 8.1366e-07
11 13277960 rs182145456 0.016
11 13277961 rs10766065 1.6787e-05
11 13278016 rs60694540 0.012431000000000001
11 13278027 rs10766066 1.6805e-05
11 13278174 rs72865997 0.0019672
11 13278283 rs116199252 0.012439
11 13278505 rs78715087 0.064765
11 13278612 rs7120247 1.7005e-05
11 13278809 rs7117317 5.3889e-06
11 13278888 rs114619856 0.29216
11 13278937 rs11022727 0.36918
11 13279097 rs75683359 0.013111000000000001
11 13279149 rs35601753 5.5140999999999994e-06
11 13279184 rs77396098 0.012314
11 13279219 rs551487735 0.55794
11 13279610 rs11022730 0.35223000000000004
11 13279744 rs113118986 0.58891
11 13279777 rs139575554 0.027121
11 13279793 rs527296055 0.06049500000000001
11 13280198 rs145099086 0.1084
11 13280403 rs4757135 4.2767e-06
11 13280447 rs144040116 0.46774
11 13280501 rs11022732 0.254
11 13280556 rs4756763 5.445e-06
11 13280635 rs12786955 6.4096000000000004e-06
11 13281049 rs77252244 0.26213000000000003
11 13281073 rs79680237 0.082875
11 13281327 rs4757136 4.5691e-06
11 13281515 rs148653185 0.053952999999999994
11 13281557 rs11022733 1.538e-05
11 13281580 rs11022734 1.4183e-05
11 13282058 rs7125487 9.469e-06
11 13282246 rs113443279 0.058687
11 13282279 rs56407311 0.0021284000000000003
11 13282422 rs1481888 0.30405
11 13282558 rs114723175 0.023951
11 13282658 rs114264346 0.39945
11 13282833 rs10734213 0.3868
11 13282979 rs10741614 0.45793
11 13283152 rs10160685 0.29845
11 13283379 rs79484185 0.10947
11 13283657 rs1481887 0.2806
11 13283729 rs118029263 0.5609
11 13283750 rs7358522 0.29728000000000004
11 13283800 rs192925931 0.54545
11 13284056 rs4528309 0.26276
11 13284111 rs998089 2.5159000000000004e-07
11 13284345 rs2035380 2.7052999999999997e-06
11 13285093 rs77119838 0.2151
11 13285281 rs2403661 2.6571e-06
11 13285666 rs79504309 0.30567
11 13285730 rs186876572 0.12305999999999999
11 13285745 rs565635341 0.073925
11 13286278 rs35174874 0.47286000000000006
11 13286862 rs1481886 0.35566
11 13287249 rs12286348 0.70104
11 13287421 rs75034680 0.60564
11 13287599 rs545272120 0.93427
11 13287739 rs184332348 0.91275
11 13287872 rs141177530 0.4885
11 13287938 rs10832011 2.7619e-06
11 13288698 rs7942486 5.904e-07
11 13288851 rs34560638 7.121600000000001e-07
11 13288885 rs61882109 7.2464e-07
11 13289190 rs114350961 0.14926
11 13289282 rs10766067 0.28215999999999997
11 13289344 rs34369393 9.382e-07
11 13289513 rs7943458 0.8979799999999999
11 13289755 rs115492681 0.8754700000000001
11 13289799 rs7940883 0.9664200000000001
11 13289846 rs7940906 0.95173
11 13290039 rs142638751 0.97826
11 13290582 rs143016351 0.3168
11 13290707 rs34061719 0.9768700000000001
11 13290867 rs574621332 0.17185999999999998
11 13291066 rs79323958 0.40603
11 13291207 rs900148 0.31748000000000004
11 13291567 rs80136095 0.33585
11 13291681 rs72867413 0.9395899999999999
11 13291874 rs142673630 0.30563
11 13291931 rs4146385 7.737600000000001e-07
11 13291979 rs4146386 3.5571e-06
11 13292261 rs12295636 0.30024
11 13292277 rs35015902 9.4655e-06
11 13292281 rs12295734 3.7861e-06
11 13292285 rs56366976 0.34035
11 13292344 rs79584272 0.18356
11 13292727 rs11022735 4.0114e-06
11 13292864 rs2219998 8.119499999999999e-07
11 13292909 rs1384030 4.2418e-06
11 13292932 rs551527740 0.68048
11 13293019 rs1384029 3.1210000000000003e-06
11 13293182 rs11022738 4.0875999999999996e-07
11 13293183 11:13293183_C_G 0.10116
11 13293248 rs10832012 3.3726999999999995e-07
11 13293259 rs57109059 0.6097899999999999
11 13293269 rs11022739 0.54219
11 13293763 rs58561300 0.6150899999999999
11 13293840 rs900147 4.1888e-06
11 13293887 rs900146 4.1911e-06
11 13293905 rs900145 4.1857e-06
11 13293979 rs7109016 4.0760000000000004e-06
11 13294268 rs900144 7.716e-07
11 13294745 rs183163742 0.34708
11 13294772 rs60654710 0.15694
11 13294928 rs56965380 0.6128399999999999
11 13295353 rs10832013 4.6981e-06
11 13295415 rs10832014 3.7786e-06
11 13295537 rs532932436 0.82795
11 13295767 rs1384028 3.8399e-06
11 13295920 rs1384027 3.9438e-06
11 13296054 rs80083871 0.34697
11 13296185 rs117612237 0.6512399999999999
11 13296307 rs75746382 0.021616
11 13296365 rs558504095 0.89249
11 13296401 rs1384026 3.8304e-06
11 13296446 rs1384025 3.9146e-06
11 13296561 rs11022742 3.3429e-07
11 13296644 rs1384024 4.0399e-06
11 13297131 rs145994595 0.2096
11 13297203 rs75516012 0.47858999999999996
11 13297689 rs115539443 0.74232
11 13297789 rs7126225 0.31069
11 13297800 rs11022743 3.2538e-07
11 13297875 rs574171991 0.09577000000000001
11 13297925 rs4757138 4.2969e-06
11 13297992 rs12282253 0.27008000000000004
11 13298467 rs193165246 0.9111299999999999
11 13298485 rs2279287 3.8021e-06
11 13298519 rs2279286 3.7945e-06
11 13298687 rs2279285 3.6005e-06
11 13298750 rs2279284 2.9320999999999996e-07
11 13298853 rs10832015 0.32193
11 13298994 rs74718007 0.70713
11 13299024 rs72867439 0.17152
11 13299231 rs10766068 0.28661
11 13299298 rs571861743 0.68502
11 13299623 rs77896536 0.6079899999999999
11 13299799 rs12272728 0.3
11 13299895 rs61882122 6.8713e-06
11 13300252 rs7928655 2.6598000000000004e-06
11 13300456 rs4757139 2.7407e-06
11 13300540 rs4757140 2.7388999999999997e-06
11 13300543 rs61546990 0.62764
11 13301012 rs10734214 0.3222
11 13301114 rs12361893 2.9054e-06
11 13301331 rs75027398 0.29749000000000003
11 13301335 rs4603287 8.922e-07
11 13301544 rs75435655 0.20889000000000002
11 13301548 rs1351525 9.3512e-07
11 13301747 rs538260200 0.46126000000000006
11 13301875 rs72867447 2.6533e-07
11 13301921 rs1481892 9.1639e-07
11 13302394 rs4237700 0.24475
11 13302519 rs4756764 0.24347
11 13302822 rs2403662 1.4072e-06
11 13303011 rs12419932 0.46275
11 13303071 rs3993105 1.2927000000000001e-06
11 13303085 rs7926712 1.2768e-06
11 13303337 rs7939846 0.9429799999999999
11 13303805 rs180953785 0.2742
11 13303929 rs7933521 0.32203000000000004
11 13304262 rs147511217 0.7828
11 13304669 rs76041546 0.29939
11 13304908 rs75233240 0.3661
11 13305152 rs79068311 0.26145
11 13305263 rs34862781 1.0228e-07
11 13305307 rs76437076 0.92199
11 13305402 rs35606247 0.50039
11 13305419 rs182754295 0.10732
11 13305438 rs78517802 0.21853000000000003
11 13305573 rs77240204 0.21952
11 13305974 rs76261882 0.008046
11 13306065 rs72867456 0.46693999999999997
11 13306263 rs77344432 0.0077432
11 13306311 rs4414197 3.4246e-07
11 13306559 rs180702297 0.28675
11 13306605 rs4146388 5.4989e-08
11 13306648 rs4146387 0.4408
11 13306898 rs77486964 0.7955899999999999
11 13307095 rs4757141 6.8931e-08
11 13307300 rs56977248 0.38859
11 13307366 rs11022749 3.6274000000000004e-08
11 13307594 rs11022750 5.3239e-08
11 13307613 rs11022751 5.1382e-08
11 13307622 rs11022752 5.6052e-08
11 13307957 rs187202495 0.040311
11 13307994 rs6486113 0.68704
11 13308083 rs6486114 0.6896899999999999
11 13308184 rs114858268 0.27857
11 13308191 rs6486115 0.6874600000000001
11 13309036 rs117104877 0.36336999999999997
11 13309053 rs75126301 0.010048
11 13309522 rs530044996 0.81445
11 13309643 rs114156133 0.14315999999999998
11 13309644 rs114711346 0.51437
11 13309671 rs10832017 6.5979e-08
11 13309848 rs78438284 0.14432999999999999
11 13310096 rs76307564 0.17514000000000002
11 13310263 rs4353253 2.5134e-07
11 13310482 rs150663450 0.28265999999999997
11 13310573 rs76708955 0.17797000000000002
11 13310718 rs1481891 2.7143e-07
11 13310801 rs16912563 0.84445
11 13310854 rs11022753 5.3404999999999994e-08
11 13310955 rs143851384 0.9708
11 13310969 rs146425273 0.10932
11 13311106 rs7937524 0.68618
11 13311187 rs143161075 0.97264
11 13311205 rs7940784 0.6724600000000001
11 13311263 rs36170258 2.6976e-07
11 13311543 rs111358670 0.2412
11 13312222 rs9888235 0.6913
11 13312254 rs7123257 0.6913
11 13312274 rs12273558 0.4477
11 13312287 rs10766069 0.6913
11 13312306 rs10766070 0.7295
11 13312358 rs7120105 0.67982
11 13312424 rs10832018 2.5753e-07
11 13312595 rs138922972 0.8895799999999999
11 13312626 rs7120507 0.69167
11 13312712 rs7103990 0.69167
11 13312772 rs7104985 0.69167
11 13312969 rs7107287 7.0303e-08
11 13313041 rs77386586 0.015758
11 13313048 rs77522097 0.33793
11 13313083 rs116325167 0.11863
11 13313096 rs10741615 0.45511999999999997
11 13313203 rs117952598 0.31519
11 13313213 rs10766071 0.69007
11 13313243 rs11022754 5.7081e-08
11 13313819 rs559546083 0.53609
11 13313879 rs10832019 7.0852e-08
11 13313907 rs55712643 0.30463
11 13314134 rs114096475 0.11915999999999999
11 13314148 rs7934154 7.0797e-08
11 13314307 rs12290622 2.7893e-07
11 13314426 rs7934480 0.6954
11 13314475 rs34148132 3.5607e-07
11 13314782 rs7925101 0.6894399999999999
11 13314833 rs762051270 0.13882
11 13314882 rs74568920 0.14490999999999998
11 13314887 rs769706297 0.6553800000000001
11 13315049 rs11022755 7.1848e-08
11 13315205 rs34796300 9.8102e-08
11 13315223 rs10766072 0.46873000000000004
11 13315439 rs11022756 2.7096e-07
11 13315821 rs16912662 0.83209
11 13316016 11:13316016_C_T 0.5266
11 13316412 rs16912672 0.45156999999999997
11 13316669 rs78445784 0.9895700000000001
11 13317094 rs922758 0.68589
11 13317406 rs10500778 0.023421
11 13317445 rs117635517 0.027819
11 13317553 rs10500779 0.58353
11 13317896 rs73421858 0.7873
11 13317964 rs10766073 4.5571e-08
11 13318139 rs7950226 0.80373
11 13318431 rs7951393 1.0697000000000001e-08
11 13318524 rs11605776 1.5117e-08
11 13318566 rs10766074 3.7308999999999997e-06
11 13318587 rs10766075 4.0088000000000005e-09
11 13318753 rs10732458 0.5315
11 13318789 rs76900637 0.56175
11 13319130 rs142174934 0.27729000000000004
11 13319131 rs146359606 0.23956
11 13319189 rs77360003 0.54947
11 13319207 rs72867493 0.23621999999999999
11 13319490 rs1871835 0.75807
11 13319789 rs72867496 0.0011555
11 13319793 rs75410373 0.98445
11 13319832 rs58113038 0.61611
11 13319838 rs6486116 1.9411e-08
11 13319894 rs7949336 1.8951e-09
11 13320230 rs61695541 0.84975
11 13320479 rs6486117 0.54624
11 13320525 rs7937432 2.9933e-08
11 13320526 rs7938307 2.7916e-08
11 13320533 rs7938308 9.032e-09
11 13320747 rs114460484 0.036897000000000006
11 13321069 rs73421872 0.93776
11 13321343 rs10832020 5.1994000000000006e-06
11 13321479 rs142014219 0.73457
11 13322069 rs185336459 0.6015
11 13322216 rs115740960 0.63459
11 13322580 rs11022757 2.8927e-08
11 13322587 rs115438153 0.022616999999999998
11 13322880 rs12282683 0.311
11 13323498 rs7114573 3.0831e-08
11 13323518 rs7117836 0.48996000000000006
11 13323542 rs7129254 0.43805
11 13323786 rs6486118 4.5991e-08
11 13323789 rs6486119 4.6287e-08
11 13323966 rs186168638 0.2704
11 13323978 rs7942912 0.4492
11 13324142 rs6486120 3.1034e-08
11 13324423 rs78710854 0.30730999999999997
11 13324530 rs10832021 3.5343e-08
11 13324842 rs61413538 0.8908
11 13325341 rs74470622 0.048237
11 13325449 rs117816514 0.45495
11 13325652 rs59150131 0.9122
11 13325695 rs4757142 2.0135e-09
11 13325749 rs575615098 0.0087641
11 13326128 rs7130064 0.12662
11 13326273 rs149204184 0.2796
11 13326343 rs544894802 0.58141
11 13326564 rs72869104 0.31969000000000003
11 13326726 rs61882362 0.20964000000000002
11 13326775 rs11022759 0.18891
11 13326913 rs536785735 0.13279000000000002
11 13327038 rs79592946 0.39321
11 13327142 rs78194326 0.22035
11 13327283 rs180722251 0.34237
11 13327377 rs11022760 0.13343
11 13327899 rs80327960 0.34194
11 13327939 rs201759896 0.64599
11 13328632 rs11022761 0.18166
11 13328741 rs60396162 0.94314
11 13328979 rs7396943 2.2593000000000001e-10
11 13328983 rs568628932 0.42052
11 13329090 rs74921564 0.5533899999999999
11 13329139 rs4757143 0.11582999999999999
11 13329781 rs12272675 0.1328
11 13329819 rs70965440 0.63684
11 13330098 rs146926167 0.78747
11 13330418 rs117896654 0.0148
11 13330964 rs12274703 0.14074
11 13331226 rs4757144 1.783e-09
11 13331323 rs117155878 0.07950299999999999
11 13331324 rs4757145 1.6400999999999998e-10
11 13331568 rs70965441 0.3849
11 13331808 rs55769038 1.2891e-09
11 13332013 rs115144307 0.9565100000000001
11 13332548 rs147081832 0.26899
11 13333005 rs564894471 0.44054
11 13333118 rs142604173 0.18727
11 13333294 rs115054407 0.9464299999999999
11 13333500 rs61598127 0.5671
11 13333845 rs141777360 0.74395
11 13333851 rs10741616 1.151e-10
11 13333857 rs146238952 0.6855399999999999
11 13333975 rs12420337 0.40938
11 13334287 rs112724559 0.059235
11 13334569 rs139672271 0.6906899999999999
11 13334937 rs142435152 0.44247
11 13335507 rs558643049 0.8363299999999999
11 13335926 rs11022762 1.3072000000000001e-10
11 13335989 rs7131131 0.45408999999999994
11 13336482 rs12279642 0.19505999999999998
11 13336663 11:13336663_A_T 0.57707
11 13337003 rs77332247 0.24553000000000003
11 13337496 rs567938223 0.47278000000000003
11 13337551 rs188428546 0.51653
11 13337632 rs72869111 0.052486
11 13337715 rs190794460 0.66101
11 13337828 rs2166693 0.24838000000000002
11 13337919 rs140292490 0.59432
11 13338204 rs17523129 0.38604
11 13339069 rs548274943 0.015012000000000001
11 13339272 rs10832022 3.6541999999999996e-09
11 13339859 rs11823084 0.44645
11 13339999 rs4237701 0.093445
11 13340154 rs75452169 0.7612899999999999
11 13340585 rs115332867 0.36169
11 13340613 rs35240020 0.069789
11 13340710 rs10766076 3.5207e-09
11 13340867 rs7126796 0.061663
11 13341108 rs149049736 0.11085999999999999
11 13341336 rs76646869 0.036335
11 13342137 rs140397543 0.8598600000000001
11 13342165 rs75908510 0.80814
11 13342802 rs73421884 0.11197
11 13343146 rs34844960 0.093809
11 13343493 rs772200293 0.14954
11 13343743 rs11823291 0.42681
11 13343756 rs72869120 0.65762
11 13344113 rs76564280 0.7592399999999999
11 13344128 rs191596933 0.9136700000000001
11 13344645 rs12805304 3.7902e-09
11 13344840 rs186321361 0.49385
11 13345115 rs11022765 3.5919e-09
11 13345571 rs748524720 0.24699000000000002
11 13345593 rs9633835 2.4136e-11
11 13345965 rs190819322 0.90828
11 13346294 rs11824092 3.0476e-11
11 13346359 rs78474035 0.74032
11 13346672 rs148287087 0.6315
11 13346743 rs17450997 0.19559
11 13346864 rs34188368 0.14257
11 13346908 rs141474328 0.8898
11 13348243 rs61882381 8.6184e-10
11 13348249 rs11022766 3.7824000000000003e-10
11 13348392 rs189192266 0.0001615
11 13349250 rs61882382 0.090809
11 13349559 rs28711392 8.8983e-10
11 13349560 rs77658328 0.26503000000000004
11 13349683 rs145252229 0.12874000000000002
11 13349781 rs10766077 9.318e-10
11 13349897 rs78800267 0.20501999999999998
11 13350131 rs1982350 1.0293e-09
11 13350641 rs58207667 0.62131
11 13350747 rs7924734 1.4642999999999999e-08
11 13350995 rs143645388 0.23444
11 13351069 rs183180595 0.8262299999999999
11 13351181 rs7941761 1.7904e-08
11 13351253 rs78753796 0.6372399999999999
11 13352394 rs11022768 1.4116e-07
11 13352405 rs11022769 3.7488000000000005e-08
11 13354154 rs16912741 0.28622
11 13354364 rs16912743 0.055314
11 13354766 rs2197672 0.21761999999999998
11 13354838 rs181180844 0.49626000000000003
11 13355148 rs115644109 0.77745
11 13355770 rs6486121 9.5345e-07
11 13355818 rs12795264 0.13695
11 13356030 rs7947951 1.1951e-08
11 13356864 rs115206974 0.004691399999999999
11 13356938 rs141988482 0.19389
11 13357183 rs10832027 2.624e-09
11 13357575 rs143409990 0.71934
11 13357670 rs140380960 0.7769199999999999
11 13357872 rs187875410 0.077668
11 13359317 rs116967532 0.064346
11 13359738 rs2896634 0.33902
11 13359745 rs2896635 1.2114000000000002e-09
11 13360257 rs80066048 0.24383000000000002
11 13360708 rs150462049 0.7097899999999999
11 13360946 rs2100116 0.49909
11 13360947 rs117026230 0.099337
11 13361005 rs1037169 1.1852000000000001e-08
11 13361523 rs115729486 0.71536
11 13361524 rs6486122 6.476499999999999e-09
11 13361586 rs72869137 0.83715
11 13362215 rs116576345 0.92005
11 13362291 rs16912751 0.29786999999999997
11 13362533 rs139347460 0.07933
11 13362815 rs7937060 1.102e-05
11 13362993 rs114594214 0.67419
11 13363248 rs10766078 1.1689e-06
11 13363279 rs77032081 0.88459
11 13363294 rs73423514 0.32001
11 13363860 rs187149778 0.16852
11 13363892 rs962678 0.51343
11 13364200 rs1562438 5.6572e-07
11 13364413 rs1562437 0.4268
11 13364528 rs80173628 0.091833
11 13364712 rs1026071 9.085299999999999e-07
11 13364744 rs1026070 0.45333999999999997
11 13364954 rs78122343 0.63567
11 13365010 rs60066169 0.48503999999999997
11 13365062 rs185760018 0.048783999999999994
11 13365588 rs12274451 3.3937e-05
11 13365868 rs115527718 0.46763999999999994
11 13366147 rs751756854 0.47317
11 13366722 rs12421530 2.6041e-05
11 13367031 rs4757146 0.7145699999999999
11 13367750 rs3816360 1.0107999999999999e-05
11 13367987 rs56051850 0.53972
11 13368240 rs183317895 0.31411999999999995
11 13368381 rs7109843 0.0025245999999999997
11 13368383 rs4757147 0.61005
11 13368799 rs12787176 0.41221
11 13369575 rs183312450 0.2701
11 13370059 rs11022773 0.00039810000000000003
11 13370535 rs7126303 0.00031095
11 13370788 rs148001397 0.12336
11 13371635 rs774247277 0.42927
11 13372240 rs55918901 0.039068
11 13372691 rs745764093 0.6955600000000001
11 13373764 rs11022775 0.5656399999999999
11 13373765 rs147923480 0.92181
11 13373963 rs11022776 0.55804
11 13373983 rs17451590 0.70485
11 13374758 rs117599532 0.078073
11 13374828 rs78457359 0.26396
11 13374910 rs11022777 0.026966000000000004
11 13375280 rs11824455 0.15183
11 13375597 rs181428071 0.61938
11 13376665 rs78287267 0.1836
11 13377857 rs117692101 0.6400100000000001
11 13378406 rs372870035 0.57045
11 13378457 rs62620045 0.01721
11 13378465 rs70965442 0.38321
11 13378673 rs181638645 0.88651
11 13378873 rs117349507 0.25243000000000004
11 13379788 rs2290036 0.46503
11 13379973 rs2290037 0.25825
11 13380604 rs116040429 0.50647
11 13381224 rs553041276 0.39373
11 13381548 rs114327028 0.76277
11 13382274 rs187154650 0.13743
11 13382416 rs112982805 0.016512
11 13383547 rs75114867 0.055679
11 13383610 rs148308848 0.80588
11 13383655 rs72869158 0.33805
11 13383682 rs1868049 0.9641200000000001
11 13385303 rs12362414 0.020753
11 13385316 rs3789327 0.25568
11 13386019 rs117629551 0.8407600000000001
11 13386361 rs74795115 0.054585
11 13386597 rs559758310 0.086463
11 13388071 rs191114993 0.26574000000000003
11 13388126 rs183057799 0.31001999999999996
11 13389234 rs60742869 0.89743
11 13390072 rs74342059 0.01231
11 13390084 rs117841923 0.093409
11 13390392 rs757852367 0.65098
11 13390860 rs11022778 0.38632
11 13391149 rs147853240 0.24427
11 13391472 rs3816358 0.0068545
11 13391524 rs116732346 0.46828000000000003
11 13391531 rs112059168 0.9881
11 13391666 rs141391196 0.8773700000000001
11 13392213 rs4757151 0.8455
11 13392298 rs541267895 0.22266999999999998
11 13392974 rs79068689 0.46024
11 13393328 rs80066152 0.40771999999999997
11 13393578 rs191994319 0.49613999999999997
11 13394283 rs561818768 0.98315
11 13394335 rs115613990 0.27469
11 13394798 rs116147169 0.29103
11 13394924 rs147635495 0.6662899999999999
11 13395147 rs958551 0.5715100000000001
11 13395199 rs719342 0.7954899999999999
11 13395307 rs12417641 0.13552
11 13396035 rs114938629 0.86944
11 13396166 rs11600996 0.12377
11 13396277 rs74974089 0.40460999999999997
11 13396517 rs10832028 0.9583299999999999
11 13396748 rs72869173 0.34365999999999997
11 13396792 rs115857544 0.68198
11 13396810 rs11022779 0.30222
11 13396909 rs11022780 0.14157
11 13396952 rs10766079 0.9230799999999999
11 13397325 rs200521706 0.84762
11 13397878 rs2278749 0.32606999999999997
11 13398608 rs12363415 0.3297
11 13398655 rs115562268 0.60396
11 13398894 rs73423544 0.15322
11 13398952 rs556571625 0.67957
11 13399080 rs10832029 0.11315
11 13399213 rs117550978 0.48071
11 13399490 11:13399490_C_T 0.44666000000000006
11 13399515 rs116020431 0.9077700000000001
11 13399528 rs563733023 0.026409
11 13399791 rs10832030 0.9541700000000001
11 13399878 rs377133765 0.098004
11 13400051 rs60280155 0.28836
11 13400278 rs58295558 0.34312
11 13400837 rs17452009 0.021263999999999998
11 13400843 rs572484336 0.075741
11 13401059 rs72869193 0.2455
11 13401085 rs17452044 0.25544
11 13401216 rs72869197 0.24100000000000002
11 13401803 rs3897902 0.9929899999999999
11 13402011 rs559930410 0.8260200000000001
11 13402409 rs11022781 0.11907999999999999
11 13403017 rs182589440 0.74437
11 13403043 rs969485 0.48207
11 13403135 rs969486 0.50988
11 13403341 rs369374279 0.45321999999999996
11 13403941 rs77672037 0.40521
11 13404227 rs142686157 0.8625200000000001
11 13404889 rs74751836 0.65914
11 13405015 rs72869201 0.33551
11 13405461 rs568950353 0.29561
11 13405615 rs80046869 0.7208100000000001
11 13405777 rs61053855 0.22738000000000003
11 13405899 rs11022783 0.69392
11 13406306 rs10832031 0.23651
11 13406367 rs114447239 0.23929
11 13406527 rs57231743 0.19905
11 13406551 rs12364562 0.22956999999999997
11 13406675 rs79168851 0.41301000000000004
11 13406680 rs111314720 0.53522
11 13406695 rs550477557 0.29465
11 13406709 rs12806668 0.9088799999999999
11 13406899 rs117425056 0.7609
11 13406909 rs1447299 0.9935799999999999
11 13407184 rs2290034 0.23360999999999998
11 13407579 rs72870906 0.23781999999999998
11 13407771 rs2290035 0.08594299999999999
11 13407949 rs374223669 0.68765
11 13408627 rs112709662 0.33241
11 13408922 rs72870911 0.23935
11 13409501 rs11022784 0.20428
11 13409798 rs1044432 0.20193
11 13409843 rs1044431 0.20194
11 13410371 rs17452383 0.2796
11 13410763 rs112455409 0.31215
11 13411344 rs10832032 0.13365
11 13411534 rs11022785 0.73711
11 13411705 rs58540269 0.80206
11 13412015 rs193225282 0.26468
11 13412066 rs140575940 0.71712
11 13412302 rs17452492 0.21093
11 13412675 rs184706628 0.5438
11 13412698 rs79353117 0.22566
11 13412943 rs72870919 0.21611999999999998
11 13412949 rs185982809 0.28492
11 13413267 rs11022786 0.08259
11 13413383 rs11022787 0.59058
11 13413507 rs11022788 0.2039
11 13413712 rs11022789 0.21591999999999997
11 13413974 rs11022790 0.23705
11 13414046 rs56384052 0.26500999999999997
11 13414732 rs573551242 0.23553000000000002
11 13415841 rs11022791 0.20465999999999998
11 13416007 rs149771106 0.14747000000000002
11 13416055 rs59628110 0.34661
11 13416063 rs184822178 0.8728100000000001
11 13416332 rs189265779 0.52683
11 13417426 rs181119111 0.81134
11 13417984 rs533080015 0.2271
11 13418040 rs58286708 0.32197
11 13418064 rs527334667 0.47158999999999995
11 13418267 rs150077808 0.85821
11 13418329 rs148843621 0.48063
11 13418475 rs187945921 0.22596
11 13418575 rs192981522 0.22715
11 13418678 rs60287767 0.8134399999999999
11 13418723 rs11493155 0.19763
11 13418724 rs9737393 0.3488
11 13420969 rs7926665 0.078558
11 13421031 rs11022797 0.20869000000000001
11 13421107 rs147267884 0.3262
11 13421253 rs192613851 0.6322
11 13421439 rs186493767 0.74846
11 13421692 rs193285551 0.46953
11 13421761 rs185072442 0.50876
11 13422052 rs148574457 0.64772
11 13422059 rs142074501 0.23992
11 13422070 rs572264464 0.25692
11 13422080 rs151134513 0.57099
11 13422274 rs2896633 0.29699000000000003
11 13422431 rs11022800 0.20805
11 13422947 rs10500780 0.042438
11 13423099 rs77721988 0.37367
11 13423199 rs11022801 0.9884299999999999
11 13423471 rs12360717 0.20925
11 13423517 rs72870929 0.19680999999999998
11 13423585 rs58916325 0.78842
11 13424231 rs78914390 0.22198
11 13424248 rs114060221 0.27615
11 13424399 rs7939162 0.19036
11 13424506 rs3761862 0.24755
11 13425253 rs76437650 0.040922
11 13425629 rs4757152 0.9964299999999999
11 13425833 rs4757153 0.20244
11 13425931 rs78476696 0.61983
11 13426046 rs74952609 0.93345
11 13426554 rs76993798 0.32674000000000003
11 13426766 rs4757154 0.9897100000000001
11 13426848 rs4757155 0.99624
11 13426905 rs139419803 0.75631
11 13426940 rs72870935 0.46533
11 13427588 rs73423561 0.10599000000000001
11 13427878 rs12361729 0.19212
11 13428100 rs56105729 0.35698
11 13428354 rs11022804 0.19637000000000002
11 13428513 rs77685103 0.39645
11 13428961 rs7951183 0.9949600000000001
11 13428969 rs7937399 0.9949600000000001
11 13429585 rs559766621 0.7911600000000001
11 13429821 rs7116636 0.19645
11 13429961 rs7103068 0.29536
11 13429990 rs7122965 0.34484000000000004
11 13430082 rs72870942 0.32949
11 13430092 rs72870943 0.24674000000000001
11 13430482 rs55666811 0.32952
11 13430577 rs10766080 0.9999399999999999
11 13430690 rs57512793 0.34226
11 13430799 rs114413250 0.7155100000000001
11 13431441 rs72870946 0.25049
11 13431528 rs72870947 0.19447
11 13431584 rs191664162 0.25228
11 13431840 rs78784774 0.32484
11 13431953 rs2044555 0.41949
11 13432221 rs7924494 0.77163
11 13432658 11:13432658_C_T 0.54037
11 13432691 rs550477396 0.66786
11 13432846 rs11604595 0.071851
11 13433033 rs7105576 0.21508000000000002
11 13433212 rs749397496 0.64061
11 13433612 rs143305491 0.25466
11 13433864 rs79323884 0.33753
11 13434098 rs763741609 0.28941999999999996
11 13434272 rs11022807 0.20635
11 13434780 rs112083229 0.36391999999999997
11 13434943 rs9667322 0.34845
11 13435783 rs10766081 0.7721
11 13435948 rs75642767 0.5526800000000001
11 13435950 rs11022808 0.20697
11 13436217 rs10832033 0.9148200000000001
11 13436981 rs7925736 0.20697
11 13437466 rs115720504 0.44036000000000003
11 13437518 rs72870954 0.20783000000000001
11 13437761 rs149617495 0.2504
11 13437762 rs189889137 0.8789100000000001
11 13437765 rs183215213 0.74521
11 13437923 rs12802900 0.07658200000000001
11 13437932 rs12365898 0.20740999999999998
11 13438245 rs11022810 0.049505
11 13438299 rs112167710 0.89623
11 13438417 rs7124387 0.76845
11 13438477 rs112175794 0.32065
11 13438599 rs11022811 0.76589
11 13439112 rs192851815 0.041191000000000005
11 13439625 rs12360906 0.21054
11 13439770 rs117836279 0.94758
11 13440606 rs568946224 0.6643
11 13440905 rs12418928 0.09687799999999999
11 13441126 rs7114113 0.19489
11 13441158 rs34185489 0.36451999999999996
11 13441444 rs876226 0.052016999999999994
11 13441694 rs77842031 0.21016999999999997
11 13441741 rs2403664 0.051927
11 13441812 rs77524539 0.26736
11 13441917 rs12282416 0.063858
11 13441938 rs562339740 0.45761
11 13441990 rs79044199 0.26798
11 13442194 rs772403822 0.8537399999999999
11 13442778 rs11022813 0.21114000000000002
11 13442912 rs895686 0.20196
11 13443017 rs3789326 0.19387000000000001
11 13443250 rs3789325 0.20226
11 13443459 rs11022814 0.20703000000000002
11 13443564 rs114770592 0.7732600000000001
11 13443891 rs61360242 0.11844
11 13443912 rs11022815 0.20656
11 13444012 rs182368015 0.6209
11 13444336 rs74749503 0.17268
11 13444414 rs75179052 0.018340000000000002
11 13445205 rs116732371 0.6209
11 13445539 rs117021493 0.9799399999999999
