CHR BP SNP P
3 52130666 rs35898691 0.87803
3 52130909 rs191043099 0.29429
3 52131068 rs755138562 0.065424
3 52131256 rs111638385 0.8123100000000001
3 52131836 rs115542199 0.75129
3 52132029 rs9843852 0.81005
3 52132239 rs73082779 0.35162
3 52132352 rs188430666 0.81333
3 52132544 rs557397221 0.64082
3 52133337 rs144057032 4.9063e-05
3 52133511 rs555415034 0.98759
3 52133728 rs148981388 0.28936999999999996
3 52135207 rs181450276 0.029243
3 52135449 rs186183778 0.32303000000000004
3 52135709 rs115865955 0.7239300000000001
3 52136302 rs182033265 0.40389
3 52136832 rs527959817 0.046281
3 52137033 rs113464243 0.79197
3 52137469 rs9843299 0.8295600000000001
3 52137508 rs182757257 0.087426
3 52137674 rs75169819 0.63618
3 52137683 rs187306516 0.9964700000000001
3 52137941 rs72955243 0.7369399999999999
3 52138023 rs115474808 0.45846000000000003
3 52138120 rs112081347 0.7759
3 52138377 rs9868101 0.8232799999999999
3 52138428 rs116368336 0.9958
3 52138520 rs115686465 0.73658
3 52138900 rs17051963 0.62064
3 52138955 rs111985478 0.76337
3 52139064 rs73082780 0.66198
3 52139910 rs13071976 0.51254
3 52139949 rs113373181 0.7313
3 52139985 rs191838630 0.9955
3 52140129 rs111842241 0.81081
3 52140591 rs4687609 0.62712
3 52140708 rs115691889 0.67925
3 52140882 rs142393739 0.048136
3 52140893 rs190645201 0.8222700000000001
3 52141559 rs61333587 0.67113
3 52141932 rs111359186 0.7910699999999999
3 52142097 rs114924427 0.78972
3 52142336 rs112336864 0.79384
3 52142654 rs74864831 0.60707
3 52142787 rs113487287 0.76653
3 52143133 rs75834643 0.59309
3 52143504 rs9874939 0.84904
3 52143516 rs74603747 0.68576
3 52144100 rs116225137 0.95114
3 52144182 rs4687806 0.60648
3 52144583 rs185366110 0.59635
3 52144947 rs9847073 0.818
3 52145214 rs182315143 0.18603
3 52145227 rs112243011 0.90136
3 52145943 rs181008105 0.31537
3 52145980 rs185316766 0.82231
3 52146229 rs138155564 0.49377
3 52146327 rs80255536 0.62153
3 52147485 rs9830293 0.81584
3 52147838 rs79124006 0.013671
3 52147850 rs59890038 0.81466
3 52147985 rs114651301 0.7843100000000001
3 52148133 rs139698248 6.213800000000001e-05
3 52148233 rs9817653 0.8215600000000001
3 52148483 rs6778442 0.72496
3 52148623 rs114188957 0.57763
3 52149433 rs149102638 0.5532100000000001
3 52149649 rs9882775 0.81293
3 52149818 rs12488456 0.6258
3 52150047 rs181243622 0.051484
3 52150264 rs115659850 0.95865
3 52151002 rs144394310 0.54555
3 52151176 rs146325717 0.9590200000000001
3 52151283 rs113151540 0.49993999999999994
3 52151466 rs111927720 0.005587
3 52151754 rs777455745 0.021669
3 52152056 rs567719178 0.56762
3 52152071 rs74654915 0.9594600000000001
3 52153473 rs78144509 0.6269399999999999
3 52154873 rs111800148 0.18379
3 52154888 rs73835707 0.6138
3 52154933 rs146291553 0.22699
3 52155055 rs558060877 0.032638
3 52156170 rs142819262 0.8331700000000001
3 52156461 rs115238307 0.9547899999999999
3 52156623 rs115285076 0.79324
3 52157512 rs556368488 0.9508
3 52157595 rs141965426 0.38216999999999995
3 52157709 rs114385658 0.3971
3 52157726 rs920160 0.50188
3 52158319 rs149185295 0.8542700000000001
3 52158845 rs571781035 0.92558
3 52158955 rs115598261 0.5291100000000001
3 52158962 rs145897580 0.32681
3 52159476 rs13081228 0.51202
3 52160175 rs77559399 0.0029096
3 52160189 rs534970386 0.15662
3 52161492 rs113266530 0.7911699999999999
3 52161508 rs149382991 0.41671
3 52161643 rs28387060 0.84254
3 52161820 rs12386365 0.80667
3 52162259 rs116223739 0.98951
3 52163067 rs112008453 0.7860199999999999
3 52163155 rs6784807 0.28160999999999997
3 52163189 rs6773704 0.84551
3 52163554 rs576350215 0.8432200000000001
3 52163679 rs76834634 0.34956
3 52163804 rs77348386 0.61235
3 52163966 rs112752028 0.90056
3 52163992 rs73082782 0.2964
3 52164361 rs59196507 0.76068
3 52164668 rs576285587 0.05153200000000001
3 52164954 rs113846100 0.8096
3 52165033 rs187195871 0.9770700000000001
3 52166072 rs182041805 0.48472
3 52166147 rs9809977 0.82855
3 52166379 rs540748491 0.070537
3 52166503 rs113458313 0.78012
3 52166551 rs111764459 0.75011
3 52166596 rs9841469 0.81985
3 52167173 rs6445259 0.79008
3 52167220 rs188147349 0.06888999999999999
3 52167455 rs111603668 0.44415
3 52167773 rs4687808 0.6291800000000001
3 52167882 rs112330541 0.77013
3 52167975 rs4687809 0.62921
3 52168506 rs140655180 0.64173
3 52169095 rs4687810 0.85669
3 52169448 rs150273709 0.8442700000000001
3 52170517 rs76002165 0.88869
3 52170535 rs148941999 0.8445600000000001
3 52170767 rs143924267 0.59548
3 52170823 rs147182959 0.60734
3 52170862 rs6809294 0.76054
3 52170880 rs7652969 0.93458
3 52170926 rs7652984 0.64695
3 52171275 rs76403062 0.98482
3 52171338 rs113238207 0.9304
3 52171801 rs116435942 0.8362
3 52172337 rs13064488 0.14257999999999998
3 52172347 rs6797786 0.70758
3 52172889 rs111789665 0.75372
3 52172978 rs113790966 0.9751299999999999
3 52173039 rs111439059 0.64677
3 52173114 rs115475563 0.63659
3 52173460 rs575325427 0.27379000000000003
3 52173470 rs140439641 0.12797
3 52173625 rs2334961 0.85651
3 52174970 rs735768 0.85565
3 52175420 rs6784563 0.39624000000000004
3 52175474 rs6784653 0.6854
3 52175572 rs6784764 0.96044
3 52175783 rs12629791 0.85854
3 52176007 rs28452586 0.81208
3 52176701 rs749995 0.8701399999999999
3 52176714 rs548548729 0.86556
3 52177348 rs893055 0.4703
3 52177407 rs113817445 0.93545
3 52177610 rs77781367 0.8295799999999999
3 52178014 rs577401832 0.48733000000000004
3 52178185 rs79707309 0.6793100000000001
3 52178327 rs115009124 0.37067
3 52178421 rs145855616 0.49257
3 52178437 rs113973641 0.01872
3 52178556 rs148576317 0.12403
3 52179365 rs181504497 0.7339600000000001
3 52179498 rs115192555 0.43966000000000005
3 52179833 rs146526945 0.38048000000000004
3 52179931 rs139147068 0.27241
3 52180718 rs113429807 0.89118
3 52180877 rs150342460 0.02181
3 52181534 rs144887181 0.98672
3 52181559 rs186166495 0.98672
3 52181756 rs114011390 0.36988000000000004
3 52182591 rs148015798 0.038004
3 52182944 rs17051977 0.80284
3 52183958 rs11546882 0.99315
3 52184025 rs775219606 0.33954
3 52184074 rs189071526 0.2943
3 52184105 rs112566473 0.6914100000000001
3 52184161 rs112983455 0.9237200000000001
3 52184760 rs2304505 0.80052
3 52184967 rs190649277 0.8601700000000001
3 52185237 rs189819311 0.8368
3 52185450 rs138778154 0.38468
3 52185531 rs137912440 0.20748000000000003
3 52186352 rs377675220 0.06517300000000001
3 52186569 rs535231404 0.87335
3 52187508 rs111268585 0.97209
3 52187542 rs140993452 0.82226
3 52187579 rs115502148 0.43575
3 52187977 rs544021452 0.8435299999999999
3 52188308 rs6777340 0.8874700000000001
3 52188361 rs114209632 0.82337
3 52188364 rs116293720 0.37256999999999996
3 52188398 rs114950421 0.99261
3 52188503 rs544753695 0.8433700000000001
3 52188924 rs78385558 0.30588000000000004
3 52189197 rs62261068 0.39551
3 52189211 rs113924518 0.70476
3 52190657 rs9811707 0.81129
3 52190937 rs56281986 0.8142699999999999
3 52191067 rs184146314 0.99739
3 52191271 rs146733909 0.46561
3 52192253 rs180872042 0.81626
3 52192911 rs112905563 0.98364
3 52193214 rs112155427 0.098561
3 52193366 rs55927956 0.7682
3 52193789 rs7623076 0.39774
3 52194075 rs7625515 0.39192
3 52194236 rs72955260 0.7439399999999999
3 52194485 rs111527137 0.7206100000000001
3 52194853 rs61435677 0.98767
3 52194908 rs183663399 0.068109
3 52195181 rs72955262 0.73778
3 52195483 rs114926397 0.25985
3 52196241 rs6786592 0.8676299999999999
3 52196548 rs9815010 0.80285
3 52196749 rs79553248 0.63645
3 52197208 rs80033022 0.41534
3 52197264 rs149954471 0.91566
3 52197363 rs149026987 0.070095
3 52197380 rs143011351 0.99626
3 52197513 rs9816434 0.80612
3 52197632 rs62261069 0.52594
3 52198188 rs190963670 0.25664000000000003
3 52198273 rs146958160 0.9783700000000001
3 52198322 rs7638246 0.79956
3 52198618 rs56322622 0.79499
3 52198622 rs111681845 0.6912699999999999
3 52198758 rs188017229 0.30772
3 52198853 rs113582976 0.61743
3 52198885 rs146050503 0.4024
3 52199453 rs9847092 0.7763899999999999
3 52200684 rs184795485 0.021082
3 52201050 rs147759220 0.9857899999999999
3 52201070 rs113786304 0.76027
3 52201099 rs113949679 0.71555
3 52201141 rs57466127 0.7804399999999999
3 52201210 rs9637473 0.56214
3 52201749 rs148975937 0.84978
3 52201757 rs73082784 0.2691
3 52201828 rs115246546 0.3237
3 52202253 rs148145080 0.9371700000000001
3 52202392 rs141077700 0.016615
3 52202558 rs9846981 0.32678
3 52202820 rs1237830 0.7358899999999999
3 52202880 rs113772225 0.082932
3 52203225 rs780046114 0.83416
3 52203249 rs808787 0.74487
3 52203599 rs171294 0.74861
3 52203938 rs352146 0.7590600000000001
3 52205051 rs73082786 0.1894
3 52205800 rs352646 0.6545300000000001
3 52206318 rs77222888 0.64477
3 52206634 rs145300535 0.12044
3 52206769 rs149201740 0.8466799999999999
3 52206830 rs145152916 0.8463799999999999
3 52207495 rs139030094 0.8461200000000001
3 52207620 rs7636412 0.48213
3 52207886 rs164638 0.7105199999999999
3 52207888 rs3852069 0.19066
3 52207890 rs191132210 0.9825
3 52208141 rs182904725 0.090428
3 52208285 rs352147 0.71826
3 52208299 rs142827059 0.48505
3 52208341 rs139738359 0.9743799999999999
3 52208898 rs352148 0.7147600000000001
3 52209218 rs573552467 0.84415
3 52209320 rs123681 0.70997
3 52209464 rs148613313 0.51195
3 52209530 rs352149 0.70202
3 52209884 rs183029 0.6853899999999999
3 52209940 rs74872520 0.22923000000000002
3 52209995 rs352150 0.69608
3 52210055 rs79533629 0.64823
3 52210152 rs146852154 0.9467
3 52210272 rs352151 0.6887300000000001
3 52210649 rs145897003 0.0018313
3 52210700 rs352152 0.90364
3 52210749 rs145192672 0.5332100000000001
3 52210872 rs164639 0.70536
3 52210982 rs79957430 7.6882e-05
3 52211025 rs75269309 0.21219000000000002
3 52211184 rs352153 0.7649
3 52211822 rs353556 0.60055
3 52212148 rs139161192 0.024191999999999998
3 52212661 rs3852070 0.19212
3 52212974 rs75152916 0.024436000000000003
3 52213228 rs556283319 0.45995
3 52214610 rs352156 0.019632
3 52214640 rs34656997 0.015877000000000002
3 52214839 rs142447018 0.0025984000000000003
3 52215937 rs142457873 0.0024631999999999996
3 52216037 rs77920158 0.16602999999999998
3 52216686 rs188145809 0.38961999999999997
3 52217088 rs353551 1.0290999999999999e-05
3 52217176 rs189928468 0.22184
3 52217704 rs352158 5.8389e-06
3 52217956 rs78488964 0.19726
3 52218386 rs182873580 0.0021414999999999997
3 52218452 rs113925101 0.6682899999999999
3 52218499 rs150133652 0.034949
3 52218880 rs111748620 0.50912
3 52219850 rs145964491 0.78351
3 52220203 rs614288 9.7837e-07
3 52220483 rs352159 0.019712
3 52220559 rs77823729 0.93319
3 52220836 rs72955280 0.66461
3 52221092 rs352160 0.022758
3 52221679 rs377140526 0.62348
3 52221796 rs6767333 0.49918999999999997
3 52221849 rs352161 6.1285e-06
3 52221914 rs149848611 0.0023643
3 52222011 rs116664828 0.14282999999999998
3 52222146 rs115120174 0.78442
3 52222266 rs113480351 0.7872600000000001
3 52222353 rs73082798 0.84446
3 52222380 rs113111093 0.8476299999999999
3 52222440 rs147547669 0.0022151999999999996
3 52222729 rs139858878 0.0023633000000000005
3 52223244 rs149152941 0.008375
3 52223281 rs76066960 0.92845
3 52223731 rs114357290 0.64082
3 52223773 rs533439231 0.76652
3 52223946 rs140347732 0.3001
3 52224000 rs571616584 0.33924
3 52224227 rs753833331 0.8051
3 52224525 rs9828488 0.48118
3 52224589 rs181190702 0.0023255
3 52225565 rs56366004 0.017639
3 52225733 rs114318622 0.71734
3 52225766 rs144584846 0.0023818000000000003
3 52226165 rs748445564 0.25590999999999997
3 52226527 rs541747185 0.97677
3 52227274 rs141535281 0.002392
3 52227289 rs140163861 0.0023864
3 52227339 rs139714910 0.99398
3 52227521 rs192050272 0.9999100000000001
3 52227702 rs114431834 0.0061037
3 52228150 rs411457 6.4223e-06
3 52228496 rs524986 6.1577e-07
3 52228605 rs144891078 0.0023926999999999998
3 52228767 rs113516983 9.8635e-05
3 52229095 rs352173 0.027348
3 52229256 rs553745996 0.026175
3 52229680 rs352172 0.12867
3 52229792 rs147076680 0.19168
3 52230319 rs186870556 0.14039000000000001
3 52230440 rs104902 0.0097275
3 52230475 rs104903 6.004699999999999e-07
3 52230669 rs148711657 0.20105
3 52230786 rs116535703 0.34144
3 52231334 rs567242120 0.72692
3 52232593 rs57860290 0.64273
3 52233147 rs542849183 0.11889000000000001
3 52233295 rs35338461 0.0018146
3 52233564 rs72955288 0.2646
3 52233861 rs181274 6.506399999999999e-07
3 52234203 rs352171 6.186900000000001e-06
3 52234823 rs181177787 0.5613199999999999
3 52236077 rs352170 5.993099999999999e-06
3 52236084 rs71297385 0.80014
3 52236315 rs7644241 0.68102
3 52236762 rs352169 6.2641e-06
3 52236800 rs149960347 0.0021886999999999996
3 52237970 rs352168 5.7846000000000005e-06
3 52238165 rs192400385 0.062214
3 52238356 rs141245704 0.0021739
3 52238562 rs143326561 0.39116999999999996
3 52238656 rs352167 6.811700000000001e-07
3 52238677 rs352166 6.902600000000001e-07
3 52239223 rs13064414 0.69239
3 52240044 rs200580826 0.34404
3 52240088 rs186571980 0.56037
3 52240273 rs115309848 0.51344
3 52241088 rs190646645 0.6872699999999999
3 52241228 rs192613297 0.16130999999999998
3 52241229 rs164641 0.016633000000000002
3 52241714 rs144527701 0.0020245999999999997
3 52241801 rs142690702 0.0022363
3 52241835 rs6802320 0.0074753
3 52242059 rs181637424 0.9475299999999999
3 52242103 rs144166227 0.0021458000000000002
3 52242651 rs141182569 0.0021234
3 52242902 rs352165 7.887899999999999e-07
3 52243246 rs185860301 0.0021160999999999997
3 52243284 rs60539053 0.61238
3 52243406 rs143805645 0.0021153
3 52243445 rs138494682 0.0019952999999999998
3 52243486 rs141440846 0.57035
3 52243538 rs571702332 0.023296
3 52243739 rs116017578 0.019036
3 52244051 rs11712164 0.00058178
3 52244085 rs181235825 0.0026655
3 52244312 rs778815441 0.19505
3 52244526 rs369759331 0.51161
3 52245168 rs78041309 0.03232
3 52245251 rs369540535 0.62732
3 52245733 rs73835711 0.82457
3 52245828 rs142895395 0.32023
3 52245995 rs9813448 0.45579
3 52246030 rs9813468 0.53079
3 52247110 rs352163 1.6503000000000001e-06
3 52247161 rs76506183 0.53705
3 52247314 rs164640 1.7400999999999999e-06
3 52248448 rs76005311 0.0016712
3 52248575 rs17052020 0.23567
3 52248892 rs10212560 0.45697
3 52249068 rs150026133 0.0019454999999999997
3 52250014 rs59635714 0.6327
3 52250204 rs183827502 0.80915
3 52251563 rs149466283 0.9381299999999999
3 52251632 rs143879204 0.0021544
3 52252043 rs7614535 0.081635
3 52252188 rs143880948 0.0020329000000000002
3 52252769 rs563697245 0.056699
3 52252969 rs352162 6.4837e-08
3 52252996 rs74735459 0.0017904
3 52253229 rs147005398 0.0017872
3 52254120 rs183527933 0.34219
3 52254202 rs112906996 0.0018082
3 52254231 rs150496589 0.65071
3 52254277 rs138413144 0.36519
3 52254716 rs5743849 0.66394
3 52255215 rs5743848 0.20935
3 52255392 rs445676 0.009092200000000002
3 52255744 rs5743845 0.0019966999999999997
3 52255818 rs138032346 0.37308
3 52256286 rs143703479 0.62879
3 52256697 rs352140 5.3201e-06
3 52256805 rs35342983 0.0020043
3 52257183 rs35654187 0.0027205
3 52257400 rs141692865 0.99451
3 52257828 rs72959313 0.097191
3 52257891 rs116310431 0.36275
3 52258179 rs145134724 0.2014
3 52258319 rs5743842 0.89164
3 52258372 rs352139 8.6422e-08
3 52258497 rs148188658 0.8113600000000001
3 52258770 rs55921270 0.0019935
3 52259383 rs72959315 0.23255
3 52259459 rs373979034 0.0011828
3 52260032 rs41302828 0.14019
3 52260212 rs5743840 0.2364
3 52260404 rs5743839 0.7812899999999999
3 52260598 rs5743838 0.07488500000000001
3 52260782 rs5743836 0.044485000000000004
3 52261031 rs187084 9.6297e-06
3 52261468 rs352144 0.0043494
3 52261621 rs5743835 0.60936
3 52262013 rs150060515 0.73363
3 52262323 rs5743834 0.54498
3 52262355 rs578050158 0.96977
3 52262382 rs75219809 0.24611999999999998
3 52262451 rs369995796 0.7527699999999999
3 52263622 rs147881772 0.0028491
3 52263967 rs34038856 0.2575
3 52264660 rs77633859 0.011609
3 52264706 rs115815566 0.9888
3 52264907 rs352143 0.0012034
3 52265215 rs164637 0.008415899999999999
3 52265259 rs164636 0.0074842
3 52265321 rs115585422 0.15428
3 52265647 rs140845750 0.62893
3 52265824 rs528632528 0.39043
3 52265948 rs74665344 0.062952
3 52266191 rs11717081 0.67966
3 52266290 rs58879205 0.10807
3 52266382 rs352142 0.00073183
3 52266806 rs140991232 0.0032478999999999997
3 52267051 rs114880216 0.66978
3 52267118 rs352141 0.0086949
3 52267332 rs114601378 0.47243999999999997
3 52267580 rs353545 0.007498100000000001
3 52267596 rs353546 0.10737999999999999
3 52267732 rs2267847 0.0087568
3 52267787 rs190960861 0.33407
3 52267885 rs3852062 0.028888
3 52268097 rs561523285 0.32505
3 52268246 rs11717574 0.029755
3 52268280 rs59672625 0.73302
3 52268392 rs11713464 0.10407000000000001
3 52268410 rs73084632 0.43101000000000006
3 52268662 rs11714313 0.029046
3 52268743 rs142152005 0.0031772
3 52268834 rs67767125 0.12949000000000002
3 52268866 rs353547 0.00016831
3 52269113 rs201502895 0.40869
3 52269228 rs73088767 0.039257
3 52269491 rs353548 0.010805
3 52269616 rs11715382 0.30446999999999996
3 52269747 rs75957225 0.0040915
3 52269892 rs147544111 0.14477
3 52269958 rs141823729 0.0031447
3 52270178 rs139728815 0.0031269
3 52271030 rs540359315 0.29968
3 52271164 rs139354186 0.0030929
3 52271763 rs529657589 0.54292
3 52271779 rs146527642 0.0030909
3 52271962 rs149115847 0.26583
3 52272028 rs7628461 0.2325
3 52272197 rs142044912 0.0030765000000000002
3 52272773 rs77079543 0.035394
3 52273110 rs537908320 0.0048054
3 52273336 rs559361708 0.93896
3 52273421 rs610060 2.5376e-08
3 52273787 rs9821916 0.47551000000000004
3 52274129 rs139222299 0.0030363000000000005
3 52274404 rs550368410 0.9042899999999999
3 52274668 rs538401793 0.525
3 52274742 rs4082828 0.23219
3 52275042 rs10440116 0.5393600000000001
3 52275135 rs592123 0.99025
3 52275476 rs115588211 0.52637
3 52275770 rs77720705 0.59317
3 52276109 rs548516035 0.31683
3 52276657 rs11711847 0.10705999999999999
3 52276697 rs144078796 0.0028864999999999997
3 52276747 rs182341897 0.0028307
3 52276883 rs11719760 0.071848
3 52276901 rs11711914 0.23453000000000002
3 52277738 rs11720866 0.25644
3 52278116 rs369197490 0.24095
3 52278241 rs7638204 0.23195
3 52278326 rs74957615 0.67895
3 52278427 rs79406707 0.43798000000000004
3 52278909 rs113253666 0.93606
3 52278944 rs34514944 0.20221
3 52278975 rs77658797 0.60473
3 52279594 rs7618915 0.00067824
3 52279951 rs114645176 0.06905700000000001
3 52280098 rs570671469 0.53471
3 52280378 rs11715391 0.23184000000000002
3 52280971 rs115197579 0.027629
3 52281742 rs749867590 0.44225
3 52281969 rs141985846 0.0030542
3 52282078 rs73835763 0.56629
3 52282182 rs76959863 0.92474
3 52282458 rs116696868 0.0039651
3 52283574 rs529422377 0.0034111999999999996
3 52283808 rs61741651 0.44793999999999995
3 52284808 rs77616073 0.56608
3 52285494 rs553994604 0.7393
3 52285685 rs144348695 0.0029996
3 52286042 rs149199479 0.0028472
3 52286349 rs11706541 0.07069
3 52286362 rs557697018 0.48956000000000005
3 52286585 rs73088773 0.23626
3 52286657 rs181527262 0.0029906999999999998
3 52286825 rs34551211 0.0055425
3 52287293 rs34569561 0.00088376
3 52287468 rs11717383 3.0873e-08
3 52287816 rs73835764 0.55583
3 52288187 rs149289093 0.63966
3 52288571 rs114888612 0.75779
3 52288945 rs1060330 3.2115e-08
3 52289237 rs567099150 0.63966
3 52289574 rs567022687 0.28748
3 52289709 rs11542804 0.032570999999999996
3 52289992 rs139100546 0.010235
3 52290285 rs73835766 0.27386
3 52290329 rs61734625 0.66376
3 52290474 rs1767 0.069707
3 52290550 rs1769 0.23503000000000002
3 52290585 rs61734627 0.14082
3 52291078 rs57823393 0.014241
3 52291735 rs7615736 0.077425
3 52292227 rs531809673 0.49582
3 52292306 rs73835767 0.55574
3 52292871 rs150340112 0.1863
3 52293030 rs113772533 0.031495999999999996
3 52293312 rs55847657 0.066817
3 52293859 rs3210487 0.22762
3 52294098 rs56296139 0.28588
3 52294175 rs113895715 0.06666
3 52294214 rs111670716 0.55523
3 52294746 rs150874620 0.0026499
3 52294819 rs144480939 0.13706
3 52294886 rs6787806 0.5485
3 52295016 rs192694801 0.1916
3 52295130 rs113418766 0.55523
3 52295251 3:52295251_A_T 0.45982
3 52295654 rs148953428 0.6907
3 52295868 rs143735368 0.0027613000000000004
3 52295895 rs7614727 3.0813e-08
3 52296895 rs138898987 0.12949000000000002
3 52297442 rs765916549 0.095801
3 52297446 rs150708085 0.010829
3 52298076 rs55724529 0.058775
3 52298116 rs58531656 0.066117
3 52298161 rs60382084 0.066117
3 52298171 rs13093555 0.0053568
3 52298296 rs148786989 0.9250700000000001
3 52298353 rs547022677 0.12566
3 52298986 rs6793317 0.066483
3 52299521 rs59612757 0.0016324999999999998
3 52299736 rs111908555 0.0026522
3 52299737 rs34385735 0.0064679
3 52299780 rs781681477 0.28859
3 52299826 rs116787139 0.6634399999999999
3 52301334 rs147684866 0.0026100999999999997
3 52301804 rs77340141 0.063502
3 52302022 rs57179725 0.93111
3 52302403 rs186206259 0.8223600000000001
3 52302488 rs564699743 0.5312
3 52302785 rs76033947 0.07084299999999999
3 52303213 rs7643913 0.23599
3 52303600 rs11714358 0.22701
3 52303670 rs190655465 0.066275
3 52303902 rs535232863 0.26234
3 52304413 rs73835769 0.56922
3 52304427 rs146121231 0.0025096999999999997
3 52304633 rs75162542 0.93065
3 52304909 rs543657192 0.53988
3 52305286 rs73088783 0.065148
3 52305294 rs145335807 0.011744
3 52305343 rs182845935 0.28719
3 52305633 rs7629072 3.6457e-08
3 52305719 rs71297387 0.24365
3 52306257 rs140327304 0.13910999999999998
3 52306855 rs115730630 0.066063
3 52307063 rs763684338 0.17468
3 52307169 rs59565798 0.00088039
3 52307291 rs144571993 0.27965
3 52307496 rs61644644 0.22541
3 52308810 rs546254190 0.88077
3 52308845 rs6445358 2.6684999999999997e-08
3 52309003 rs569172812 0.52613
3 52309169 rs113265714 0.001145
3 52309296 rs139385416 0.15417999999999998
3 52309338 rs6809248 0.064457
3 52309784 rs140758491 0.060833000000000005
3 52309827 rs11715208 0.27399999999999997
3 52309867 rs145779167 0.58708
3 52310442 rs699465 0.008414399999999999
3 52310932 rs141105771 0.30656
3 52312134 rs529302651 0.30548000000000003
3 52312138 rs566219856 0.51215
3 52312888 rs6789826 0.57299
3 52312976 rs77020200 0.24145
3 52313181 rs140255088 0.13551
3 52313214 rs73088785 0.069518
3 52313227 rs72959330 0.42383000000000004
3 52313432 rs34135146 0.032766
3 52313436 rs13318570 0.48096000000000005
3 52313454 rs11718729 0.06926
3 52313640 rs772039792 0.5911
3 52313844 rs73088787 0.2928
3 52314024 rs145262680 0.034855000000000004
3 52314663 rs73088790 6.905899999999999e-05
3 52314954 rs143741250 0.7162
3 52314955 rs13098856 0.0041308
3 52315192 rs9844183 0.0014290999999999998
3 52315491 rs111801607 0.58355
3 52315717 rs142962913 0.5999800000000001
3 52315833 rs150830210 0.0020729
3 52316247 rs150020596 0.0021791000000000002
3 52316367 rs74823743 0.57358
3 52316390 rs73835771 0.58355
3 52316758 rs757911124 0.31661999999999996
3 52317220 rs73835772 0.46978000000000003
3 52317275 rs143470083 0.0021389
3 52317884 rs150933254 0.0041891
3 52318056 rs140771279 0.23845999999999998
3 52318209 rs138457196 0.0021076
3 52318281 rs73088791 0.24022
3 52318418 rs77513731 0.46978000000000003
3 52318550 rs113169644 0.93004
3 52318628 rs79047225 0.13475
3 52319000 rs146796946 0.0020875
3 52319215 rs11707938 0.29354
3 52319541 rs144674787 0.0020746
3 52319549 rs115417848 0.6189399999999999
3 52319633 3:52319633_G_A 0.0861
3 52319708 rs148099710 0.13462000000000002
3 52320227 rs77804942 0.5392
3 52320228 rs112001168 6.8358e-05
3 52320366 rs143348936 0.47248999999999997
3 52320581 rs567294506 0.74021
3 52321202 rs144890460 0.0020151
3 52321788 rs13065677 0.0054659999999999995
3 52321803 rs554433352 0.4592
3 52321809 rs141250728 0.51881
3 52321816 rs72959332 0.23844
3 52321858 rs577230824 0.9020799999999999
3 52321976 rs11707056 0.28843
3 52322210 rs146664705 0.0014452
3 52322417 rs57615517 0.00067948
3 52322538 rs78796136 0.53304
3 52322680 rs13071708 0.005259300000000001
3 52322797 rs34228726 0.00070146
3 52322844 rs73835773 0.5391
3 52323267 rs765848080 0.032886
3 52323343 rs114329026 0.11735
3 52323344 rs6783652 0.23858000000000001
3 52323485 rs73835774 0.5391
3 52324089 rs190088564 0.7781100000000001
3 52324117 rs575696449 0.63905
3 52324165 rs3796342 0.005553499999999999
3 52324258 rs146239975 0.0018757000000000001
3 52324437 rs34502608 0.10275
3 52324982 rs150662353 0.63044
3 52325039 rs35976326 0.22823000000000002
3 52325051 rs9831689 0.47402
3 52325106 rs35130772 0.0056051
3 52325554 rs9836166 0.47412
3 52325759 rs2276834 2.3368e-08
3 52326361 rs73088796 0.078195
3 52326413 rs34908853 0.008188500000000001
3 52326751 rs9813489 0.46406000000000003
3 52326821 rs145182754 0.61322
3 52327038 rs78388149 0.7411300000000001
3 52328024 rs55676974 0.23194
3 52328533 rs3733063 0.061236
3 52328607 rs11708811 0.26156
3 52328843 rs114516529 0.90048
3 52329254 rs75155826 0.49278999999999995
3 52329346 rs72959335 0.062865
3 52329718 rs114320703 0.43835
