CHR BP SNP P
5 102500614 rs77583471 0.25516
5 102500862 rs17155104 0.088086
5 102501048 rs183109118 0.11157
5 102501176 rs79133601 0.38335
5 102501414 rs114780397 0.19835
5 102501654 rs142440220 0.26445
5 102501703 rs114712086 0.11456
5 102501937 rs114616733 0.9763700000000001
5 102502109 rs76047710 0.9939899999999999
5 102502122 rs56700413 0.17727
5 102502471 rs189581521 0.20969000000000002
5 102502474 rs73199721 0.6524300000000001
5 102502550 rs145476006 0.14249
5 102502834 rs78771956 0.25324
5 102503017 rs35071493 0.85861
5 102503064 rs59260940 0.25394
5 102503137 rs74587906 0.9085
5 102503388 rs528228622 0.82824
5 102503641 rs546731915 0.1291
5 102503888 rs36114228 0.3768
5 102504404 rs76344125 0.082853
5 102504825 rs115160935 0.69472
5 102505447 rs79766593 0.19475
5 102506081 rs78013110 0.26415
5 102506265 rs73199722 0.18041
5 102506277 rs17155105 0.19473
5 102506302 rs188524021 0.37525
5 102506567 rs4703250 0.15930999999999998
5 102506751 rs116067205 0.90154
5 102506864 rs34765 1.0711e-05
5 102507011 rs115902916 0.70362
5 102507117 rs572697941 0.91099
5 102507359 rs17165593 0.37351999999999996
5 102507514 rs115256758 0.3742
5 102507594 rs17155106 0.089926
5 102507760 rs566579530 0.6935899999999999
5 102507812 rs183752 1.0687000000000001e-05
5 102507837 rs115491305 0.17882
5 102507920 rs78402082 0.11382
5 102508046 rs146937396 0.56017
5 102508171 rs75392964 0.69831
5 102508336 rs79561973 0.69933
5 102508472 rs143536103 0.95573
5 102508649 rs58153219 0.18059
5 102509006 rs112580731 0.9264399999999999
5 102509156 rs147154663 0.36908
5 102509310 rs782752544 0.57012
5 102509329 rs781995389 0.56834
5 102509444 rs6862319 0.4259
5 102509456 rs181532811 0.2572
5 102509475 rs75705921 0.69911
5 102509850 rs782650673 0.80372
5 102510447 rs76054795 0.43361000000000005
5 102510566 rs76111705 0.6504
5 102510864 rs79738643 0.40771
5 102510923 rs34766 1.0678e-05
5 102511031 rs139999663 0.37833
5 102511125 rs576630598 0.44806
5 102511228 rs17155109 0.64627
5 102511289 rs58603739 0.26815
5 102511319 rs146812436 0.091226
5 102511382 rs57064376 0.090389
5 102511426 rs58644515 0.25229
5 102511440 rs79707015 0.69443
5 102511651 rs115754558 0.11384000000000001
5 102511721 rs184295761 0.97695
5 102511981 rs76199175 0.25286
5 102512013 rs114672550 0.11385999999999999
5 102512225 rs149094291 0.081997
5 102512447 rs152134 1.0962000000000001e-05
5 102512705 rs75615155 0.38532
5 102512803 rs187427 1.6825e-06
5 102513343 rs17155110 0.11613
5 102513508 rs112852012 0.16119
5 102513545 rs80223758 0.98025
5 102513557 rs112779614 0.070236
5 102513783 rs79968831 0.091598
5 102513839 rs6871731 0.18573
5 102513905 rs77459654 0.78501
5 102514134 rs112488936 0.95121
5 102514167 rs113289938 0.95121
5 102514260 rs79652995 0.09181900000000001
5 102514382 rs75182763 0.27213000000000004
5 102514527 rs191139063 0.6512
5 102514568 rs566751536 0.6974600000000001
5 102514757 rs2432169 4.5047e-06
5 102514888 rs115609233 0.6512
5 102514946 rs749004879 0.11358
5 102515063 rs79868968 0.3808
5 102515192 rs77070329 0.090487
5 102515410 rs782746919 0.28966
5 102515798 rs17155115 0.45893999999999996
5 102515990 rs553072973 0.47744
5 102516455 rs141938056 0.9704799999999999
5 102516705 rs558714599 0.8210299999999999
5 102517229 rs146340214 0.83714
5 102517376 rs78513780 0.091309
5 102517869 rs17155117 0.78914
5 102517987 rs186749326 0.83544
5 102518100 rs76465584 0.11375
5 102518163 rs556224291 0.054332000000000005
5 102518172 rs113859661 0.96996
5 102518456 rs147639125 0.26953
5 102518551 rs185760158 0.28475
5 102518795 rs26822 1.3394000000000001e-05
5 102519180 rs781880953 0.31101999999999996
5 102519657 rs112545897 0.98982
5 102520324 rs376414403 0.67791
5 102520400 rs26821 1.4795e-06
5 102520505 rs17155118 0.80137
5 102521320 rs182870965 0.20092000000000002
5 102521622 rs142215162 0.11319000000000001
5 102521783 rs548854847 0.13147999999999999
5 102521896 rs17155121 0.48368999999999995
5 102522437 rs115490005 0.8210299999999999
5 102522441 rs76620218 0.40853
5 102522531 rs2288782 1.0043999999999999e-05
5 102522752 rs113851198 0.5897600000000001
5 102522767 rs76145960 0.37096999999999997
5 102523229 rs78288429 0.69789
5 102523431 rs565269211 0.9325600000000001
5 102523626 rs115929370 0.98495
5 102523672 rs188295550 0.5738
5 102523711 rs116521239 0.8210299999999999
5 102525049 rs76529229 0.09052400000000001
5 102525411 rs140595980 0.12477
5 102525629 rs115625227 0.8013399999999999
5 102525645 rs17155126 0.092463
5 102525753 rs145462262 0.11267
5 102526175 rs27698 1.1124e-05
5 102526257 rs7724081 0.73633
5 102526445 rs114089885 0.69789
5 102526472 rs77508481 0.70392
5 102526674 rs115683549 0.8433299999999999
5 102527531 rs150952801 0.1123
5 102527554 rs76512937 0.70439
5 102527593 rs141362864 0.87239
5 102527928 rs113152569 0.16471
5 102528008 rs542326767 0.15725999999999998
5 102528092 rs26820 1.0467e-05
5 102528138 rs138930308 0.98869
5 102528580 rs150470871 0.78647
5 102528623 rs181008060 0.35349
5 102528843 rs17155136 0.086891
5 102529192 rs75393229 0.35298
5 102529256 rs114267029 0.8210299999999999
5 102529401 rs26819 9.2957e-06
5 102529419 rs115771851 0.11325
5 102529719 rs26818 1.1315e-05
5 102529931 rs114655060 0.9329799999999999
5 102530456 rs190081105 0.8261700000000001
5 102530507 rs7722320 0.5090899999999999
5 102530615 rs41300811 0.5844600000000001
5 102530935 rs114094163 0.5824
5 102531064 rs143224951 0.37926
5 102531225 rs79476842 0.13633
5 102531227 rs574597722 0.6632600000000001
5 102531456 rs143841988 0.11256
5 102531796 rs572811924 0.17601
5 102531805 rs187047246 0.8478100000000001
5 102531808 rs257115 1.4677000000000002e-06
5 102531845 rs150198845 0.86349
5 102531919 rs152123 9.979e-06
5 102532113 rs143121430 0.11223
5 102532311 rs530404986 0.28523000000000004
5 102532314 rs115017678 0.22399999999999998
5 102532510 rs544617806 0.9876
5 102532547 rs147482349 0.11205
5 102532648 rs138867150 0.83142
5 102533494 rs144635880 0.29357
5 102533886 rs142654357 0.28691
5 102534007 rs190597706 0.6403
5 102534008 rs145941701 0.83142
5 102534397 rs143320056 0.93561
5 102534629 rs246900 1.0590999999999999e-05
5 102534669 rs146693090 0.11199999999999999
5 102534992 rs112623710 0.9707600000000001
5 102535528 rs74643044 0.084216
5 102535595 rs182848748 0.7894899999999999
5 102535631 rs114951332 0.9876
5 102535986 rs77220535 0.29205
5 102536643 rs79670986 0.1117
5 102536940 rs114458527 0.11362
5 102537200 rs154290 0.58591
5 102537226 rs116065052 0.7894899999999999
5 102537248 rs75479230 0.98109
5 102537285 rs36046591 0.14148
5 102537298 rs17155147 0.46936000000000005
5 102537357 rs116234738 0.095414
5 102537379 rs28025 1.0780999999999999e-05
5 102537440 rs115606785 0.6137
5 102537514 rs138371974 0.11525999999999999
5 102537558 rs190395224 0.55708
5 102537753 rs12332086 0.9036799999999999
5 102538100 rs114647946 0.10926
5 102538325 rs114793374 0.8559100000000001
5 102538706 rs146222656 0.10801
5 102538752 rs8488 1.032e-05
5 102538801 rs148435133 0.36245
5 102538933 rs114247847 0.7258100000000001
5 102538951 rs7446037 0.10817
5 102539026 rs77318576 0.7867
5 102539038 rs3776844 0.22783
5 102539046 rs185899880 0.7867
5 102539083 rs76618416 0.087277
5 102539270 rs72768671 0.41453
5 102539328 rs113117658 0.9757600000000001
5 102539474 rs116466461 0.6160800000000001
5 102540201 rs28062 1.0141e-05
5 102540211 rs2033228 0.10388
5 102540366 rs26817 1.3516e-06
5 102540522 rs26816 1.4747e-06
5 102540741 rs112920338 0.00017987
5 102540747 rs111947655 0.23446999999999998
5 102540754 rs115226354 0.70001
5 102540818 rs34813651 0.21402
5 102540826 rs577656441 0.21269000000000002
5 102540827 rs544655952 0.21269000000000002
5 102541163 rs115723897 0.70014
5 102541204 rs147657777 0.2033
5 102541383 rs149166818 0.5159
5 102541430 rs115751037 0.10445
5 102541547 rs10045864 2.7946e-05
5 102542026 rs141730707 0.1782
5 102542257 rs191356107 0.054828999999999996
5 102542365 rs114528539 0.55184
5 102542409 rs79006501 0.27787
5 102542675 rs11744885 0.7893
5 102542879 rs77193773 0.10315999999999999
5 102543279 rs115969144 0.10394
5 102543293 rs26815 6.2254e-07
5 102543422 rs80146286 0.20008
5 102543857 rs188291535 0.10359000000000002
5 102543878 rs28061 3.3808999999999997e-06
5 102543937 rs554371013 0.050525
5 102544043 rs1966572 0.24309
5 102544052 rs782567768 0.039247000000000004
5 102544476 rs17155151 0.10374000000000001
5 102544646 rs17363592 0.52746
5 102544955 rs78954226 0.66205
5 102545163 rs26262 1.2888999999999998e-06
5 102545594 rs567703644 0.059024
5 102545632 rs17155154 0.83562
5 102545693 rs26261 1.3544e-06
5 102545780 rs17155157 0.79238
5 102546600 rs80279790 0.10299000000000001
5 102546615 rs34967509 0.85331
5 102547021 rs567258871 0.12029000000000001
5 102547194 rs26260 3.128e-06
5 102547302 rs26259 8.9364e-06
5 102547476 rs564846186 0.94255
5 102547526 rs145754579 0.39266
5 102548819 rs61054212 0.40858
5 102548967 rs27361 9.7298e-06
5 102549002 rs114174428 0.49756999999999996
5 102549046 rs142733165 0.10175
5 102549721 rs26258 9.7176e-06
5 102549772 rs73192485 0.22562
5 102549799 rs191096455 0.91295
5 102550236 rs140033151 0.9057700000000001
5 102550531 rs26257 9.4418e-06
5 102551367 rs542099405 0.49194
5 102551419 rs112009786 0.22365
5 102551608 rs112644510 0.99666
5 102551664 rs555852340 0.7942899999999999
5 102551890 rs79652347 0.66257
5 102551931 rs113974306 0.99666
5 102552013 rs26256 0.009966599999999999
5 102552099 rs80223358 0.099067
5 102552144 rs78472271 0.42865
5 102552202 rs112629343 0.9076700000000001
5 102552283 rs111331438 0.9076700000000001
5 102552905 rs58901094 0.49563
5 102552969 rs143035961 0.9583799999999999
5 102553920 rs79208056 0.080749
5 102553953 rs115424359 0.10027
5 102554100 rs26255 9.2046e-06
5 102555492 rs139466180 0.0738
5 102555668 rs186994021 0.9173899999999999
5 102555746 rs27489 8.9096e-06
5 102556039 rs111901051 0.91135
5 102556228 rs190652787 0.91135
5 102556400 rs116006435 0.79723
5 102556508 rs77615435 0.072933
5 102556517 rs76748251 0.5028600000000001
5 102556859 rs26254 1.0625e-06
5 102556967 rs26253 8.803e-07
5 102557097 rs74667532 0.084856
5 102557511 rs147783178 0.9628899999999999
5 102557515 rs246916 8.3709e-06
5 102557984 rs114744457 0.11381
5 102558044 rs246915 6.9877e-06
5 102558059 rs17155166 0.072527
5 102558205 rs12054962 0.80347
5 102558544 rs116251722 0.92294
5 102558669 rs146966864 0.25548000000000004
5 102558800 rs116415927 0.1138
5 102558979 rs115521825 0.027399
5 102559137 rs116551311 0.89896
5 102559407 rs246914 6.330299999999999e-06
5 102559428 rs152138 3.4371e-07
5 102559608 rs113109358 0.043742
5 102559788 rs115324822 0.070037
5 102559830 rs11960840 0.37785
5 102559834 rs35040237 0.37785
5 102560063 rs152137 4.072799999999999e-06
5 102560201 rs79041213 0.070149
5 102560308 rs139560239 0.94705
5 102560325 rs142740711 0.55394
5 102560370 rs246913 4.1214e-06
5 102560391 rs6882436 0.062777
5 102560440 rs146051225 0.56998
5 102560649 rs6867515 0.6343
5 102560841 rs246912 3.8946999999999995e-07
5 102560918 rs6882096 0.5454600000000001
5 102561693 rs115844142 0.89187
5 102561881 rs148662889 0.60383
5 102562692 rs116809671 0.9995
5 102562708 rs184813775 0.63969
5 102562723 rs114791780 0.9995
5 102562738 rs114509400 0.12082000000000001
5 102562880 rs115068224 0.068338
5 102563124 rs11958015 0.35824
5 102563203 rs246911 4.1665e-07
5 102563280 rs74760476 0.53669
5 102563307 rs246910 4.1660000000000004e-06
5 102563366 rs79605432 0.068092
5 102563666 rs540849360 0.5876899999999999
5 102563677 rs246909 4.2319e-06
5 102563804 rs77865744 0.58909
5 102563871 rs79930668 0.54666
5 102564002 rs78605502 0.067884
5 102564177 rs246908 4.3841e-07
5 102564222 rs114544918 0.06788200000000001
5 102565050 rs57216136 0.56803
5 102565084 rs59172152 0.54686
5 102565089 rs182271228 0.087224
5 102565271 rs113284897 0.92627
5 102565646 rs78724396 0.9496899999999999
5 102565917 rs112642616 0.93435
5 102566044 rs77036818 0.56798
5 102566172 rs145276738 0.06748
5 102566278 rs246907 4.4891000000000007e-07
5 102566438 rs17155168 0.060887000000000004
5 102566471 rs246906 5.3094e-06
5 102566633 rs149032498 0.9263
5 102567418 rs79206355 0.92756
5 102567455 rs62362884 4.5834e-06
5 102567773 rs77064803 0.63336
5 102568012 rs115857017 0.11887
5 102568193 rs73192498 0.45213000000000003
5 102568680 rs114704361 0.064965
5 102568913 rs116508759 0.063476
5 102569019 rs75030567 0.15185
5 102569077 rs79004435 0.56463
5 102569378 rs458598 4.0808e-07
5 102569393 rs76072320 0.6379
5 102569668 rs73192502 0.18596
5 102570288 rs78951078 0.88651
5 102570485 rs76643273 0.5532199999999999
5 102570539 rs75285347 0.9402
5 102570558 rs73194303 0.047182
5 102570594 rs114422579 0.72955
5 102570650 rs78767718 0.3663
5 102570677 rs59544226 0.26255
5 102570930 rs73194305 0.31296
5 102571043 rs113808928 0.6751199999999999
5 102571383 rs11951537 0.31675
5 102571445 rs11953870 0.044698
5 102571522 rs79241612 0.8851899999999999
5 102571585 rs76403716 0.35386
5 102571873 rs2432177 2.2269000000000002e-07
5 102572401 rs79100670 0.61622
5 102572418 rs17155171 1.2738e-06
5 102572698 rs141345233 0.041777
5 102572934 rs564089905 0.9750200000000001
5 102573030 rs112587808 0.099928
5 102573034 rs140588535 0.31438
5 102573102 rs7725051 0.07442599999999999
5 102573260 rs114797333 0.13003
5 102573635 rs73194313 0.042838
5 102574183 rs56314246 0.0002694
5 102574253 rs79710422 0.4739
5 102575032 rs73194314 0.033089
5 102575102 rs113578412 0.9482799999999999
5 102575126 rs79073999 0.386
5 102575292 rs547177412 0.99697
5 102575342 rs560525285 0.13345
5 102575370 rs79145261 0.31117
5 102575378 rs58972657 0.032574
5 102575450 rs59194048 0.48235
5 102575508 rs114557565 0.51557
5 102575520 rs114114044 0.062153
5 102575571 rs57209674 0.4818
5 102575810 rs555717873 0.30972
5 102576318 rs78932399 0.95375
5 102576528 rs73194320 0.30941
5 102576609 rs78789713 0.36196999999999996
5 102576705 rs79831849 0.47998999999999997
5 102576738 rs114385840 0.12351
5 102576842 rs73194321 0.28633000000000003
5 102577139 rs246899 2.7964000000000003e-07
5 102577894 rs171558 3.8011000000000003e-06
5 102579438 rs75177442 0.42686999999999997
5 102579639 rs11950072 0.034808
5 102579646 rs79270603 0.37743000000000004
5 102579778 rs145796460 0.65028
5 102579779 rs149009674 0.65028
5 102580221 rs73194326 0.13158
5 102580847 rs78740330 0.80087
5 102581032 rs76573979 0.4227
5 102581327 rs111658707 0.20465999999999998
5 102581444 rs73194328 0.033998
5 102581895 rs113525963 0.95052
5 102582154 rs114906777 0.13318
5 102582278 rs73194330 0.29767
5 102582439 rs111429312 0.95052
5 102582749 rs79648944 0.31490999999999997
5 102582791 rs538285213 0.13727999999999999
5 102583009 rs543561739 0.37422
5 102583074 rs151301232 0.35534
5 102583393 rs150072975 0.5186
5 102583427 rs455940 7.684699999999999e-07
5 102583639 rs72768689 0.74678
5 102583788 rs146416820 0.95388
5 102583868 rs152136 1.5345000000000001e-07
5 102583962 rs73194332 0.043576
5 102584129 rs148256576 0.36818
5 102584178 rs246901 2.401e-06
5 102584330 rs150383562 0.091352
5 102584534 rs113691159 0.19089
5 102584575 rs112621323 0.31594
5 102584623 rs76136614 0.019266
5 102584787 rs566318145 0.91804
5 102585148 rs80050064 0.9573299999999999
5 102585170 rs138505132 0.07989500000000001
5 102585257 rs77864354 0.36683000000000004
5 102585476 rs75026933 0.3152
5 102585830 rs78728002 0.36558
5 102585930 rs147292156 0.54905
5 102586039 rs141038950 0.57572
5 102586180 rs80281888 0.062814
5 102586402 rs79803259 0.3134
5 102586407 rs75432112 0.089796
5 102586581 rs140439923 0.5455800000000001
5 102587573 rs6876072 5.7533e-08
5 102587583 rs187424 3.1045000000000003e-07
5 102587824 rs73194333 0.15628
5 102588450 rs7721290 0.94283
5 102588704 rs77595461 0.36125999999999997
5 102588777 rs11948579 0.20332
5 102588821 rs141118944 0.93524
5 102589069 rs138548355 0.069608
5 102589254 rs246902 5.2609000000000005e-08
5 102589350 rs1363998 0.043703
5 102589429 rs114086010 0.9037
5 102589454 rs246903 5.1524e-08
5 102589581 rs116692259 0.066775
5 102589628 rs246904 0.014928
5 102589701 rs76504079 0.2954
5 102589999 rs76245137 0.94952
5 102590183 rs188733233 0.90109
5 102590542 rs78950608 0.9614
5 102590566 rs112137413 0.81592
5 102590569 rs73194335 0.11175999999999998
5 102590943 rs246905 3.6593000000000005e-07
5 102591245 rs115489342 0.5113300000000001
5 102591442 rs73194338 0.45323
5 102591569 rs116832915 0.87864
5 102591794 rs76442780 0.039158
5 102591973 rs75100301 0.21561
5 102592427 rs80231070 0.076744
5 102592695 rs115522986 0.00066518
5 102593196 rs76395325 0.041839999999999995
5 102593278 rs75125542 0.42325
5 102593983 rs60559365 0.47236000000000006
5 102594107 rs563328856 0.13889
5 102594166 rs191305734 0.5999899999999999
5 102594184 rs373571626 0.5999899999999999
5 102594341 rs571423737 0.13889
5 102594455 rs368084846 0.64679
5 102594716 rs76305595 0.048126999999999996
5 102594934 rs190720356 0.64656
5 102595053 rs193032746 0.9657100000000001
5 102595427 rs147501877 0.001437
5 102595583 rs72768699 0.8035899999999999
5 102595726 rs74744526 0.28075
5 102595795 rs116482574 0.10405
5 102595837 rs28157 7.338200000000001e-10
5 102595890 rs77864657 0.97349
5 102595892 rs28158 2.1644e-10
5 102596577 rs139935129 0.9300700000000001
5 102596720 rs26232 1.7826e-10
5 102596816 rs26233 2.0742e-10
5 102596976 rs75131297 0.71805
5 102597156 rs26234 1.7991999999999998e-10
5 102597292 rs39984 1.7784999999999999e-10
5 102597553 rs142733241 0.6461100000000001
5 102597743 rs2569018 1.8218e-10
5 102597798 rs2561482 1.7850999999999999e-10
5 102597981 rs114735355 0.14154
5 102598195 rs115085379 0.0010152000000000002
5 102598351 rs782393113 0.064214
5 102598796 rs111232063 0.9257200000000001
5 102598846 rs150690827 0.027837
5 102599054 rs75598511 0.86418
5 102599214 rs77389991 0.69399
5 102599306 rs434830 1.7187e-10
5 102599328 rs434816 1.6531e-10
5 102599346 rs568917118 0.19099000000000002
5 102599390 rs376286 2.1353999999999997e-10
5 102599578 rs375637 1.2847999999999998e-10
5 102599626 rs434294 1.3185e-10
5 102599824 rs113083740 0.26118
5 102600032 rs76766926 0.26371
5 102600524 rs2288789 1.3705e-11
5 102600569 rs2288788 1.4745e-10
5 102600706 rs2288787 1.5025e-10
5 102600754 rs2288786 2.0472000000000002e-10
5 102601024 rs73194339 0.5048199999999999
5 102601358 rs568999 1.5451e-10
5 102601690 rs116764401 0.05613200000000001
5 102602037 rs73194342 0.49903000000000003
5 102602773 rs555948971 0.5456
5 102602902 rs411648 1.6535e-10
5 102603132 rs2569016 1.6531999999999998e-10
5 102603554 rs377192 1.6637e-10
5 102603701 rs403214 1.8258e-10
5 102604933 rs187579 2.4002e-10
5 102605470 rs11952097 0.5212399999999999
5 102606486 rs113412673 0.9132899999999999
5 102606890 rs35203192 0.9448700000000001
5 102606902 rs115090895 0.9840399999999999
5 102606942 rs35803 2.4396e-10
5 102607059 rs78626333 0.31572
5 102607303 rs114644524 0.05454
5 102607585 rs35802 2.3921e-10
5 102607595 rs75215994 0.19121
5 102608213 rs35801 2.4364e-10
5 102608216 rs140501697 0.89915
5 102608681 rs35800 2.1732e-11
5 102608834 rs2561476 2.4294e-10
5 102608847 rs2569015 2.3745e-10
5 102608924 rs2561477 3.2958e-10
5 102609139 rs114520588 0.040174
5 102609384 rs115176710 0.05399299999999999
5 102609776 rs73194346 0.54806
5 102609894 rs73194349 0.65289
5 102610306 rs186381937 0.1301
5 102610348 rs74653100 0.9802799999999999
5 102610724 rs75563805 0.2663
5 102611026 rs140654849 0.59543
5 102611352 rs13185687 0.7228899999999999
5 102612166 rs17155192 0.027489
5 102612840 rs115375913 0.8244
5 102613156 rs77195280 0.056125
5 102613540 rs113949762 0.10302
5 102614106 rs17155194 0.031814
5 102614323 rs114110583 0.055104999999999994
5 102614324 rs116638092 0.56224
5 102614327 rs35797 1.661e-10
5 102614387 rs113580789 0.99669
5 102614671 rs150510854 0.2831
5 102615585 rs75460483 0.5271100000000001
5 102615675 rs253759 3.0125999999999998e-06
5 102615707 rs386352 2.7056e-10
5 102615978 rs253758 1.9616999999999998e-10
5 102616010 rs253757 1.8765e-10
5 102616057 rs144415294 0.26461999999999997
5 102616133 rs34994312 0.89364
5 102616213 rs114469229 0.16698
5 102616314 rs74330392 0.031962
5 102616447 rs79487569 0.97555
5 102616557 rs114131096 0.97555
5 102616737 rs151258632 0.08959400000000001
5 102616791 rs76903480 0.23942
5 102616886 rs75508860 0.52955
5 102616950 rs115476484 0.13108
5 102617321 rs147069744 0.08970399999999999
5 102617829 rs188868660 0.088909
5 102617881 rs538843676 0.088711
5 102618803 rs138010620 0.08666499999999999
5 102618885 rs17155198 3.4241e-05
5 102618897 rs149549234 0.08666499999999999
5 102619008 rs76500566 0.43542
5 102619235 rs112877411 0.4846
5 102619361 rs114583624 0.8274100000000001
5 102620037 rs141550845 0.021171000000000002
5 102620108 rs146172211 0.24754
5 102620275 rs776187209 0.61383
5 102620309 rs114115143 0.88675
5 102620472 rs253756 1.7539e-10
5 102620674 rs10079088 0.81037
5 102620963 rs139872082 0.2552
5 102621877 rs2561479 4.2118e-09
5 102622041 rs421946 1.8213e-10
5 102622099 rs74737397 0.13714
5 102622344 rs76073077 0.025704
5 102622453 rs1991797 7.387200000000001e-10
5 102622866 rs77560552 0.2601
5 102622961 rs60089304 0.9963700000000001
5 102623185 rs115460616 0.023816
5 102623228 rs548514479 0.04451
5 102623241 rs115167360 0.023847999999999998
5 102623445 rs10515343 0.038088
5 102623581 rs448086 2.7050999999999997e-09
5 102623636 rs116175866 0.023819
5 102623924 rs556560 2.3444000000000003e-09
5 102624008 rs402962 2.485e-09
5 102624161 rs444779 1.6218e-10
5 102624397 rs144760155 0.054469000000000004
5 102624433 rs115789302 0.023403999999999998
5 102624696 rs112468461 0.13145
5 102624817 rs148233660 0.30098
5 102625017 rs6890387 0.81206
5 102625100 rs78110920 0.19047999999999998
5 102625301 rs79920937 0.023726
5 102625335 rs35804 2.3976999999999997e-09
5 102625476 rs745545977 0.089693
5 102625786 rs71586370 0.38089
5 102626268 rs78804005 0.17956
5 102626496 rs115527870 0.029082
5 102626845 rs36044341 0.90649
5 102627092 rs114257047 0.023201
5 102627153 rs142279450 0.051914
5 102627355 rs187580 3.4441e-06
5 102627927 rs35147847 0.82825
5 102628102 rs60808163 0.00061066
5 102628111 rs140332142 0.30505
5 102628132 rs187854372 0.47333000000000003
5 102628184 rs371677736 0.024026
5 102628893 rs111569216 0.67598
5 102629110 rs116264242 0.024034
5 102629158 rs148181642 0.023134000000000002
5 102629447 rs77755667 0.9947799999999999
5 102629542 rs115726789 0.28943
5 102629600 rs111735272 0.78501
5 102630245 rs79518466 0.025217
5 102630450 rs115423700 0.23876
5 102630589 rs146570488 0.25421
5 102630841 rs79412209 0.024137
5 102630861 rs76737490 0.57121
5 102630933 rs253755 3.0729000000000003e-08
5 102631102 rs76367623 0.028606
5 102631270 rs533414717 0.044219
5 102631962 rs253754 4.0416999999999996e-05
5 102632040 rs171695 1.9468e-08
5 102632224 rs116422802 0.027094999999999998
5 102632400 rs1593939 0.025188
5 102632427 rs35236236 0.81471
5 102632519 rs72770427 0.012268000000000001
5 102632667 rs141597035 0.024248
5 102632969 rs114605252 0.017208
5 102633358 rs365975 3.4765e-09
5 102634029 rs6886092 4.5042e-09
5 102634320 rs116747764 0.017315
5 102634340 rs422115 7.935800000000001e-05
5 102634574 rs77139126 0.017227000000000003
5 102634903 rs1593943 0.85965
5 102635381 rs17155201 0.019171
5 102636360 rs74331707 0.017222
5 102636481 rs148975153 0.36593000000000003
5 102636560 rs544431553 0.91817
5 102636563 rs368353361 0.045343
5 102636772 rs115530159 0.017206
5 102636862 rs115989395 0.017186
5 102637164 rs545525525 0.9540700000000001
5 102637524 rs111703268 0.73144
5 102637608 rs146329061 0.39576
5 102637613 rs536638042 0.9563
5 102637855 rs599447 4.7629e-09
5 102638099 rs2569014 3.3981e-09
5 102638188 rs149725688 0.41221
5 102638203 rs11954084 0.23267
5 102638242 rs487937 3.8604e-09
5 102638299 rs148481818 0.059174000000000004
5 102638378 rs114729423 0.017467
5 102638458 rs78384047 0.0042328999999999995
5 102638585 rs79951182 0.9532200000000001
5 102638838 rs76244185 0.4195
5 102638840 rs114078538 0.017469
5 102638988 rs141943332 0.43678999999999996
5 102639452 rs113665190 0.9512299999999999
5 102639532 rs77242484 0.17519
5 102639701 rs17155209 0.018908
5 102639782 rs115400999 0.017474
5 102639786 rs114377711 0.019898
5 102640055 rs116422634 0.017083
5 102640542 rs115455746 0.9558
5 102640782 rs183707 8.3277e-09
5 102640801 rs10061479 0.029544
5 102641038 rs181384874 0.044717
5 102641142 rs17155210 0.017481
5 102641426 rs116057957 0.22624
5 102641571 rs2569013 5.9692e-08
5 102641592 rs13171588 0.49725
5 102641849 rs17155211 0.016991
5 102641950 rs78476478 0.19138
5 102642029 rs80324925 0.23509000000000002
5 102642224 rs74969878 0.60669
5 102642263 rs73194375 0.27934000000000003
5 102642461 rs114733475 0.019783000000000002
5 102642527 rs144218419 0.57534
5 102642590 rs542713017 0.044804000000000004
5 102642673 rs168820 0.00011418
5 102643055 rs17299535 0.00051051
5 102643110 rs142561550 0.77713
5 102643443 rs146885777 0.7478
5 102643820 rs550033662 0.33149
5 102643934 rs28661971 0.24785
5 102644001 rs190800281 0.29764
5 102644309 rs143280420 0.66066
5 102644400 rs17155212 0.017511000000000002
5 102644554 rs115108955 0.017454
5 102644627 rs7714035 0.028557
5 102645515 rs186230352 0.044212
5 102645632 rs543976363 0.020165
5 102646611 rs550224702 0.009798600000000001
5 102647065 rs183538835 0.8323299999999999
5 102647118 rs28552951 0.014699
5 102647270 rs564667392 0.19680999999999998
5 102647558 rs115171771 0.97408
5 102647714 rs35184016 0.36694
5 102647718 rs115876197 0.8602299999999999
5 102648049 rs139851984 0.31490999999999997
5 102648323 rs188324198 0.76349
5 102648718 rs140720590 0.9547700000000001
5 102649080 rs115023837 0.016811000000000003
5 102649301 rs73194378 0.51795
5 102649608 rs77454760 0.081216
5 102649888 rs2116755 1.0215e-08
5 102649903 rs138819024 0.0097086
5 102650355 rs75666258 0.9609700000000001
5 102650517 rs77275916 0.9723200000000001
5 102650524 rs372564 9.5586e-09
5 102651182 rs58795934 0.27076999999999996
5 102651570 rs454275 1.96e-08
5 102651635 rs147061374 0.16105
5 102651808 rs1896688 0.20842
5 102652297 rs115678207 0.9710700000000001
5 102653065 rs17155221 0.066333
5 102655004 rs116292339 0.0082495
5 102655167 rs116765265 0.028869
5 102655261 rs402232 0.00486
5 102655283 rs13165734 0.95685
5 102655400 rs150972638 0.043605
5 102655487 rs116674788 0.81786
5 102655644 rs78704465 0.035388
5 102656005 rs138545780 0.10959
5 102656468 rs17155224 0.0065575
5 102656639 rs73194384 0.35683000000000004
5 102656799 rs137984670 0.0087291
5 102656831 rs113347381 0.00046305
5 102656843 rs7717738 0.062487
5 102656888 rs148769733 0.9651799999999999
5 102656900 rs539347117 0.042966000000000004
5 102657007 rs577728172 0.04339
5 102657053 rs114624018 0.9356700000000001
5 102657387 rs147532103 0.96549
5 102657655 rs180693981 0.875
5 102657821 rs253753 1.7773e-08
5 102657914 rs114298620 0.033158
5 102658504 rs149795356 0.87054
5 102658770 rs75457267 0.18517999999999998
5 102658889 rs17155226 0.034079000000000005
5 102659039 rs146763675 0.0080307
5 102659205 rs140370531 0.043879
5 102659617 rs114241636 0.91369
5 102659828 rs150108464 0.8857799999999999
5 102660129 rs116362426 0.68099
5 102660216 rs17155228 0.0089685
5 102660400 rs12187443 5.5409e-08
5 102660520 rs111350181 0.08822999999999999
5 102661439 rs73194391 0.22168000000000002
5 102661604 rs7710525 0.21336999999999998
5 102662037 rs75785103 0.8851700000000001
5 102662074 rs17155231 0.71412
5 102662509 rs17132724 0.033101
5 102662625 rs115243857 0.0058194
5 102663052 rs140448662 0.12554
5 102663326 rs13190417 9.690700000000001e-09
5 102663342 rs149956830 0.28137
5 102664001 rs77975822 0.21341
5 102664682 rs148225785 0.0081971
5 102664976 rs144143380 0.04344
5 102664996 rs415657 9.103199999999999e-08
5 102665369 rs144654140 0.33332
5 102665968 rs77858390 0.006701899999999999
5 102666181 rs146257088 0.0084969
5 102666548 rs80234476 0.0087443
5 102666632 rs531941355 0.043085000000000005
5 102666802 rs149667244 0.043085000000000005
5 102667013 rs77496367 0.26064
5 102667981 rs116618190 0.84373
5 102668031 rs188357860 0.041872
5 102668035 rs1079759 0.0078789
5 102668176 rs71586372 0.97029
5 102668292 rs6894493 0.014555000000000002
5 102668521 rs555570102 0.70682
5 102669848 rs73194397 0.9814
5 102669905 rs35040441 0.99555
5 102670283 rs114830057 0.56479
5 102670555 rs190145709 0.040457
5 102671267 rs149936716 0.0083561
5 102671476 rs368988786 0.10375
5 102671557 rs571506449 0.22885
5 102672173 rs17155238 0.026201
5 102673105 rs78840987 0.007753
5 102673133 rs35805 1.2176999999999998e-07
5 102673329 rs560947079 0.25133
5 102673441 rs144958180 0.225
5 102673738 rs13178360 0.9928799999999999
5 102675022 rs539884799 0.038859
5 102675413 rs116806636 0.26499
5 102675441 rs62362934 1.4160999999999999e-08
5 102675462 rs148649277 0.75679
5 102675528 rs111842559 0.05509
5 102675581 rs186767674 0.9767399999999999
5 102675621 rs192681635 0.0081549
5 102675681 rs185730516 0.92635
5 102677036 rs77335829 0.012981
5 102677048 rs114585096 0.66497
5 102677251 rs185971262 0.037268
5 102677364 rs674726 1.3609999999999999e-08
5 102677920 rs391851 1.3903e-08
5 102678073 rs391236 1.1972000000000002e-07
5 102678702 rs2561480 1.7493e-08
5 102678774 rs141265671 0.19795
5 102679422 rs115854619 0.012979
5 102679481 rs782479628 0.85367
5 102680090 rs189113690 0.032291
5 102680233 rs115016391 0.9184700000000001
5 102681124 rs191320080 0.91812
5 102681261 rs524571 1.4542e-07
5 102681284 rs616093 1.6452e-08
5 102681381 rs526231 1.5868000000000002e-07
5 102681586 rs528092 1.4876e-07
5 102681709 rs76454810 0.13198
5 102682145 rs76160968 0.21097
5 102683985 rs138221254 0.010306000000000001
5 102684393 rs148263977 0.0064268
5 102684634 rs116213532 0.9145200000000001
5 102684950 rs76636492 0.014766
5 102686157 rs183706 7.3488e-09
5 102686177 rs116053116 0.25994
5 102686183 rs140116966 0.007027800000000001
5 102686461 rs112529806 0.87229
5 102686523 rs115800639 0.5040100000000001
5 102686814 rs142809084 0.006476100000000001
5 102686967 rs183441835 0.020928
5 102687236 rs539201801 0.76705
5 102688036 rs13174307 0.23935
5 102688826 rs6860813 0.06643099999999999
5 102688846 rs745764035 0.18647
5 102689012 rs10077485 0.49257
5 102689268 rs10052947 0.44887
5 102689283 rs116623438 0.8406299999999999
5 102689962 rs55680280 0.012409
5 102690518 rs115388936 0.58854
5 102690557 rs193171491 0.30569
5 102690599 rs116776521 0.9946
5 102690633 rs1035896 0.072505
5 102690887 rs6890731 0.86239
5 102691964 rs116716229 0.59286
5 102692160 rs447411 0.072508
5 102692202 rs571238597 0.94614
5 102692241 rs12514687 0.30913
5 102692461 rs144584730 0.004128
5 102692473 rs438233 0.073354
5 102692716 rs67013622 0.32031
5 102692945 rs452318 0.07309199999999999
5 102693247 rs78514869 0.43856000000000006
5 102693362 rs409656 0.18895
5 102693829 rs774640956 0.99059
5 102693966 rs76124646 0.96062
5 102694112 rs2561481 0.13425
5 102694134 rs77119079 0.032938
5 102694174 rs113486964 0.67779
5 102694179 rs78668106 0.9653299999999999
5 102694445 rs78421453 0.003949
5 102694563 rs142366062 0.18923
5 102694677 rs7737794 0.027260000000000003
5 102694852 rs187652470 0.91796
5 102694888 rs66831123 0.37915
5 102695055 5:102695055_C_T 0.29916
5 102695100 rs80235092 0.0045211999999999995
5 102695626 rs387569 0.1831
5 102695734 rs390694 0.13954
5 102695846 rs76411965 0.23529
5 102696144 rs114319500 0.14235
5 102696239 rs74467471 0.0039046
5 102696976 rs116402229 0.37261
5 102696990 rs144622353 0.0063785
5 102697304 rs75252600 0.024318
5 102697401 rs115112776 0.91264
5 102698441 rs150008443 0.66576
5 102698451 rs148871886 0.22419
5 102698542 rs61206725 0.30748000000000003
5 102698937 rs114577778 0.5778300000000001
5 102699303 rs919313 0.23659000000000002
5 102699343 rs9327880 0.7640100000000001
5 102699723 rs140226800 0.15542
5 102699781 rs150320113 0.76769
5 102699814 rs78614252 0.15114
5 102699915 rs189193727 0.50946
5 102699944 rs76683913 0.30485
5 102699975 rs77618449 0.73575
5 102699980 rs113111110 0.51026
5 102700430 rs75605542 0.0040739
