CHR BP SNP P
14 74374887 rs149575063 0.59363
14 74374897 rs72627130 5.200599999999999e-35
14 74375038 rs189595528 0.9863299999999999
14 74375118 rs77220465 0.3504
14 74375289 rs548884390 0.042235
14 74375290 rs917419 0.15234
14 74375452 rs76876115 0.7829999999999999
14 74375511 rs78294309 0.66487
14 74375654 rs116091943 0.89295
14 74375673 rs116354717 0.8964200000000001
14 74375701 rs72723762 0.46481000000000006
14 74375861 rs2302137 0.14954
14 74375956 rs2302136 0.14603
14 74376174 rs193243867 0.9043899999999999
14 74376675 rs185734876 0.12180999999999999
14 74376838 rs115184091 0.044135
14 74376928 rs114117668 0.15857000000000002
14 74377131 rs7152383 3.7951999999999995e-09
14 74377236 rs7151284 4.2809e-09
14 74377301 rs184054499 0.36034
14 74377522 rs541174801 0.8213299999999999
14 74377608 rs72627131 0.0013686
14 74377662 rs17782263 0.14605
14 74377692 rs550462364 0.6331100000000001
14 74377703 rs78002643 2.8592e-46
14 74377761 rs17782269 3.1967e-23
14 74377912 rs188692954 0.45218
14 74378132 rs34910004 0.12418
14 74378135 rs727523 0.5759
14 74378202 rs7157730 2.3816e-46
14 74378225 rs149881476 0.8546
14 74378805 rs17182675 3.2284999999999993e-23
14 74378933 rs148697227 0.031671
14 74378984 rs11159045 0.21227
14 74378998 rs191688479 0.88746
14 74379073 rs190138735 0.049969
14 74379868 rs72627132 0.0013731
14 74379897 rs140916900 0.84511
14 74380043 rs114438464 0.13548
14 74380389 rs7150972 4.9013e-35
14 74380557 rs34640876 3.0676e-23
14 74380981 rs11628268 5.141100000000001e-09
14 74380990 rs7156351 0.13616
14 74381049 rs71429026 3.0467e-23
14 74381083 rs7156534 3.8555e-35
14 74381100 rs150504476 0.52949
14 74381477 rs116568714 0.0012197
14 74381626 rs147443812 0.51968
14 74381829 rs117704116 6.6067e-25
14 74381913 rs191780530 0.75073
14 74381921 rs538101571 0.0073241
14 74382085 rs8003848 0.33508000000000004
14 74382434 rs76629431 0.88325
14 74382521 rs181383362 0.9863299999999999
14 74382532 rs75041581 0.091336
14 74382540 rs75686554 0.043963
14 74382685 rs181106487 0.69806
14 74382952 rs80271739 0.62893
14 74382979 rs79072441 0.07085599999999999
14 74383209 rs12101044 0.98285
14 74383474 rs116792499 0.65589
14 74383480 rs11626866 0.14704
14 74383506 rs368297871 0.8168300000000001
14 74383679 rs76553384 4.2196e-35
14 74384026 rs17182680 0.15115
14 74384320 rs574010359 0.77232
14 74384345 rs113126374 0.36896
14 74384393 rs140469351 0.6563
14 74384474 rs35664804 2.9917e-23
14 74384504 rs8017051 0.14874
14 74384755 rs530628257 0.11316
14 74384939 rs145121907 0.0014006
14 74385283 rs11624713 1.4207e-09
14 74385495 rs138908280 0.091003
14 74385503 rs28690059 0.30551
14 74385511 rs55940654 0.14994000000000002
14 74385584 rs189614991 0.6017600000000001
14 74385603 rs555824896 0.97288
14 74385622 rs56334127 0.15143
14 74385664 rs55772384 3.7516e-09
14 74385768 rs547553903 0.14992
14 74385850 rs147421809 0.33544
14 74385891 rs139789224 0.99567
14 74385954 rs145311376 0.33544
14 74386054 rs115006246 0.33512
14 74386065 rs139589496 0.061488
14 74386523 rs12050300 0.0015345
14 74386675 rs62003757 4.0697e-09
14 74386686 rs75079380 0.087565
14 74386760 rs115231656 0.052391999999999994
14 74386819 rs111711788 0.3225
14 74386824 rs34127884 2.6739e-23
14 74386991 rs74062567 0.016985
14 74387130 rs77909223 0.66275
14 74387375 rs2302121 0.20352
14 74387450 rs2302120 0.012381999999999999
14 74387669 rs116605099 0.95036
14 74387982 rs67413943 4.7927e-23
14 74388167 rs758244 0.16258
14 74388172 rs114996952 0.6563
14 74388236 rs71429027 6.823e-23
14 74388372 rs12050413 0.0014069
14 74388647 rs76612352 0.62803
14 74388660 rs74487165 0.030144
14 74388791 rs142729287 0.21434
14 74388908 rs1127392 5.7968e-09
14 74389082 rs72627133 0.0015810000000000002
14 74389134 rs11620637 3.2665e-09
14 74389218 rs11620776 0.15435
14 74389867 rs1548667 8.4082e-10
14 74390305 rs77194084 0.61338
14 74390312 rs113883872 0.27034
14 74390881 rs114225473 0.05092
14 74391363 rs17782281 3.103e-09
14 74391482 rs57578129 0.9916
14 74391546 rs377511574 0.050613
14 74391890 rs17782286 0.16555
14 74391996 rs141262483 0.9848
14 74392128 rs17094011 6.2356e-35
14 74392320 rs150841607 1.3471e-46
14 74392342 rs7148538 6.264699999999999e-35
14 74392536 rs144327034 0.44216000000000005
14 74392537 rs146543239 0.44071000000000005
14 74392630 rs115336195 0.046899
14 74392950 rs8013123 9.057600000000001e-10
14 74393056 rs8015935 9.295199999999999e-10
14 74393166 rs11850816 0.5473600000000001
14 74393197 rs145867755 0.52172
14 74393206 rs191924523 0.44356
14 74393251 rs11159046 3.2282e-09
14 74393264 rs116737115 0.70017
14 74393434 rs141213243 1.2531e-46
14 74393510 rs572657392 0.5414100000000001
14 74393731 rs748595370 0.86706
14 74394295 rs17094021 3.8008e-35
14 74394551 rs11159047 0.050872
14 74394674 rs55748911 3.1635e-09
14 74395027 rs756553163 1.9161e-05
14 74395128 rs12432077 2.9905e-09
14 74395277 rs188159646 0.11087000000000001
14 74395582 rs72627134 0.0015265
14 74396221 rs17094043 0.94715
14 74396251 rs17094045 0.0016262999999999998
14 74396283 rs72627135 0.001562
14 74396431 rs8013946 3.0096e-09
14 74396434 rs113954406 0.0016268
14 74396488 rs6574153 9.5856e-10
14 74396512 rs112562736 0.652
14 74396599 rs142277615 0.22726999999999997
14 74396731 rs114360705 0.76439
14 74396820 rs6574154 9.7108e-10
14 74396920 rs151317495 0.050893
14 74396948 rs747832639 0.22024000000000002
14 74397333 rs11624247 9.7815e-10
14 74397351 rs11624140 2.8229e-09
14 74397374 rs113649047 0.24466999999999997
14 74397382 rs112271110 5.1033e-07
14 74397439 rs370647987 0.058955999999999995
14 74397545 rs59363432 7.1816e-35
14 74397674 rs57309686 0.652
14 74398030 rs17094056 0.0015042999999999999
14 74398065 rs8004396 1.9269e-46
14 74399212 rs6574155 1.1116e-09
14 74399291 rs2336547 0.63232
14 74399422 rs2336548 0.15475999999999998
14 74400175 rs67602711 2.7940000000000004e-23
14 74400177 rs72627137 0.0015607999999999998
14 74400318 rs146079742 0.51968
14 74400492 rs17094076 8.5832e-35
14 74400551 rs77154984 0.51968
14 74400634 rs568119621 0.138
14 74400788 rs149343413 3.1729e-47
14 74400974 rs144669313 0.63134
14 74401030 rs45609933 0.11464
14 74401621 rs113372095 7.2487e-06
14 74401665 rs148518466 0.12304000000000001
14 74401840 rs17094078 0.0081528
14 74401900 rs72627138 5.901499999999999e-35
14 74401942 rs113142076 0.63632
14 74401963 rs11159048 0.16624
14 74401968 rs142973612 0.00010249
14 74402006 rs34121364 2.7855000000000003e-23
14 74402043 rs4903155 2.8949e-23
14 74402090 rs144836111 0.8947799999999999
14 74402111 rs7154897 0.16142
14 74402116 rs567576364 0.050959
14 74402147 rs140766443 3.633899999999999e-46
14 74402218 rs4903156 1.1970000000000001e-09
14 74402457 rs79180967 0.652
14 74402477 rs4903157 0.9845299999999999
14 74402642 rs145457364 0.34024
14 74402693 rs17182699 0.00024365
14 74402757 rs151325166 0.31943
14 74402850 rs8019443 0.0074221
14 74403007 rs76878076 0.024082
14 74403289 rs553025057 0.1182
14 74403672 rs75889067 0.040728
14 74403736 rs191171968 0.34755
14 74404454 rs113885060 0.054326
14 74404756 rs28927675 7.4901e-06
14 74404979 rs140973739 0.52285
14 74405018 rs189153186 1.1031e-08
14 74405225 rs11850372 0.3251
14 74405453 rs11159049 7.1875e-06
14 74405480 rs188219939 0.13183
14 74405487 rs11159050 2.5055999999999998e-33
14 74405828 rs62005762 7.2506e-06
14 74405963 rs140895249 6.8912999999999996e-06
14 74405980 rs111697236 0.51577
14 74406031 rs7157725 7.683900000000001e-10
14 74406163 rs72627140 0.58781
14 74406282 rs62005763 7.3649e-06
14 74406310 rs11628813 7.2622000000000005e-06
14 74406382 rs17094107 0.0015683
14 74406611 rs11624780 7.4373e-06
14 74406774 rs116086082 0.62231
14 74406800 rs12895829 2.8115e-23
14 74406911 rs7159394 1.2135e-46
14 74407008 rs111788010 0.65832
14 74407050 rs12881125 2.5298000000000002e-23
14 74407062 rs7142206 1.0475e-09
14 74407253 rs56127215 7.0435e-06
14 74407299 rs115754759 0.28715
14 74407340 rs576467192 0.15743
14 74407604 rs79402303 0.032029
14 74407881 rs4903158 2.4017000000000003e-23
14 74408006 rs68159267 0.1212
14 74408088 rs185861480 0.1661
14 74408117 rs189052118 0.1661
14 74408203 rs740508 0.9387700000000001
14 74408223 rs740507 2.6853e-09
14 74408460 rs758243 7.1835e-06
14 74408618 rs2005782 0.64889
14 74408628 rs141093490 0.015571000000000002
14 74408688 rs144921772 0.41717
14 74408874 rs758242 0.65577
14 74409032 rs740506 9.3911e-06
14 74409338 rs73301408 0.38794
14 74409710 rs74945172 0.66566
14 74409811 rs74062573 0.005496899999999999
14 74409958 rs77226845 0.6666300000000001
14 74410124 rs1005565 7.160700000000001e-06
14 74410391 rs75531118 0.6664399999999999
14 74410405 rs1005564 1.0336e-09
14 74410417 rs11627195 7.5423e-06
14 74410422 rs117001163 2.0466999999999998e-11
14 74410640 rs72723771 7.393600000000001e-11
14 74410663 rs758241 0.00025599
14 74410808 rs116084072 0.50124
14 74411490 rs114761543 0.31598000000000004
14 74411502 rs34140859 0.58678
14 74411669 rs114112275 0.38148000000000004
14 74412022 rs77123772 0.57707
14 74412034 rs12434704 7.9896e-06
14 74412200 rs149617891 0.1764
14 74412322 rs12878756 4.4941000000000005e-14
14 74412505 rs12879092 1.2743e-13
14 74412510 rs144060183 0.4483
14 74412518 rs146419394 0.76185
14 74412585 rs562763122 0.38438
14 74412828 rs151223726 0.64284
14 74413129 rs7146634 1.5816e-09
14 74413243 rs34834232 0.00013825
14 74413420 rs7148485 8.8554e-06
14 74413424 rs114773903 0.50879
14 74413551 rs192144469 0.20110999999999998
14 74413931 rs139033317 0.35051
14 74414283 rs35664136 1.5309e-23
14 74414374 rs141932353 0.5714199999999999
14 74414542 rs57252900 0.8304299999999999
14 74414614 rs3759752 2.4089e-08
14 74414793 rs3759750 9.3751e-06
14 74414824 rs145970077 0.64284
14 74414870 rs139790012 0.43153
14 74415032 rs35897291 1.5547e-23
14 74415057 rs143182898 0.9318799999999999
14 74415073 rs11624578 1.4240999999999999e-09
14 74415417 rs116035882 0.64704
14 74415513 rs114652163 0.54756
14 74415553 rs118139038 0.00053718
14 74415762 rs12896694 0.38527
14 74415999 rs62006128 1.6878e-09
14 74416232 rs545165079 0.54581
14 74416307 rs571528302 0.52764
14 74416384 rs11848815 0.055739
14 74416600 rs11621743 1.3703e-09
14 74416603 rs77558787 0.81924
14 74416625 rs146467805 0.00031331
14 74416646 rs116578534 0.57072
14 74416665 rs17094157 0.00047468
14 74416698 rs11848954 0.0001569
14 74416782 rs190881382 0.42906000000000005
14 74416832 rs111833521 0.85772
14 74416836 rs17094161 0.56866
14 74416937 rs17094164 0.56958
14 74416945 rs17552038 1.5209e-23
14 74416996 rs78801603 0.27681
14 74417180 rs61743884 0.45976000000000006
14 74417209 rs60369619 0.8678799999999999
14 74417488 rs76260393 0.8741399999999999
14 74417555 rs112218167 0.48463
14 74417598 rs11850082 0.4075
14 74417609 rs59892091 0.00044078
14 74417650 rs11850094 0.40683
14 74417712 rs11850097 0.39283
14 74417798 rs8013496 1.0882999999999999e-05
14 74417913 rs112260439 0.88587
14 74418066 rs114383382 0.7190000000000001
14 74418141 rs11628276 1.519e-09
14 74418234 rs546000733 0.11281
14 74418588 rs66712197 1.2505999999999999e-23
14 74418635 rs187808379 0.8399
14 74418681 rs112563499 0.55737
14 74418750 rs72723772 0.098996
14 74418970 rs77680522 1.8722000000000003e-47
14 74419209 rs10459545 2.9206e-08
14 74419229 rs138605426 0.8380299999999999
14 74419244 rs116790320 0.9181600000000001
14 74419246 rs191928320 0.3205
14 74419247 rs10459546 1.5027000000000002e-23
14 74419355 rs111553135 0.81594
14 74419527 rs141219050 0.5484100000000001
14 74419553 rs570220097 0.39753
14 74419642 rs10459547 1.094e-23
14 74419825 rs4903159 2.6975e-08
14 74420030 rs112742205 0.34568000000000004
14 74420109 rs60157646 0.7977
14 74420127 rs3213692 0.29636
14 74420252 rs61743864 0.51477
14 74420440 rs17094182 6.6788e-47
14 74420922 rs11629101 1.1557e-05
14 74420976 rs116162902 0.51667
14 74421100 rs142889800 0.53283
14 74421212 rs2079632 0.23239
14 74421321 rs2098030 1.6786999999999997e-23
14 74421339 rs578001530 0.77663
14 74421376 rs140936556 0.53777
14 74421626 rs115919509 0.35862
14 74421681 rs189541577 0.35803
14 74421999 rs553133494 0.17115999999999998
14 74422069 rs145772659 0.61266
14 74422267 rs75483769 0.39828
14 74422329 rs2302118 9.825e-14
14 74422386 rs75531541 0.96916
14 74422545 rs45496292 0.23763
14 74422599 rs144880038 0.52962
14 74422802 rs188395141 0.14951
14 74422803 rs112488013 0.6426
14 74422843 rs1972538 1.3130999999999998e-15
14 74422904 rs112175736 0.6994199999999999
14 74422923 rs1985969 3.8632e-30
14 74423112 rs2336738 0.8950899999999999
14 74423218 rs10148057 0.46066
14 74423284 rs145251746 0.00016534
14 74423659 rs11623965 1.3939000000000001e-09
14 74423719 rs114427096 0.9691
14 74423782 rs11850995 0.61202
14 74423837 rs60611458 0.5927
14 74423956 rs62006130 1.166e-05
14 74424202 rs77803340 0.36113
14 74424243 rs146795339 0.0023965999999999996
14 74424259 rs114800916 0.4655
14 74424491 rs17782310 1.26e-09
14 74424544 rs79537722 0.46837
14 74424741 rs10151933 0.46353999999999995
14 74424938 rs3180946 1.1946e-09
14 74425056 rs3764859 1.2209000000000001e-05
14 74426314 rs57268226 0.887
14 74426317 rs137990739 0.00027685
14 74426375 rs145747095 0.00031889
14 74426672 rs2072291 6.6401999999999995e-09
14 74426854 rs740505 8.9853e-22
14 74426930 rs740504 9.0348e-22
14 74426942 rs10873263 1.4226e-09
14 74426971 rs34468446 0.045389
14 74427405 rs2098029 1.8278e-23
14 74427406 rs115579294 4.4715e-05
14 74427623 rs547084479 0.51442
14 74427625 rs75088275 0.35411
14 74427674 rs79246780 0.00013815
14 74427786 rs74381978 0.039986
14 74428000 rs2074930 3.6572e-46
14 74428247 rs34746680 0.9080299999999999
14 74428286 rs7141392 0.23381
14 74428338 rs116737018 0.45885
14 74428445 rs8500 1.2999e-05
14 74428851 rs12880050 1.0709000000000001e-23
14 74429091 rs72627141 1.994e-46
14 74429125 rs113145643 0.6381600000000001
14 74429133 rs7147088 1.2430999999999998e-05
14 74429137 rs7147229 1.3619999999999998e-09
14 74429334 rs148091787 0.014088
14 74429597 rs139750956 0.8323
14 74429604 rs79648077 0.12086
14 74429730 rs73301427 0.61128
14 74429848 rs72627142 1.7249999999999997e-46
14 74429983 rs116563548 0.56019
14 74430447 rs1029704 1.2259e-05
14 74430464 rs777186994 0.7902600000000001
14 74431000 rs117853353 0.00016971
14 74431191 rs3742815 8.1618e-33
14 74431428 rs72627143 0.52362
14 74431929 rs188796735 0.065525
14 74432158 rs118113209 0.00025946
14 74432162 rs7156320 1.1735999999999999e-05
14 74432265 rs7155210 1.2481e-05
14 74432430 rs4140924 1.9099e-09
14 74433015 rs181821437 0.086839
14 74433129 rs7161037 9.316699999999999e-14
14 74433138 rs11624946 2.102e-09
14 74433141 rs72723776 2.1573000000000002e-23
14 74433226 rs544722277 0.16527
14 74433552 rs13743 1.3403e-05
14 74433564 rs114220367 0.00023323
14 74433606 rs146333729 0.5285
14 74433611 rs78933588 0.028619
14 74433859 rs3742813 1.3429000000000001e-05
14 74433886 rs3742812 0.83273
14 74433986 rs527371465 0.017182
14 74434535 rs113969048 0.48695
14 74434623 rs12432463 1.3474e-05
14 74435028 rs34793473 1.9984000000000002e-23
14 74435370 rs3784042 1.3230000000000002e-23
14 74435483 rs3784041 1.3593e-23
14 74435615 rs3784040 4.0779e-46
14 74435859 rs56741194 0.48398
14 74435914 rs8015274 0.69639
14 74435958 rs114531848 0.00022932
14 74435964 rs75648220 0.00023293
14 74436035 rs17094410 0.40241
14 74436143 rs145809914 0.51195
14 74436161 rs114647260 0.07058500000000001
14 74436231 rs141803559 0.45816
14 74436235 rs111354676 0.67483
14 74436395 rs191913317 0.38963000000000003
14 74436502 rs2336742 0.12822
14 74436699 rs116066050 0.35181999999999997
14 74437069 rs3742811 3.4609999999999997e-47
14 74437132 rs113074000 0.61087
14 74437213 rs73301440 0.63875
14 74437545 rs114037878 0.71438
14 74437631 rs112494341 0.61129
14 74437693 rs147989709 0.43943999999999994
14 74437789 rs182820646 0.0017423999999999999
14 74437834 rs11621319 1.3466e-05
14 74437956 rs140877460 2.1917e-46
14 74437964 rs150179269 2.0493e-46
14 74437973 rs138558914 0.9045799999999999
14 74438150 rs141757335 0.45778
14 74438267 rs78136305 0.44017
14 74439494 rs144226499 0.64765
14 74439495 rs11623794 0.13402999999999998
14 74439673 rs17094434 0.9434
14 74439693 rs17094438 0.41395
14 74439880 rs115857944 0.6422899999999999
14 74439895 rs74492048 0.00029955
14 74439951 rs142456652 0.00022911
14 74440002 rs17094445 0.3532
14 74440119 rs17094448 0.00029828
14 74440161 rs2072292 1.3727000000000001e-05
14 74440441 rs11623041 0.17257999999999998
14 74440465 rs116718458 0.51007
14 74440720 rs7152184 0.71157
14 74440853 rs76409783 0.35267
14 74440959 rs73301449 0.63647
14 74441167 rs62006133 6.878900000000001e-11
14 74441176 rs7157377 5.9821e-14
14 74441244 rs73301450 0.60907
14 74441345 rs758240 9.7657e-33
14 74441450 rs543624587 0.2619
14 74441537 rs2074933 3.0848e-08
14 74441684 rs2074932 9.769799999999999e-33
14 74441753 rs12895057 0.0020833
14 74442151 rs2074931 1.2517e-05
14 74442210 rs140327042 0.77042
14 74442252 rs11625480 1.3908e-09
14 74442257 rs117000955 0.79013
14 74442366 rs145429634 0.77004
14 74442418 rs114450672 0.055205
14 74442500 rs11844270 0.67324
14 74442631 rs142846419 0.00032153
14 74442857 rs17782328 1.6537e-23
14 74443147 rs56856120 0.44982
14 74443150 rs114036459 0.00022115
14 74443354 rs8009548 1.2522e-05
14 74443498 rs35225829 2.7410999999999993e-23
14 74443629 rs78795860 0.8292299999999999
14 74443840 rs75524800 0.8979799999999999
14 74444083 rs7152860 0.60655
14 74444238 rs7152760 0.53073
14 74444439 rs17782334 0.9367700000000001
14 74444625 rs2215134 2.847e-08
14 74444729 rs112849662 0.020084
14 74444778 rs17782344 1.6329000000000002e-09
14 74444988 rs79758835 0.076961
14 74445039 rs115579701 0.25456
14 74445261 rs150959685 0.42783000000000004
14 74445390 rs11159051 1.6304000000000003e-09
14 74445469 rs139445351 0.93581
14 74445619 rs4903162 1.9857e-09
14 74445730 rs114483914 0.5152399999999999
14 74445852 rs73301457 0.5162399999999999
14 74445876 rs116488188 0.00024696
14 74445882 rs62006134 1.6247999999999998e-09
14 74446202 rs185558826 0.83252
14 74446275 rs9888592 0.25477
14 74446324 rs9323593 2.0774e-09
14 74446476 rs62006135 1.6622e-48
14 74446808 rs186109031 0.53482
14 74447112 rs62006136 1.6725000000000002e-09
14 74447198 rs141482896 0.25575
14 74447257 rs8011908 1.3979000000000001e-05
14 74447383 rs80298117 0.00029873
14 74447393 rs8012388 1.3987e-05
14 74447407 rs114727577 0.6734
14 74447785 rs147326645 0.00028513
14 74447988 rs117382186 0.84977
14 74448572 rs74956016 0.25597
14 74448625 rs11624284 1.4319000000000001e-05
14 74448916 rs185691039 0.00032955
14 74449088 rs9744017 0.6089600000000001
14 74449119 rs9744018 0.6086699999999999
14 74449207 rs146663020 0.44021000000000005
14 74449225 rs181561809 0.44395
14 74449241 rs183832190 0.60363
14 74449484 rs114055930 0.076155
14 74449529 rs146520613 0.58231
14 74449664 rs12431489 1.6730000000000001e-09
14 74450023 rs145581528 4.5099e-08
14 74450140 rs148952157 0.94201
14 74450400 rs200822964 0.50862
14 74450613 rs143842394 0.51755
14 74450733 rs116405739 0.25575
14 74450752 rs12894825 1.7146e-23
14 74451171 rs4903163 0.23076
14 74451190 rs116263576 0.055205
14 74451315 rs4903164 1.6475000000000002e-23
14 74451599 rs4903165 1.3256e-32
14 74451615 rs113834799 0.53388
14 74451938 rs143998887 0.00026831
14 74451958 rs187660333 0.014346000000000001
14 74451961 rs145947184 0.35412
14 74452429 rs17782351 7.523899999999999e-07
14 74452465 rs7148202 1.8107000000000002e-09
14 74452495 rs58199545 0.00028533
14 74452784 rs148685804 0.25575
14 74453208 rs73301464 0.66013
14 74453213 rs77198992 0.8312299999999999
14 74453347 rs142240988 0.5309699999999999
14 74453717 rs28758488 0.35472
14 74453817 rs28628660 0.35306
14 74453987 rs140299200 0.00023689
14 74454107 rs78208447 0.35412
14 74454195 rs35864336 5.9028e-14
14 74454456 rs145406102 0.61266
14 74454489 rs577856426 0.27458
14 74454813 rs2302117 1.7247e-13
14 74454819 rs12434581 2.1438e-09
14 74455034 rs556236913 0.36146
14 74455196 rs61423350 0.6715800000000001
14 74455219 rs77321049 0.00029687
14 74455389 rs11159052 1.9523e-05
14 74455979 rs62005063 1.8146e-13
14 74456126 rs72627144 1.3465999999999998e-46
14 74456128 rs62005064 1.2531e-13
14 74456266 rs142489916 0.00029737
14 74456480 rs186358932 0.0043837
14 74456879 rs112272300 0.52909
14 74456996 rs80083802 0.0002972
14 74457093 rs111786594 1.2790999999999999e-23
14 74457121 rs35899271 1.0655999999999998e-23
14 74457162 rs12893501 0.18014000000000002
14 74457214 rs78742875 0.00025922
14 74457228 rs72627145 2.3794999999999997e-46
14 74457332 rs116705648 0.05513099999999999
14 74457478 rs112190984 1.1334000000000001e-23
14 74457729 rs147622288 0.34276
14 74457938 rs114080306 0.055229999999999994
14 74457944 rs8019765 2.4595e-05
14 74457991 rs77809263 0.51615
14 74458077 rs140448903 0.44315
14 74458079 rs150472465 0.78678
14 74458561 rs7143207 1.4130999999999999e-05
14 74458582 rs2012788 0.93681
14 74458618 rs539021260 0.98055
14 74458663 rs62005067 1.5402e-13
14 74459254 rs116203626 0.75921
14 74459440 rs73301469 0.99985
14 74459536 rs138982808 0.7769199999999999
14 74459601 rs192940210 3.7042999999999996e-08
14 74459617 rs142451081 0.35447
14 74459620 rs12885276 7.922200000000001e-24
14 74459679 rs62005068 2.1782e-05
14 74459877 rs115525609 0.054139
14 74459954 rs562796921 0.36146
14 74460095 rs11621114 2.0172e-05
14 74460126 rs11621118 6.366e-33
14 74460144 rs79860918 0.00013915
14 74460293 rs73301471 0.51297
14 74460488 rs1468505 2.2091999999999998e-05
14 74460691 rs10143201 0.39111999999999997
14 74461117 rs112965033 0.00025993
14 74461121 rs113257091 0.00026839999999999996
14 74461295 rs183773048 0.048887
14 74461471 rs76772820 0.26600999999999997
14 74461598 rs181882972 0.84121
14 74461630 rs56287558 0.5683199999999999
14 74462204 rs12323875 0.0039602
14 74462213 rs8016802 0.12253
14 74462216 rs58232453 0.61803
14 74462454 rs76833914 0.6270100000000001
14 74462690 rs9323594 0.015590000000000001
14 74462759 rs147190309 0.10852
14 74462868 rs73301475 0.00026891
14 74463560 rs73301477 0.00025441
14 74463682 rs55924081 0.7848
14 74464104 rs75081619 0.032889
14 74464900 rs143728364 0.0017517
14 74464991 rs147219966 0.00026526
14 74465290 rs77361581 0.00024304
14 74465405 rs141267721 0.41093
14 74465445 rs75374056 0.27926
14 74465662 rs62005070 3.0423e-09
14 74465741 rs10147158 6.9686000000000005e-15
14 74465756 rs8015927 0.00024955
14 74465959 rs7157168 0.015425999999999999
14 74466063 rs60730881 0.64818
14 74466191 rs140025253 0.9663
14 74466253 rs183407814 0.29704
14 74466294 rs7159179 0.059717
14 74466356 rs4903166 0.73556
14 74466363 rs143752275 8.2863e-12
14 74466622 rs538253463 0.58275
14 74466920 rs59645412 0.050171
14 74466938 rs75822686 0.056380999999999994
14 74466958 rs150336161 0.7369899999999999
14 74467172 rs114448832 0.00040772
14 74467177 rs115003749 0.053891999999999995
14 74467222 rs146086623 0.00024838
14 74467250 rs59429148 0.00025613
14 74467334 rs149332160 0.45585
14 74467354 rs144541423 0.71609
14 74467401 rs148045611 0.81858
14 74467449 rs58639209 0.00025993
14 74467472 rs4903167 0.015436000000000002
14 74467531 rs58102735 0.00026042
14 74467757 rs73301479 0.00025729
14 74467839 rs113768127 0.00025593
14 74467879 rs4899486 0.015347999999999999
14 74467987 rs28473715 3.106199999999999e-100
14 74468065 rs149192567 0.28662
14 74468074 rs112263713 0.56282
14 74468153 rs367874442 0.9683799999999999
14 74468205 rs141934933 0.53478
14 74468229 rs371657181 0.9683799999999999
14 74468245 rs145747149 0.5169199999999999
14 74468335 rs28414179 2.8893999999999993e-100
14 74468532 rs4899487 0.015333000000000001
14 74468613 rs4903168 0.5927
14 74468643 rs73301485 0.0002602
14 74468898 rs62005071 2.8211999999999997e-09
14 74469188 rs12892608 2.9715e-24
14 74469216 rs114977669 0.6227
14 74469480 rs59675549 0.00026805
14 74469559 rs34039294 2.8481e-09
14 74469627 rs61091897 0.5070100000000001
14 74469679 rs116245549 0.052839
14 74469876 rs146083043 0.9072
14 74469915 rs2159147 0.015836000000000003
14 74469941 rs77899224 0.28996
14 74470008 rs114586863 0.48103
14 74470063 rs59814250 0.054573
14 74470064 rs2108712 0.20703000000000002
14 74470191 rs543473754 0.4203
14 74470208 rs114420906 0.44843
14 74470492 rs117393120 0.022305000000000002
14 74470632 rs116650363 0.00026729
14 74470639 rs182574325 0.026952999999999998
14 74470666 rs114218466 0.46968999999999994
14 74470781 rs12887915 0.01594
14 74470822 rs62005072 4.0946999999999996e-08
14 74470907 rs12888125 0.016033000000000002
14 74471016 rs8017421 0.00028809
14 74471059 rs142951362 0.6395
14 74471074 rs187187538 0.6647
14 74471220 rs144846353 0.99305
14 74471262 rs80239428 0.28824
14 74471267 rs8019192 0.00029051
14 74471377 rs8018226 0.00029128
14 74471392 rs10400727 3.2233999999999995e-24
14 74471492 rs191911835 0.76399
14 74471672 rs8019882 0.63943
14 74471862 rs144352351 0.0003031
14 74471864 rs112897606 0.54459
14 74471895 rs8019320 0.72577
14 74472053 rs115021583 0.63942
14 74472163 rs143584398 0.0051706
14 74472197 rs73301493 0.00030064
14 74472226 rs9671223 3.2335e-08
14 74472848 rs4903169 0.016127000000000002
14 74472881 rs4903170 0.65876
14 74472928 rs142037271 0.35821
14 74473055 rs71429030 2.4097e-24
14 74473072 rs144376326 0.42616000000000004
14 74473112 rs183824843 0.00039053
14 74473130 rs10132605 5.601699999999998e-101
14 74473237 rs188518652 0.43236
14 74473292 rs181601553 0.22993000000000002
14 74473303 rs11159055 0.59726
14 74473353 rs10132807 0.011753
14 74473395 rs10132736 5.140399999999999e-100
14 74473413 rs73301500 0.00032787
14 74473434 rs11626725 1.8371e-08
14 74473547 rs139005330 0.7851199999999999
14 74473578 rs75754154 0.00035182
14 74473607 rs11159056 6.2557e-26
14 74473825 rs8010533 0.19158
14 74473887 rs72723799 1.9312e-111
14 74473941 rs62005074 2.0815000000000003e-24
14 74473951 rs112538274 0.0032654000000000003
14 74473952 rs112140683 0.002307
14 74474052 rs143691917 0.00015216
14 74474396 rs117818304 7.6765e-05
14 74474436 rs111803648 0.44273
14 74474696 rs58821363 0.0027253
14 74474850 rs4899488 7.982100000000001e-17
14 74475043 rs76204336 0.26946
14 74475178 rs56758156 0.051791
14 74475569 rs80114314 0.39571999999999996
14 74475691 rs577231734 0.021363999999999998
14 74475796 rs10151810 7.7289e-13
14 74475946 rs140046695 0.37101999999999996
14 74476024 rs62005075 7.239099999999999e-115
14 74476167 rs144012912 7.329500000000001e-06
14 74476259 rs115737952 0.35252
14 74476399 rs72627146 0.0028226999999999996
14 74476400 rs11848840 0.36207
14 74476534 rs113890313 0.94385
14 74476552 rs77987737 0.0030675
14 74476563 rs139814489 0.007651899999999999
14 74476623 rs143441356 0.00010422
14 74476627 rs368516036 0.87523
14 74476744 rs146761108 0.8468100000000001
14 74476866 rs11848920 8.1083e-05
14 74476885 rs534184486 0.34633
14 74476919 rs115857921 0.95473
14 74476934 rs76889338 0.0030756
14 74477156 rs140326958 1.5267999999999999e-13
14 74477200 rs62005077 3.1693999999999993e-115
14 74477206 rs12886808 9.791099999999999e-26
14 74477284 rs73303107 9.8731e-05
14 74477314 rs11159057 7.8502e-13
14 74477336 rs11849883 1.7582e-16
14 74477408 rs76889147 0.54592
14 74477488 rs3742810 0.71986
14 74477507 rs8012398 0.38175
14 74477647 rs78393809 0.34315
14 74477682 rs76763408 0.063395
14 74477870 rs149163018 0.53054
14 74478438 rs78092845 0.0029859
14 74478482 rs77320708 8.067e-05
14 74478584 rs74395411 8.100699999999999e-05
14 74478661 rs115567354 0.33089
14 74478969 rs8023037 0.64942
14 74479217 rs41435451 0.0027349
14 74479363 rs76816121 0.34224
14 74479746 rs11848515 0.28246
14 74480070 rs78496651 0.00010419
14 74480084 rs138526416 0.40134000000000003
14 74480121 rs144131209 0.11717000000000001
14 74480134 rs150664330 0.83767
14 74480136 rs73303112 0.70697
14 74480280 rs118068196 0.32116999999999996
14 74480304 rs35579176 1.2544e-16
14 74480613 rs143975744 0.00032250000000000003
14 74480659 rs79451177 0.28271999999999997
14 74480794 rs66896899 8.260599999999999e-26
14 74480802 rs60584681 0.0025943000000000003
14 74480824 rs61366903 0.0025923
14 74480874 rs62005078 5.387399999999999e-115
14 74480937 rs74684041 0.7084199999999999
14 74481068 rs73303113 9.7265e-05
14 74481071 rs186499427 0.0010029
14 74481269 rs10137581 0.30289
14 74481484 rs79409452 0.51756
14 74481917 rs114582139 0.3553
14 74481953 rs61522544 7.9866e-05
14 74481963 rs182641553 0.51756
14 74481979 rs56995298 0.0025923
14 74482039 rs17093884 7.9806e-05
14 74482299 rs140853573 0.00037896
14 74482311 rs116320052 0.00031545
14 74482420 rs149795139 0.98177
14 74482450 rs141671679 0.53366
14 74482598 rs17095091 0.44632
14 74482674 rs192822905 0.098692
14 74482925 rs148348500 0.1355
14 74482948 rs3815331 0.00010101
14 74482984 rs17095096 0.7084199999999999
14 74483171 rs145962254 0.54918
14 74483192 rs138568477 0.36963
14 74483344 rs55714624 5.740999999999999e-115
14 74483448 rs7145427 1.1287e-16
14 74483542 rs184228912 0.0003958
14 74483568 rs7147063 0.0027908
14 74483615 rs73303116 9.5671e-05
14 74483748 rs78010061 0.36679
14 74483819 rs191433274 6.2667e-23
14 74483888 rs148659382 0.7084199999999999
14 74483945 rs113307751 7.8617e-05
14 74483961 rs113187224 7.524e-05
14 74483975 rs112464051 9.5669e-05
14 74484111 rs57733852 8.6595e-26
14 74484153 rs140958854 0.050927999999999994
14 74484310 rs10135303 2.8988999999999995e-115
14 74484401 rs4899489 0.43204
14 74484509 rs149012525 0.9803200000000001
14 74484670 rs56889246 9.582799999999999e-05
14 74484849 rs114137215 0.5521
14 74484943 rs116402292 0.19617
14 74485001 rs113306633 0.7461300000000001
14 74485048 rs749482222 0.97856
14 74485133 rs34440436 8.454299999999999e-26
14 74485364 rs72723802 0.046349
14 74485382 rs58894370 9.520799999999999e-05
14 74485523 rs57482759 7.5689e-05
14 74485592 rs45538635 2.4927999999999994e-116
14 74485781 rs61475846 7.5909e-05
14 74485874 rs150516062 0.050974
14 74485926 rs113908274 7.578600000000001e-05
14 74486079 rs79458742 0.35229
14 74486102 rs535112272 0.13940999999999998
14 74486469 rs75247454 0.81226
14 74486470 rs77815188 0.81226
14 74486624 rs114478237 0.25916
14 74486797 rs73303122 7.581600000000001e-05
14 74486969 rs139712735 0.0033133000000000004
14 74487263 rs145439923 0.35254
14 74487270 rs57201385 9.2149e-05
14 74487287 rs181083003 0.59732
14 74487363 rs6574156 0.0021190000000000002
14 74487426 rs113692326 0.7461300000000001
14 74487521 rs57731447 9.2312e-05
14 74487592 rs57685514 9.1977e-05
14 74487688 rs80177305 0.36973
14 74488106 rs35198825 1.1492e-25
14 74488168 rs116176810 0.2688
14 74488992 rs35052753 1.3541000000000001e-25
14 74489009 rs139647442 0.3497
14 74489013 rs143657897 0.35878000000000004
14 74489162 rs112053845 0.98395
14 74489165 rs184038296 0.42751999999999996
14 74489170 rs10151481 0.30389
14 74489225 rs74635757 7.573600000000001e-05
14 74489244 rs73303129 7.573600000000001e-05
14 74489348 rs115885824 0.51756
14 74489695 rs79860442 0.28243
14 74489735 rs3784039 0.0019003
14 74489782 rs61751904 0.9209
14 74489815 rs182496407 0.10419
14 74490002 rs116263603 0.3696
14 74490045 rs56073585 2.3522999999999995e-116
14 74490256 rs144494872 0.36254000000000003
14 74490276 rs146644610 0.42751999999999996
14 74490357 rs141453104 3.4444e-11
14 74490448 rs151303304 0.38513000000000003
14 74490560 rs150126903 0.36254000000000003
14 74490664 rs10137984 0.0019239
14 74491036 rs185628829 0.048819
14 74491052 rs147004396 0.43598000000000003
14 74491065 rs57953007 0.002175
14 74491117 rs114967648 0.7085600000000001
14 74491121 rs79250763 9.7669e-05
14 74491260 rs114641365 0.38816
14 74491285 rs112162624 0.85301
14 74491451 rs148247091 0.51
14 74491635 rs117362083 0.21718
14 74491726 rs35573905 1.2417e-25
14 74491830 rs141465962 0.8872
14 74491862 rs74644366 0.28276999999999997
14 74491866 rs59449585 0.38816
14 74491879 rs539414282 0.38098000000000004
14 74492609 rs111620017 0.9202799999999999
14 74492635 rs551948826 0.77149
14 74492856 rs186018256 0.36243000000000003
14 74492966 rs144215817 0.36243000000000003
14 74492974 rs146065434 9.7481e-05
14 74493013 rs111814267 1.5915e-25
14 74493241 rs66941731 1.0173e-16
14 74493405 rs10147202 0.0023558000000000003
14 74493624 rs113006129 0.74373
14 74493648 rs115742876 0.96731
14 74493692 rs62005083 2.3295999999999995e-92
14 74494152 rs113890148 0.93763
14 74494437 rs8020310 7.5497e-05
14 74495050 rs141250727 0.002532
14 74495090 rs73303135 7.5286e-05
14 74495284 rs111682553 0.7533
14 74495447 rs146921932 0.8705
14 74495466 rs142223200 8.586600000000001e-05
14 74495480 rs9743497 0.38974000000000003
14 74495534 rs138582449 0.8716700000000001
14 74495952 rs144719917 0.0021669000000000002
14 74496161 rs59724208 0.34669
14 74496320 rs59334504 6.3395e-12
14 74496684 rs77205788 0.77489
14 74496782 rs12887106 1.4317e-25
14 74497230 rs10137292 0.0022925000000000003
14 74497463 rs117276277 9.889e-05
14 74497558 rs184863790 0.9935200000000001
14 74497682 rs547191264 0.21136
14 74497843 rs112284197 0.33155999999999997
14 74498053 rs75773875 8.291e-05
14 74498333 rs7161721 1.1394e-16
14 74498358 rs7161293 1.0912e-16
14 74498648 rs76280118 0.34331
14 74499430 rs62005084 1.9108999999999993e-116
14 74499557 rs73303140 0.34118000000000004
14 74499714 rs111505859 0.7682
14 74499959 rs114732364 0.012790000000000001
14 74499971 rs116561623 0.32828
14 74499983 rs143176734 0.0029515
14 74500194 rs182538868 0.99131
14 74500530 rs62005085 1.2719999999999998e-110
14 74500591 rs192413372 0.85049
14 74500621 rs72725911 2.7715e-121
14 74501034 rs2286415 3.4259999999999994e-114
14 74501184 rs115588173 0.0028923
14 74501316 rs184717626 0.024301
14 74501347 rs35265820 0.098106
14 74501450 rs7147523 2.2112000000000002e-26
14 74501536 rs118177460 0.31935
14 74501712 rs72627148 0.0019048
14 74501780 rs7148058 9.3545e-16
14 74501841 rs138805259 0.57658
14 74501884 rs189523068 0.89384
14 74501993 rs11846445 8.262900000000001e-16
14 74502001 rs56171007 2.433199999999999e-121
14 74502080 rs28635676 0.38125
14 74502156 rs11846498 2.3372999999999994e-114
14 74502183 rs28450316 0.259
14 74502222 rs370598429 0.77403
14 74502230 rs148576870 0.84303
14 74502245 rs77639642 0.0019625
14 74502495 rs11159059 1.1192000000000001e-25
14 74502513 rs11846676 0.00093789
14 74502606 rs188411849 0.13807
14 74502821 rs113453029 2.6724999999999997e-111
14 74502877 rs72627149 0.0015382
14 74502887 rs114418856 0.51952
14 74503201 rs111966008 0.77595
14 74503319 rs370237211 0.76403
14 74503333 rs10873264 0.38508000000000003
14 74503485 rs116936090 6.764e-11
14 74503608 rs116473879 0.35205
14 74503720 rs560219649 0.77403
14 74503822 rs146483913 0.37564000000000003
14 74503859 rs11159060 1.1150999999999999e-25
14 74503929 rs145043648 5.0369e-38
14 74504029 rs11848763 0.0019069000000000002
14 74504142 rs141477209 0.3276
14 74504232 rs532291682 0.87764
14 74504332 rs150391864 0.9516399999999999
14 74504503 rs8007029 2.2366999999999994e-114
14 74504771 rs57998333 0.20655
14 74504803 rs115883558 0.51952
14 74504823 rs116027231 0.93129
14 74504928 rs10459548 0.0019219999999999999
14 74505069 rs6574157 2.4687999999999996e-111
14 74505434 rs116094311 0.76883
14 74505487 rs7150815 1.0050000000000002e-15
14 74505692 rs68031725 1.0365e-25
14 74505748 rs7150923 8.3538e-16
14 74505944 rs76031372 0.0011036
14 74505985 rs139062318 0.75764
14 74506012 rs10148926 0.31922
14 74506095 rs72627150 0.0018859999999999999
14 74506382 rs4899490 2.1595999999999997e-114
14 74506416 rs113275519 0.28956
14 74506445 rs12893367 9.724e-16
14 74506533 rs116330091 0.33469
14 74506715 rs112717083 0.2606
14 74506982 rs62005105 1.5665e-05
14 74507117 rs115095452 0.0029620000000000002
14 74507320 rs17182762 0.9156700000000001
14 74507674 rs17095467 0.53763
14 74507707 rs17095471 0.49682
14 74507759 rs2240625 0.0019274000000000001
14 74507772 rs143734422 0.76802
14 74507775 rs148084194 0.46738
14 74507916 rs146897714 0.6702100000000001
14 74507985 rs12883970 1.109e-25
14 74508122 rs111950983 0.2209
14 74508347 rs75245210 0.9150200000000001
14 74508459 rs111349322 0.9909899999999999
14 74508527 rs138299426 0.045032
14 74508604 rs575433019 0.096649
14 74508635 rs149269348 0.43028
14 74508793 rs72627151 0.0019256
14 74508858 rs72725916 1.8256999999999996e-121
14 74509023 rs55878372 1.8043999999999996e-121
14 74509238 rs143975245 0.31722
14 74509377 rs7153160 1.4661999999999998e-61
14 74509401 rs35113917 0.33497
14 74509419 rs7153017 1.9613999999999992e-114
14 74509660 rs7153587 1.0421999999999998e-61
14 74509911 rs62005107 1.920999999999999e-114
14 74509952 rs115299237 0.41439
14 74509956 rs116769961 0.32184
14 74509972 rs189555346 0.9489799999999999
14 74510290 rs180806205 0.5189600000000001
14 74510584 rs151194722 0.9989399999999999
14 74510608 rs114980196 0.0019892
14 74510612 rs66781959 1.1094999999999998e-25
14 74510656 rs545020471 0.77722
14 74510724 rs140339467 0.0014867
14 74510840 rs191881199 0.9953200000000001
14 74510873 rs114934494 0.52388
14 74510874 rs111844188 0.96786
14 74510896 rs12147709 1.878e-114
14 74511124 rs35113650 1.114e-25
14 74511226 rs115162952 0.3285
14 74511354 rs145269106 0.34905
14 74511572 rs111233106 0.0013435
14 74511790 rs28648521 0.3208
14 74511878 rs2336751 0.0019283000000000002
14 74511935 rs28721893 0.0019006000000000001
14 74512074 rs4903173 1.7774e-25
14 74512199 rs7160498 9.927399999999998e-62
14 74512389 rs34926712 1.1155999999999999e-25
14 74512698 rs6574158 9.0385e-16
14 74512816 rs141857440 0.21095999999999998
14 74513233 rs143842083 0.9915
14 74513236 rs2190894 1.8205999999999998e-114
14 74513552 rs141961933 0.96331
14 74513640 rs68078235 1.1274e-25
14 74514143 rs760771246 0.49299
14 74514166 rs572516868 0.9728899999999999
14 74514298 rs114922369 0.59945
14 74514388 rs12888554 1.1142000000000002e-25
14 74514674 rs3784038 7.7485e-16
14 74514717 rs114681409 0.0021043000000000004
14 74514883 rs75913650 0.97793
14 74515078 rs79625325 0.93935
14 74515083 rs79348621 0.97793
14 74515084 rs567709743 0.19087
14 74515660 rs10150894 1.7820999999999996e-114
14 74515721 rs11624332 0.39886
14 74515823 rs112131972 0.8230200000000001
14 74515911 rs10151133 0.0012341
14 74516067 rs73303156 0.30998000000000003
14 74516497 rs34076068 1.1192000000000001e-25
14 74516557 rs76295174 0.7678
14 74516621 rs34995157 0.046234
14 74517012 rs17095580 0.35525999999999996
14 74517106 rs75138131 0.81193
14 74517122 rs112694149 0.7678
14 74517154 rs77444557 0.81193
14 74517232 rs77546905 0.0069943
14 74517287 rs62005108 1.8361999999999996e-114
14 74517377 rs35733055 1.1182000000000001e-25
14 74517745 rs147874690 0.0012972
14 74517904 rs150477809 0.16028
14 74517918 rs62005109 4.011399999999998e-114
14 74518030 rs149222628 0.4386
14 74518068 rs183669841 0.22338000000000002
14 74518073 rs8015654 4.2243999999999985e-114
14 74518766 rs117640020 0.080362
14 74518877 rs80022943 0.14475
14 74518956 rs150723928 0.62256
14 74519060 rs61144661 0.32133
14 74519563 rs139180169 0.023841
14 74519580 rs114153321 0.35525999999999996
14 74519759 rs72725920 0.11185
14 74519828 rs115741929 0.49971000000000004
14 74519976 rs77168715 1.1419000000000002e-25
14 74520076 rs140004570 0.38327
14 74520093 rs62005110 1.7781999999999996e-114
14 74520310 rs114135801 0.34802
14 74520660 rs7359103 1.0190999999999999e-61
14 74520739 rs62005111 3.1764999999999995e-111
14 74520740 rs7359110 0.0019454000000000001
14 74520830 rs140682464 1.1412e-05
14 74520871 rs117129791 1.3187000000000001e-05
14 74520915 rs7359108 2.8023e-61
14 74521008 rs7359018 1.7722999999999996e-114
14 74521113 rs148853820 0.38055
14 74521133 rs76009659 0.0018878
14 74521144 rs12897774 1.2716000000000001e-25
14 74521145 rs79180947 0.001977
14 74521450 rs4903174 1.4159000000000003e-25
14 74521873 rs62005112 2.2470999999999996e-111
14 74521914 rs62005113 1.5920999999999996e-121
14 74521923 rs150010851 0.0029526
14 74521979 rs35518888 1.4156e-25
14 74522043 rs76845680 0.34802
14 74522104 rs28689033 0.27166
14 74523025 rs144361907 7.311e-20
14 74523027 rs9743885 0.0012495
14 74523047 rs75824542 6.358899999999999e-62
14 74523100 rs111348444 0.8123199999999999
14 74523539 rs184593536 0.13810999999999998
14 74523869 rs3742809 1.9079999999999996e-109
14 74523949 rs3742808 1.7724999999999995e-114
14 74524193 rs35227177 1.8244000000000003e-25
14 74524198 rs116716441 0.32400999999999996
14 74524351 rs114251476 0.0012066
14 74524529 rs1536 1.4231e-25
14 74524665 rs10139971 0.0019825
14 74524828 rs145794069 0.63885
14 74524938 rs575184024 0.95801
14 74524984 rs112689182 0.78806
14 74524992 rs574805869 0.62607
14 74524993 rs142903000 0.37545
14 74525188 rs116025535 0.12592
14 74525411 rs10200 1.7803999999999997e-114
14 74525525 rs111624130 0.31565
14 74525722 rs112962625 0.8136399999999999
14 74525958 rs111554139 0.76488
14 74526164 rs150649694 0.34657
14 74526188 rs4646866 1.7601999999999995e-114
14 74526197 rs4646865 1.7587999999999996e-114
14 74526313 rs146306002 0.74707
14 74526329 rs139735554 0.60549
14 74526330 rs144507608 0.36495
14 74526339 rs146605362 0.53856
14 74526365 rs148780249 0.32149
14 74526703 rs4646864 1.1418e-05
14 74526851 rs77324906 1.1356e-05
14 74526912 rs1135886 1.4117000000000002e-25
14 74526942 rs1135885 7.5385e-115
14 74527190 rs8204 2.2724999999999995e-111
14 74527203 rs8017248 0.9695
14 74528202 rs114970737 0.34562
14 74528638 rs111508764 0.76488
14 74528727 rs7140208 0.0019489000000000002
14 74528853 rs7140415 4.5482e-16
14 74528870 rs143143344 0.012567
14 74528952 rs62005115 1.1760999999999996e-121
14 74529036 rs148315943 0.47755
14 74529239 rs191445518 0.76488
14 74529433 rs75646425 1.1379e-05
14 74529479 rs116402099 0.51957
14 74529483 rs142047519 0.14494
14 74529500 rs36030304 4.3656e-16
14 74529523 rs68148895 1.6877999999999995e-114
14 74529660 rs9652369 5.858e-16
14 74529682 rs115290489 0.51957
14 74529825 rs114223281 0.66397
14 74529867 rs61383386 0.34715
14 74529868 rs9652370 0.0025675
14 74530030 rs9652371 4.3658000000000004e-16
14 74530167 rs140011588 0.31254
14 74530253 rs117281113 0.10712999999999999
14 74530296 rs62005116 6.233799999999999e-112
14 74530352 rs182226901 0.20379
14 74530373 rs530801420 0.5353600000000001
14 74530426 rs10129682 4.466999999999999e-16
14 74530714 rs7143118 0.0025280000000000003
14 74530928 rs7142498 0.4781
14 74530933 rs140352707 0.40426999999999996
14 74531055 rs10047829 1.6597e-114
14 74531364 rs75386402 0.34383
14 74531484 rs141160498 0.9803
14 74531485 rs3815330 1.6466999999999997e-114
14 74531573 rs147004133 0.79069
14 74532427 rs77531446 0.63352
14 74532523 rs3742806 1.1591e-05
14 74532531 rs3742805 1.3911999999999998e-25
14 74532534 rs7154980 0.0027644
14 74532689 rs534183879 0.15619
14 74532949 rs10047853 0.001875
14 74533796 rs4646863 0.0020305999999999996
14 74533820 rs1125606 1.3760999999999998e-25
14 74534015 rs144243394 0.58501
14 74535208 rs3888632 0.3373
14 74535307 rs58825161 0.31537
14 74535320 rs144291711 0.88471
14 74535394 rs112798187 0.9141600000000001
14 74535660 rs139579994 0.006587699999999999
14 74535696 rs10146187 0.32545999999999997
14 74535839 rs561604072 0.51957
14 74535995 rs62005117 1.4998999999999996e-121
14 74536014 rs182511998 0.98679
14 74536134 rs114032610 0.98669
14 74536171 rs114771645 0.9783799999999999
14 74536285 rs149098717 0.37292
14 74536349 rs57257247 2.1306999999999994e-111
14 74536457 rs151192529 0.9921700000000001
14 74536465 rs61059815 2.1855999999999996e-111
14 74536538 rs10138572 1.5832999999999998e-114
14 74536543 rs10149424 0.0018873000000000002
14 74536651 rs10149529 0.0011647
14 74536731 rs72725929 1.1385999999999997e-121
14 74536786 rs117623322 0.34188
14 74536842 rs78889821 0.0027566999999999995
14 74536956 rs140358454 0.9995
14 74536980 rs28483275 0.0012081
14 74536988 rs7140388 0.0022111
14 74536993 rs10129293 0.31603000000000003
14 74537085 rs10129383 0.0018283000000000002
14 74537091 rs150181663 0.87854
14 74537154 rs11844024 0.34098
14 74537194 rs10141564 1.5788999999999992e-114
14 74537459 rs112632403 0.76488
14 74537724 rs2072294 2.4866999999999992e-111
14 74537733 rs193216655 0.99395
14 74537885 rs2072293 4.213899999999999e-62
14 74537992 rs8008790 0.34081999999999996
14 74538308 rs4243645 4.7907e-16
14 74538370 rs115995414 0.36144
14 74538381 rs12884055 1.2238e-25
14 74538535 rs111824463 0.80675
14 74538612 rs4899491 0.0040030000000000005
14 74538690 rs45510700 0.39919
14 74538706 rs4646861 0.0024048000000000003
14 74539060 rs111975186 0.17956
14 74539123 rs139517426 0.054808
14 74539325 rs2302126 0.0020538
14 74539564 rs56314348 1.1309999999999996e-114
14 74539754 rs62005120 1.0895999999999996e-121
14 74539755 rs35312317 1.2252e-25
14 74539846 rs146747834 0.0003
14 74539997 rs115167417 0.41503999999999996
14 74540097 rs8010434 0.49033999999999994
14 74540204 rs62005121 1.1287e-114
14 74540496 rs34663760 1.2255000000000002e-25
14 74540531 rs5025651 7.2424999999999985e-115
14 74540536 rs5025652 5.4636e-16
14 74540559 rs5025653 1.1095999999999998e-114
14 74540773 rs7150352 4.167299999999999e-62
14 74541014 rs71429035 1.2264999999999997e-25
14 74541052 rs10147930 0.0017602999999999998
14 74541229 rs183022555 0.35264
14 74541318 rs12587903 0.0018909000000000003
14 74541326 rs765720 1.1065e-05
14 74541484 rs765719 1.5120999999999997e-25
14 74541807 rs113016366 0.34139
14 74541898 rs8017319 0.13314
14 74541945 rs76384931 0.0017602999999999998
14 74542077 rs115878415 0.5110100000000001
14 74542283 rs1468509 1.2126999999999996e-114
14 74542284 rs1468508 1.0931999999999997e-114
14 74542501 rs113554199 0.76271
14 74542537 rs3926373 1.2351999999999996e-114
14 74542755 rs141133324 0.45174
14 74542773 rs8022907 6.966e-16
14 74543103 rs146186265 1.1075e-05
14 74543189 rs191553379 0.35961
14 74543221 rs4899492 1.1795999999999996e-114
14 74543301 rs4903175 1.0865999999999997e-114
14 74543566 rs113846697 0.25313
14 74543883 rs4903176 0.44482
14 74543945 rs62005135 1.0829999999999998e-114
14 74544090 rs115521528 0.32481
14 74544152 rs139588250 0.52037
14 74544178 rs72627152 0.0019575
14 74544558 rs113729306 0.22129000000000001
14 74544581 rs4903177 0.44453000000000004
14 74544680 rs10135340 1.3184999999999999e-114
14 74544796 rs4903178 1.2002999999999996e-114
14 74544873 rs78559242 0.80775
14 74545009 rs115709806 0.0028639
14 74545366 rs185948042 0.025234
14 74545440 rs148958881 0.0029458
14 74545484 rs10138329 1.2060999999999999e-114
14 74545499 rs10150622 0.0018877
14 74545689 rs116159313 0.011622
14 74545690 rs114616280 0.011758
14 74545918 rs75217841 1.2645e-25
14 74546006 rs72627153 0.0022635000000000003
14 74546215 rs367727133 0.046301999999999996
14 74546360 rs11848450 0.33565
14 74546464 rs114136060 0.8999799999999999
14 74546736 rs115151443 0.34121
14 74546754 rs12880122 6.8171e-16
14 74546993 rs138422480 0.0026961
14 74547228 rs116474980 0.34114
14 74547257 rs7147562 0.0028013
14 74547318 rs7148979 2.7731999999999993e-124
14 74547319 rs530401472 0.19445
14 74547607 rs12100627 0.34531
14 74548181 rs10147775 0.001849
14 74548226 rs75137158 0.62839
14 74548248 rs4646859 6.4076e-115
14 74548347 rs4646858 5.3733e-16
14 74548350 rs139281012 0.76271
14 74548514 rs4646857 0.0022566999999999995
14 74548599 rs116556894 0.68535
14 74548640 rs147664324 2.045e-16
14 74548721 rs142361346 0.011381
14 74549046 rs4903179 1.1400999999999998e-114
14 74549195 rs4903180 0.0018596
14 74549201 rs2268066 0.002248
14 74549300 rs149009814 0.52622
14 74549438 rs114679010 0.40438
14 74549756 rs4646855 1.1681999999999995e-114
14 74550179 rs77379940 0.06260800000000001
14 74550277 rs79256926 0.5140100000000001
14 74550309 rs76163277 0.9768700000000001
14 74550381 rs12232131 1.2189000000000002e-25
14 74550421 rs75178271 0.3681
14 74550588 rs141626299 0.5140100000000001
14 74550613 rs4646853 1.1645999999999995e-111
14 74550908 rs2074939 0.0024157
14 74550993 rs17096176 0.94886
14 74551249 rs1984511 5.5758e-16
14 74551296 rs145385451 0.011245
14 74551333 rs114215695 0.5116
14 74551347 rs142325190 0.34060999999999997
14 74551349 rs145944885 0.34074
14 74551373 rs4899493 9.611200000000001e-26
14 74551429 rs112965027 0.34060999999999997
14 74551499 rs75648506 0.96011
14 74551518 rs2006731 8.6871e-115
14 74551721 rs115302140 0.41431
14 74551970 rs2239557 2.9386999999999995e-62
14 74551976 rs2239556 8.234199999999999e-115
14 74552048 rs1476748 0.043059
14 74552205 rs4899494 0.0020038
14 74552442 rs4232872 8.236699999999998e-115
14 74552510 rs77425253 0.14129
14 74552589 rs12232167 9.465e-26
14 74552670 rs118130549 1.8534000000000002e-07
14 74552889 rs8009977 0.0022388
14 74553047 rs17096194 0.0027105000000000002
14 74553135 rs151249218 0.0015344000000000002
14 74553252 rs140602643 0.75881
14 74553359 rs28535082 0.0022438000000000002
14 74553601 rs72725940 6.672299999999999e-122
14 74553702 rs145122005 0.34508
14 74553714 rs12889747 9.397699999999999e-26
14 74553812 rs8015481 8.212399999999998e-115
14 74553843 rs8015500 1.0177999999999997e-111
14 74554074 rs8019433 8.283999999999998e-115
14 74554172 rs114763563 0.33993
14 74554465 rs148205471 0.0030294000000000002
14 74554677 rs72725943 1.0086000000000001e-25
14 74554725 rs138092036 0.65598
14 74554727 rs59860442 0.36659
14 74554732 rs143597854 0.7146600000000001
14 74554773 rs114052766 0.9160200000000001
14 74554870 rs12100858 0.0022651
14 74554907 rs140768846 0.9563
14 74554959 rs12100481 0.39011
14 74555177 rs148517016 0.79332
14 74555268 rs112575038 0.5200100000000001
14 74555269 rs17096208 1.0874000000000001e-05
14 74555409 rs151109583 0.6552
14 74555424 rs10142864 0.32950999999999997
14 74555614 rs28628822 0.46943
14 74555615 rs28420727 0.46943
14 74555725 rs141445114 0.9855
14 74556263 rs11159061 3.1038999999999992e-62
14 74556380 rs528930012 0.65349
14 74556600 rs74711344 0.6852699999999999
14 74556884 rs7149639 8.287399999999998e-115
14 74556949 rs7150171 8.465499999999999e-115
14 74557020 rs115528424 0.76303
14 74557102 rs6574160 8.4636e-115
14 74557131 rs6574161 8.466499999999999e-115
14 74557197 rs138173104 0.96245
14 74557472 rs71429036 9.244400000000002e-26
14 74557569 rs76280096 0.42733999999999994
14 74557608 rs79201909 0.40028
14 74557847 rs76291294 0.5116
14 74557899 rs76957959 0.36384
14 74558132 rs118085198 0.0029745
14 74558464 rs569769248 0.9563
14 74558669 rs17096228 3.0959999999999996e-62
14 74558804 rs186580376 0.76221
14 74558892 rs62005136 8.4664e-115
14 74558898 rs189565807 0.61364
14 74558938 rs564107132 0.7359399999999999
14 74558984 rs4903181 1.1239e-25
14 74559289 rs140156525 0.0022944000000000003
14 74559348 rs143947791 0.90289
14 74559440 rs753369692 0.017577000000000002
14 74559571 rs79780490 0.0023461
14 74559588 rs68123811 9.434299999999999e-26
14 74559684 rs62005137 3.8942999999999993e-115
14 74559724 rs190823552 0.051444000000000004
14 74559920 rs67852564 3.9183999999999988e-115
14 74560207 rs8003415 0.9534600000000001
14 74560256 rs62005138 3.8942999999999993e-115
14 74560326 rs72627155 0.0023454
14 74560337 rs151161920 0.96311
14 74560706 rs7141652 0.0023489
14 74560828 rs150286189 0.9539799999999999
14 74560966 rs7147667 0.0023311
14 74561040 rs7146708 5.7512e-16
14 74561169 rs146233825 0.9515299999999999
14 74561227 rs138806503 0.88571
14 74561479 rs143560528 0.5116
14 74561493 rs148103405 0.86221
14 74561583 rs193034392 0.7359399999999999
14 74561638 rs141894356 0.5116
14 74561688 rs10145400 0.43071000000000004
14 74561689 rs116143318 0.76303
14 74561761 rs118010398 0.8887
14 74561889 rs529991092 0.5374
14 74562027 rs142228130 0.34049
14 74562416 rs557704946 0.98231
14 74562439 rs76705353 0.40864
14 74562480 rs7154777 0.34079
14 74562511 rs58281346 0.0023407
14 74562962 rs139421802 0.9622299999999999
14 74563054 rs2159157 0.0012867
14 74563264 rs148428725 0.7359399999999999
14 74563289 rs72725948 9.398200000000002e-26
14 74563367 rs72725949 0.093526
14 74563394 rs184484129 0.65161
14 74563782 rs10151964 5.0897e-16
14 74563818 rs57624722 4.731899999999999e-112
14 74564030 rs181302131 0.23125
14 74564164 rs117145347 1.0192999999999999e-05
14 74564207 rs138057982 0.060631
14 74564358 rs113407505 0.36909000000000003
14 74564439 rs78041043 0.052057000000000006
14 74564468 rs2098032 4.0330999999999983e-115
14 74564570 rs116226041 0.67886
14 74564605 rs2079635 5.008999999999999e-115
14 74564609 rs76479281 1.0899e-05
14 74564613 rs115512429 0.011867
14 74565018 rs10134721 4.034599999999999e-115
14 74565502 rs141927074 0.49756999999999996
14 74565548 rs148155677 0.40042
14 74565587 rs114442911 0.0020577
14 74565599 rs114885894 0.0019815
14 74565828 rs17096297 0.65598
14 74565937 rs887016 0.0023260999999999998
14 74566394 rs72725954 2.0170999999999996e-122
14 74566422 rs188990460 0.77446
14 74567254 rs553631826 0.5363
14 74567327 rs4903183 4.7393e-16
14 74567367 rs2300195 0.0023616
14 74567488 rs2300194 5.7556e-16
14 74567736 rs2300193 0.0023603
14 74567851 rs114005617 0.67729
14 74567952 rs17096314 1.087e-05
14 74568089 rs74431323 0.49045
14 74568310 rs542332573 0.5116
14 74568527 rs75547946 0.10468
14 74568748 rs62005141 4.907899999999999e-112
14 74568815 rs142731763 0.049225
14 74569408 rs192124153 0.047643
14 74569573 rs77660260 1.0894000000000001e-05
14 74569593 rs4903184 9.4208e-26
14 74569727 rs574834799 0.84041
14 74569869 rs115671872 0.39518000000000003
14 74569881 rs144796319 0.002982
14 74570209 rs8011639 4.0319999999999994e-115
14 74570261 rs71429039 9.490400000000001e-26
14 74570267 rs538584077 0.13793
14 74570292 rs57267774 0.9002899999999999
14 74570354 rs8011873 5.8874e-27
14 74570923 rs186981087 0.11592000000000001
14 74570950 rs2098031 4.127099999999999e-115
14 74571022 rs144405890 0.060396000000000005
14 74571058 rs2878783 0.0023614
14 74571219 rs112440374 0.76026
14 74571373 rs80183840 0.39186
14 74571418 rs147513502 0.0029920000000000003
14 74571516 rs2024110 0.9773799999999999
14 74571807 rs12590305 0.0021328000000000002
14 74571874 rs17182783 9.4202e-26
14 74572098 rs1468507 4.8842e-16
14 74572360 rs7160336 6.0104e-16
14 74572628 rs7160740 0.77345
14 74572687 rs7160897 4.093799999999999e-115
14 74572783 rs115552075 0.3699
14 74573590 rs8008252 0.66464
14 74573684 rs73305109 0.32222
14 74573722 rs2024109 5.0956e-16
14 74573779 rs114680683 0.0024101
14 74573970 rs75285825 0.59706
14 74574163 rs8013357 5.0015e-112
14 74574237 rs28452162 0.0018971
14 74574286 rs151030995 0.00283
14 74574320 rs553720614 0.63559
14 74574415 rs114895345 0.0018981999999999998
14 74574561 rs10135300 3.9097999999999984e-115
14 74574765 rs74400932 0.14361
