CHR BP SNP P
12 46210457 rs370433617 0.31263
12 46210841 rs148391744 0.49837
12 46210949 rs527534923 0.68018
12 46211214 rs73097315 6.677299999999999e-11
12 46211396 rs17774927 2.1052000000000001e-10
12 46212173 rs11183211 0.005703199999999999
12 46212913 rs12305417 0.85949
12 46213034 rs12297214 0.1452
12 46213234 rs571057742 0.22032
12 46213293 rs140341450 0.58839
12 46213591 rs10880860 5.592000000000001e-16
12 46213867 rs11183212 1.0913e-06
12 46214399 rs149131176 0.80524
12 46214500 rs375749320 0.32968000000000003
12 46214558 rs117495434 0.19375
12 46214801 rs7316415 0.10639000000000001
12 46215163 rs2059404 4.4694e-16
12 46215895 rs35763453 0.00048205
12 46216659 rs4768662 6.6242e-11
12 46217039 rs77449290 0.63559
12 46217275 rs148136996 0.5847
12 46217483 rs747755639 0.28567
12 46217505 rs116965126 0.86949
12 46217652 rs150732234 0.72636
12 46217879 rs116446363 0.4931
12 46218210 rs372300363 0.21688000000000002
12 46218323 rs74927742 0.48255
12 46218496 rs12296933 0.11847
12 46218623 rs12309988 0.11734000000000001
12 46219518 rs73097319 7.3863e-11
12 46219775 rs146787239 0.6107199999999999
12 46220110 rs369256266 0.21619000000000002
12 46220144 rs145854871 0.48827
12 46220241 rs145408530 0.43628
12 46220454 rs374022775 0.21666
12 46220510 rs75438239 0.29917
12 46221896 rs143500266 0.48508999999999997
12 46222092 rs138612594 0.27092
12 46222323 rs77505047 0.10969000000000001
12 46222833 rs111334296 0.46743999999999997
12 46223148 rs11183217 0.0015359000000000002
12 46223383 rs370474174 0.21666
12 46223681 rs7973967 0.13527
12 46223730 rs190377643 0.40744
12 46223774 rs7976870 4.0044000000000005e-16
12 46223919 rs115396682 0.49268
12 46223978 rs148677511 0.48796000000000006
12 46224063 rs7298844 7.0869e-07
12 46224139 rs11614327 6.1071e-05
12 46224151 rs376609353 0.22966999999999999
12 46224235 12:46224235_A_G 0.23854
12 46224814 rs7953515 0.11142
12 46225594 rs141089001 0.4718
12 46225912 rs113700116 0.43505
12 46226197 rs145811790 0.54372
12 46226485 rs2408437 0.0018100999999999998
12 46226543 rs145823539 0.36522
12 46226740 rs138746986 0.47788
12 46227650 rs6582575 0.1018
12 46228270 rs375245783 0.22610999999999998
12 46228480 rs56176440 0.0017840999999999998
12 46229467 rs372771071 0.49796999999999997
12 46229708 rs144330948 0.49733999999999995
12 46230031 rs61925812 0.0011611
12 46230510 rs151327096 0.6330399999999999
12 46231533 rs367875174 0.8956700000000001
12 46231953 rs11183219 0.0060188
12 46232105 rs183308934 0.48856000000000005
12 46232803 rs569625805 0.7249
12 46232893 rs189327365 0.16011
12 46233000 rs373044333 0.22899999999999998
12 46233049 rs769180886 0.33951
12 46234802 rs73097324 0.0059813
12 46234873 rs149777949 0.22485
12 46234934 rs181780905 0.72217
12 46234994 rs370780941 0.2438
12 46235187 rs75267621 0.46363999999999994
12 46235868 rs58759988 0.73441
12 46236264 rs575906607 0.00030828
12 46237112 rs11183220 0.51793
12 46237254 rs376279952 0.22871999999999998
12 46237765 rs77044449 0.34526999999999997
12 46238640 rs975444 1.4094e-10
12 46239012 rs247930 9.126899999999998e-16
12 46239609 rs372173513 0.22839
12 46240664 rs61925813 0.35722
12 46241039 rs545890956 0.90595
12 46241163 rs35118 0.9306
12 46242195 rs35117 1.1849e-15
12 46242415 rs373471902 0.22835999999999998
12 46243365 rs76994389 0.14028
12 46244152 rs138384363 0.60025
12 46244417 rs62642494 0.69611
12 46245077 rs7296694 0.11098
12 46245269 rs77870470 0.39061999999999997
12 46246398 rs116531573 0.71917
12 46246611 rs78712333 0.24243
12 46246703 rs79002363 0.43543000000000004
12 46246987 rs143840360 0.15372
12 46247653 rs12307979 0.49818
12 46248800 rs7310702 0.54696
12 46248887 rs12370024 0.008000100000000001
12 46249146 rs139044303 0.023582
12 46249427 rs35115 1.2477e-15
12 46249514 rs77284087 0.55381
12 46250535 rs569493462 0.17099
12 46251269 rs373743843 0.2181
12 46251832 rs7304785 0.35735
12 46253958 rs376798975 0.2184
12 46254122 rs61925815 0.79528
12 46254443 rs368734969 0.2184
12 46254995 rs7303119 0.13012
12 46255036 rs568520724 0.14617
12 46255112 rs188329448 0.73047
12 46256865 rs369879054 0.21846
12 46257486 rs10161510 0.1317
12 46257814 rs10161062 0.10463
12 46258317 rs11183223 0.0019760999999999997
12 46258559 rs572022977 0.7602800000000001
12 46259883 rs553679182 0.46216999999999997
12 46260582 rs752699556 0.70252
12 46260610 rs139746623 0.49309
12 46261194 rs531686713 0.39282
12 46261382 rs141423056 0.11367999999999999
12 46261673 rs367820106 0.21846
12 46262576 rs373531380 0.22533000000000003
12 46262859 rs75482589 0.53969
12 46264165 rs143724033 0.49509
12 46264179 rs547197451 0.4626
12 46264653 rs77128332 0.39028
12 46264811 rs151265349 0.60764
12 46265183 rs193269505 0.97293
12 46265630 rs113019517 0.020385
12 46265916 rs247917 1.2923e-15
12 46265963 rs247918 1.2982e-15
12 46266028 rs145136414 0.43008
12 46266263 rs7306774 0.33783
12 46266397 rs115455208 0.098475
12 46266431 rs367620585 0.22241999999999998
12 46267085 rs61925816 0.003193
12 46267260 rs80127816 0.055452999999999995
12 46267290 rs78787742 0.6672100000000001
12 46268131 rs367870273 0.21561
12 46268696 rs75341266 0.44683999999999996
12 46268750 rs247919 1.5095e-15
12 46268766 rs247920 7.575e-16
12 46268868 rs530625757 0.50173
12 46269084 rs375337030 0.21561
12 46269411 rs116512836 0.56034
12 46270116 rs140593836 0.051524
12 46270743 rs146945269 0.48152
12 46271124 rs185685549 0.35303
12 46271126 rs7970212 0.35318
12 46271168 rs141927189 0.46713999999999994
12 46271356 rs377699273 0.22173
12 46271774 rs150800226 0.66028
12 46272559 rs143722870 0.61979
12 46272846 rs247927 4.9045e-11
12 46273355 rs117824600 0.61844
12 46273882 rs183646 4.9497e-11
12 46273955 rs141029864 0.54811
12 46274194 rs77032209 0.6824100000000001
12 46274337 rs116685526 0.57994
12 46274437 rs147939465 0.032854
12 46274858 rs35125 1.58e-15
12 46275026 rs190937709 0.64683
12 46275937 rs11183226 0.0021732
12 46276098 rs375821830 0.21061999999999997
12 46276832 rs188174671 0.8345899999999999
12 46276995 rs79902131 0.010952
12 46277467 rs113687951 0.014225999999999999
12 46277476 rs144954813 0.33371999999999996
12 46277726 rs10161536 0.32311
12 46277908 rs192591227 0.3952
12 46279068 rs35124 5.2753999999999994e-11
12 46279383 rs10161001 0.11005
12 46280168 rs4768667 0.0018951
12 46280239 rs73097351 0.046959
12 46280514 rs117174159 0.8777200000000001
12 46280778 rs115303340 0.075824
12 46281034 rs11183227 0.26950999999999997
12 46281228 rs11183228 0.0031822
12 46281544 rs140053170 0.01324
12 46281596 rs35123 4.732800000000001e-11
12 46282006 rs35122 1.8381e-15
12 46283131 rs79144824 0.43541
12 46283589 rs371296258 0.21034
12 46283673 rs118062947 0.58433
12 46283997 rs7972650 0.12485999999999998
12 46284710 rs140814679 0.65422
12 46284784 rs181715680 0.59896
12 46284840 rs117812461 0.27619
12 46284841 rs12313355 0.9187
12 46285336 rs140323742 0.89675
12 46285749 rs373695302 0.25195
12 46286506 rs75896254 0.016865
12 46287731 rs139798984 0.2065
12 46287836 rs113342300 0.39249
12 46288433 rs146676121 0.058922
12 46288482 rs35121 1.9146e-15
12 46289104 rs116686812 0.58303
12 46289170 rs142741203 0.6197600000000001
12 46289324 rs12298184 0.33232
12 46289478 rs116414851 0.30105
12 46289882 rs150211819 0.052787
12 46289948 rs11183229 0.0030885
12 46290428 rs190304560 0.8025
12 46290465 rs182925188 0.43532
12 46290890 rs149637240 0.087713
12 46291061 12:46291061_T_G 0.9640700000000001
12 46291110 rs547082137 0.47563
12 46292245 rs78567977 0.13783
12 46292387 rs186890448 0.76973
12 46292995 rs113452887 6.1555e-11
12 46293032 rs145114456 0.011097
12 46293703 rs111595414 0.82075
12 46293874 rs138251624 0.9300799999999999
12 46293943 rs150264570 0.07182100000000001
12 46294121 rs185388075 0.78509
12 46294303 rs149440720 0.045418
12 46294596 rs138452117 0.41826
12 46294908 rs247929 4.2840999999999994e-16
12 46296078 rs17096308 0.8874200000000001
12 46296229 rs148395297 0.5909800000000001
12 46297910 rs185345372 0.0075804
12 46297938 rs190273702 0.40079000000000004
12 46298016 rs150518515 0.97962
12 46298290 rs144562790 0.70782
12 46298346 rs12305110 0.028114999999999998
12 46298435 rs1650007 5.7191e-16
12 46298437 rs1650008 3.7884e-16
12 46298706 rs202202464 0.52245
12 46299044 rs188242109 0.49845
12 46300100 rs75704921 0.0032984999999999998
12 46300819 rs145310871 0.25072
12 46301068 rs113995856 0.5605600000000001
12 46301075 rs75833735 0.91779
12 46301081 rs15852 0.32669000000000004
12 46302169 rs371277445 0.31676
12 46302792 rs374871142 0.31668
12 46303670 rs140522373 0.49991
12 46303752 rs191373426 0.51474
12 46304380 rs74081279 0.33716999999999997
12 46304758 rs76662102 0.43205
12 46304999 rs17662709 0.042438
12 46305266 rs115090228 0.46836000000000005
12 46305296 rs875493 9.7971e-11
12 46305375 rs75482126 0.44025
12 46305398 rs369259418 0.31890999999999997
12 46306047 rs77034124 0.18782000000000001
12 46306289 rs11183234 0.0024894
12 46306514 rs142708828 0.51886
12 46306844 rs75027871 0.5594
12 46306852 rs74081280 0.32203000000000004
12 46306899 rs143763258 0.019021
12 46307007 rs17096316 0.43037
12 46307048 rs1291625 2.7533999999999995e-10
12 46307054 rs112795328 0.0157
12 46307585 rs144193306 0.043812000000000004
12 46307741 rs7961085 1.1949e-10
12 46308150 rs77477675 0.013561000000000002
12 46308367 rs114000012 0.5594
12 46308414 rs17096319 0.43613999999999997
12 46308786 rs114968318 0.4385
12 46308938 rs559168887 0.78174
12 46309261 rs115936571 0.4385
12 46310296 rs2188119 4.4322e-11
12 46310445 rs184410221 0.47208999999999995
12 46310502 rs12228411 0.14876
12 46310978 rs74839893 0.9864
12 46312202 rs186116202 0.16856
12 46312704 rs182250246 0.0075804
12 46312816 rs10492249 0.66067
12 46313187 rs79901901 0.47436000000000006
12 46313426 rs117456353 0.61382
12 46313638 rs1366024 1.0606e-15
12 46314026 rs149034318 0.62152
12 46314392 rs10880867 0.0018739999999999998
12 46314488 rs78984577 0.03242
12 46314512 rs114511815 0.43851999999999997
12 46314678 rs76913994 0.14443
12 46314714 rs146242023 0.0091596
12 46315132 rs569359889 0.9938799999999999
12 46316083 rs11574974 0.7236100000000001
12 46316215 rs369281583 0.15483
12 46316805 rs146172345 0.0096361
12 46316815 rs74713007 0.29099
12 46317004 rs1062905 0.0019774999999999997
12 46317368 rs181307457 0.37438
12 46317613 rs117725696 0.46651000000000004
12 46317639 rs187333276 0.019975
12 46319142 rs372301142 0.46978000000000003
12 46320421 rs74660698 0.50143
12 46320453 rs150900606 0.9283600000000001
12 46320876 rs137971738 0.06310199999999999
12 46320931 rs143615919 0.45675
12 46320944 rs28930670 0.68755
12 46321417 rs11574971 0.5436300000000001
12 46321514 rs7315731 4.8914e-16
12 46321616 rs145757842 0.35799000000000003
12 46321732 rs115819509 0.72319
12 46322436 rs118114840 0.033375999999999996
12 46322449 rs10880868 4.0165999999999996e-07
12 46323711 rs724909 6.049699999999999e-16
12 46324552 rs183478231 0.47621
12 46324779 rs141147254 0.17677
12 46325573 rs768117658 0.98101
12 46326148 rs10880869 0.0012701
12 46326282 rs7309711 7.9779e-11
12 46326419 rs1291627 0.21118
12 46326576 rs1291628 2.1062999999999997e-10
12 46326840 rs75704343 0.0063275
12 46327741 rs78207461 0.6401600000000001
12 46328124 rs372968920 0.26781
12 46329175 rs11574968 0.50456
12 46329192 rs735351 0.0021249000000000003
12 46329249 rs75369964 0.6112
12 46329564 rs7965539 0.33807
12 46330198 rs11183241 4.6584e-16
12 46330930 rs192522049 0.67883
12 46331075 rs187558653 0.03059
12 46332128 rs56146240 0.0016714000000000002
12 46332203 rs141952164 0.51022
12 46332497 rs17096327 0.49367
12 46333157 rs17096331 0.24286999999999997
12 46333161 rs79241379 0.73512
12 46333249 rs12314576 0.31863
12 46333289 rs373135727 0.34623000000000004
12 46333516 rs145648362 0.44226000000000004
12 46333642 rs148867730 0.43843000000000004
12 46333644 rs117675993 0.68292
12 46334514 rs17719679 0.025709
12 46334829 rs186124120 0.68781
12 46334832 rs7306229 5.817000000000001e-16
12 46335124 rs6582578 8.082800000000002e-11
12 46335395 rs117421238 0.049876
12 46335409 rs61924070 0.0017935
12 46336258 rs11183243 1.1726e-15
12 46336920 rs114514254 0.42918999999999996
12 46337097 rs75526996 0.051157
12 46338080 rs10880870 0.1711
12 46338113 rs115568419 0.4493
12 46338317 rs147603901 0.014266999999999998
12 46338693 rs79688489 0.44301999999999997
12 46339033 rs11183245 0.39024000000000003
12 46339703 rs117850681 0.43638999999999994
12 46339712 rs114506482 0.47216
12 46340738 rs10880871 1.3104000000000002e-15
12 46340821 rs1291621 0.2476
12 46341592 rs114248768 0.43598000000000003
12 46341843 rs61009645 0.35229
12 46341844 rs186690864 0.55924
12 46341867 rs4768670 0.0015011
12 46342026 rs113074395 0.0051039
12 46342440 rs148404978 0.033316000000000005
12 46342562 rs7968005 0.4624
12 46342876 rs147224513 0.83752
12 46343084 rs13377610 0.8595299999999999
12 46344470 rs114544463 0.36614
12 46344493 rs115199683 0.57962
12 46344715 rs11574964 0.98155
12 46344879 rs374081483 0.51965
12 46344979 rs10880872 3.2918e-07
12 46345083 rs1291622 0.25689
12 46345164 rs189631811 0.85603
12 46345257 rs11574962 0.39581
12 46346155 rs372919788 0.31653000000000003
12 46346376 rs11574961 0.35918
12 46346441 rs367797182 0.42901999999999996
12 46346503 rs78108275 0.52983
12 46347124 rs997307 1.3353e-15
12 46347424 rs115936842 0.69703
12 46347807 rs77492031 0.44942
12 46348076 rs7967208 1.0554e-15
12 46348157 rs142847427 0.42158999999999996
12 46348489 rs369871644 0.44385
12 46348859 rs17096361 0.0014995999999999998
12 46348977 rs34900990 0.4518
12 46350343 rs148002695 0.044414
12 46350951 rs115571922 0.52442
12 46351285 rs192528437 0.46093999999999996
12 46351393 rs7298703 1.2022e-15
12 46351633 rs187825569 0.14171
12 46351649 rs10506264 0.36316
12 46351829 rs371500274 0.23001
12 46351921 rs7968469 0.36296
12 46352422 rs4768099 0.86761
12 46352509 rs117914867 0.8574
12 46352563 rs4768671 2.4515000000000003e-10
12 46353125 rs7971936 0.59421
12 46353156 rs139518332 0.70022
12 46353279 rs1012642 1.3529999999999999e-15
12 46353921 rs372396590 0.22278
12 46354053 rs186355188 0.90779
12 46354633 rs11183248 0.36164
12 46355798 rs116686369 0.46181000000000005
12 46356409 rs148056406 0.00014915
12 46356509 rs763284578 0.50592
12 46356651 rs11183251 0.0016033000000000002
12 46356709 rs116414996 0.44066000000000005
12 46356933 rs115937275 0.54706
12 46356973 rs117473958 0.0091439
12 46357221 rs75627410 0.6461100000000001
12 46357710 rs371265408 0.22434
12 46358669 rs11838294 0.47836999999999996
12 46358693 rs75478291 0.43806000000000006
12 46358900 rs181226333 0.16382
12 46358974 rs4768100 0.0014264000000000002
12 46359225 rs59662890 0.40835
12 46359824 rs10880873 0.0017535999999999997
12 46359832 rs10880874 0.0017727
12 46360088 rs114785576 0.34681
12 46360171 rs75460970 0.65437
12 46360417 rs75091769 0.61282
12 46360896 rs186691943 0.42068999999999995
12 46361019 rs10880875 1.2906e-15
12 46361131 rs117507015 0.025879000000000003
12 46361355 rs531490852 0.11979000000000001
12 46361672 rs17096380 2.4633000000000003e-05
12 46362038 rs11183253 0.36918
12 46362202 rs369315183 0.28667
12 46362555 rs568020109 0.12905
12 46363027 rs764192 1.7218e-10
12 46363367 rs186776754 0.76175
12 46363668 rs115011438 0.47953999999999997
12 46364172 rs76460162 0.8975
12 46364897 rs140432227 0.2914
12 46365819 rs11829302 0.48591000000000006
12 46366571 rs115926480 0.68804
12 46367504 rs75429048 0.12663
12 46367903 rs10880879 1.381e-15
12 46367939 rs11183268 1.3094000000000001e-15
12 46367944 rs11183269 0.0012385
12 46367953 rs74081611 0.40517
12 46368432 rs372170014 0.3069
12 46368679 rs140394710 0.70023
12 46368712 rs114823065 0.48168
12 46368792 rs189403341 0.45788
12 46369237 rs116586892 0.8644200000000001
12 46370067 rs4144983 0.0015245999999999999
12 46370116 rs1427749 3.6797e-10
12 46370755 rs147327182 0.008609499999999999
12 46370908 rs549972819 0.20586999999999997
12 46370930 rs148344218 0.032682
12 46371933 rs115184073 0.47486000000000006
12 46373829 rs77951454 0.47518
12 46374407 rs147656077 0.8854200000000001
12 46374792 rs74318498 0.48168
12 46374923 rs368692229 0.19480999999999998
12 46375004 rs138931697 0.47631999999999997
12 46375306 rs10880880 1.3272e-15
12 46375437 rs371735213 0.86195
12 46375660 rs76825371 0.52885
12 46375707 rs117462487 0.09364700000000001
12 46377263 rs139620500 0.051703
12 46377802 rs74564685 0.0062427
12 46377806 rs1978598 2.3828000000000004e-07
12 46377941 rs10785592 1.5380999999999999e-15
12 46378286 rs73097380 0.8705700000000001
12 46379420 rs77797790 0.4796
12 46380161 rs1366023 3.21e-10
12 46381206 rs7973329 3.7025999999999997e-10
12 46381231 rs142505982 0.54894
12 46381265 rs7972499 0.34167
12 46381342 rs143868395 0.48061000000000004
12 46381427 rs11183271 0.8215899999999999
12 46381583 rs67136007 0.0010762
12 46381656 rs150804610 0.47915
12 46381690 rs116355788 0.28505
12 46381728 rs6582580 0.66152
12 46381773 rs116171367 0.41689
12 46382256 rs11183272 1.3464999999999999e-15
12 46383252 rs114609433 0.41203999999999996
12 46384348 rs369201119 0.51095
12 46384989 rs11574953 0.76407
12 46385815 rs11574952 2.945e-05
12 46385848 rs12828693 3.3134999999999996e-07
12 46386041 rs114760412 0.28263
12 46387101 rs11183273 0.0012225
12 46387213 rs1549591 0.58414
12 46387525 rs140507560 0.4548
12 46388561 rs189651691 0.45043
12 46388753 rs79765777 0.2804
12 46388856 rs146561194 0.73229
12 46390049 rs4768672 0.00118
12 46390107 rs375144416 0.28041
12 46390108 rs4768673 0.00085422
12 46390319 rs373138835 0.26268
12 46391449 rs529443216 0.26463000000000003
12 46391624 rs11183275 0.00072313
12 46392713 rs7970367 0.32139
12 46392736 rs10161306 0.0010236000000000002
12 46393077 rs374247721 0.33482
12 46393161 rs2114844 5.4015e-10
12 46393162 rs116847610 0.32311999999999996
12 46393339 rs7971993 1.8598e-15
12 46393434 rs12318248 0.0012859000000000002
12 46393518 rs7971398 2.6374000000000002e-05
12 46393640 rs114247553 0.7237
12 46393813 rs180682574 0.35685
12 46393867 rs143875323 0.024644
12 46393899 rs190945414 0.40431
12 46394218 rs10880883 0.0011593
12 46394311 rs7299892 4.7082e-10
12 46394346 rs554013480 0.23442
12 46394352 rs111979523 0.10885
12 46394838 rs147554394 0.27354
12 46395204 rs192427847 0.0081809
12 46395589 rs374076362 0.42021000000000003
12 46395685 rs77911807 0.0038479
12 46396856 rs76638030 0.48528000000000004
12 46396985 rs57277216 0.17127
12 46397875 rs532307190 0.5571
12 46398063 rs10880884 2.777e-15
12 46398124 rs534064027 0.5152399999999999
12 46398278 rs142094419 0.76036
12 46398348 rs75630778 0.56434
12 46398389 rs116741968 0.46255
12 46398442 rs76204594 0.44956999999999997
12 46398795 rs553990098 0.063084
12 46398936 rs7974352 0.0030951
12 46401071 rs116978293 0.75173
12 46401512 rs76677052 0.45991000000000004
12 46401738 rs187152957 0.20196
12 46401849 rs529912187 0.054229
12 46402152 rs117662551 0.28354
12 46402476 rs549802718 0.62275
12 46403322 rs1896539 0.0011178
12 46403397 12:46403397_G_T 0.54979
12 46403416 rs375433388 0.2585
12 46403725 rs151130811 0.46456000000000003
12 46403883 rs189075435 0.45843
12 46404407 rs180989571 0.9653299999999999
12 46405050 rs7970129 2.9813e-15
12 46405778 rs1427750 0.0014776
12 46405799 rs111443563 0.43059
12 46407223 rs6582581 0.0010750999999999998
12 46407424 rs6582582 0.00045205
12 46407643 rs2099017 0.0010367
12 46407895 rs576883095 0.52842
12 46408071 rs2099016 1.103e-15
12 46408489 rs12146879 0.0021912
12 46409294 rs76211605 0.67993
12 46409351 rs112363306 0.0010964
12 46409608 rs191244537 0.012406
12 46409773 rs112987351 0.0011106
12 46410099 rs12317215 0.80371
12 46410133 rs11183287 0.00063322
