CHR BP SNP P
17 19904891 rs9906625 3.9936e-20
17 19904940 rs184077352 0.70268
17 19905070 rs138306901 0.6469
17 19905078 rs113091565 0.1194
17 19905161 rs9900510 0.95099
17 19905246 rs78498466 0.70531
17 19905279 rs114635190 0.8067300000000001
17 19905605 rs7215514 5.2604e-20
17 19905656 rs142639775 0.57472
17 19905768 rs113917731 0.81931
17 19905825 rs35315252 1.4834e-12
17 19905931 rs79773274 0.2032
17 19905974 rs116858943 0.45106999999999997
17 19906071 rs112063533 0.0018156
17 19906150 rs576807819 0.19902
17 19906192 rs79262018 0.7059
17 19906492 rs560882766 0.0034530999999999997
17 19906503 rs9909009 6.925799999999999e-19
17 19906519 rs9904059 0.97903
17 19907019 rs72841991 0.00030468
17 19907052 rs114668459 0.082035
17 19907108 rs8068150 0.2845
17 19907140 rs77314146 0.12862
17 19907308 rs8068488 0.8295
17 19907564 rs117869222 0.43468
17 19907646 rs8079487 0.84391
17 19907761 rs79646832 0.55583
17 19907927 rs12944084 2.0172e-12
17 19908010 rs190786374 0.68585
17 19908060 rs137975993 0.55192
17 19908283 rs9896633 0.8454200000000001
17 19908605 rs186313143 0.30203
17 19908978 rs139575913 0.11522
17 19908995 rs9903631 0.8383700000000001
17 19909129 rs113067628 0.28602
17 19909360 rs9911408 0.84978
17 19909926 rs569483389 0.37604
17 19910070 rs17605306 0.43651
17 19910162 rs112124965 0.19285
17 19910398 rs115350854 0.28633000000000003
17 19910948 rs9894666 0.9525299999999999
17 19911092 rs9912648 0.8690200000000001
17 19911143 rs369582389 0.09739600000000001
17 19911191 rs115871235 0.28541
17 19911298 rs74877785 0.46958999999999995
17 19911557 rs146536172 0.69014
17 19911649 rs36034566 8.3392e-20
17 19911828 rs28653561 0.95926
17 19911830 rs111249650 0.13409000000000001
17 19912570 rs12936794 1.8765e-12
17 19912679 rs78532287 0.13266
17 19912710 rs8067545 5.6743e-24
17 19912728 rs138667230 0.00050696
17 19913303 rs532671508 0.87926
17 19913599 rs779473407 0.12871
17 19913619 rs146936981 0.62857
17 19913623 rs556176629 0.16097
17 19914039 rs9908415 0.91596
17 19914226 rs76012736 0.013213999999999998
17 19914399 rs1860302 9.237799999999999e-24
17 19914542 rs73980793 0.64147
17 19914546 rs4925065 4.8322e-24
17 19914621 rs147177121 0.038627999999999996
17 19915057 rs58602455 0.038676999999999996
17 19915127 rs79406817 0.13022999999999998
17 19915292 rs4925066 8.4398e-24
17 19915509 rs150053826 0.69868
17 19915629 rs7207459 0.90354
17 19915638 rs115268693 0.34206
17 19916139 rs536421903 0.81126
17 19916171 rs6587207 0.9051299999999999
17 19916230 rs60740483 0.69081
17 19916410 rs192927866 0.30224
17 19916431 rs146550206 0.70558
17 19916593 rs8080190 0.91135
17 19916821 rs140045570 0.67184
17 19916966 rs112461972 0.37222
17 19917069 rs7224419 0.9100600000000001
17 19917142 rs113968297 0.93068
17 19917176 rs7224567 0.90454
17 19917336 rs7224875 0.90291
17 19917344 rs143140209 0.7096600000000001
17 19917456 rs9915039 0.9045
17 19917719 rs58117806 0.93955
17 19917903 rs117655795 0.06614099999999999
17 19917974 rs72841993 0.0095326
17 19918150 rs138195523 0.97356
17 19918760 rs76600466 0.69112
17 19918942 rs138544777 0.053198
17 19918999 rs149261757 0.026538
17 19919657 rs148129968 0.053191999999999996
17 19919864 rs7215558 0.89645
17 19919886 rs111469680 0.12643
17 19919954 rs111892160 0.8897200000000001
17 19919986 rs377711215 0.34801
17 19920158 rs28767032 0.90494
17 19920170 rs9896499 0.9094200000000001
17 19920370 rs9902663 0.90691
17 19920435 rs143627342 0.46979
17 19920467 rs116660333 0.9091799999999999
17 19920518 rs2108980 4.2522e-24
17 19920578 rs9897430 0.86144
17 19920681 rs537611126 0.34801
17 19920958 rs149997583 0.7219300000000001
17 19920998 rs73980794 0.81023
17 19921070 rs4924801 4.5682e-24
17 19921222 rs4925067 4.2413999999999996e-24
17 19921229 rs145569345 0.5572600000000001
17 19921264 rs112436614 0.31895
17 19921306 rs147648563 0.68643
17 19921386 rs113189820 0.26613000000000003
17 19921605 rs145781707 0.98414
17 19921624 rs148185762 0.65305
17 19921799 rs78325601 0.12829000000000002
17 19921846 rs115921688 0.71518
17 19921964 rs8079093 0.9169200000000001
17 19922116 rs76186806 0.50585
17 19922364 rs7211535 8.1816e-24
17 19922493 rs115546539 0.9051100000000001
17 19922687 rs58933698 0.041762
17 19922782 rs75660459 0.00039917
17 19923199 rs530752169 0.16534000000000001
17 19923633 rs35254155 1.3831999999999999e-14
17 19923924 rs112817805 0.13107
17 19924088 rs117039041 0.007309899999999999
17 19924089 rs16960602 0.92825
17 19924256 rs55693602 0.00040478
17 19924586 rs77802519 0.50585
17 19924595 rs9911872 0.91714
17 19925476 rs142294734 0.9156799999999999
17 19925766 rs530708014 0.6543100000000001
17 19925820 rs369000062 0.41851000000000005
17 19926251 rs74648067 0.12572
17 19926311 rs114125147 0.73814
17 19926428 rs529719444 0.75722
17 19926436 rs143435733 0.65647
17 19926641 rs115724167 0.22725
17 19926685 rs181576765 0.096263
17 19926752 rs9912657 0.9163399999999999
17 19926813 rs73980795 0.6953199999999999
17 19926836 rs7218708 9.3601e-24
17 19926861 rs115766722 0.73226
17 19927048 rs76965466 0.92589
17 19927051 rs138920190 0.495
17 19927325 rs111651866 0.809
17 19927351 rs138325577 0.65335
17 19927699 rs1034904 7.6243e-24
17 19927751 rs183283418 0.63455
17 19928453 rs73980797 0.7558199999999999
17 19928514 rs143077562 0.70113
17 19928566 rs2108979 8.2969e-24
17 19928588 rs147192957 0.70191
17 19928792 rs58474255 0.8095600000000001
17 19928859 rs113640983 0.93181
17 19928984 rs140463114 0.099492
17 19929370 rs9890105 0.8950799999999999
17 19929382 rs114706965 0.07738099999999999
17 19929686 rs7208033 0.9195200000000001
17 19929988 rs117433027 0.18864
17 19930628 rs146414508 0.041767
17 19930850 rs9896010 0.90481
17 19930943 rs189436322 0.73814
17 19931242 rs28713561 0.74917
17 19931474 rs77965352 0.59739
17 19931997 rs12947991 1.1677000000000002e-13
17 19932155 rs143752031 0.66875
17 19932623 rs148175987 0.96311
17 19932654 rs186068808 0.30224
17 19932731 rs8071730 4.5541e-24
17 19932732 rs9900393 0.9177799999999999
17 19932757 rs141980575 0.07779900000000001
17 19932779 rs9900441 0.91806
17 19932954 rs547838215 0.51964
17 19933398 rs9901862 0.91686
17 19933625 rs115872012 0.15438
17 19933780 rs7224373 0.91879
17 19933843 rs138982448 0.19233
17 19934417 rs115269933 0.48346999999999996
17 19934463 rs143117704 0.35208
17 19934963 rs56142708 8.631399999999999e-24
17 19935019 rs114562512 0.81728
17 19935039 rs75916784 0.66875
17 19935243 rs147496099 0.93955
17 19935542 rs72841998 0.0025978000000000004
17 19935609 rs116644279 0.26724000000000003
17 19935728 rs61040459 0.00050953
17 19935864 rs112762261 0.8903700000000001
17 19935901 rs10459969 0.00033661
17 19936062 rs180700272 0.51068
17 19936243 rs28410781 0.91302
17 19936325 rs55635616 0.00040774
17 19936466 rs112441642 0.12791
17 19936497 rs182284908 0.90335
17 19936801 rs140178937 0.67014
17 19937152 rs72841999 0.00041729
17 19937212 rs149218627 0.10332999999999999
17 19937341 rs10459970 0.12661
17 19937349 rs80237270 0.92327
17 19937479 rs139337168 0.10820999999999999
17 19937829 rs112115103 0.00040794
17 19938217 rs2385960 0.12661
17 19938278 rs9896387 0.8659600000000001
17 19938576 rs189154858 0.30224
17 19938679 rs149507950 0.6553399999999999
17 19939059 rs8073875 0.12372000000000001
17 19939167 rs146044734 0.12242
17 19939229 rs9893185 0.9324399999999999
17 19939295 rs7217387 0.93017
17 19939363 rs143201367 0.053191999999999996
17 19939416 rs7214107 0.9591200000000001
17 19939444 rs7210076 0.92305
17 19939559 rs57673732 0.12650999999999998
17 19939632 rs116046772 0.76266
17 19939690 rs115000479 0.058699
17 19939835 rs57040439 0.12722
17 19940015 rs151091680 0.33979000000000004
17 19940050 rs58313980 0.12344000000000001
17 19940074 rs9914429 0.91691
17 19940203 rs9909544 0.91904
17 19940417 rs75683783 0.50663
17 19940901 rs60321315 0.66757
17 19941008 rs8082671 0.91904
17 19941079 rs6587208 0.91675
17 19941339 rs568576173 0.29384
17 19941772 rs138116530 0.00038949
17 19941785 rs8077197 0.88808
17 19941879 rs8065337 4.3916000000000004e-24
17 19941903 rs9891008 0.9209299999999999
17 19941945 rs9909011 0.92109
17 19941948 rs9909012 0.92033
17 19942024 rs9909242 0.92191
17 19942161 rs141748496 0.69844
17 19942177 rs9891739 7.2747e-24
17 19942253 rs145994710 0.7268100000000001
17 19942335 rs34291370 9.2046e-24
17 19942337 rs9892175 0.9001899999999999
17 19942531 rs78033472 0.91675
17 19942850 rs28807825 8.0574e-24
17 19943115 rs536164975 0.07823200000000001
17 19943522 rs187294280 0.38554
17 19943569 rs7218919 0.91675
17 19943774 rs61365494 0.93955
17 19943850 rs7223323 0.91904
17 19943863 rs7219153 0.91675
17 19944023 rs4577147 1.4072e-14
17 19944058 rs7219487 0.8579100000000001
17 19944177 rs9897607 0.9050600000000001
17 19944624 rs7220490 0.91406
17 19944630 rs565165502 0.16272
17 19944774 rs185597802 0.07823200000000001
17 19945128 rs28830504 0.9625600000000001
17 19945172 rs190812151 0.96552
17 19945303 rs72843505 0.00045942
17 19945374 rs78140542 0.91848
17 19945819 rs3909258 7.173e-24
17 19945841 rs7210751 0.91858
17 19946287 rs72843506 0.00034819999999999995
17 19946323 rs187496417 0.034518
17 19946516 rs73984559 0.12871
17 19946587 rs151114133 0.70125
17 19946638 rs140962209 0.053191999999999996
17 19946797 rs8066256 0.84265
17 19946798 rs188106503 0.34041
17 19947275 rs62067482 1.3186000000000001e-14
17 19947289 rs9914328 0.92986
17 19947396 rs771899281 0.77683
17 19947536 rs144799971 0.96455
17 19947546 rs114803423 0.30224
17 19947689 rs7221669 0.92468
17 19947763 rs148059032 0.65684
17 19947851 rs78903732 0.5225
17 19947962 rs3909257 0.924
17 19948145 rs77090106 0.12916
17 19948199 rs189262131 0.30319
17 19948394 rs62067483 1.3422999999999999e-14
17 19948632 rs539186105 0.93532
17 19948683 rs575580503 0.62352
17 19948711 rs7207702 0.9182899999999999
17 19948777 rs116044023 0.77767
17 19949092 rs139528313 0.61774
17 19949193 rs114312859 0.95886
17 19949341 rs182022402 0.053114
17 19949548 rs6587211 0.47446000000000005
17 19949601 rs6587212 0.14887999999999998
17 19950242 rs145552735 0.97454
17 19950347 rs145423161 0.95654
17 19950765 rs151240538 0.67713
17 19950823 rs75715653 0.042848000000000004
17 19951068 rs538148316 0.51355
17 19951227 rs150343889 0.07399800000000001
17 19951443 rs115396458 0.042861
17 19951470 rs527914184 0.89113
17 19951547 rs143029209 0.26666999999999996
17 19951622 rs138612423 0.71849
17 19951692 rs147391426 0.043124
17 19951797 rs141965335 0.024087
17 19952059 rs12946508 7.715399999999999e-14
17 19952176 rs56245939 0.00048092
17 19952418 rs145712701 0.19232
17 19952451 rs7219688 0.042932
17 19952505 rs144200434 0.042904000000000005
17 19953059 rs187745227 0.29538000000000003
17 19953280 rs140888241 0.04293
17 19953449 rs536945145 0.54495
17 19953473 rs115286928 0.042667000000000004
17 19953531 rs4925069 1.2784e-19
17 19953617 rs16960644 0.815
17 19954118 rs11867646 0.042062
17 19954184 rs11867652 0.042407
17 19954193 rs150178457 0.11197
17 19954364 rs74737710 0.052739
17 19954388 rs146927375 0.26075
17 19954499 rs4925071 7.591699999999999e-14
17 19954602 rs11870673 0.042439
17 19954739 rs111679320 0.2605
17 19954932 rs117072450 0.046355
17 19955102 rs28567541 0.11682999999999999
17 19955670 rs56208903 0.00046795
17 19955895 rs4924802 7.594299999999999e-14
17 19956179 rs78083683 0.042227
17 19956307 rs149098619 0.06867899999999999
17 19956899 rs4925072 1.2462e-19
17 19956948 rs55853482 0.00044638
17 19957172 rs545345443 0.51422
17 19957226 rs74852506 0.042543
17 19957289 rs3862151 8.035399999999999e-14
17 19957668 rs140780698 0.64878
17 19957690 rs79639330 0.034905
17 19957952 rs11870381 0.042477999999999995
17 19957995 rs9897924 0.040825
17 19958049 rs3888318 1.402e-19
17 19958273 rs77106509 0.62498
17 19958296 rs80250684 0.11728
17 19958558 rs78179050 0.044138
17 19958654 rs28622601 0.12311
17 19959144 rs73984562 0.81855
17 19959203 rs116490288 0.67992
17 19959367 rs56186136 0.00047512
17 19959377 rs74503262 0.042652999999999996
17 19959647 rs572783047 0.17026
17 19959693 rs3862152 7.9598e-20
17 19959820 rs35317166 7.5926e-14
17 19959828 rs4005937 1.3613e-19
17 19959966 rs17759041 6.7796e-14
17 19960362 rs56371654 8.685399999999999e-14
17 19960786 rs114444304 0.043244
17 19960859 rs116183097 0.042955
17 19960873 rs115018742 0.042914999999999995
17 19960884 rs75048432 0.11617999999999999
17 19961306 rs9892588 0.25318
17 19961681 rs9909181 0.24374
17 19962254 rs144429537 0.043483
17 19962273 rs111707756 0.00048409
17 19962310 rs4925073 7.7271e-20
17 19962411 rs145273802 0.69157
17 19962412 rs147638061 3.8815e-06
17 19962500 rs114061449 0.043476999999999995
17 19962554 rs4925074 8.525299999999999e-14
17 19962724 rs76447366 0.043463999999999996
17 19963130 rs138382364 0.9903200000000001
17 19963139 rs142947657 0.068196
17 19963206 rs191003915 0.70522
17 19963235 rs74350104 0.04282
17 19963247 rs79947248 0.045172000000000004
17 19963530 rs149360464 0.38700999999999997
17 19963605 rs17759083 2.4536e-19
17 19963654 rs143887778 0.24814
17 19963790 rs114959846 0.77615
17 19964061 rs78174961 0.042831
17 19964179 rs73984563 0.9001600000000001
17 19964207 rs559513241 0.33143
17 19964369 rs61344918 0.30584
17 19964580 rs9916729 0.11692000000000001
17 19964676 rs77428302 0.042862
17 19964775 rs9915758 1.4879000000000002e-19
17 19965214 rs184892119 0.30276
17 19965381 rs145445387 0.042499
17 19965423 rs9889743 1.4480000000000002e-19
17 19965482 rs112659570 0.11391
17 19965587 rs16960660 0.11905999999999999
17 19965611 rs146453189 0.7771899999999999
17 19965745 rs111487554 0.00047629
17 19965821 rs534078166 0.067692
17 19965883 rs10083830 2.2447e-19
17 19965941 rs114505532 0.042994
17 19965972 rs10083840 2.5e-19
17 19966087 rs10083856 9.0539e-20
17 19966442 rs116657407 0.043067
17 19966467 rs80131144 0.045422000000000004
17 19966694 rs8074791 0.043154000000000005
17 19966717 rs72830109 0.00058042
17 19966766 rs8070600 0.15559
17 19966847 rs8066705 0.043149
17 19967281 rs62067488 4.1625999999999997e-10
17 19967375 rs140793303 0.75715
17 19967422 rs143664247 0.69287
17 19967500 rs16960662 0.00049122
17 19967575 rs144001396 0.64458
17 19967762 rs35191778 4.762799999999999e-10
17 19967935 rs35156798 4.7278e-10
17 19968099 rs150795927 0.16387000000000002
17 19968423 rs114701009 0.05237000000000001
17 19968514 rs4493121 0.25175
17 19968638 rs78286454 4.0788e-06
17 19969049 rs558207488 0.8613299999999999
17 19969115 rs76107663 0.045225
17 19969272 rs76598003 0.035518
17 19969287 rs75270099 0.4408
17 19969297 rs12453332 4.8897e-10
17 19969343 rs149008920 0.91584
17 19969397 rs7209752 0.024945
17 19969624 rs148165358 0.11305
17 19969735 rs4925075 4.8714e-10
17 19969817 rs369710071 0.037131
17 19970321 rs1468953 4.891299999999999e-10
17 19970405 rs139158046 0.6907399999999999
17 19970439 rs111318937 0.25548000000000004
17 19970566 rs28644386 0.11327000000000001
17 19970615 rs150562888 0.9340799999999999
17 19970702 rs143252507 0.49073
17 19970735 rs116466172 0.8261
17 19970863 rs112020362 0.30258
17 19971181 rs548280396 0.6877800000000001
17 19971322 rs115264060 0.72178
17 19971440 rs115984128 0.7499100000000001
17 19971553 rs4471741 4.8796e-10
17 19971564 rs4267380 1.3309e-19
17 19971583 rs4479309 1.3125e-19
17 19971594 rs182999528 0.95525
17 19971749 rs575717349 0.83147
17 19971848 rs73984564 0.11297
17 19972110 rs147754111 0.9590200000000001
17 19972427 rs138984484 0.69265
17 19972533 rs148926848 0.72178
17 19973098 rs759682053 0.082572
17 19973199 rs77540008 0.11450999999999999
17 19973338 rs35124809 4.6931e-10
17 19973397 rs35915823 8.8967e-14
17 19973453 rs35244101 4.712e-10
17 19973489 rs141280229 0.85364
17 19973539 rs35770292 4.7147e-10
17 19973853 rs12936401 1.2957e-10
17 19974002 rs12947713 4.699899999999999e-10
17 19974063 rs35493088 4.712e-10
17 19974139 rs61570005 0.43861999999999995
17 19974292 rs145942783 0.69379
17 19974319 rs72830114 0.00046756
17 19974437 rs116735524 0.57512
17 19974559 rs59347246 0.72459
17 19974604 rs17685923 4.7315e-10
17 19975070 rs11869931 5.6782e-10
17 19975145 rs185785709 0.85364
17 19975466 rs8081817 4.728000000000001e-10
17 19975487 rs8075343 4.7836e-10
17 19975595 rs56301435 0.00064423
17 19975776 rs56009515 0.00046423
17 19976127 rs17685952 0.06304
17 19976185 rs113554975 0.2945
17 19976394 rs8068484 4.8229e-10
17 19976829 rs150398645 0.052516999999999994
17 19977082 rs192938938 0.7499100000000001
17 19977211 rs13339684 0.11347
17 19977228 rs4341795 4.8162e-10
17 19977414 rs4346259 4.6716e-10
17 19977459 rs574464292 0.51415
17 19977505 rs116650071 0.9806600000000001
17 19977614 rs73984568 0.11029000000000001
17 19977838 rs12949710 4.743900000000001e-10
17 19978028 rs16960672 0.00049537
17 19978116 rs115868262 0.97944
17 19978266 rs111554711 0.30251999999999996
17 19978292 rs4925076 4.8676e-10
17 19978717 rs190521594 0.37299
17 19978939 rs112602194 0.29486
17 19978984 rs12937327 9.1111e-14
17 19978985 rs77463268 0.63347
17 19979190 rs116736769 0.97835
17 19979348 rs139104601 0.73935
17 19980108 rs76163047 0.036619
17 19980182 rs11654707 0.061934
17 19980291 rs144803284 0.086753
17 19980665 rs4350625 4.7362e-10
17 19980772 rs7503407 5.5026e-10
17 19980779 rs6587215 6.0759e-20
17 19980905 rs147966138 0.72305
17 19981006 rs111375710 0.10843
17 19981208 rs112099824 0.29759
17 19981297 rs148577136 0.40305
17 19981335 rs16960674 0.28696
17 19981561 rs114990518 0.36003
17 19981798 rs116635450 0.065953
17 19981943 rs145078365 0.10745
17 19982276 rs4925077 9.1564e-20
17 19982473 rs4925078 4.9292e-10
17 19982761 rs7219770 0.00015275
17 19982768 rs7223910 0.00021327
17 19982838 rs34756775 4.7044e-10
17 19983425 rs115846838 0.9621200000000001
17 19983426 rs17759417 0.17138
17 19983606 rs147970010 0.68912
17 19983691 rs16960678 0.08826200000000001
17 19983798 rs115286734 0.83119
17 19983881 rs55814709 0.00034151
17 19984059 rs73984571 0.087961
17 19984196 rs182782523 0.79984
17 19984234 rs143408221 0.77369
17 19984483 rs115234709 0.41343
17 19984491 rs147174166 0.73831
17 19984607 rs114368159 0.95583
17 19984809 rs28666381 5.2344999999999996e-20
17 19984891 rs116028509 0.95504
17 19985021 rs146000031 0.5383100000000001
17 19985052 rs28603224 5.2289000000000004e-20
17 19985108 rs28637614 5.7986e-20
17 19985340 rs73984573 0.088361
17 19985427 rs888424 1.9346e-15
17 19985695 rs80087800 0.77273
17 19985782 rs36077949 5.3433e-20
17 19985914 rs78408002 0.088323
17 19986000 rs55939726 0.00033387
17 19986011 rs116397609 0.62022
17 19986041 rs7210439 0.088357
17 19986449 rs7225605 0.08835599999999999
17 19986645 rs7225930 0.6399199999999999
17 19986678 rs112837303 0.27066
17 19986855 rs773176414 0.43288000000000004
17 19986861 rs4925079 5.4321e-20
17 19987288 rs367694187 0.31678
17 19987480 rs9912775 6.6541e-20
17 19987598 rs186345562 0.8011
17 19987610 rs9896411 5.1418999999999996e-20
17 19987821 rs116311028 0.9432
17 19987924 rs9897653 5.2658e-20
17 19988330 rs111638228 0.26009
17 19988543 rs7209734 1.0456e-23
17 19989045 rs56138907 0.08639
17 19989122 rs72830123 0.00028027
17 19989218 rs35003563 3.0319e-20
17 19989289 rs567736649 0.6806
17 19989330 rs141995747 0.69177
17 19989436 rs34401389 3.2842e-20
17 19989460 rs78363097 0.44378999999999996
17 19989613 rs142727969 0.74283
17 19989985 rs57127528 0.67483
17 19990011 rs148151819 0.9085799999999999
17 19990079 rs115921116 0.8021
17 19990142 rs9911879 0.086025
17 19990302 rs530657061 0.46845
17 19990573 rs150699467 0.74398
17 19990828 rs143604964 0.88539
17 19990986 rs7223305 6.3882e-20
17 19990990 rs7208635 4.7197e-20
17 19991211 rs34290687 5.826800000000001e-20
17 19991602 rs116931301 0.0081448
17 19991680 rs774489882 0.43132
17 19991692 rs116797678 0.1066
17 19991806 rs4924803 4.9636e-20
17 19991839 rs4924804 9.817599999999999e-20
17 19991873 rs79979359 0.041773000000000005
17 19991993 rs4925081 4.9797e-20
17 19992013 rs148889017 0.85364
17 19992052 rs151014226 0.16674
17 19992121 rs528610710 0.86798
17 19992265 rs73981803 0.086137
17 19992413 rs142245634 0.72964
17 19992514 rs17759609 7.627100000000001e-14
17 19992607 rs11867585 3.9958e-20
17 19992713 rs11869616 2.9698e-20
17 19992717 rs11868084 2.2171e-20
17 19992738 rs11870111 2.9436e-20
17 19992871 rs56344048 0.0003646
17 19992874 rs147761369 0.13232
17 19992910 rs115871315 0.80457
17 19993053 rs72830128 0.0002965
17 19993203 rs141117691 0.88218
17 19993370 rs114063495 0.68615
17 19993744 rs73981806 0.6675300000000001
17 19993790 rs113185729 0.07209700000000001
17 19993927 rs190365643 0.0085246
17 19994673 rs4925082 1.723e-15
17 19994835 rs142199597 0.8835
17 19995330 rs56267204 0.00038988
17 19995444 rs150650274 0.80948
17 19996140 rs9913374 0.21969
17 19996230 rs73981807 0.087023
17 19996429 rs11204422 1.6858e-15
17 19996953 rs75383084 0.042211
17 19997205 rs4924805 4.8901999999999997e-20
17 19997206 rs4925083 4.8831000000000004e-20
17 19997425 rs11871651 3.8865e-20
17 19997559 rs9894570 0.21706999999999999
17 19997870 rs7208025 4.6692000000000003e-20
17 19997950 rs185529046 0.13591
17 19998017 rs7208365 4.7876e-20
17 19998377 rs7215803 1.9121e-15
17 19998396 rs55832890 0.00032263
17 19998462 rs185988860 0.49463999999999997
17 19998489 rs73981808 0.64058
17 19998829 rs140761437 0.052299
17 19998862 rs114255990 0.7176
17 19998958 rs4925084 4.9198e-10
17 19999100 rs75919005 0.044692
17 19999190 rs77295599 0.60548
17 19999409 rs888423 9.9558e-20
17 19999781 rs12942179 2.1651e-15
17 19999999 rs146091398 0.3907
17 20000131 rs4925085 1.0150999999999999e-19
17 20000511 rs116552495 0.82424
17 20000529 rs149566841 0.17724
17 20000667 rs148744961 0.16898
17 20000761 rs74333705 0.1098
17 20000815 rs4570919 1.2870999999999997e-19
17 20000832 rs568057135 0.92643
17 20001316 rs9944451 7.0455e-20
17 20001453 rs117294030 0.4217
17 20001502 rs62067555 7.1519e-20
17 20001612 rs7207625 7.2477e-20
17 20001624 rs118047268 0.4349
17 20001680 rs149883645 0.8251200000000001
17 20001751 rs7207672 0.00034236
17 20002012 rs918228 8.224e-20
17 20002164 rs918227 3.341e-18
17 20002173 rs114171877 0.8231
17 20002175 rs114716949 0.8231
17 20002179 rs117297379 0.5666100000000001
17 20002961 rs4924806 7.341799999999999e-20
17 20003059 rs76338549 0.67127
17 20003075 rs117898153 0.024706
17 20003202 rs374762060 0.20693000000000003
17 20003353 rs577606121 0.85136
17 20003430 rs34370440 1.6408000000000002e-15
17 20003656 rs549508152 0.087505
17 20003657 rs115864829 0.72367
17 20003727 rs78255220 0.22896999999999998
17 20003969 rs12449914 7.1225e-14
17 20003971 rs9889684 0.11567999999999999
17 20004666 rs190564324 0.20484000000000002
17 20004875 rs12451841 1.5384000000000001e-15
17 20005007 rs58334454 0.65605
17 20005497 rs117057360 0.28836
17 20006055 rs184659944 0.030395
17 20006266 rs117305538 0.3475
17 20006477 rs115466182 0.044748
17 20006668 rs79440155 0.42768999999999996
17 20006737 17:20006737_C_T 0.046463
17 20007010 rs140464889 0.31231
17 20007055 rs180722780 0.13146
17 20007247 rs72830139 0.0025168000000000005
17 20007500 rs72830140 0.0003694
17 20007567 rs12943904 8.5001e-14
17 20007974 rs537520518 0.74547
17 20008320 rs116050806 0.19155999999999998
17 20008450 rs72830141 0.00041124
17 20008863 rs144173092 0.32933
17 20008903 rs9907788 1.178e-19
17 20008910 rs9900942 0.13635
17 20008913 rs114778647 0.8320700000000001
17 20008929 rs9901125 2.5932e-15
17 20009042 rs9901357 0.09589600000000001
17 20009412 rs73981810 0.72711
17 20009417 rs551975716 0.13789
17 20010215 rs143190782 0.052504999999999996
17 20010325 rs12948178 1.249e-09
17 20010800 rs118011634 0.048322000000000004
17 20010873 rs186727517 0.9449200000000001
17 20010908 rs184032713 0.21345999999999998
17 20011002 rs150957151 0.21345999999999998
17 20011004 rs193028971 0.68625
17 20011078 rs7216794 2.8688000000000004e-13
17 20011131 rs116453149 0.97993
17 20011344 rs115850273 0.41143
17 20011538 rs187207016 0.74183
17 20011561 rs12941200 2.1271e-09
17 20012199 rs76763891 0.47098999999999996
17 20012346 rs7215097 0.56076
17 20012496 rs72830145 0.00053623
17 20012497 rs569330984 0.648
17 20012558 rs7215432 0.55493
17 20012586 rs116245741 0.75127
17 20013139 rs7213349 0.46311
17 20013271 rs147656391 0.83565
17 20013459 rs4925086 2.6714e-13
17 20013802 rs3764436 0.53361
17 20014019 rs78397393 0.35231
17 20014246 rs141752343 0.05234199999999999
17 20014376 rs116730405 0.70227
17 20014556 rs12935996 0.11223
17 20014833 rs141808698 0.7702600000000001
17 20014983 rs73299639 0.65245
17 20014984 rs139144708 0.7117899999999999
17 20015178 rs9902032 1.4493e-13
17 20015428 rs9902683 0.5216
17 20015549 rs59699073 0.69718
17 20015600 rs7216599 2.6668000000000003e-13
17 20015853 rs151287399 0.68904
17 20015906 rs56696913 0.6856
17 20015947 rs115672399 0.052413
17 20016355 rs145703924 0.6857300000000001
17 20017091 rs9911605 0.46833
17 20017308 rs566689761 0.68875
17 20018106 rs73299644 0.69342
17 20018122 rs117519477 0.42482
17 20018209 rs185541034 0.7417600000000001
17 20018301 rs189908465 0.74203
17 20018329 rs116842670 0.79143
17 20018807 rs529560102 0.43127
17 20018841 rs2042046 1.6593e-13
17 20019256 rs138116575 0.42918999999999996
17 20019289 rs142370539 0.77199
17 20019440 rs150502839 0.041502
17 20019477 rs182567024 0.034864
17 20019694 rs7222984 1.152e-13
17 20019899 rs7213816 0.46618000000000004
17 20019946 rs549542946 0.68404
17 20020364 rs17686622 2.7078e-09
17 20020492 rs144489558 0.72631
17 20020859 rs140132500 0.7421
17 20020967 rs189103946 0.85364
17 20021030 rs9912371 4.5415e-06
17 20021119 rs181489620 0.35474
17 20021387 rs142284314 0.052502
17 20021630 rs151237545 0.19817
17 20021661 rs12949485 2.5009000000000003e-09
17 20022035 rs17759923 2.3812e-14
17 20022242 rs150022278 0.95999
17 20022559 rs189166490 0.96549
17 20022784 rs190572322 0.6975600000000001
17 20023035 rs11868146 0.038929000000000005
17 20023099 rs2013441 5.1754e-15
17 20023109 rs2013443 7.0286e-15
17 20023414 rs75403469 0.20223
17 20024095 rs17759959 4.8893e-15
17 20024098 rs79204686 0.72717
17 20024195 rs115528122 0.21345
17 20024235 rs78389768 0.20693000000000003
17 20024582 rs4925087 1.1765000000000001e-14
17 20025160 rs143030994 0.74416
17 20025451 rs137995259 0.055920000000000004
17 20025706 rs62067558 5.453e-10
17 20025761 rs539140651 0.41318
17 20025840 rs12451216 4.1243e-15
17 20026548 rs4924808 4.3409e-15
17 20027063 rs16942325 0.33155
17 20027138 rs55705283 9.6134e-15
17 20027414 rs73299658 0.7433
17 20027426 rs72830150 0.00041273
17 20027718 rs16960697 1.0598e-14
17 20027726 rs115737798 0.13387000000000002
17 20027837 rs191113411 0.28459
17 20028088 rs544758647 0.38177
17 20028385 rs146473367 0.76989
17 20028386 rs188676421 0.22526999999999997
17 20028466 rs140822860 0.31989
17 20028617 rs192826004 0.32819
17 20028690 rs73299664 0.65478
17 20028782 rs138631292 0.7205199999999999
17 20028846 rs61141789 0.7743399999999999
17 20029170 rs17686798 6.3313999999999995e-15
17 20029208 rs148363150 0.064275
17 20029225 rs16960700 0.77513
17 20029315 rs80123538 0.44183
17 20029585 rs111482596 0.6795800000000001
17 20029593 rs11868116 1.5044e-14
17 20029901 rs4588033 5.870899999999999e-15
17 20029933 rs8077051 0.77465
17 20029955 rs115235492 0.067522
17 20030271 rs114369275 0.89725
17 20030450 rs139391686 0.055920000000000004
17 20030461 rs74654653 0.44183
17 20030960 rs1812934 8.148999999999999e-15
17 20030992 rs972966 4.1611000000000005e-15
17 20031549 rs116218439 0.7681399999999999
17 20031608 rs142159123 0.7214
17 20031664 rs186876544 0.85364
17 20031809 rs528974774 0.7721600000000001
17 20031836 rs73301526 0.8919799999999999
17 20031927 rs151226432 0.73683
17 20032505 rs191976158 0.2103
17 20032615 rs56034568 0.00046601
17 20032745 rs6587218 0.77618
17 20032752 rs145896310 0.44236000000000003
17 20032943 rs114813718 0.76041
17 20033123 rs143747501 0.81628
17 20033202 rs12937827 5.8964e-15
17 20033446 rs12936443 8.774500000000001e-15
17 20034215 rs7223505 0.8665
17 20034270 rs9897161 0.30501
17 20034274 rs9897168 0.30432
17 20034400 rs115307049 0.54274
17 20034531 rs6587219 8.7002e-15
17 20034539 rs116922675 0.70343
17 20034549 rs182253079 0.20198
17 20034574 rs7223984 0.041548
17 20034614 rs185208412 0.39585
17 20034910 rs185662440 0.12415
17 20035020 rs36051592 3.8548999999999996e-15
17 20035110 rs141935975 0.53641
17 20035244 rs185963243 0.74344
17 20035257 rs9898080 8.5517e-15
17 20035534 rs749926602 0.80091
17 20035909 rs543705791 0.70071
17 20035941 rs188575121 0.48672
17 20036109 rs571483787 0.30107
17 20036253 rs35041742 4.257899999999999e-15
17 20036303 rs139289440 0.4257
17 20036545 rs74978760 0.03967
17 20036676 rs149725190 0.7488
17 20036790 rs114584067 0.41735
17 20037237 rs112230783 0.60848
17 20037345 rs72830153 0.00052599
17 20037493 rs187715746 0.75679
17 20037606 rs536787524 0.70012
17 20037738 rs115484795 0.11597
17 20037876 rs80002181 0.038326
17 20037890 rs141993830 0.78315
17 20037935 rs116006465 0.75764
17 20038261 rs189228474 0.97234
17 20038273 rs9893832 1.1388e-14
17 20039114 rs140145780 0.8892899999999999
17 20039171 rs17686839 5.1812e-15
17 20039373 rs189453652 0.2923
17 20039479 rs182312051 0.80094
17 20039610 rs138293083 0.58615
17 20039689 rs111407935 0.036399
17 20039853 rs36119009 0.0014187999999999998
17 20040414 rs183076491 0.20198
17 20040423 rs545716399 0.8388
17 20040704 rs139008077 0.70834
17 20040936 rs141974734 0.004869
17 20041031 rs192687799 0.75634
17 20041355 rs187801838 0.24697
17 20042109 rs116802816 0.75764
17 20042435 rs184857142 0.29699000000000003
17 20043036 rs7219908 1.7306e-14
17 20043144 rs148820609 0.00050271
17 20043276 rs142589714 0.15064
17 20043384 rs150952428 0.75644
17 20043473 rs1971044 0.8188300000000001
17 20043515 rs1971043 0.78359
17 20043522 rs141368786 0.40395
17 20044291 rs8078716 1.4861000000000002e-14
17 20044384 rs115099717 0.79297
17 20044413 rs114059980 0.79297
17 20044673 rs4924809 5.3083e-15
17 20044782 rs56194672 0.00049675
17 20045135 rs150405404 0.80599
17 20045176 rs12947950 6.0752e-10
17 20045296 rs538287926 0.041583999999999996
17 20045658 rs7212500 9.2007e-15
17 20045708 rs185879549 0.20198
17 20045825 rs191827835 0.43196999999999997
17 20045826 rs138175035 0.055977
17 20045936 rs149556829 0.26873
17 20045948 rs144303761 0.055977
17 20046665 rs57146223 0.21864
17 20046884 rs147180000 0.74407
17 20047343 rs79899527 0.49738000000000004
17 20047412 rs150796439 0.76045
17 20047556 rs192542656 0.74548
17 20047935 rs115492231 0.53282
17 20048289 rs75955750 0.44123999999999997
17 20048355 rs8066143 1.4151e-14
17 20048536 rs188357650 0.014632
17 20048716 rs146835253 0.42261000000000004
17 20048762 rs140659196 0.58073
17 20048876 rs148162582 0.85364
17 20049021 rs139142055 0.11800999999999999
17 20049308 rs34712254 5.0188999999999996e-15
17 20049344 rs4925088 9.8236e-12
17 20049863 rs12949242 0.011843000000000001
17 20049892 rs144644857 0.1399
17 20049990 rs113371945 0.65351
17 20050092 rs191473893 0.76826
17 20050178 rs534166833 0.20198
17 20050248 rs372680027 0.29979
17 20050477 rs62066865 8.207700000000001e-15
17 20050545 rs145924732 0.19755999999999999
17 20050563 rs139871381 0.26665
17 20050603 rs113594202 0.00043428
17 20051677 rs188975908 0.41965
17 20051806 rs146694045 0.54608
17 20051937 rs139376336 0.85075
17 20052116 rs12952398 4.6833e-15
17 20052958 rs79757538 0.7911199999999999
17 20053479 rs149205562 0.056152
17 20053698 rs115162132 0.6832199999999999
17 20053823 rs189794813 0.070324
17 20054765 rs147887146 0.65691
17 20054845 rs117903590 0.045472000000000005
17 20055286 rs182906441 0.31401999999999997
17 20055545 rs187452482 0.76813
17 20055717 rs76266419 0.44123999999999997
17 20055765 rs7222987 3.9665e-15
17 20056034 rs149526072 0.60705
17 20056138 rs528908455 0.066213
17 20056317 rs188747691 0.22851
17 20056351 rs139837740 0.09300599999999999
17 20056533 rs115723069 0.10786
17 20056596 rs148421470 0.09856799999999999
17 20056765 rs78915802 0.063432
17 20057022 rs151078441 0.70699
17 20057061 rs75180191 0.42472
17 20057139 rs114080430 0.69923
17 20057726 rs116465767 0.052837999999999996
17 20057865 rs73301538 0.56184
17 20057959 rs34089239 6.0286999999999995e-15
17 20058268 rs55854412 0.0005132
17 20058510 rs10438824 6.7327e-10
17 20058819 rs72830165 0.00053093
17 20059342 rs62066869 9.5323e-10
17 20059350 rs182777885 0.5642199999999999
17 20059583 rs118085302 0.5969
17 20059824 rs1974745 2.2145e-14
17 20059942 rs556825854 0.80137
17 20060059 rs561319433 0.85364
17 20060543 rs555416928 0.9097
17 20061167 rs115527427 0.42883999999999994
17 20061221 rs564045826 0.85301
17 20061426 rs188889448 0.27694
17 20061483 rs114383044 0.24061999999999997
17 20061557 rs114967516 0.77723
17 20061593 rs146168418 0.85364
17 20062115 rs184711123 0.55432
17 20062395 rs2080673 4.9345e-15
17 20062557 rs8080892 0.86267
17 20062738 rs79160805 0.7994600000000001
17 20062959 rs1009082 5.271e-10
17 20062965 rs116391451 0.52958
17 20063149 rs140931360 0.05625700000000001
17 20063193 rs74819129 0.89854
17 20063663 rs149811316 0.7994600000000001
17 20063717 rs189380128 0.31258
17 20063758 rs62066870 1.365e-14
17 20064072 rs9913018 0.29964
17 20064093 rs141045996 0.69701
17 20064122 rs114251810 0.5534100000000001
17 20064128 rs34644796 4.6662e-15
17 20064155 rs114926486 0.64569
17 20064190 rs9901336 6.5262e-15
17 20064270 rs542871532 0.14587999999999998
17 20064353 rs9901796 1.1058e-14
17 20064378 rs140372436 0.77755
17 20065000 rs56281769 0.00050987
17 20065255 rs138426272 0.049879
17 20065551 rs55868133 0.0015481
17 20065619 rs74203832 0.79261
17 20065620 rs1985810 4.6625e-15
17 20065933 rs184994696 0.22808
17 20066264 rs142264759 0.74238
17 20066281 rs151279839 0.12662
17 20066455 rs78185893 0.0085532
17 20066498 rs182024068 0.71578
17 20066631 rs4925090 7.867799999999999e-15
17 20066893 rs181816527 0.76882
17 20066922 rs12945089 0.26583
17 20066945 rs139572435 0.05625700000000001
17 20066988 rs4925091 1.3844999999999998e-14
17 20067284 rs77319965 0.6523800000000001
17 20068263 rs183497742 0.325
17 20068279 rs188495234 0.83486
17 20068544 rs117240154 0.0067462
17 20069202 rs113235168 0.095536
17 20069677 rs8080649 8.038800000000001e-15
17 20069823 rs79300696 0.43935
17 20069846 rs150701826 0.053902
17 20069974 rs76532176 0.76076
17 20070026 rs149351205 0.051745000000000006
17 20070201 rs191207759 0.27956
17 20070325 rs144655976 0.37895
17 20070490 rs9907516 8.9324e-15
17 20070758 rs182232236 0.23192
17 20070856 rs185190373 0.39385
17 20071095 rs139505990 0.72841
17 20071381 rs73301548 0.79259
17 20071554 rs142596691 0.88408
17 20071560 rs77794611 0.0073542
17 20071580 rs190230789 0.0085532
17 20071819 rs4924810 5.285100000000001e-15
17 20072431 rs147782734 0.056218
17 20072499 rs141122168 0.8908299999999999
17 20072789 rs563077360 0.42981
17 20072998 rs7219613 0.8247200000000001
17 20073338 rs2703794 5.603100000000001e-15
17 20073465 rs558738240 0.56598
17 20073974 rs116152848 0.36603
17 20073975 rs146392869 0.16765
17 20074280 rs76801772 0.048192
17 20074327 rs116587843 0.048192
17 20074408 rs139542067 0.8409
17 20074447 rs188733552 0.71332
17 20074572 rs146095629 0.056313999999999996
17 20074709 rs75340305 0.58197
17 20075052 rs2526464 5.2252e-15
17 20075279 rs149932431 0.021825999999999998
17 20075654 rs148662669 0.72749
17 20075686 rs548183460 0.21961
17 20076073 rs182287617 0.39408000000000004
17 20076193 rs78050281 0.6100800000000001
17 20076458 rs150111398 0.81518
17 20076683 rs11870578 0.048105
17 20076710 rs78172557 0.7971199999999999
17 20076879 rs77315459 0.6069399999999999
17 20076973 rs77651658 0.9296700000000001
17 20077073 rs76833215 0.6245
17 20077141 rs2703795 2.1072e-14
17 20077248 17:20077248_T_G 0.18263
17 20077356 rs182524298 0.79705
17 20077891 rs76020943 0.42723999999999995
17 20077901 rs148327865 0.056313999999999996
17 20077925 rs535827406 0.46693999999999997
17 20078137 rs1859407 8.8044e-15
17 20078221 rs76668282 0.0082863
17 20078297 rs2526463 8.4419e-15
17 20078492 rs568953875 0.21263
17 20078530 rs184843058 0.11912
17 20078964 rs2189710 5.139e-15
17 20079292 rs139738250 0.1969
17 20079455 rs74824891 0.44793999999999995
17 20079460 rs2526462 5.9829e-14
17 20079480 rs116561792 0.43203
17 20079732 rs56009494 0.0005162999999999999
17 20079872 rs140557648 0.70972
17 20080301 rs2703797 6.221699999999999e-10
17 20080366 rs72830176 0.00091693
17 20081108 rs113708770 0.54811
17 20081179 rs748331464 0.53818
17 20081257 rs7211948 0.8358700000000001
17 20081273 rs149345364 0.6549699999999999
17 20081351 rs144751572 0.20017000000000001
17 20081720 rs148104473 0.60443
17 20082456 rs116940086 0.034849
17 20082628 rs150583135 0.056216999999999996
17 20083108 rs77182365 0.8263799999999999
17 20083115 rs72830177 0.0005219
17 20083208 rs73301563 0.69421
17 20083220 rs145930810 0.36146
17 20083226 rs2189709 8.073899999999999e-15
17 20084165 rs74327056 0.68719
17 20084189 rs72830178 0.00051775
17 20084926 rs556653777 0.9085799999999999
17 20085082 rs117036586 0.23446
17 20085095 rs143934252 0.11917
17 20085185 rs16960715 0.77795
17 20085300 rs9941376 0.7530399999999999
17 20085311 rs9941362 0.7509899999999999
17 20085768 rs2703799 5.0173000000000005e-15
17 20085775 rs148682496 0.13801
17 20086352 rs2526460 4.6286e-15
17 20086427 rs183969164 0.19637000000000002
17 20086562 rs2703800 6.0787e-15
17 20086639 rs8080573 0.8619700000000001
17 20086978 rs189390723 0.83444
17 20087198 rs146448410 0.05581799999999999
17 20087419 rs550335311 0.37535999999999997
17 20087664 rs148995358 0.06675
17 20088289 rs16960717 0.8472700000000001
17 20088435 rs59649893 0.38554
17 20088492 rs2107565 6.0045000000000004e-15
17 20088589 rs2243732 4.9497e-15
17 20088683 rs142330165 0.53961
17 20088770 rs72830179 0.0005304
17 20089554 rs77051996 0.8615700000000001
17 20089714 rs117119016 0.22365
17 20089852 rs191544873 0.19609000000000001
17 20089971 rs577070511 0.27968000000000004
17 20090042 rs2526459 5.8304999999999996e-15
17 20090069 rs6587221 0.8267200000000001
17 20090992 rs181111648 0.42175
17 20091394 rs189143201 0.09020800000000001
17 20091745 rs547638405 0.88984
17 20091771 rs150068766 0.78601
17 20092109 rs78761149 0.7094199999999999
17 20092200 rs2526458 4.7973e-15
17 20092210 rs147741146 0.054587000000000004
17 20092655 rs147903560 0.05581799999999999
17 20092846 rs549718844 0.7932600000000001
17 20093072 rs77436051 0.6333
17 20093143 rs114096964 0.56272
17 20093569 rs114931369 0.84173
17 20093592 rs77753681 0.24778000000000003
17 20093597 rs143703521 0.27716
17 20094328 rs150385984 0.19609000000000001
17 20094900 rs114582127 0.27968000000000004
17 20095036 rs138597768 0.66264
17 20095246 rs2386485 4.7699e-15
17 20095615 rs2526492 5.565399999999999e-10
17 20096583 rs559293794 0.72227
17 20096860 rs56002404 0.00053055
17 20097020 rs147887198 0.44478999999999996
17 20097462 rs2526491 5.009800000000001e-10
17 20097526 rs2526490 4.426e-15
17 20097605 rs150017632 0.057763
17 20097968 rs117288958 0.8066300000000001
17 20097979 rs367893789 0.5389
17 20098063 rs192081948 0.80106
17 20098617 rs2526488 5.3858999999999994e-15
17 20098792 rs115451480 0.86193
17 20099390 rs182005533 0.83444
17 20100173 rs570541828 0.8746
17 20100542 rs76459904 0.041808
17 20100600 rs2703801 4.802399999999999e-15
17 20101039 rs2703802 4.8428000000000005e-15
17 20101092 rs140909503 0.27189
17 20101247 rs79347522 0.92261
17 20101383 rs74255387 0.2571
17 20101626 rs2526486 7.089799999999999e-15
17 20101991 rs79163472 0.13733
17 20102143 rs60496867 0.046683999999999996
17 20102296 rs115227695 0.7885
17 20102767 rs11204423 6.3779e-15
17 20102925 rs9896190 0.88497
17 20103252 rs2107566 4.8251e-15
17 20103271 rs8076627 0.86274
17 20103560 rs8081600 0.7955
17 20103786 rs61661067 0.45053000000000004
17 20103821 rs74939820 0.99754
17 20103900 rs144917261 0.20753000000000002
17 20103995 rs148829633 0.19657
17 20104191 rs7225249 0.8275299999999999
17 20104356 rs9910699 0.21622
17 20104801 rs148009388 0.76248
