CHR BP SNP P
7 99764116 rs149092760 0.63008
7 99764196 rs116867043 0.6061300000000001
7 99764240 rs142988850 0.54633
7 99764572 rs78756658 1.1235999999999999e-08
7 99766655 rs73397507 0.39921999999999996
7 99767449 rs189831862 0.46762
7 99767587 rs1918353 0.55198
7 99767773 rs138791019 0.006215399999999999
7 99768939 rs77487872 0.42541999999999996
7 99768957 rs75779608 5.817600000000001e-05
7 99769251 rs541390926 0.23718000000000003
7 99769860 rs116665446 0.37464000000000003
7 99770322 rs188710400 0.18328
7 99770355 rs148408040 0.44201999999999997
7 99770415 rs142497713 0.023332
7 99770428 rs185022115 0.09889099999999999
7 99770456 rs57966707 6.1165e-05
7 99770529 rs755674414 0.91446
7 99770592 rs139509980 0.35015
7 99770879 rs186778007 0.48617
7 99770912 rs73397512 0.26968000000000003
7 99771187 rs116538316 0.17207
7 99771849 rs3735242 0.36115
7 99771951 rs75571285 0.17901
7 99772133 rs181481835 0.7863100000000001
7 99772151 rs539760226 0.55277
7 99772511 rs143234278 0.20079
7 99772600 rs12668498 0.27802
7 99772863 rs77390585 0.99365
7 99772896 rs147050977 0.73011
7 99773560 rs115660268 0.65385
7 99773676 rs116138580 0.54119
7 99773879 rs74662631 0.51779
7 99774103 rs538287037 7.565e-05
7 99774122 rs12705073 0.9566100000000001
7 99774327 rs12705074 0.00091773
7 99774353 rs532455601 0.0064169
7 99774555 rs191034306 0.3695
7 99774914 rs114132987 0.59044
7 99775615 rs73397519 0.51563
7 99775870 rs114147543 0.59008
7 99775933 rs78894444 0.16305999999999998
7 99775968 rs538253190 0.5527
7 99776272 rs7799441 0.9342799999999999
7 99776581 rs7793328 0.5221100000000001
7 99776603 rs558563654 0.097127
7 99776668 rs141655350 0.027391000000000002
7 99776808 rs941288 1.7104e-07
7 99776891 rs554412708 0.20484000000000002
7 99777245 rs78886656 0.9814200000000001
7 99777422 rs55796551 8.5632e-08
7 99777869 rs7457787 0.44077
7 99777894 rs189211237 0.45281000000000005
7 99778019 rs12666107 8.522e-08
7 99778227 rs11531577 1.7993999999999999e-06
7 99778285 rs2272343 1.6758000000000001e-06
7 99778306 rs139621533 0.0027581
7 99778317 rs149733769 0.53574
7 99778364 rs568326235 0.20484000000000002
7 99778379 rs145715859 0.045462
7 99778382 rs141506148 0.09649500000000001
7 99778430 rs147067366 0.7007
7 99778945 rs3807471 0.0036348
7 99779074 rs561584229 0.14056
7 99779243 rs3779046 4.4691e-06
7 99779259 rs3779045 4.4691e-06
7 99779886 rs6465764 4.2981e-06
7 99779898 rs187538572 0.37617
7 99780039 rs182967242 0.35885
7 99780049 rs557088096 0.77037
7 99780282 rs4729579 4.2981e-06
7 99780283 rs2056726 1.7486e-06
7 99780655 rs10252884 4.4365e-06
7 99780678 rs533867478 0.032727
7 99781377 rs571115228 0.77709
7 99782142 rs139899196 0.53492
7 99782215 rs145340750 0.26205
7 99782310 rs75236766 1.8573e-06
7 99782753 rs7788301 4.4197e-06
7 99782869 rs148973843 0.44355
7 99782909 rs79246196 0.45516
7 99783173 rs189128899 0.33836
7 99783714 rs6960458 4.5324e-06
7 99784704 rs2141160 4.2293e-06
7 99784935 rs117493030 0.005159
7 99785191 rs373319227 0.017991
7 99785443 rs6465765 4.42e-06
7 99785528 rs57250559 0.33462
7 99785671 rs6465766 3.0246e-06
7 99785750 rs4727449 0.00030393
7 99785765 rs74742883 1.8388999999999999e-06
7 99786819 rs2272344 4.7199e-06
7 99786964 rs11764176 4.8066e-06
7 99787120 rs143887145 0.49868999999999997
7 99787290 rs147246504 0.096828
7 99787372 rs6948729 4.8175e-06
7 99787840 rs116655071 0.53555
7 99789613 rs114270871 0.94095
7 99789665 rs73159753 0.3004
7 99789817 rs4729580 0.9541200000000001
7 99790677 rs12666425 5.3696e-06
7 99790913 rs566242031 0.5452100000000001
7 99790954 rs188438097 0.73733
7 99790971 rs11767968 6.3415999999999996e-06
7 99791539 rs10953295 0.9730200000000001
7 99791865 rs558841816 0.54346
7 99791879 rs6975013 0.051723000000000005
7 99792258 rs56310893 0.22538000000000002
7 99792259 rs576713863 0.0063038999999999994
7 99792608 rs7811662 6.0522e-06
7 99792666 rs11762932 3.056e-06
7 99793149 rs117235087 0.73147
7 99793305 rs73159758 0.9517100000000001
7 99793352 rs116941680 0.067351
7 99793942 rs4299940 0.97805
7 99793958 rs190093945 0.087752
7 99794872 rs200131656 0.7291300000000001
7 99795215 rs62482167 0.024213
7 99795672 rs139707192 0.5469
7 99795955 rs528268006 0.068869
7 99796057 rs111629818 0.56376
7 99796072 rs3823642 6.7793e-06
7 99796146 rs3735241 0.9929399999999999
7 99796363 rs568230768 0.20581
7 99796583 rs144753898 0.70428
7 99796833 rs142844623 0.70428
7 99796885 rs146609079 0.61083
7 99797031 rs2272345 6.9351e-06
7 99797792 rs13230744 0.00078752
7 99798530 rs141693812 0.53193
7 99799141 rs146872663 0.7285
7 99799496 rs140742906 0.39788
7 99799784 rs201982714 0.21461
7 99799845 rs1043915 6.487000000000001e-06
7 99800153 rs151236543 0.19909000000000002
7 99800239 rs138556948 0.46621999999999997
7 99800559 rs7789890 5.2139e-06
7 99800813 rs148851665 0.89451
7 99800835 rs1727145 0.7762600000000001
7 99800935 rs530354158 0.21381999999999998
7 99800958 rs1628077 6.508200000000001e-06
7 99800999 rs570205621 0.58609
7 99801095 rs192866183 0.37243000000000004
7 99801356 rs138129781 0.013624
7 99802044 rs79986079 5.6107e-06
7 99802047 rs78633062 0.54093
7 99802331 rs149048452 0.12557000000000001
7 99802812 rs2246713 0.86803
7 99803412 rs2950517 6.1348e-06
7 99803794 rs1727123 6.0011e-06
7 99804104 rs1727124 5.865599999999999e-06
7 99804125 rs1727125 5.8437e-06
7 99804239 rs112547654 0.069996
7 99804240 rs186187069 0.42471000000000003
7 99804678 rs528790089 0.76836
7 99804856 rs182884666 0.0026295000000000003
7 99805319 rs2528900 5.5266e-06
7 99805555 rs113235931 0.58373
7 99805622 rs189074594 0.28529
7 99806388 rs549104877 0.5343899999999999
7 99807030 rs115654718 0.3728
7 99807146 rs1138417 5.3767e-06
7 99807265 rs1061230 5.2413e-06
7 99807344 rs2950518 0.97846
7 99807473 rs941287 0.74479
7 99807656 rs117363191 4.4186e-06
7 99808097 rs17249588 0.35579
7 99808151 rs1637001 4.8336e-06
7 99808689 rs147584531 0.088621
7 99808703 rs61749910 0.56466
7 99809032 rs80044214 3.9020999999999995e-06
7 99809499 rs143584383 0.12693
7 99809790 rs117369923 0.19796
7 99809835 rs1617502 0.00038887
7 99809921 rs1727128 0.99272
7 99809963 rs182456726 0.037032
7 99810113 rs2257213 5.928e-06
7 99810159 rs56162722 0.44586000000000003
7 99810375 rs78675707 0.56722
7 99810424 rs771903780 0.94942
7 99810425 rs74774557 1.2009e-06
7 99810433 rs115529197 0.16956
7 99810643 rs1618851 6.0027e-06
7 99810695 rs73397555 0.92084
7 99810751 rs185329956 0.83444
7 99810820 rs112084126 0.050119
7 99811002 rs1727129 0.8488600000000001
7 99811204 rs1623264 6.064400000000001e-06
7 99811313 rs1624099 0.86666
7 99811464 rs1727130 5.9211e-06
7 99811750 rs188384958 0.32229
7 99811765 rs181256968 0.62439
7 99811830 rs142195721 0.62059
7 99811836 rs1052482 1.0158e-05
7 99812008 rs12056000 3.3495999999999997e-06
7 99812089 rs1636975 5.9210000000000006e-06
7 99812295 rs545568586 0.23858000000000001
7 99812297 rs1727132 5.9313e-06
7 99812360 rs145392532 0.048116
7 99812728 rs62482169 0.00040553
7 99812870 rs1727133 6.2385000000000005e-06
7 99813092 rs17309333 0.44893
7 99813137 rs182500618 0.22095
7 99813285 rs75655792 3.8625e-05
7 99813672 rs1727134 5.590499999999999e-06
7 99813912 rs1636978 6.877999999999999e-06
7 99813914 rs77654185 0.57005
7 99813999 rs527860926 0.61502
7 99814088 rs542587125 0.54783
7 99814329 rs112279715 0.63589
7 99814529 rs138080852 0.27873000000000003
7 99814643 rs141261889 0.032347
7 99814823 rs2405729 0.65184
7 99814930 rs185106424 0.59132
7 99814984 rs190352084 0.83841
7 99815108 rs73161728 0.25051
7 99815185 rs142051582 0.69029
7 99815247 rs1727138 6.8838e-06
7 99815330 7:99815330_C_T 0.93232
7 99815367 rs1727139 6.9852e-06
7 99815399 rs1727140 7.1279e-06
7 99815963 rs61116265 0.9531299999999999
7 99815984 rs58267233 0.55889
7 99816160 rs191054029 0.14565
7 99816179 rs1727142 7.633e-06
7 99816437 rs1636988 7.1489e-06
7 99816509 rs62482172 4.0191000000000006e-10
7 99817076 rs117789573 2.5598000000000005e-07
7 99817196 rs17250196 0.082611
7 99817391 rs7782305 8.2379e-06
7 99817511 rs369789179 0.21505
7 99817570 rs144154892 0.25648000000000004
7 99817585 rs7786505 8.3629e-06
7 99817705 rs183060184 0.72012
7 99817859 rs2906645 7.8807e-06
7 99817878 rs141119008 0.28297
7 99818084 rs188001537 0.10041
7 99818100 rs200763091 0.96562
7 99818101 rs4727450 0.4002
7 99818137 rs2906646 0.7602
7 99818185 rs141513122 0.16943
7 99818374 rs113071786 0.59825
7 99818927 rs705867 0.8479200000000001
7 99819524 rs189632781 0.62479
7 99819577 rs858505 8.144400000000001e-06
7 99819828 rs541836729 0.22205999999999998
7 99819844 rs56089143 9.287000000000001e-06
7 99819910 rs555586191 0.013163
7 99820050 rs858506 8.0785e-06
7 99820168 rs114681724 0.099739
7 99820309 rs563357633 0.74088
7 99820801 rs150436753 0.00040374
7 99820877 rs858507 8.4573e-06
7 99820919 rs190968713 0.70792
7 99821128 rs118107707 0.99067
7 99821235 rs200517022 0.18059
7 99821381 rs858508 8.1333e-06
7 99821685 rs863450 7.7049e-06
7 99821725 rs117078557 0.46462
7 99821894 rs858510 0.75666
7 99822032 rs139202020 0.62251
7 99822164 rs528062422 0.23014
7 99822266 rs191780932 0.12370999999999999
7 99822300 rs147528467 0.66722
7 99822607 rs79149916 0.16739
7 99822666 rs757960 0.86715
7 99822829 rs112552861 0.40360999999999997
7 99823055 rs766012373 0.74259
7 99823522 rs6947033 8.6588e-06
7 99823621 rs858511 8.4191e-06
7 99823930 rs62482173 4.8163999999999995e-05
7 99823937 rs544012984 7.6928e-05
7 99823999 rs190413835 0.797
7 99824048 rs115947943 0.6703600000000001
7 99824353 rs1859787 0.77377
7 99824391 rs775835887 0.020394
7 99824453 rs858512 8.3565e-06
7 99824465 rs180674738 0.22866999999999998
7 99825275 rs6953580 8.782e-06
7 99825558 rs858513 8.6226e-06
7 99825717 rs182709412 0.060275999999999996
7 99825744 rs114544788 0.33354
7 99825748 rs858514 8.7867e-06
7 99826370 rs143507567 0.36221
7 99826438 rs186714143 0.50435
7 99826697 rs116810156 0.17194
7 99826793 rs146750051 0.058325999999999996
7 99827148 rs2950520 9.2783e-06
7 99827531 rs117430166 0.084788
7 99827637 rs542336873 0.22563000000000002
7 99827902 rs143653732 0.47425
7 99827941 rs151024111 9.2602e-06
7 99828205 rs547150133 0.047069
7 99828471 rs193113105 0.67581
7 99828655 rs73161733 0.24483000000000002
7 99828831 rs146476401 0.14956
7 99829203 rs559550291 0.96667
7 99829827 rs184318317 0.17923
7 99830086 rs143185989 9.8304e-06
7 99830281 rs192156380 0.00043661
7 99830781 rs147122369 0.011996
7 99831118 rs34301839 1.1408e-05
7 99831399 rs182224247 0.50365
7 99831447 rs148392587 0.76235
7 99831777 rs114499025 0.7231
7 99831829 rs572775140 0.9695799999999999
7 99831872 rs141691753 0.48128999999999994
7 99831998 rs183511599 0.12602
7 99832442 rs10225636 0.72319
7 99832743 rs111922231 0.58659
7 99833098 rs149946724 0.5934
7 99833345 rs145201975 0.38511
7 99833499 rs559197665 0.20484000000000002
7 99833529 rs146601535 0.12028
7 99833851 rs62482174 4.294e-10
7 99834190 rs10246243 4.9295e-06
7 99834306 rs141791030 0.71502
7 99835375 rs115079654 0.97767
7 99835446 rs116667980 0.42873999999999995
7 99835613 rs62482175 1.8296e-06
7 99835754 rs150262685 0.6884899999999999
7 99836032 rs114544715 0.6884899999999999
7 99836140 rs557027116 0.20160999999999998
7 99836384 rs137929882 0.00041937
7 99836685 rs73399514 4.817e-06
7 99836748 rs139861184 0.70194
7 99837415 rs60568054 0.7076100000000001
7 99837513 rs114402171 0.59991
7 99837759 rs556854094 0.63178
7 99837917 rs146245928 0.8265299999999999
7 99838108 rs7782051 0.0025015000000000003
7 99838234 rs73399523 0.38758000000000004
7 99838389 rs191457016 0.5019100000000001
7 99838428 rs142712263 0.70522
7 99838846 rs116121773 0.9990899999999999
7 99839222 rs183515794 0.18454
7 99839511 rs192501249 0.50739
7 99839523 rs73399528 0.58503
7 99839839 rs115388482 0.67052
7 99839934 rs528037909 0.17849
7 99840362 rs858500 0.35449
7 99840461 rs866500 1.7052e-07
7 99840652 rs114417780 0.99769
7 99840796 rs541072716 0.16613
7 99840825 rs145410269 0.85925
7 99840998 rs189076864 0.69896
7 99841168 rs115185453 0.70027
7 99841354 rs117038461 3.6904000000000003e-07
7 99842067 rs118058744 0.40843
7 99842120 rs10257359 0.65759
7 99842244 rs575030095 0.24378000000000002
7 99842404 rs369917959 0.21735
7 99842502 rs13240468 0.0025138
7 99842766 rs10245781 0.7078399999999999
7 99843035 rs10261440 0.59059
7 99843100 rs10245955 0.70729
7 99843224 rs10246363 0.61351
7 99843353 rs858502 0.94942
7 99843509 rs138506889 0.00020453
7 99843677 rs529325598 0.084117
7 99843704 rs141655313 0.69702
7 99843773 rs116448117 0.70255
7 99843812 rs567014359 0.048756
7 99844169 rs150737322 0.18300999999999998
7 99844282 rs187360186 0.96805
7 99844385 rs191896841 0.008513100000000001
7 99844552 rs188638927 0.10461
7 99844729 rs10224352 0.62293
7 99844980 rs117791027 0.0016583
7 99844999 rs78156167 0.85115
7 99845157 rs10269973 0.55211
7 99845866 rs858503 0.019645
7 99845998 rs148689129 0.074435
7 99846414 rs76281814 3.849700000000001e-06
7 99846442 rs117700582 0.14051
7 99846454 rs28559768 0.48558999999999997
7 99846706 rs56922690 0.5986199999999999
7 99846833 rs10269574 1.5783000000000002e-06
7 99846912 7:99846912_G_A 0.71858
7 99847147 rs7801070 1.5002e-06
7 99847237 rs112241539 3.0264e-06
7 99847829 rs577220307 0.69399
7 99847978 rs59248100 1.5005e-06
7 99848201 rs116862302 0.09171900000000001
7 99848294 rs147460494 0.45215
7 99848632 rs535918216 0.17802
7 99848702 rs190165169 0.22735999999999998
7 99848791 rs183316489 0.17802
7 99848931 rs141062864 0.9696100000000001
7 99849128 rs186775794 0.71691
7 99849196 rs558555147 0.8419399999999999
7 99849423 rs118005046 0.13491
7 99849572 rs145890241 0.71858
7 99850026 rs10253173 0.44991000000000003
7 99850182 rs185114228 3.7693e-05
7 99850377 rs138537772 0.8665299999999999
7 99850762 rs112551737 0.44923
7 99850886 rs180721475 0.010336
7 99851257 rs183402935 0.0040016
7 99851269 rs11771660 1.3619999999999998e-06
7 99852144 rs187714626 0.16233
7 99852197 rs192559525 0.015738
7 99852865 rs116905739 0.076676
7 99853039 rs550879556 0.9073700000000001
7 99853249 rs113833562 0.53942
7 99853760 rs139905057 0.46628000000000003
7 99854063 rs10269633 0.55051
7 99854070 rs10269641 1.5281e-06
7 99854125 rs144307107 0.15874000000000002
7 99856501 rs57999130 0.5535800000000001
7 99856519 rs541273457 0.18647
7 99856826 rs375993943 0.13595
7 99857152 rs143061955 0.55365
7 99857155 rs138852276 0.15322
7 99857280 rs577540061 0.10342
7 99857564 rs147019274 0.17917
7 99857626 rs138196997 0.17472000000000001
7 99857962 rs150616153 0.85614
7 99858116 rs116762470 0.8552299999999999
7 99858206 rs114730337 0.7981199999999999
7 99858505 rs113401658 3.2979999999999995e-07
7 99858751 rs535520230 0.85614
7 99859353 rs73399565 0.58214
7 99859434 rs190387094 0.78888
7 99859550 rs144388965 0.64662
7 99860193 rs574209829 0.83035
7 99860574 rs142434477 0.57406
7 99860606 rs140678171 0.23965
7 99860741 rs549300537 0.21277
7 99860813 rs186067749 0.10299000000000001
7 99861149 rs141376982 0.006689
7 99861846 rs187687702 0.030806
7 99861970 rs138068624 0.69724
7 99862067 rs57116449 0.65292
7 99862201 rs191879862 0.73107
7 99862594 rs148305956 0.77286
7 99862770 rs6967372 0.18357
7 99862876 rs538791558 9.598899999999999e-05
7 99863484 rs113842733 1.6550999999999998e-07
7 99863876 rs146344650 0.54905
7 99864141 rs11489584 0.016066
7 99864186 rs551310147 0.22463000000000002
7 99864283 rs116165980 0.66377
7 99864328 rs566979140 0.23969000000000001
7 99864586 rs554324615 0.42796000000000006
7 99865400 rs28622961 0.5888100000000001
7 99866340 rs73399574 0.59223
7 99866649 7:99866649_A_G 0.66965
7 99866704 rs148621540 0.0036356
7 99866868 rs111230419 0.5593100000000001
7 99867233 rs147304309 0.6567
7 99867667 rs183856861 0.11490999999999998
7 99868412 rs12113906 0.009932
7 99868574 rs141233430 0.72405
7 99868575 rs190148579 0.51572
7 99869389 rs538157829 0.71845
7 99870394 rs145090722 0.30018
7 99871279 rs150175968 0.026194
7 99871349 rs138639042 0.59305
7 99871903 rs191747056 0.72747
7 99872071 rs6943160 4.9731e-07
7 99872675 rs73161741 0.026177
7 99872842 rs113439364 0.65699
7 99872911 rs189212982 0.093446
7 99873397 rs150916360 0.026133
7 99873398 rs188345932 0.93676
7 99873449 rs139409096 0.29825
7 99873778 rs113844570 8.475299999999998e-07
7 99874171 rs147355216 0.08846799999999999
7 99874197 rs34857299 1.2784000000000001e-06
7 99874997 rs117244534 0.014147999999999999
7 99876010 rs138235358 0.00090913
7 99876530 rs189483782 0.080605
7 99877305 rs141198614 0.22111999999999998
7 99877368 rs145074037 0.00049874
7 99877480 rs149417354 0.008026100000000001
7 99877849 rs116955337 0.00042672
7 99877915 rs148129732 0.65927
7 99878210 rs186302195 0.18697
7 99878936 rs538158926 0.40406
7 99879738 rs73711111 0.29907
7 99879805 rs193281891 0.76321
7 99880488 rs149681350 1.5528e-05
7 99880638 rs191881155 0.93109
7 99880838 rs112932831 0.2888
7 99881007 rs182237994 0.9963200000000001
7 99882564 rs183853681 0.6069100000000001
7 99883128 rs12113113 3.828e-10
7 99883257 rs116138041 0.93853
7 99883376 rs61246011 0.60728
7 99883689 rs569531190 0.088517
7 99884198 rs150420278 0.71524
7 99884397 rs77042124 0.2216
7 99884737 rs143974973 0.00096014
7 99885221 rs68049253 0.81529
7 99885718 rs10257030 0.77374
7 99886138 rs59259585 0.24945
7 99886509 rs113353752 2.3072e-06
7 99886789 rs6465768 0.0081816
7 99886817 rs191646554 0.33507
7 99887385 rs188916429 0.19676
7 99887677 rs139975335 0.64171
7 99888255 rs145717836 0.6187199999999999
7 99888288 rs577263205 0.050472
7 99888608 rs148922085 0.47728000000000004
7 99889132 rs749410594 0.40836999999999996
7 99889179 rs146769244 2.1109e-06
7 99889503 rs150474818 0.89495
7 99889781 rs574749415 0.062321
7 99890144 rs149241423 0.48608
7 99890146 rs144517527 0.044458
7 99890769 rs10255627 0.46242
7 99890920 rs10081293 0.59832
7 99891305 rs142232790 3.7489000000000004e-07
7 99891311 rs10256481 0.59223
7 99892470 rs545815703 0.043715
7 99892838 rs191234064 0.25111
7 99893148 rs6979218 6.641800000000001e-07
7 99893243 rs577932817 0.090378
7 99893765 rs73161745 1.2846000000000002e-06
7 99894851 rs191128080 0.58033
7 99894901 rs182756125 0.40797
7 99894975 7:99894975_G_A 0.15502
7 99895309 rs111344110 0.0014092
7 99895331 rs111727847 0.73774
7 99895398 rs570867460 0.7358399999999999
7 99895969 rs367606901 0.3844
7 99896208 rs547205504 0.74166
7 99896639 7:99896639_T_G 0.5464399999999999
7 99896877 rs370409167 0.6382800000000001
7 99897017 rs563888296 0.73292
7 99897195 rs571119688 0.5102399999999999
7 99897342 rs189322783 0.00032802
7 99897475 rs147248866 0.0018082
7 99897759 rs528783039 0.73651
7 99897792 rs192234310 0.79485
7 99898318 rs574401477 0.88176
7 99898888 rs540951768 0.43875
7 99899136 rs182235255 0.47084
7 99899378 7:99899378_A_C 0.73364
7 99901667 rs557878456 0.8912700000000001
7 99901862 rs115339047 0.16693
7 99902396 rs528828806 0.37967
7 99902400 rs553899281 0.8901899999999999
7 99902482 rs184077133 0.7558600000000001
7 99903184 rs150352309 0.45921000000000006
7 99903238 rs138015869 0.079714
7 99904909 rs188599114 0.75722
7 99904969 rs3991498 0.0013357000000000002
7 99904992 rs184509800 0.75722
7 99905303 rs577276513 0.053157
7 99905325 rs111312383 0.0012476
7 99905458 rs146873825 9.240000000000001e-05
7 99905475 rs28680963 0.001335
7 99905684 rs28401739 0.0012475
7 99905705 rs140844048 0.73154
7 99905718 rs181935338 0.09597699999999999
7 99905740 rs144605175 0.24564
7 99909155 rs115539152 0.32406
7 99910001 rs574450772 0.8929299999999999
7 99913063 rs190042855 0.65627
7 99913295 rs539195217 0.32354
7 99913892 rs567487302 0.8665
7 99914061 rs143611876 0.32354
7 99914335 rs116073101 0.35972
7 99914972 rs182247490 0.65817
7 99915044 rs570357974 0.7903
7 99915397 rs189884765 0.7915399999999999
7 99915792 rs185378062 0.80078
7 99916922 rs188338225 0.82026
7 99916923 rs149595094 0.12069
7 99917135 rs201304346 0.13808
7 99917237 rs200892093 0.13675
7 99917416 rs112622797 0.0021111
7 99917756 rs533735167 0.25553000000000003
7 99918104 rs144276088 0.27247
7 99918505 rs200571686 0.17822000000000002
7 99918801 rs191008992 0.46897
7 99918825 rs183593935 0.43378
7 99918839 rs187908510 0.77966
7 99919401 rs767599978 0.40307
7 99919417 rs556996109 0.7924399999999999
7 99920925 rs144467245 0.9112100000000001
7 99921061 rs187876274 0.42123
7 99921243 rs36033613 3.6111e-05
7 99921249 rs188817834 0.79364
7 99921436 rs534119282 0.9325899999999999
7 99921473 rs192480068 0.064796
7 99921895 rs573895456 0.73636
7 99921993 rs140069978 0.19130999999999998
7 99922200 rs566181277 0.35856
7 99922388 rs544543816 0.8094100000000001
7 99922742 rs531806863 0.32525
7 99923019 rs180718780 0.5223899999999999
7 99923063 rs184562466 0.9425899999999999
7 99923516 rs530033761 0.80156
7 99923545 rs181636350 0.30321
7 99923550 rs118043008 0.040686
7 99923772 rs535878057 0.68718
7 99923925 rs116349475 0.2011
7 99924081 rs541788522 0.73636
7 99924208 rs115602307 0.5300199999999999
7 99924744 rs138785874 0.36929
7 99924891 rs141833644 0.88759
7 99924996 rs139662191 0.34715
7 99925461 rs542202663 0.73636
7 99925728 rs79304531 0.28071999999999997
7 99926150 rs559082870 0.43036
7 99926522 rs1059129 0.0012291
7 99926612 rs1059126 0.49133000000000004
7 99926619 rs77203623 0.5303899999999999
7 99927262 rs529017726 0.88697
7 99928236 rs142076025 0.28598
7 99928857 rs190836822 0.95457
7 99929774 rs537918359 0.10217000000000001
7 99929794 rs138793051 0.19921
7 99929813 rs187516594 0.32966999999999996
7 99930064 rs188813129 0.82063
7 99930067 rs572064900 0.032616
7 99930447 rs1063945 0.0013172000000000001
7 99930638 rs142061539 0.77407
7 99931753 rs147144608 0.9537200000000001
7 99931958 rs140268702 0.38413
7 99932049 rs7384878 2.3755999999999998e-05
7 99932318 rs188599090 0.75088
7 99933887 rs187212151 0.4324
7 99934008 rs7786844 0.0012226
7 99934848 rs562727432 0.8877700000000001
7 99935121 rs62482196 0.00018813
7 99936016 rs28666000 0.42573
7 99936259 rs185252717 0.030512
7 99936286 rs150159045 0.78001
7 99936427 rs3991564 0.0013012
7 99936557 rs201656849 0.1122
7 99936954 rs543470494 0.69884
7 99937481 rs112345649 0.0013088
7 99937737 rs7796719 0.34244
7 99937803 rs113261079 0.0012704
7 99937807 rs7796885 0.69802
7 99938153 rs576707034 0.75741
7 99938786 rs147530700 0.43356000000000006
7 99938864 rs1636980 0.0016883
7 99938923 rs140334746 0.70678
7 99938955 rs35305377 0.1892
7 99939321 rs11761253 0.0013079
7 99940129 rs73399595 0.52581
7 99940307 rs13228694 0.00032246
7 99940371 rs189678442 0.72885
7 99940630 rs6979910 0.0012116
7 99940731 rs534610903 0.45811
7 99940845 rs564095380 0.8607799999999999
7 99941533 rs145639665 0.9136799999999999
7 99941574 rs184553621 0.15808
7 99941682 rs549369072 0.71936
7 99941683 rs113632398 0.70723
7 99941813 rs150212171 0.74631
7 99941904 rs184473352 0.76493
7 99941956 rs149399779 0.94809
7 99942009 rs181438371 0.49941
7 99942165 rs550240172 0.043706
7 99942330 rs190446704 0.43773999999999996
7 99942427 rs147125476 0.31845999999999997
7 99942607 rs543405262 0.27444
7 99942608 rs186315960 0.75667
7 99942610 rs532468589 0.27444
7 99943237 rs2528901 0.056087
7 99943283 rs11771936 0.0013259
7 99943487 rs2405449 0.26754
7 99944032 rs187708901 0.11263
7 99945028 rs117133172 0.38900999999999997
7 99945822 rs151272515 0.76964
7 99946207 rs34893607 3.6102e-05
7 99946385 rs113979344 0.0019705
7 99947092 rs149454531 0.71038
7 99947464 rs73399601 0.6989
7 99947657 rs75636500 0.0020664000000000004
7 99947897 rs77370288 0.0013436
7 99947974 rs141591562 0.025796
7 99948555 7:99948555_T_G 0.0034287
7 99948829 rs539186948 0.084464
7 99949327 rs188588494 0.050582
7 99949570 rs191890848 0.85282
7 99949571 rs114103923 0.32589
7 99949714 rs112278892 0.87823
7 99949801 rs142520867 8.2688e-08
7 99950006 rs13246354 3.8858e-05
7 99950100 rs368005294 0.27219
7 99950110 rs573476757 0.38685
7 99950214 rs140578901 0.1142
7 99950297 rs7795656 0.0012722
7 99950311 rs189253616 0.20551
7 99950508 rs7799932 0.0012799
7 99950550 rs182014723 0.6904100000000001
7 99950854 rs144195804 0.11244000000000001
7 99950922 rs73401410 0.6989
7 99951090 rs112715243 0.72793
7 99951218 rs369664675 0.32405
7 99951315 rs7341507 0.0012737
7 99951380 rs6968343 0.69957
7 99951587 7:99951587_G_C 0.53394
7 99951804 rs562198146 0.41467
7 99952225 rs139846571 0.37611
7 99952571 rs79402572 0.53065
7 99952828 rs76798830 0.0019730999999999998
7 99952970 rs78256546 0.0012812000000000001
7 99953124 rs140966444 0.95431
7 99953335 rs185399126 0.81418
7 99954191 rs115567117 0.7003
7 99954393 rs6946768 0.0021326
7 99954457 rs41280971 0.0013885
7 99954691 rs760507493 0.12797
7 99954736 rs753768477 0.22984000000000002
7 99954898 rs79887110 0.31533
7 99955364 rs3087502 0.0012834
7 99955866 rs61735533 0.0012844000000000002
7 99956031 rs59251177 0.70817
7 99956039 rs201743262 0.045674
7 99956290 rs2906644 0.56789
7 99956595 rs116319687 0.66974
7 99956893 rs11761426 0.0012948
7 99957129 rs62640024 0.8630200000000001
7 99957384 rs112187450 0.70823
7 99957569 rs553408799 0.73636
7 99957583 rs552542324 0.8392299999999999
7 99957757 rs374271664 0.037372
7 99958430 rs73401418 0.5118699999999999
7 99958450 rs191635091 0.97375
7 99958461 rs558060820 0.51686
7 99958859 rs370762512 0.37509000000000003
7 99960129 rs77178510 0.06035700000000001
7 99960257 rs535341638 0.01854
7 99960292 rs182950029 0.7523
7 99960584 rs60274160 0.24856
7 99960949 rs80244956 0.11345999999999999
7 99961060 rs143065693 0.40943
7 99961194 rs6955367 0.0012334000000000002
7 99962053 rs182089172 0.030987
7 99962096 rs77861211 0.0012893
7 99962141 rs147249589 0.77027
7 99962223 rs115402443 0.21502
7 99962298 rs117861114 0.50573
7 99962345 rs182640756 0.056809000000000005
7 99962541 rs149384412 0.23217
7 99963018 rs13236234 3.6682e-05
