CHR BP SNP P
13 41118115 rs1059246 0.80229
13 41118535 rs9566547 0.69339
13 41119201 rs74856069 0.8552200000000001
13 41119231 rs2701890 0.8614299999999999
13 41119406 rs9594427 0.53181
13 41119465 rs180826298 0.07775499999999999
13 41119466 rs11616662 0.034475
13 41119600 rs9549234 0.50845
13 41119808 rs9577064 0.087853
13 41119947 rs7331857 0.81465
13 41119986 rs78175998 0.11126
13 41120044 rs79464090 0.9529299999999999
13 41120110 rs7332960 0.11379
13 41120333 rs7994656 0.47563999999999995
13 41120757 rs77904553 0.19433
13 41121005 rs187722997 0.55091
13 41121102 rs115073921 0.32555
13 41121165 rs142234249 0.84154
13 41121368 rs75869926 0.50641
13 41121653 rs4941984 0.17861
13 41121825 rs114334388 0.22225
13 41121990 rs2180960 0.8914700000000001
13 41122046 rs17592185 0.8452299999999999
13 41122647 rs1885267 0.18583
13 41122750 rs1885268 0.9196700000000001
13 41122805 rs2244912 0.18275
13 41123035 rs75871404 0.19444
13 41123706 rs55929669 0.68099
13 41124652 rs2701891 0.13721
13 41124802 rs185672884 0.35231
13 41124957 rs2701892 0.13818
13 41124979 rs117530615 0.61116
13 41125001 rs118003296 0.5160899999999999
13 41125084 rs76827737 0.19664
13 41125291 rs137873942 0.8905799999999999
13 41125488 rs866392742 0.81616
13 41125636 rs2701893 0.13262000000000002
13 41125976 rs569464565 0.94332
13 41126240 rs117622298 0.71787
13 41126936 rs2701894 0.21163
13 41127032 rs2701895 0.14085
13 41127618 rs73173150 0.3064
13 41127682 rs2721047 0.60593
13 41127892 rs2701896 0.12769
13 41128085 rs17446593 0.0024838
13 41128144 rs148885100 0.16594
13 41128158 rs577792068 0.37751999999999997
13 41128429 rs77149349 0.94637
13 41128879 rs12583091 0.05948200000000001
13 41129390 rs74044532 0.9672200000000001
13 41129638 rs76212694 0.96444
13 41129732 rs9577065 0.70231
13 41131932 rs17592236 0.08014199999999999
13 41132057 rs58134582 0.97898
13 41132149 rs9577066 0.45031000000000004
13 41132289 rs765278912 0.9051899999999999
13 41132494 rs575914593 0.21408000000000002
13 41133015 rs9532558 0.29361
13 41133080 rs3751437 0.98746
13 41134122 rs34650827 0.60288
13 41135038 rs3751436 0.067126
13 41135109 rs147086223 0.44498000000000004
13 41135155 rs537287559 0.9718899999999999
13 41135985 rs143383236 0.81485
13 41136008 rs61464675 0.064829
13 41136415 rs78017295 0.48886
13 41136442 rs79703116 0.0017664000000000002
13 41136477 rs80223071 0.0016984
13 41136510 rs76352791 0.37548000000000004
13 41136946 rs117844489 0.38078
13 41137762 rs189617564 0.10837000000000001
13 41137784 rs80070740 0.065109
13 41137804 rs2755209 0.08426900000000001
13 41138020 rs1078892 0.0018781
13 41138053 rs74044533 0.49883999999999995
13 41138135 rs7325210 0.26844
13 41138324 rs138698033 0.071287
13 41138380 rs78372177 0.010690999999999999
13 41138389 rs2701858 0.55394
13 41138794 rs114670709 0.8636
13 41138820 rs9566549 0.44023999999999996
13 41139333 rs75819588 0.01847
13 41139368 rs186714213 0.9068799999999999
13 41139509 rs76903885 0.3517
13 41139712 rs2721068 8.3205e-06
13 41139786 rs568732093 0.8956700000000001
13 41139806 rs79698553 0.41203999999999996
13 41139877 rs17446614 5.6942e-06
13 41140044 rs2180961 5.1870000000000005e-06
13 41140482 rs61963699 5.2174e-06
13 41140619 rs9532559 0.49791
13 41140808 rs9577068 0.3869
13 41141001 rs534859392 0.86479
13 41141232 rs2701859 4.8419999999999996e-06
13 41141236 rs9577069 0.37561
13 41141282 rs2755210 7.6124e-06
13 41141473 rs371690782 0.12657000000000002
13 41141886 rs2701860 0.35076999999999997
13 41141998 rs2701861 7.302100000000001e-06
13 41142073 rs143352454 0.91735
13 41142092 rs2701862 7.9523e-06
13 41142223 rs2755211 8.2113e-06
13 41142295 rs61963261 4.1079e-06
13 41142494 rs150812988 0.98815
13 41143148 rs2755212 0.79027
13 41143190 rs12865518 0.13955
13 41143237 rs76098812 0.521
13 41143625 rs9549235 0.27293
13 41143720 rs2721069 1.3844000000000001e-08
13 41143881 rs1923249 1.3886000000000001e-08
13 41144153 rs75013211 0.1622
13 41144402 rs184248022 0.2535
13 41144454 rs2721070 0.48036
13 41144507 rs2721071 1.6654e-08
13 41144557 rs74791034 0.39745
13 41144722 rs74044534 0.56152
13 41144782 rs60250748 0.7925300000000001
13 41144919 rs2721072 2.0072e-08
13 41144924 rs138199234 0.52593
13 41145011 rs756862180 0.010546999999999999
13 41145211 rs75700692 0.012596
13 41145330 rs2253001 2.895e-08
13 41145358 rs59488992 0.51344
13 41145515 rs56124227 0.55666
13 41145713 rs533390888 0.85434
13 41145825 rs150770806 0.46093999999999996
13 41145904 rs139168086 0.52762
13 41146082 rs548557886 0.46274
13 41146301 rs2755213 0.7813399999999999
13 41146329 rs17630155 0.8235100000000001
13 41146410 rs79475271 0.55681
13 41146734 rs76018406 0.63208
13 41146917 rs28522263 0.21236999999999998
13 41147158 rs9549236 1.547e-08
13 41147159 rs527899313 0.63988
13 41147493 rs73173159 0.54889
13 41147789 rs146569295 0.21039000000000002
13 41148070 rs60194954 0.91806
13 41148353 rs4603422 1.744e-08
13 41149210 rs138750306 0.9109700000000001
13 41149345 rs2755214 2.5630000000000002e-08
13 41149407 rs9577071 0.42489
13 41149864 rs141719030 0.61928
13 41150177 rs140356839 0.48957
13 41150211 rs76473829 0.52366
13 41150505 rs2701880 0.72128
13 41150508 rs149848307 0.33988
13 41150596 rs113542672 0.91027
13 41151134 rs2995991 1.535e-05
13 41151497 rs114037385 0.62332
13 41151662 rs80274733 0.42489
13 41153017 rs9577072 0.8978299999999999
13 41153116 rs189751781 0.1697
13 41153225 rs2755215 0.6871
13 41153471 rs751682842 0.80966
13 41153585 rs9532562 1.5014e-09
13 41154474 rs188552820 0.12535
13 41154478 rs79901787 0.4483
13 41154542 rs9566550 0.30043000000000003
13 41154612 rs187869940 0.9435600000000001
13 41154792 rs61963264 5.3947e-09
13 41154987 rs114358528 0.72737
13 41155317 rs78696518 0.42489
13 41155529 rs141614641 0.72737
13 41155632 rs73173162 0.92291
13 41155776 rs2701870 0.69307
13 41155993 rs556657322 0.1399
13 41156188 rs2721066 2.8464999999999997e-08
13 41156297 rs140147382 0.24591999999999997
13 41156708 rs2721067 2.9374e-08
13 41156910 rs116015107 0.52366
13 41156938 rs2755216 2.8818e-08
13 41157372 rs2701869 2.9333e-08
13 41157838 rs9577073 0.42583000000000004
13 41158233 rs12855780 0.68194
13 41158390 rs2701868 0.71019
13 41158839 rs112823264 0.8693700000000001
13 41159272 rs187402307 0.8975200000000001
13 41159273 rs192305518 0.98916
13 41159307 rs533834112 0.30322
13 41159832 rs763275376 0.32825
13 41160051 rs12585434 0.80301
13 41160211 rs17811138 0.42518
13 41160270 rs9532563 1.6996e-09
13 41160579 rs9532564 6.0913e-09
13 41160711 rs116880972 0.19211
13 41160943 rs184797113 0.70798
13 41161044 rs74637880 0.6957800000000001
13 41161770 rs2951787 1.1262e-05
13 41161873 rs74044536 0.29896999999999996
13 41161979 rs2984121 0.024711
13 41161982 rs77211445 0.050849
13 41162018 rs142105706 0.7900699999999999
13 41162086 rs117853452 0.0025076
13 41162225 rs2721044 2.2871999999999998e-08
13 41162327 rs57931209 0.72514
13 41162425 rs17209008 0.42518
13 41162493 rs17531144 0.044373
13 41162632 rs2721045 2.8481000000000002e-08
13 41162686 rs150022462 0.54285
13 41162954 rs117000808 0.26655999999999996
13 41163323 rs2755217 0.5305
13 41163373 rs2701865 0.6874899999999999
13 41163410 rs541733173 0.6406
13 41163610 rs79987045 0.96472
13 41163962 rs376224565 0.41461000000000003
13 41164419 rs9566551 0.42654
13 41164457 rs183982241 0.40473000000000003
13 41164505 rs188877669 0.45771000000000006
13 41164940 rs184264869 0.7900699999999999
13 41164969 rs17209022 0.42606000000000005
13 41165295 rs368127097 0.055675999999999996
13 41165739 rs140771543 0.67929
13 41165847 rs554961112 0.52273
13 41165897 rs190577540 0.63666
13 41166064 rs117469007 0.8522299999999999
13 41166439 rs75015412 0.47343999999999997
13 41166490 rs56288452 0.6342899999999999
13 41167301 rs145256643 0.38024
13 41167519 rs9566552 0.4273
13 41167736 rs7329912 0.42488000000000004
13 41167903 rs59310262 0.41518
13 41168416 rs79370226 0.42688000000000004
13 41169385 rs118159920 0.44443
13 41169392 rs74044537 0.52463
13 41169562 rs9577075 0.42766000000000004
13 41169566 rs76409480 0.47025
13 41169625 rs2755219 2.5188999999999998e-08
13 41169858 rs193043942 0.96047
13 41169882 rs75242882 0.69022
13 41169961 rs542084029 0.65984
13 41170134 rs2701864 0.69077
13 41170244 rs141571747 0.37098000000000003
13 41171036 rs61963266 4.2675e-09
13 41171897 rs374243649 0.17088
13 41171952 rs3858869 0.8042100000000001
13 41172343 rs75326462 0.38815
13 41172362 rs7990638 0.90065
13 41172368 rs139632463 0.5208699999999999
13 41172813 rs201624080 0.37942
13 41173408 rs4943794 4.182e-09
13 41173433 rs4943795 2.1428e-08
13 41173507 rs560895956 0.082629
13 41173651 rs117611437 0.25443000000000005
13 41173681 rs146725986 0.096693
13 41173859 rs144064542 0.7925800000000001
13 41174149 rs17592371 0.8738299999999999
13 41174224 rs55708275 0.48008999999999996
13 41174231 rs9566553 2.3862000000000002e-08
13 41174260 rs141103099 0.40168000000000004
13 41174368 rs111526707 0.74866
13 41174504 rs74044542 0.44888
13 41174534 rs55851253 0.6976399999999999
13 41174656 rs115394850 0.46058999999999994
13 41174980 rs79117929 0.4001
13 41175062 rs147490482 0.62174
13 41175830 rs115420968 0.61559
13 41176179 rs569282815 0.7925800000000001
13 41176450 rs9532568 0.077165
13 41176457 rs538125582 0.51708
13 41176718 rs79701034 0.6228600000000001
13 41176924 rs74044543 0.75333
13 41177065 rs17061445 0.47758
13 41177259 rs7324943 0.6973199999999999
13 41177291 rs117843805 0.71978
13 41178165 rs572937715 0.55696
13 41178204 rs139342313 0.8463200000000001
13 41178824 rs1986649 3.3979000000000004e-09
13 41179321 rs9549238 3.4141e-09
13 41179580 rs7985364 2.2919e-08
13 41179750 rs149656702 0.40166
13 41179798 rs7986407 1.8337e-08
13 41179970 rs146915830 0.48894
13 41180507 rs141718583 0.77974
13 41180594 rs147091605 0.35048
13 41181245 rs150192180 0.52845
13 41181385 rs17061448 0.4483
13 41181416 rs78740185 0.46593
13 41181606 rs118082115 0.34331
13 41181774 rs3908773 0.8062699999999999
13 41181832 rs544393321 0.44395
13 41182274 rs142526488 0.23495
13 41182675 rs151141190 0.42057
13 41183050 rs3908774 0.34
13 41183348 rs571854197 0.36036
13 41183620 rs546636216 0.93905
13 41183716 rs17061450 1.548e-08
13 41183853 rs187629599 0.39826
13 41184262 rs540099581 0.51472
13 41184358 rs17061453 0.8124399999999999
13 41185309 rs7331212 0.24366
13 41185511 rs77563897 0.9804299999999999
13 41186035 rs145646871 0.5486800000000001
13 41186319 rs150562247 0.72978
13 41186382 rs79123773 0.59512
13 41186501 rs10507486 3.1776e-09
13 41186644 rs9549240 1.7337e-08
13 41187169 rs75385933 0.036676
13 41187379 rs117466734 0.15387
13 41187641 rs183907085 0.90081
13 41187678 rs139573535 0.9483600000000001
13 41188061 rs147562498 0.36262
13 41188252 rs67188841 0.7075199999999999
13 41188292 rs3900833 1.1808e-08
13 41188295 rs142996055 0.47794
13 41188761 rs532300752 0.058686
13 41189143 rs4429172 1.6254e-08
13 41189391 rs188097601 0.40239
13 41189455 rs191395431 0.50446
13 41189551 rs567665879 0.63142
13 41189703 rs4941986 5.030100000000001e-09
13 41189773 rs55743443 0.70152
13 41189878 rs143204786 0.29279
13 41190189 rs576885974 0.2427
13 41190264 rs190082553 0.816
13 41190792 rs61187777 0.4984
13 41191021 rs140330684 0.89533
13 41191363 rs3924477 1.4585999999999999e-08
13 41191381 rs7336080 0.6816300000000001
13 41191473 rs3924478 1.5112e-08
13 41191777 rs56158801 0.97919
13 41191834 rs183090164 0.82044
13 41192149 rs78593852 0.7076
13 41192405 rs754985562 0.73673
13 41192626 rs146543096 0.92194
13 41192645 rs66879157 0.69599
13 41192837 rs9577076 0.51159
13 41192991 rs117161142 0.10512
13 41193205 rs150196757 0.79983
13 41193313 rs146982053 0.60178
13 41193475 rs4435111 0.6974600000000001
13 41194032 rs17630266 0.60564
13 41194178 rs76949687 0.31461
13 41194291 rs74490585 0.4253
13 41194337 rs530536100 0.50046
13 41194784 rs77573636 0.7027800000000001
13 41195283 rs114217746 0.40107
13 41195411 rs12583418 1.5698e-08
13 41195505 rs115474921 0.38028
13 41195550 rs114502779 0.70582
13 41195654 rs76983463 0.7832100000000001
13 41195969 rs148745868 0.47966000000000003
13 41195992 rs4941987 1.6385e-08
13 41196006 rs4941988 1.6709e-08
13 41196010 rs116346297 0.28648
13 41196016 rs4943796 2.101e-08
13 41196130 rs184862690 0.5173800000000001
13 41196394 rs76408511 0.7889
13 41196407 rs7335520 1.8617e-08
13 41196543 rs115603584 0.05500599999999999
13 41196703 rs74044545 0.83768
13 41196877 rs12876443 0.18439
13 41196994 rs140387019 0.60242
13 41197500 rs553233428 0.5634399999999999
13 41198001 rs9577077 0.43255
13 41198587 rs543626080 0.9141600000000001
13 41198660 rs9566554 0.51869
13 41198835 rs74044547 0.51495
13 41198916 rs75923054 0.36195
13 41199421 rs7330614 2.1145000000000002e-08
13 41199487 rs12585870 2.0185e-08
13 41199531 rs12585875 2.188e-08
13 41199697 rs10162172 0.35081
13 41200091 rs7338669 2.1157e-08
13 41200602 rs146402492 0.9796
13 41200909 rs78516256 0.57207
13 41200976 rs17592468 0.55333
13 41200988 rs78495084 0.43496999999999997
13 41201292 rs753955108 0.5200199999999999
13 41201633 rs4943797 2.1254e-08
13 41201734 rs148515300 0.045172000000000004
13 41201830 rs368576471 0.6410600000000001
13 41201929 rs9577079 0.5108699999999999
13 41202122 rs145366440 0.17494
13 41202135 rs772518148 0.75203
13 41202185 rs9577080 0.52078
13 41202384 rs12854161 0.18692999999999999
13 41202401 rs28553411 0.55501
13 41202561 rs187463552 0.17461
13 41202669 rs78601796 0.5212
13 41202939 rs868267131 0.88576
13 41202948 rs4943798 2.1709999999999997e-08
13 41203344 rs182431436 0.73502
13 41203365 rs113377887 4.0665e-09
13 41203558 rs546745176 0.48877
13 41203905 rs4581585 2.2499e-08
13 41204015 rs7323267 1.3679e-08
13 41204242 rs66527125 0.74242
13 41204246 rs79692440 0.34136
13 41204554 rs144614149 0.75725
13 41204808 rs527374632 0.086772
13 41205289 rs73173180 0.018059
13 41205299 rs116429273 0.32341
13 41205512 rs7319021 0.55075
13 41205656 rs564427123 0.1904
13 41205898 rs79918395 0.5243899999999999
13 41206298 rs12584715 0.7458899999999999
13 41206542 rs80196127 0.5111899999999999
13 41206612 rs112410290 0.77393
13 41206697 rs75150434 0.52078
13 41206800 rs145558142 0.15238
13 41206872 rs60832433 0.56825
13 41206895 rs368962535 0.52078
13 41206933 rs551299470 0.68794
13 41206936 rs150949094 0.9207799999999999
13 41207024 rs76829895 0.52078
13 41207158 rs78045646 0.47998
13 41207567 rs75529520 0.80752
13 41207681 rs762339184 0.47513999999999995
13 41207752 rs115956796 0.15238
13 41208063 rs12585134 0.9534100000000001
13 41208067 rs149394307 0.15238
13 41208290 rs79918938 0.5111899999999999
13 41208607 rs17531346 0.53952
13 41208718 rs75330027 0.63671
13 41208905 rs560994575 0.30791
13 41208940 rs113762195 0.2895
13 41209236 rs7981045 0.22583000000000003
13 41209406 rs115466001 0.5004
13 41209881 rs9577081 0.5111899999999999
13 41209912 rs34451422 0.74369
13 41209951 rs143303286 0.49266000000000004
13 41210041 rs9549241 2.2686000000000002e-08
13 41210524 rs78600427 0.51495
13 41210878 rs4583096 3.7459000000000005e-09
13 41211426 rs78116170 0.5381
13 41211783 rs80100743 0.12752
13 41212111 rs141808253 0.75725
13 41212225 rs17446928 0.22035
13 41212562 rs77563600 0.95058
13 41212732 rs12866643 0.69339
13 41212827 rs143399596 0.5004
13 41212949 rs146685185 0.6881
13 41213097 rs60491937 0.58906
13 41213098 rs55750647 0.7841600000000001
13 41213101 rs149865716 0.14834
13 41214582 rs77416541 0.51108
13 41215256 rs7333037 1.901e-08
13 41215374 rs9577084 0.50912
13 41215680 rs75772229 0.35806
13 41215696 rs7989711 1.9862e-08
13 41215766 rs80213093 0.15517
13 41215802 rs7988604 1.9048e-08
13 41215972 rs7990923 1.9051e-08
13 41216007 rs9566555 0.51134
13 41216052 rs7989165 0.77942
13 41216437 rs4325426 1.9075999999999998e-08
13 41216438 rs9577085 0.52152
13 41216483 rs192771420 0.39939
13 41216534 rs4325427 1.9434e-09
13 41216646 rs8001443 1.9078999999999998e-08
13 41216831 rs4943800 1.9050000000000002e-08
13 41216841 rs184743555 0.5908399999999999
13 41217205 rs9549243 4.6819e-09
13 41217219 rs150927662 0.36401
13 41217275 rs139478238 0.5281
13 41217351 rs7334136 0.7801899999999999
13 41217410 rs7334318 1.9403e-08
13 41217565 rs9566556 0.44003000000000003
13 41217734 rs12874490 0.87695
13 41217849 rs7317254 1.9513e-08
13 41217864 rs115136897 0.089796
13 41217965 rs189158707 0.93532
13 41217967 rs181821596 0.56763
13 41217991 rs7139990 0.78076
13 41218134 rs10507484 1.9551e-08
13 41218451 rs1413482 1.8763e-08
13 41218608 rs564634795 0.14528
13 41218670 rs9532571 1.885e-08
13 41218685 rs9549244 1.932e-08
13 41218696 rs78368075 0.48899
13 41218860 rs56141801 0.79867
13 41219125 rs60018329 0.7813100000000001
13 41219434 rs7993233 1.8906e-08
13 41219441 rs9577086 0.52503
13 41219945 rs77668874 0.50413
13 41220072 rs117828578 0.63226
13 41220101 rs75281903 0.30821
13 41220117 rs71427417 0.9367200000000001
13 41220272 rs116966000 0.69665
13 41220755 rs9549246 3.9100999999999996e-09
13 41220777 rs9549247 1.9481e-08
13 41220951 rs192857780 0.52503
13 41221589 rs9577087 1.8928e-08
13 41222063 rs552556784 0.51318
13 41222067 rs116879506 0.33553
13 41222112 rs55920113 1.9526e-08
13 41222528 rs34778628 0.80193
13 41222625 rs77932068 0.9925299999999999
13 41222645 rs577076991 0.010246
13 41223110 rs1334241 3.7482999999999996e-09
13 41223652 13:41223652_T_C 0.8318399999999999
13 41223735 rs11147808 0.44131000000000004
13 41223886 rs9603776 0.28758
13 41224442 rs9549249 1.8945000000000002e-08
13 41224499 rs138833973 0.56166
13 41224748 rs115469619 0.7923
13 41224798 rs75900759 0.13914
13 41224813 rs12585277 1.9581e-08
13 41224993 rs550735023 0.9300799999999999
13 41224995 rs192103090 0.08838
13 41225094 rs111659253 0.77264
13 41225097 rs9577088 1.9139e-08
13 41225222 rs9577089 0.5252600000000001
13 41225361 rs9532575 1.9764e-08
13 41225852 rs138419541 0.51
13 41225874 rs1360719 1.9209e-08
13 41226485 rs58919811 1.9850000000000002e-08
13 41226561 rs57735994 1.9835000000000002e-08
13 41227769 rs74044557 0.63205
13 41227790 rs145049956 0.38636
13 41227857 rs550644985 0.54662
13 41227865 rs9577091 1.8804e-08
13 41228210 rs17061491 1.955e-08
13 41228371 rs9577092 0.5282399999999999
13 41228392 rs9577093 1.8969e-08
13 41228892 rs9577094 0.43899
13 41229095 rs756090557 0.7641
13 41229167 rs9577095 0.51051
13 41229310 rs9577096 0.44548999999999994
13 41229429 rs112440988 0.49568999999999996
13 41229905 rs7328677 1.8911e-08
13 41230062 rs9603777 0.012549
13 41230098 rs149113170 0.48357
13 41230141 rs9549252 1.9564e-08
13 41230306 rs188242716 0.39852
13 41230569 rs779232779 0.77594
13 41231030 rs142738531 0.47125
13 41231093 rs9532576 3.2863999999999997e-09
13 41231160 rs138026848 0.5100600000000001
13 41231542 rs9532577 1.9103000000000002e-08
13 41231556 rs9549253 0.21916
13 41231748 rs143374675 0.75437
13 41232340 rs73173195 0.6936100000000001
13 41232509 rs115327144 0.21236
13 41233073 rs61963289 3.2174999999999997e-09
13 41233345 rs7324081 1.9439e-08
13 41233505 rs7324319 1.9513e-08
13 41233905 rs2297628 3.687e-09
13 41233931 rs2297627 1.95e-08
13 41233977 rs9566558 0.52836
13 41234002 rs2297626 0.48946000000000006
13 41234314 rs73469056 0.80567
13 41234397 rs56204202 0.7791899999999999
13 41234763 rs9549254 3.6441000000000003e-09
13 41234785 rs80130736 0.81058
13 41234972 rs542823271 0.29927
13 41234980 rs115607807 0.13037
13 41235165 rs74044558 0.5070600000000001
13 41235213 rs9549255 1.9042e-08
13 41235422 rs9566559 0.44626000000000005
13 41235587 rs188266847 0.75762
13 41235836 rs752127880 0.19599
13 41236134 rs141994863 0.093636
13 41236238 rs186118388 0.61685
13 41236407 rs9532578 3.8039e-09
13 41237075 rs9566560 0.5290199999999999
13 41237339 rs112710960 0.4692
13 41237549 rs568829384 0.5441
13 41237680 rs537780186 0.61451
13 41238347 rs187946370 0.22013000000000002
13 41238348 rs61963317 0.077912
13 41238406 rs61224310 0.50639
13 41238415 rs74857105 0.063611
13 41238424 rs115992163 0.5734199999999999
13 41238471 rs57449484 0.65423
13 41238710 rs74372760 0.07073
13 41238720 rs113181287 0.424
13 41238783 rs116113914 0.8102199999999999
13 41238829 rs79224640 0.5337
13 41238918 rs116384052 0.75575
13 41239178 rs6563841 2.5697000000000002e-08
13 41239308 rs374199120 0.53396
13 41239542 rs528286256 0.22
13 41240106 rs34733279 0.055473
13 41240379 rs202030645 0.61493
13 41240436 rs184872976 0.59617
13 41240608 rs534780466 0.9940000000000001
13 41240758 rs574022211 0.22007
13 41240783 rs35594717 4.0856e-09
13 41241006 rs866062189 0.5483100000000001
13 41241091 rs561148542 0.22003000000000003
13 41241121 rs529982014 0.9708899999999999
13 41241149 rs546938054 0.22003000000000003
13 41241163 rs372912706 0.046263
13 41242710 rs57050634 0.14668
13 41242790 rs9577097 0.50746
13 41242858 rs145253452 0.68737
13 41242889 rs184195476 0.1234
13 41243231 rs35240899 3.0426e-09
13 41243458 rs9532579 2.0556000000000002e-08
13 41243629 rs73469075 0.51256
13 41243660 rs2151785 2.0307e-08
13 41243845 rs117538016 0.75007
13 41243900 rs116466811 0.5324300000000001
13 41244026 rs56105846 0.9040600000000001
13 41244260 rs9532580 2.9527e-08
13 41244276 rs541734552 0.22563000000000002
13 41244297 rs6563842 2.6281e-08
13 41244409 rs73469083 0.51053
13 41244458 rs73469084 0.49753000000000003
13 41244600 rs73469086 0.50815
13 41244712 rs12869720 0.8461700000000001
13 41245079 rs59308928 2.3654e-08
13 41245144 rs9549257 0.18794
13 41245162 rs75928304 0.508
13 41246243 rs7318062 0.4564
13 41246281 rs114559910 0.33996
13 41246376 rs73173198 0.56618
13 41246758 rs17061503 1.7056e-08
13 41246773 rs9577098 0.42958
13 41247753 rs189086066 0.7486
13 41247860 rs116659058 0.29661
13 41248026 rs9549258 5.3433e-09
13 41248037 rs966968 4.0812e-08
13 41248564 rs145315042 0.40586
13 41248698 rs964901 6.125e-08
13 41248804 rs78654152 0.62927
13 41248863 rs113889541 0.5958399999999999
13 41249040 rs7337995 5.8723e-08
13 41249355 rs9566561 0.55027
13 41249615 rs190735721 0.28805
13 41249722 rs7325594 0.9577100000000001
13 41249973 rs151159034 0.22905999999999999
13 41250113 rs9549259 0.35714
13 41250254 rs140201295 0.51294
13 41250273 rs190132845 0.27945
13 41250277 rs145241255 0.40436
13 41250617 rs2065635 0.6317699999999999
13 41250642 rs140709761 0.27708
13 41250785 rs115509941 0.96129
13 41251042 rs9532581 0.0004188
13 41251082 rs550173228 0.67702
13 41251206 rs144338596 0.072738
13 41251207 rs9532582 5.3766999999999994e-08
13 41251359 rs139610812 0.37578
13 41251536 rs74829486 0.41833000000000004
13 41251900 rs2065634 0.44451999999999997
13 41251918 rs143150328 0.2056
13 41252056 rs191551237 0.43367
13 41252132 rs189965690 0.51083
13 41252446 rs190441452 0.63948
13 41252646 rs145590627 0.62988
13 41252674 rs112158214 0.62778
13 41252965 rs9919834 0.9914200000000001
13 41253087 rs561050803 0.053947
13 41253140 rs112338360 0.74478
13 41253569 rs7991748 0.9971
13 41253764 rs7328594 6.503999999999999e-08
13 41253958 rs7324090 6.5307e-08
13 41254104 rs9549260 7.087900000000001e-08
13 41254360 rs74980030 0.48961000000000005
13 41254527 rs7329077 0.44548000000000004
13 41255157 rs76051949 0.37161
13 41255423 rs74633551 0.85982
13 41255553 rs57627329 0.4415
13 41255771 rs74671786 0.27308000000000004
13 41255783 rs79612209 0.26427
13 41255841 rs73469097 0.22426999999999997
13 41255903 rs73469098 0.22471999999999998
13 41255904 rs77255812 0.22079000000000001
13 41256051 rs17061518 0.22514
13 41256360 rs55776591 0.9194899999999999
13 41256423 rs185164759 0.032247000000000005
13 41256473 rs9532583 2.3699e-06
13 41256519 rs112993772 0.22027
13 41256996 rs9315779 0.70515
13 41257027 rs111275804 0.54067
13 41257085 rs73471006 0.21980999999999998
13 41257371 rs7333119 0.7698
13 41257405 rs188277652 0.54065
13 41257418 rs78984855 0.76179
13 41257773 rs151331637 0.45155
13 41257811 rs141714454 0.26821
13 41257826 rs570451598 0.07510700000000001
13 41258312 rs76989259 0.30113
13 41258407 rs7985288 0.67804
13 41258822 rs139859502 0.72959
13 41259242 rs190644678 0.54065
13 41259782 rs151137055 0.39234
13 41259834 rs113270694 0.98357
13 41259854 rs77147127 0.36301
13 41259912 rs60333767 0.28021
13 41260861 rs61683434 0.22855
13 41260864 rs561806976 0.30488000000000004
13 41260923 rs145845052 0.04032
13 41261019 rs9532584 2.8445e-07
13 41261126 rs147730296 0.67769
13 41261189 rs9577102 0.7016
13 41261258 rs112014551 0.67848
13 41261477 rs554613648 0.19311
13 41262838 rs79271561 0.74883
13 41262901 rs114962355 0.69727
13 41263055 rs184352950 0.8710100000000001
13 41263403 rs117231170 0.015797
13 41263960 rs9315780 2.1173000000000002e-05
13 41264053 rs9315781 2.1438e-05
13 41264608 rs78644733 0.68638
13 41264784 rs9549263 4.1711999999999996e-05
13 41265058 rs73471033 0.22458000000000003
13 41265389 rs145741624 0.2499
13 41265468 rs115247746 0.38593
13 41265535 rs117246167 0.28357
13 41265978 rs9549264 0.00050588
13 41265979 rs7332730 2.1850999999999998e-05
13 41265982 rs111437842 0.43277
13 41266182 rs7995073 0.22599
13 41266240 rs572873400 0.8518700000000001
13 41266456 rs138771110 0.75049
13 41266608 rs8002209 1.6859000000000002e-05
13 41266857 rs140330521 0.28625
13 41267161 rs111373582 0.6816
13 41267321 rs750772430 0.29494000000000004
13 41267601 rs113374360 0.14069
13 41268006 rs112225646 0.54366
13 41268086 rs9532585 8.753e-05
13 41268328 rs115535790 0.21784
13 41268333 rs144991623 0.054539
13 41268594 rs17630456 0.02288
13 41268823 rs7997896 2.6221999999999997e-05
13 41268924 rs7998086 2.6600000000000003e-05
13 41269126 rs145596578 0.17593
13 41269258 rs767896132 0.05076
13 41269274 rs75907919 0.31901
13 41269382 rs148913503 0.37211
13 41269632 rs143549193 0.24313
13 41269656 rs148041301 0.25053000000000003
13 41269994 rs4943804 2.5796999999999997e-05
13 41270041 rs17061521 0.0083169
13 41270080 rs4943805 0.00010198
13 41270203 rs200132874 0.3335
13 41270491 rs531237337 0.34415
13 41270778 rs138742982 0.21673
13 41270963 rs17068701 0.2253
13 41270978 rs17068704 0.14633
13 41271461 rs139986558 0.62756
13 41271601 rs113467541 0.20656999999999998
13 41271607 rs9577106 0.040626
13 41271655 rs374993208 0.6933600000000001
13 41271676 rs9577107 2.6741e-05
13 41271764 rs9577108 2.5844000000000002e-05
13 41271782 rs9577109 0.00020586
13 41271878 rs9577110 3.0735e-05
13 41272020 rs9577111 4.9565e-05
13 41272085 rs73471065 0.017444
13 41272108 rs112908305 0.57592
13 41272233 rs144426417 0.37195
13 41272320 rs77451491 0.028730000000000002
13 41272392 rs73471067 0.017444
13 41273206 rs150385021 0.52399
13 41273239 rs9566564 0.7532399999999999
13 41273352 rs572174672 0.7097600000000001
13 41273481 rs9577112 5.772e-05
13 41273490 rs8001944 0.015064
13 41273518 rs113204272 0.22441
13 41273625 rs142778930 0.6782699999999999
13 41273659 rs146925971 0.31729
13 41273776 rs73471072 0.14182
13 41273981 rs73471074 0.016951
13 41274072 rs61963324 0.88089
13 41274267 rs74242785 0.7387699999999999
13 41274665 rs77613616 0.5346
13 41275046 rs367965760 0.6933600000000001
13 41275319 rs117073308 0.065881
13 41275624 rs112755345 0.016971
13 41275726 rs77615197 0.015658000000000002
13 41276341 rs7982072 1.6145999999999998e-05
13 41276516 rs9577114 0.7380899999999999
13 41276553 rs9577115 1.6186e-05
13 41276600 rs142818567 0.98872
13 41276833 rs112420969 1.0253e-07
13 41276932 rs7323670 0.45293999999999995
13 41277071 rs116541893 0.25108
13 41277321 rs113655575 0.01553
13 41277470 rs9566566 0.33121999999999996
13 41277736 rs4245401 1.5883e-05
13 41277794 rs4575411 1.6083e-05
13 41277986 rs114046096 0.2409
13 41278121 rs12585059 0.017197
13 41278164 rs113202142 0.21879
13 41278374 rs146114974 0.95625
13 41278409 rs9549266 9.300499999999999e-08
13 41278410 rs9603779 0.066226
13 41278442 rs9566567 0.41023000000000004
13 41278468 rs59479745 0.017216
13 41278802 rs13378732 0.33666
13 41278882 rs115114050 0.28321999999999997
13 41279214 rs9532586 1.4708e-07
13 41279270 rs144253563 0.36991999999999997
13 41279409 rs115833031 0.24081
13 41279488 rs8000965 1.6555e-05
13 41279516 rs140590100 0.37331
13 41279626 rs10161872 0.3345
13 41279814 rs115773422 0.25089
13 41279847 rs114523386 0.25089
13 41279854 rs113284986 0.2192
13 41279875 rs9577116 0.75255
13 41279953 rs4943807 1.5295e-05
13 41280053 rs7984362 0.015229
13 41280088 rs535867678 0.73053
13 41280408 rs569527977 0.091692
13 41280525 rs75967617 0.017705000000000002
13 41280803 rs79992780 0.015238
13 41280865 rs184207415 0.26061999999999996
13 41280979 rs7990957 5.757e-05
13 41281017 rs374655915 0.72415
13 41281123 rs189576363 0.46048
13 41281258 rs372655107 0.54789
13 41281265 rs577999971 0.36084
13 41281555 rs145143447 0.14195
13 41281720 rs565647766 0.15399000000000002
13 41281731 rs7996228 1.5174e-05
13 41282015 rs190755119 0.48017
13 41282057 rs111921957 0.49363
13 41282351 rs74612350 0.017679
13 41282770 rs140681090 0.017672999999999998
13 41283079 rs182944304 0.70513
13 41283095 rs147419135 0.017684000000000002
13 41283296 rs551546619 0.68975
13 41283595 rs187600104 0.8212200000000001
13 41284098 rs111992700 0.54184
13 41284193 rs9549270 6.551199999999999e-05
13 41284336 rs142131777 0.35233000000000003
13 41284485 rs146699610 0.9939
13 41284538 rs140219257 0.21863000000000002
13 41284574 rs548305919 0.6793600000000001
13 41284777 rs111443390 0.22701999999999997
13 41284968 rs73471101 0.017217
13 41285177 rs567756042 0.32024
13 41285210 rs138292919 0.39689
13 41285241 rs149619536 0.67608
13 41285352 rs9577121 0.75255
13 41285483 rs139146159 0.40648
13 41285488 rs142957131 0.52641
13 41285528 rs9566568 0.7380899999999999
13 41285823 rs112687082 0.49941
13 41285996 rs141802964 0.21863000000000002
13 41286022 rs111364628 0.017144
13 41286051 rs112151105 0.018852
13 41286092 rs118034287 0.9566600000000001
13 41286132 rs117219838 0.015674
13 41286334 rs111572177 0.017190999999999998
13 41286375 rs73174804 0.39619
13 41286527 rs73473009 0.017208
13 41286764 rs139207269 0.8542200000000001
13 41287346 rs143983363 0.94126
13 41287350 rs146437586 0.39393
13 41287458 rs73473011 0.21655
13 41287540 rs4245402 1.5374000000000002e-05
13 41287861 rs113869577 0.53138
13 41288167 rs9635107 1.4520999999999999e-05
13 41288311 rs114224075 0.23509000000000002
13 41288580 rs9603781 0.5027699999999999
13 41288587 rs565929167 0.9738700000000001
13 41288615 rs75501286 0.025393000000000002
13 41289003 rs138168491 0.75255
13 41289164 rs9315783 9.0435e-05
13 41289166 rs9315784 8.9364e-05
13 41289188 rs117101937 0.75255
13 41289572 rs185171140 0.7629199999999999
13 41289613 rs9577122 0.7380899999999999
13 41289643 rs115152291 0.087202
13 41289969 rs112008289 0.1432
13 41290131 rs144057983 0.39513000000000004
13 41290179 rs113064602 0.017208
13 41290260 rs139449509 0.9691700000000001
13 41290366 rs77932365 0.7380899999999999
13 41290528 rs79128216 0.33563000000000004
13 41290610 rs115034313 0.29347
13 41290696 rs113569749 0.53856
13 41290739 rs147937712 0.57848
13 41290906 rs117900859 0.61016
13 41291213 rs61963343 0.071918
13 41291240 rs9566569 0.32936
13 41291335 rs181252006 0.75845
13 41291706 rs7330618 9.3735e-08
13 41291794 rs12584053 0.017199000000000002
13 41291896 rs141900806 0.066821
13 41291928 rs12184871 1.5286e-05
13 41292094 rs111753663 0.5344800000000001
13 41292159 rs112230154 0.66589
13 41292412 rs571689403 0.9247
13 41292493 rs17630491 0.015434
13 41292581 rs113563159 0.21620999999999999
13 41292603 rs60253736 0.53236
13 41292735 rs575234092 0.74453
13 41293052 rs9577123 0.32359
13 41293157 rs77456907 0.6764399999999999
13 41293521 rs150731404 0.29713
13 41293523 rs111309572 0.017703999999999998
13 41293757 rs113666422 0.53259
13 41293774 rs78494883 0.015178
13 41293950 rs4943808 1.5624e-05
13 41294493 rs9577124 0.75451
13 41294521 rs141720588 0.45119
13 41294934 rs115769999 0.29579
13 41295477 rs9549271 5.6303999999999995e-05
13 41295647 rs371745904 0.050763
13 41295887 rs56302456 1.3845e-07
13 41295925 rs151254721 0.99884
13 41296373 rs573506397 0.14728
13 41296442 rs145533285 0.57162
13 41296483 rs138132662 0.7924899999999999
13 41296661 rs7338577 0.14198
13 41297404 rs4943809 1.2372e-07
13 41297405 rs4943810 1.5001e-07
13 41297483 rs551343361 0.34406
13 41297599 rs191721759 0.19607
13 41297675 rs59753508 0.14789000000000002
13 41297734 rs139419264 0.85005
13 41297991 rs578215200 0.72275
13 41298002 rs73457335 0.017687
13 41298087 rs542782054 0.53259
13 41298101 rs7328188 0.017212
13 41298109 rs143440309 0.43546999999999997
13 41298190 rs6563844 7.6098e-05
13 41298211 rs190897409 0.38888
13 41298388 rs549169403 0.53878
13 41298485 rs112009602 0.66237
13 41298622 rs151101610 0.42346999999999996
13 41298625 rs7328961 0.017683
13 41298628 rs112902824 0.66397
13 41298783 rs139750835 0.37242
13 41298799 rs114606634 0.33981999999999996
13 41298914 rs112421132 0.67352
13 41298959 rs9603782 0.59513
13 41299129 rs61963345 7.1339e-05
13 41299489 rs73457340 0.017207
13 41299540 rs115449458 0.27264
13 41299597 rs74825080 0.017212
13 41299598 rs77235249 0.51035
13 41299687 rs4941989 1.775e-05
13 41299698 rs146515153 0.26908000000000004
13 41299762 rs116775750 0.25211999999999996
13 41299802 rs73457344 0.017212
13 41299857 rs4941990 1.7749000000000002e-05
13 41299880 rs73457346 0.14196
13 41300082 rs143120236 0.2431
13 41300116 rs148256131 0.2431
13 41300512 rs192567518 0.36982
13 41300628 rs138014915 0.045354000000000005
13 41300723 rs73457348 0.14903
13 41301264 rs113552903 0.017215
13 41301339 rs113944487 0.017232
13 41301414 rs144328696 0.28301
13 41301524 rs148760651 0.079907
13 41301558 rs9577126 0.31994
13 41301852 rs13378489 0.31849
13 41302104 rs111506854 0.67352
13 41302147 rs9549273 1.0622999999999999e-07
13 41302457 rs145648494 0.53284
13 41302472 rs7332128 0.017213
13 41302694 rs9532587 9.470100000000001e-08
13 41302775 rs115212526 0.33735
13 41302791 rs552320972 0.57377
13 41302913 rs9532588 5.8263999999999996e-05
13 41303004 rs9577127 0.6448
13 41303026 rs9577128 0.6448
13 41303383 rs143555264 0.07335
13 41303685 rs77896392 0.27429000000000003
13 41303966 rs142112995 0.7227600000000001
13 41304020 rs567807124 0.53259
13 41304174 rs117981056 0.75838
13 41304216 rs73457351 0.017228
13 41304522 rs78032251 0.67909
13 41304685 rs111371776 0.53547
13 41304699 rs9566572 0.7924899999999999
13 41304735 rs545873237 0.35123000000000004
13 41304736 rs112193678 0.53547
13 41304765 rs59442599 0.017616999999999997
13 41304825 rs139601201 0.53284
13 41305262 rs9566573 0.6448
13 41305483 rs73457354 0.017218
13 41305866 rs10459370 0.6448
13 41306078 rs58902704 0.018197
13 41306260 rs151210923 0.46581000000000006
13 41306278 rs117544120 0.45735
13 41306621 rs145232747 0.37095
13 41306834 rs9566574 1.6499000000000002e-05
13 41306884 rs9577129 0.31449
13 41307381 rs145833502 0.38663000000000003
13 41307382 rs138479283 0.25087
13 41307440 rs74242787 0.016451
13 41307789 rs10459371 0.76017
13 41308173 rs573105355 0.015764
13 41308301 rs9646110 6.8059e-05
13 41308346 rs74220471 0.6448
13 41308368 rs74386471 0.6448
13 41308424 rs114551609 0.33177
13 41308586 rs557145481 0.19873
13 41308784 rs141592260 0.68552
13 41309211 rs7337330 5.6816999999999995e-05
13 41309223 rs113218351 1.2823e-07
13 41309261 rs149769092 0.018231
13 41309414 rs193260840 0.017706
13 41309423 rs184158904 0.6575
13 41309461 rs191625806 0.65909
13 41309482 rs148475907 0.016136
13 41310364 rs115005599 0.25278
13 41310370 rs188931462 0.37049
13 41311193 rs200391948 0.22038000000000002
13 41311703 rs145314016 0.6575
13 41311836 rs140474002 0.017232
13 41311866 rs190254519 0.016924
13 41312043 rs552655127 0.30125
13 41312814 rs151167499 0.52593
13 41313191 rs144912290 0.69489
13 41315241 rs61372890 0.98846
13 41315380 rs145872274 0.6592
13 41315434 rs59185569 0.27298
13 41315582 rs9549279 1.546e-05
13 41315811 rs77741391 0.31149
13 41315995 rs9577134 0.32456
13 41315998 rs73174811 9.865299999999999e-08
13 41316150 rs73457373 0.018078
13 41316155 rs183250752 0.9522799999999999
13 41316181 rs73457374 0.017693
13 41316364 rs9603786 1.5449e-05
