CHR BP SNP P
17 44170238 rs112596352 3.1244e-24
17 44170414 rs62061790 3.1225000000000004e-24
17 44170612 rs17660398 6.6631e-24
17 44170886 rs143324126 0.27238
17 44171024 rs62061791 3.1486999999999994e-24
17 44171207 rs72628323 0.69393
17 44171554 rs62061792 2.855e-24
17 44171565 rs62061793 3.1139e-24
17 44171566 rs2023862 0.69826
17 44171757 rs72628324 0.7219399999999999
17 44172166 rs146462740 0.32619000000000004
17 44172327 rs17576695 3.0085e-24
17 44172391 rs80020809 2.8760000000000003e-24
17 44172408 rs77044307 2.7642000000000004e-24
17 44172613 rs538840384 0.21231
17 44172648 rs113010311 0.7266600000000001
17 44172679 rs7211983 0.021745
17 44172698 rs79348289 3.1977999999999996e-24
17 44172773 rs75412750 3.1724e-24
17 44172812 rs60521849 5.0194e-14
17 44173179 rs62061795 3.164e-24
17 44173356 rs17576709 3.2009e-24
17 44173408 rs62061796 3.2009e-24
17 44174053 rs9913887 0.60957
17 44174077 rs11658616 0.9989100000000001
17 44174135 rs376392371 0.80378
17 44174249 rs146283796 0.63084
17 44174351 rs62061802 3.3278e-24
17 44174513 rs62061803 3.2466e-24
17 44175489 rs8065825 4.6759e-14
17 44176092 rs55900347 2.5957999999999998e-24
17 44176170 rs56240678 3.0176e-24
17 44176209 rs16940890 0.28646
17 44177103 rs2023861 0.9766
17 44177177 rs60584001 0.8584700000000001
17 44177337 rs62061808 3.0165e-24
17 44177669 rs77604208 3.0460000000000002e-24
17 44177716 rs552880855 0.7963
17 44177755 rs80120913 3.0048e-24
17 44177993 rs17660464 3.0121999999999997e-24
17 44178248 rs529125014 0.17445
17 44178272 rs17576779 3.0260000000000002e-24
17 44178337 rs17660488 3.0121999999999997e-24
17 44178339 rs16940893 0.24061999999999997
17 44178829 rs540970530 0.10095
17 44178839 rs62061809 3.0272999999999996e-24
17 44178884 rs62061810 3.0501999999999996e-24
17 44179095 rs113564729 5.0592e-14
17 44179155 rs113536214 0.59449
17 44179749 rs112102887 3.0004000000000003e-24
17 44179969 rs112893440 2.9999999999999996e-24
17 44179992 rs17576842 3.02e-24
17 44180160 rs141861433 0.25214000000000003
17 44180173 rs62061811 2.9986e-24
17 44180442 rs17576870 2.9580999999999998e-24
17 44180819 rs57319081 0.77318
17 44180954 rs17660595 2.9933999999999994e-24
17 44180968 rs149201119 0.22576
17 44180997 rs62061812 2.9933e-24
17 44181454 rs111952388 3.4369e-24
17 44181508 rs62061814 3.4144999999999996e-24
17 44181681 rs62061815 2.9399e-24
17 44181933 rs17576954 2.9373000000000002e-24
17 44182181 rs77924366 2.9381e-24
17 44182267 rs11652924 1.4039e-12
17 44182336 rs62061816 3.2027e-24
17 44182511 rs118079864 0.7395
17 44182580 rs116952167 0.9597399999999999
17 44182706 rs62061817 3.8871e-24
17 44182772 rs142685845 0.55178
17 44182917 rs62061818 2.9369999999999996e-24
17 44182937 rs114915261 0.30691999999999997
17 44183403 rs111676341 2.9335e-24
17 44183590 rs10401062 0.6188899999999999
17 44183616 rs17576989 2.9341e-24
17 44183626 rs140153003 0.50983
17 44183790 rs79923708 2.9275e-24
17 44183893 rs141043182 0.78743
17 44184375 rs79346219 2.9331999999999998e-24
17 44184404 rs73984689 2.8412999999999998e-24
17 44184425 rs140613665 0.040545
17 44184428 rs111295615 2.9409000000000002e-24
17 44184522 rs117795466 0.74279
17 44184828 rs4510068 5.3496e-11
17 44185245 rs76761511 3.1282e-24
17 44185410 rs74518378 0.77827
17 44185479 rs8070420 4.6186000000000004e-14
17 44186006 rs137982960 0.0033211
17 44186055 rs62061821 6.6010999999999996e-24
17 44186063 rs16940904 4.8125999999999994e-24
17 44186252 rs17577024 3.1465999999999997e-24
17 44186267 rs4997213 0.016947
17 44186301 rs17577052 3.1427000000000002e-24
17 44186396 rs115708645 0.24073000000000003
17 44186593 rs77635460 3.3888e-24
17 44186894 rs62061822 3.1482999999999998e-24
17 44186952 rs9904766 1.5634e-12
17 44187257 rs9303525 4.2142000000000004e-24
17 44187492 rs17577094 3.1528999999999996e-24
17 44188477 rs17577159 3.1894e-24
17 44188645 rs62061823 3.0961e-24
17 44188755 rs62061824 3.1543e-24
17 44188764 rs55794067 3.1543e-24
17 44189067 rs7225002 8.0838e-12
17 44189084 rs78695434 0.14269
17 44189100 rs371257319 0.96196
17 44189144 rs117729699 0.44009
17 44189270 rs56807059 3.8772e-14
17 44189373 rs17660847 3.1080999999999997e-24
17 44189408 rs17660865 3.1145999999999998e-24
17 44189598 rs2016034 1.0742e-12
17 44189848 rs150194807 0.14986
17 44189855 rs79772780 4.5268e-24
17 44189858 rs76640332 4.2083000000000005e-24
17 44189908 rs145591718 0.00020649
17 44189910 rs78929339 3.6502e-24
17 44189911 rs560430655 0.81724
17 44190670 rs573962887 0.68707
17 44190967 rs114633905 0.13187000000000001
17 44190978 rs148231304 0.13187000000000001
17 44191085 rs17660907 3.0344000000000002e-24
17 44191159 rs17660936 3.1331000000000006e-24
17 44191390 rs73984690 0.56321
17 44191468 rs9916400 0.42461000000000004
17 44191483 rs11653367 4.504100000000001e-09
17 44191682 rs62061847 2.9967e-24
17 44191701 rs144442307 0.48033000000000003
17 44191835 rs17577313 4.2847e-24
17 44191995 rs148743897 0.26318
17 44192121 rs558767518 0.2639
17 44192166 rs193292850 0.0014583
17 44192395 rs4548919 3.1364000000000003e-24
17 44192568 rs4630591 1.083e-20
17 44192618 rs4606752 3.1236999999999997e-24
17 44192815 rs577276340 0.98944
17 44192923 rs17577369 3.4111e-24
17 44192946 rs62061848 2.7400999999999997e-24
17 44192957 rs17661015 2.5105e-24
17 44193097 rs17661027 4.8581e-24
17 44193713 rs34517924 0.75155
17 44193871 rs147978127 0.24666
17 44193882 rs62061849 3.2199000000000003e-24
17 44194122 rs142905879 0.26078
17 44194152 rs17661045 3.3016000000000002e-24
17 44194381 rs17577447 3.2944e-24
17 44194391 rs117685808 0.966
17 44194519 rs62061850 3.3016000000000002e-24
17 44194621 rs111880194 3.3931e-24
17 44194735 rs10514901 3.7480999999999994e-24
17 44194835 rs17577496 3.7495e-24
17 44194891 rs62061851 3.7645e-24
17 44195424 rs62061852 3.3094e-24
17 44195432 rs57240476 0.0017533000000000002
17 44195495 rs727425 3.3094e-24
17 44195508 rs142278850 0.71382
17 44195593 rs35018866 0.36505
17 44196015 rs17661141 3.2619999999999996e-24
17 44196125 rs62061853 3.1101999999999995e-24
17 44196153 rs1468241 3.2939999999999995e-24
17 44196348 rs140337428 0.98895
17 44196447 rs1468240 3.5472e-24
17 44196624 rs536038819 0.093297
17 44196653 rs75229280 3.7032999999999995e-24
17 44196797 rs12325972 0.037438
17 44196799 rs112813897 3.5426999999999994e-24
17 44196822 rs113909426 3.7527e-24
17 44196830 rs12603341 0.60629
17 44197032 rs111678697 3.4952999999999994e-24
17 44197427 rs191895502 0.7610399999999999
17 44197603 rs4383188 3.9131999999999996e-24
17 44197806 rs1966345 3.3211e-24
17 44197932 rs117031378 0.071768
17 44198080 rs62061854 3.321e-24
17 44198806 rs3087534 3.2671999999999996e-24
17 44198849 rs117535972 0.41003
17 44199029 rs76924476 5.3441e-24
17 44199290 rs4792830 0.013923
17 44200078 rs112560196 3.2884000000000006e-24
17 44200510 rs75652502 3.2928000000000002e-24
17 44200550 rs769714230 0.053034000000000005
17 44200564 rs150944436 0.37876
17 44200795 rs530848322 0.083423
17 44201109 rs62061859 3.2865000000000003e-24
17 44201344 rs55802590 3.2842999999999998e-24
17 44201647 rs114479171 0.24425
17 44201667 rs56257094 3.6052e-24
17 44201680 rs55672516 3.6052e-24
17 44201791 rs112073200 3.51e-24
17 44201865 rs62063163 3.4711e-24
17 44201887 rs62063164 3.4711e-24
17 44202101 rs72628325 0.74329
17 44202136 rs117770816 0.0030429000000000003
17 44202147 rs62063165 3.4771e-24
17 44202212 rs189427025 0.15975
17 44202231 rs62063166 3.4725999999999995e-24
17 44202256 rs116929931 0.28606
17 44202557 rs72628326 0.3757
17 44202564 rs55669501 3.5606e-24
17 44202608 rs55686102 4.491100000000001e-24
17 44202690 rs8068300 3.1299999999999998e-12
17 44202881 rs149923195 0.8970100000000001
17 44202952 rs55885063 3.5322e-24
17 44203131 rs56273589 3.5798e-24
17 44203311 rs62063171 3.61e-24
17 44203366 rs62063172 3.5701e-24
17 44203413 rs76380490 3.7257e-24
17 44203520 rs113120855 3.5956999999999995e-24
17 44203757 rs111926516 0.54392
17 44204304 rs77095128 3.8448e-24
17 44204373 rs2016730 0.018658
17 44204739 rs4581739 4.4378e-24
17 44204749 rs113638513 4.4371999999999996e-24
17 44205122 rs62063174 4.2323000000000004e-24
17 44205500 rs17577650 4.7601e-24
17 44205690 rs4471723 1.0714000000000001e-23
17 44205786 rs374075278 0.78365
17 44205839 rs1122381 4.5450999999999995e-24
17 44206033 rs117965585 0.044491
17 44206079 rs1122380 4.9507e-24
17 44206111 rs184760638 0.71137
17 44206482 rs62063200 4.7628e-24
17 44206646 rs10514903 4.816900000000001e-24
17 44206665 rs4792831 0.018577
17 44207066 rs17661348 4.2935999999999996e-24
17 44207665 rs118008815 0.37304
17 44207778 rs17661385 4.889300000000001e-24
17 44207887 rs10514904 7.8869e-24
17 44207932 rs79301522 4.9306e-24
17 44208144 rs17661428 4.8575e-24
17 44208218 rs17577877 4.8010999999999995e-24
17 44208235 rs146682924 0.7521399999999999
17 44208312 rs6503457 5.7034e-24
17 44208571 rs149870911 0.32705
17 44208674 rs8070942 5.7941999999999996e-24
17 44208868 rs573038208 0.28767
17 44208945 rs62063202 4.3119e-24
17 44209313 rs62063203 4.283e-24
17 44209364 rs111724389 4.2733999999999995e-24
17 44209474 rs112401617 4.2844e-24
17 44209628 rs17577954 4.5607e-24
17 44209875 rs55780786 4.8014e-24
17 44209919 rs3089 4.8282e-24
17 44209957 rs55909047 4.4452e-24
17 44209985 rs56119705 5.102999999999999e-24
17 44210442 rs17577975 1.8477e-24
17 44210933 rs7207582 7.5096e-24
17 44210988 rs12150087 5.4386e-24
17 44211502 rs111424940 4.3419e-24
17 44211747 rs142653809 0.29851
17 44211886 rs565271904 0.76171
17 44211902 rs62063207 4.3314000000000004e-24
17 44212030 rs12941738 0.01475
17 44212032 rs62063208 4.3364999999999996e-24
17 44212150 rs9303527 0.4131
17 44212310 rs10221243 6.3413e-24
17 44212362 rs117913167 0.014572
17 44212782 17:44212782_T_C 4.0828e-24
17 44215093 rs143947558 0.00036003
17 44215394 17:44215394_G_A 0.37445
17 44215574 rs569844736 0.65486
17 44215859 17:44215859_A_G 0.7408
17 44216322 17:44216322_C_A 0.73097
17 44216349 rs116713859 0.57745
17 44217935 rs115923046 0.30849
17 44218281 rs138805171 0.08665
17 44218624 rs117056889 0.18862
17 44219374 17:44219374_C_A 0.65153
17 44219457 17:44219457_T_C 0.015193
17 44219492 17:44219492_T_C 0.71158
17 44219555 17:44219555_A_G 0.020271
17 44219831 17:44219831_T_A 2.9070999999999998e-24
17 44220552 rs376634324 0.78365
17 44220995 17:44220995_C_T 0.17263
17 44221350 17:44221350_G_A 2.6787e-24
17 44221843 17:44221843_A_G 9.8014e-14
17 44222022 rs190326905 0.2385
17 44222138 17:44222138_A_G 0.38005
17 44222424 17:44222424_G_C 2.5803e-12
17 44224272 17:44224272_G_A 2.1782e-12
17 44224583 rs190801629 0.68707
17 44224636 rs187816625 0.68707
17 44224740 rs142770971 0.64408
17 44225094 rs115095280 0.2226
17 44225231 17:44225231_G_A 0.014925999999999998
17 44228894 17:44228894_T_C 0.75405
17 44229559 17:44229559_C_T 0.75605
17 44229748 rs191050440 0.9229999999999999
17 44229787 rs17585082 0.38337
17 44230107 rs147839914 0.284
17 44230183 rs542490161 0.6391100000000001
17 44230598 17:44230598_G_A 0.013911000000000001
17 44231943 rs181772038 0.7263
17 44232349 rs117652975 0.80807
17 44234168 17:44234168_G_A 0.8387399999999999
17 44235827 17:44235827_C_A 6.3923e-14
17 44236005 17:44236005_C_T 7.7246e-14
17 44237133 rs143350596 0.7410899999999999
17 44237429 rs187210394 0.19205999999999998
17 44237744 17:44237744_A_C 0.75012
17 44237806 17:44237806_T_C 0.36777
17 44238126 17:44238126_T_C 0.33744
17 44238217 rs17662379 0.028592000000000003
17 44238918 rs143883750 0.6522
17 44238981 rs150576211 0.9564600000000001
17 44239620 17:44239620_G_T 0.6518
17 44240303 rs148462131 0.7410899999999999
17 44241530 17:44241530_T_A 0.76018
17 44241726 17:44241726_A_G 0.020151
17 44241917 rs117405676 0.37574
17 44242958 rs186066735 0.12584
17 44243312 17:44243312_C_G 0.02077
17 44243734 17:44243734_C_T 0.77052
17 44245023 rs184358591 0.2061
17 44246624 17:44246624_C_A 3.8561999999999996e-24
17 44246777 rs376095717 0.152
17 44247415 17:44247415_C_T 0.65995
17 44248203 rs150225895 0.00034226
17 44248499 17:44248499_G_C 0.021681
17 44248783 rs142096969 0.66225
17 44248822 rs34756740 0.32831
17 44248848 17:44248848_G_A 0.018028
17 44248875 rs141110759 0.35722
17 44250433 17:44250433_T_C 0.71525
17 44251110 rs147713354 0.84247
17 44251436 rs142571089 0.85705
17 44252598 rs117026337 0.0024428
17 44253926 rs138661506 0.1736
17 44254247 rs568649554 0.78646
17 44255105 rs181697531 0.9382299999999999
17 44255300 rs529335178 0.84462
17 44259289 rs139376647 0.8644799999999999
17 44259690 17:44259690_T_G 0.023077
17 44260018 rs144997692 0.01396
17 44260433 rs190854554 0.1302
17 44261340 rs183058374 0.13957
17 44262517 rs142680430 0.42756000000000005
17 44262754 rs780677135 0.015368999999999999
17 44262950 17:44262950_G_A 7.592e-12
17 44263494 17:44263494_C_A 0.62716
17 44264420 17:44264420_G_C 0.017034999999999998
17 44264584 rs148559137 0.29929
17 44265334 17:44265334_A_G 0.33566
17 44265839 17:44265839_C_T 2.4711e-11
17 44266531 17:44266531_G_A 2.6375999999999997e-23
17 44268463 rs117446119 0.39024000000000003
17 44268488 17:44268488_C_T 2.6579e-23
17 44268905 17:44268905_A_G 0.018903
17 44269922 17:44269922_T_C 8.235399999999999e-17
17 44269964 17:44269964_T_A 5.592300000000001e-23
17 44270059 17:44270059_A_T 2.6425999999999995e-23
17 44270181 17:44270181_G_A 3.7374000000000003e-13
17 44270982 rs528622179 0.9621200000000001
17 44272166 rs376528770 0.25014000000000003
17 44273218 17:44273218_C_T 2.8683000000000006e-23
17 44274044 rs563105348 0.055182
17 44275404 rs751922075 0.7356199999999999
17 44275616 rs117464802 0.47329
17 44276109 rs149022547 0.6661100000000001
17 44277265 17:44277265_A_C 2.6843e-23
17 44278742 17:44278742_A_G 2.9101999999999997e-23
17 44279069 rs117666809 0.0010705
17 44279101 rs1918786 2.7368e-23
17 44279252 rs1918787 2.7746e-23
17 44279783 rs117477548 0.5092
17 44281754 rs143002542 0.2246
17 44282481 17:44282481_C_A 0.0024404
17 44284760 rs139566238 0.0020329999999999997
17 44285332 rs149044326 0.92575
17 44286168 rs144091433 0.31935
17 44286384 17:44286384_C_A 1.9725999999999998e-13
17 44286503 rs144037969 0.55524
17 44287362 17:44287362_C_T 0.6041
17 44288281 17:44288281_C_T 3.4258e-17
17 44288284 17:44288284_G_A 3.1382e-21
17 44288579 17:44288579_T_C 2.8473000000000003e-23
17 44289046 rs140912760 0.68806
17 44289101 rs2732629 2.8304000000000005e-23
17 44289628 rs2668670 2.8325e-23
17 44289781 17:44289781_T_A 0.6752
17 44289832 17:44289832_A_G 2.4664e-11
17 44289959 rs145604059 0.075267
17 44290047 rs2668665 2.8184e-23
17 44290759 rs2668662 2.8151e-23
17 44291365 17:44291365_C_T 2.806e-23
17 44291381 17:44291381_A_G 2.8208e-23
17 44291479 rs2732601 2.8206999999999996e-23
17 44291820 rs2696610 2.8117e-23
17 44291980 17:44291980_G_A 7.6971e-12
17 44292126 17:44292126_T_C 2.8265e-23
17 44292235 rs116508757 0.25497
17 44292319 rs2668694 2.9398000000000003e-23
17 44293205 17:44293205_A_G 4.1207e-23
17 44293671 17:44293671_A_G 1.0084999999999999e-21
17 44296103 17:44296103_C_A 0.83616
17 44297293 17:44297293_C_T 0.045301999999999995
17 44297565 rs146105481 0.24591999999999997
17 44307598 rs139935845 0.24076999999999998
17 44307622 rs56864675 0.6866800000000001
17 44311082 rs143726776 0.8931399999999999
17 44313148 rs140388865 0.25887
17 44313695 rs148547649 0.25865
17 44316076 rs55653937 4.0966e-23
17 44316449 rs62073098 4.0715e-23
17 44316955 rs143038311 0.25673
17 44318723 rs2732635 0.8474
17 44319366 rs2668632 4.4966000000000003e-23
17 44319405 rs143267269 0.12163
17 44326895 rs79475968 0.006455800000000001
17 44332959 rs12953096 0.003972
17 44333343 rs76583033 0.61174
17 44333423 rs2532363 1.0542e-22
17 44334052 rs62073157 1.1371e-22
17 44339409 rs2732684 0.7611600000000001
17 44339461 rs11871260 0.60333
17 44339636 rs12603479 0.5917600000000001
17 44340334 rs56289714 0.58902
17 44342378 rs4988900 1.2259e-09
17 44342782 rs544120695 0.034062
17 44343902 rs2532345 0.0054926
17 44344769 rs3744462 0.37299
17 44345063 rs2732651 4.8668e-17
17 44346361 rs2532337 0.80407
17 44348298 rs2950694 5.193800000000001e-17
17 44349079 rs75257416 4.743e-17
17 44350025 rs561790281 0.48696000000000006
17 44350090 rs2532329 1.3495e-22
17 44350293 rs2732711 3.8406e-21
17 44351387 rs2732708 1.1281e-22
17 44351686 rs2732706 1.4457e-22
17 44351743 rs2696541 3.6213e-21
17 44351929 rs2732705 1.6218e-22
17 44352131 rs2668622 1.6187999999999998e-22
17 44353222 rs2732703 1.7422e-20
17 44353770 rs143275150 0.98659
17 44354232 rs75134797 0.51339
17 44354796 rs2732700 0.84315
17 44355602 rs2696532 4.436399999999999e-22
17 44356058 rs62071628 5.437100000000001e-09
17 44356793 rs2696524 1.8687e-22
17 44357351 rs17665188 1.6759999999999998e-22
17 44358098 rs75098428 0.531
17 44358286 rs74606758 0.47115
17 44359663 rs36123991 4.7315e-21
17 44362035 rs143562817 0.58475
17 44364056 rs2732615 6.9129e-17
17 44365270 rs145375602 0.7470100000000001
17 44368212 rs2957297 7.6483e-17
17 44368308 rs117491902 0.31963
