CHR BP SNP P
22 30005943 rs556307584 0.95526
22 30006195 rs543027165 0.083665
22 30006488 rs144327771 0.36180999999999996
22 30006504 rs538105628 0.12145999999999998
22 30006665 rs12157566 0.99451
22 30006747 rs9625841 0.98856
22 30007463 rs146848311 0.58437
22 30007547 rs115577468 0.56094
22 30007651 rs186658506 0.78862
22 30007808 rs2531844 0.20715
22 30008461 rs2348684 0.08064099999999999
22 30008483 rs2531845 0.0061449
22 30008557 rs138302895 0.33273
22 30008750 rs2857634 0.067746
22 30009044 rs186129599 0.8854
22 30009401 rs187204995 0.90507
22 30009593 rs561429409 0.63959
22 30009701 rs58417572 0.31471
22 30009779 rs12165952 0.89139
22 30010160 rs187746808 0.35224
22 30010775 rs111603703 0.18170999999999998
22 30011000 rs147385163 0.16141
22 30011060 rs9608794 0.080279
22 30012277 rs9608796 0.31189
22 30013097 rs566795118 0.013109
22 30013379 rs6006206 0.5422
22 30013691 rs76193083 0.18941
22 30013809 rs2079647 0.21681999999999998
22 30013967 rs6006207 0.24855
22 30014376 rs76467746 0.19089
22 30014581 rs9614011 0.08028300000000001
22 30015352 rs74864077 0.6301100000000001
22 30015417 rs111466219 0.2868
22 30015522 rs141683523 0.41095
22 30015679 rs13054076 0.9949100000000001
22 30015680 rs139471843 0.25456
22 30016032 rs55646014 0.31581
22 30016232 rs5997498 0.25456
22 30016378 rs9608798 0.080279
22 30017000 rs1006396 4.6992e-06
22 30017093 rs73159061 0.023012
22 30017237 rs117932773 0.47248999999999997
22 30018009 rs73881584 0.6361899999999999
22 30018200 rs9614014 0.080242
22 30018675 rs542165864 0.6361899999999999
22 30019370 rs79138111 0.41448
22 30019399 rs117196952 0.43328
22 30019726 rs9608799 0.08045
22 30020561 rs76569291 0.87249
22 30020787 rs76779887 0.6361899999999999
22 30020804 rs574015026 0.27679000000000004
22 30021052 rs561152304 0.91228
22 30021502 rs76209703 0.33692
22 30021553 rs147668225 0.61257
22 30021848 rs12483776 0.75542
22 30022267 rs9608800 0.8107300000000001
22 30022383 rs111789617 0.094936
22 30022670 rs150139656 0.61847
22 30022923 rs74690295 0.18695
22 30022936 rs2247753 6.982e-06
22 30023182 rs77546594 0.84775
22 30023210 rs114089531 0.15073
22 30023663 rs116429359 0.025465
22 30023960 rs9614018 0.081126
22 30023967 rs137895792 0.14816
22 30024263 rs2530661 0.20663
22 30024353 rs118033470 0.38655
22 30024497 rs181682202 0.11015
22 30024681 rs577641802 0.071376
22 30025423 rs8140539 0.20828000000000002
22 30025442 rs568315746 0.53272
22 30025945 rs150879811 0.29393
22 30026279 rs17460259 0.075153
22 30026311 rs542028237 0.96736
22 30026507 rs145471129 0.11002
22 30026747 rs77092693 0.21373000000000003
22 30026829 rs145142999 0.4131
22 30027370 rs79826376 0.058355
22 30027523 rs114946675 0.21373000000000003
22 30027887 rs145365508 0.39149
22 30028018 rs557952204 0.9809899999999999
22 30028224 rs117094557 0.65169
22 30028880 rs79894362 0.5717
22 30029514 rs117448754 0.45963999999999994
22 30029863 rs147569067 0.15058
22 30030765 rs12157558 0.25509
22 30030939 rs5763373 0.31945999999999997
22 30031142 rs76128101 0.051562000000000004
22 30031143 rs76423034 0.08746
22 30031416 rs151250890 0.17995999999999998
22 30031653 rs78298909 0.094936
22 30031655 rs139229722 0.9159200000000001
22 30032235 rs3940296 0.08075
22 30032345 rs552778345 0.18735
22 30032484 rs2531848 7.5299e-06
22 30032675 rs117217248 0.5451699999999999
22 30032956 rs115130972 0.29918
22 30033036 rs2530662 0.9859899999999999
22 30033155 rs568870171 0.14184000000000002
22 30033214 rs146465291 0.0022673000000000003
22 30033959 rs118004234 0.93471
22 30034464 rs765542304 0.43171000000000004
22 30034632 rs112871325 0.9879600000000001
22 30034994 rs5763378 0.98272
22 30035021 rs79901896 0.18604
22 30035310 rs191030365 0.10175
22 30035373 rs549695526 0.47198999999999997
22 30035727 rs6006214 0.22229000000000002
22 30036433 rs7288120 0.19927
22 30036871 rs62227973 0.36357
22 30037081 rs113362774 0.11051
22 30037109 rs2530663 0.052378999999999995
22 30037315 rs2348686 0.9022
22 30037900 rs2531849 7.3588e-06
22 30038107 rs73159068 0.011939
22 30038152 rs2530664 8.99e-06
22 30038731 rs111522202 0.10962999999999999
22 30038767 rs112266447 0.31090999999999996
22 30038829 rs140814288 0.10948
22 30039714 rs372698680 0.8698
22 30040062 rs577224418 0.055605999999999996
22 30040153 rs563401264 0.45781000000000005
22 30040737 rs59374288 0.055561
22 30040952 rs190388056 0.21206999999999998
22 30041071 rs146879534 0.66656
22 30041074 rs56783715 0.055524000000000004
22 30041129 rs141504525 0.45811999999999997
22 30041267 rs75445454 0.11084000000000001
22 30041475 rs5763382 0.39233
22 30041617 rs146061809 0.07499299999999999
22 30041641 rs77804379 0.38996
22 30041692 rs760684223 0.53079
22 30042181 rs111465756 0.069561
22 30042190 rs114412377 0.8327100000000001
22 30042264 rs115481738 0.16087
22 30042992 rs148673069 0.15417
22 30043242 rs79585302 0.086672
22 30043253 rs2267149 0.68037
22 30043563 rs2531850 0.061959
22 30043702 rs116898882 0.085464
22 30043963 rs113240063 0.83588
22 30044011 rs145089032 0.19091
22 30044036 rs147563555 0.0017352999999999997
22 30044151 rs2530667 0.11546
22 30044228 rs2530668 0.061905999999999996
22 30044666 rs117272318 0.35808
22 30044669 rs2530669 0.061889
22 30044903 rs116378671 0.16762
22 30045284 rs117842621 0.055465999999999994
22 30045315 rs146909173 0.057517
22 30045421 rs145858636 0.074075
22 30045427 rs55980658 0.7511
22 30045622 rs148128752 0.15967
22 30045727 rs56246484 0.84767
22 30045763 rs142852379 0.19705999999999999
22 30046392 rs145039074 0.094467
22 30046418 rs56379314 0.99626
22 30046940 rs139619726 0.10941
22 30047255 rs58113244 0.05588099999999999
22 30047298 rs61432554 0.056135000000000004
22 30047421 rs75285883 0.086159
22 30047687 rs114608817 0.15244000000000002
22 30047732 rs2245185 0.05984299999999999
22 30047891 rs2530670 0.059753999999999995
22 30047920 rs10483155 0.68238
22 30048182 rs2245194 0.90279
22 30048571 rs2079648 0.057274
22 30048728 rs184006139 0.2136
22 30048818 rs60674079 0.82794
22 30049230 rs573057979 0.87584
22 30049584 rs2527337 0.059221
22 30049643 rs6006219 0.057086000000000005
22 30049823 rs755098111 0.0094684
22 30050157 rs192268712 0.74344
22 30050292 rs2245415 0.05955800000000001
22 30050629 rs190596693 0.019057
22 30050973 rs11913715 0.18698
22 30051141 rs531446054 0.27329000000000003
22 30051334 rs141330612 0.65892
22 30051433 rs6006220 0.008697100000000001
22 30051954 rs187607171 0.43445
22 30052030 rs544811392 0.76295
22 30052094 rs2857637 0.05871900000000001
22 30052391 rs571151694 0.42825
22 30052530 rs192067213 0.15825999999999998
22 30052895 rs9608802 0.81973
22 30053091 rs141993076 0.10868
22 30053118 rs2857638 0.8443200000000001
22 30053187 rs189802114 0.89894
22 30053201 rs73390922 0.8611200000000001
22 30053251 rs143650572 0.8509200000000001
22 30053583 rs74541741 0.31259000000000003
22 30053939 rs9614025 0.38306999999999997
22 30053963 rs5752949 0.34069
22 30054024 rs2071622 0.05536
22 30054039 rs117536234 0.3636
22 30054601 rs9625849 0.10119
22 30055338 rs79142348 0.15394000000000002
22 30055435 rs141352725 0.06261599999999999
22 30055645 rs547762423 0.28462
22 30055674 rs2857639 0.055346000000000006
22 30055680 rs147174377 0.11062000000000001
22 30056185 rs2530672 0.05574199999999999
22 30056315 rs77771275 0.058896000000000004
22 30056336 rs60286359 0.81682
22 30056698 rs5752951 0.4405
22 30056699 rs78923660 0.8912700000000001
22 30056821 rs574825899 0.13798
22 30056822 rs535365388 0.12717
22 30056860 rs114228106 0.31259000000000003
22 30056945 rs2857640 0.0553
22 30057574 rs2857641 0.061809
22 30057820 rs2857642 0.058566999999999994
22 30058267 rs116551071 0.16063
22 30058615 rs138162552 0.53569
22 30058922 rs762716895 0.66246
22 30058994 rs116356204 0.53847
22 30059495 rs111742401 0.12952
22 30059752 rs76436956 0.077861
22 30060073 rs2857643 0.8587100000000001
22 30060237 rs189967659 0.16055999999999998
22 30061173 rs140176202 0.76983
22 30061301 rs185240022 0.062359000000000005
22 30061606 rs115526924 0.31675
22 30061769 rs143859654 0.058936
22 30061953 rs2857645 0.05818400000000001
22 30062125 rs189317602 0.40504
22 30062274 rs111849505 0.084355
22 30062291 rs151059365 0.92779
22 30062375 rs2857646 0.86751
22 30062408 rs191651557 0.05335
22 30063152 rs149292963 0.28299
22 30063246 rs143511908 0.97209
22 30063402 rs148006436 0.00018208
22 30063550 rs2527334 0.8622
22 30063924 rs12628907 0.6617
22 30064117 rs2252472 0.057964
22 30064580 rs145942258 0.95083
22 30064731 rs2252587 0.058182000000000005
22 30064843 rs80251306 0.36917
22 30065051 rs191874359 0.22688000000000003
22 30065795 rs12019218 0.15074
22 30065813 rs2530673 0.06858500000000001
22 30065967 rs2527335 0.81293
22 30066334 rs112569330 0.14456
22 30066344 rs2857647 0.8508100000000001
22 30066568 rs2857648 5.1782e-05
22 30067246 rs151215872 0.36711
22 30067250 rs2857649 3.6308e-05
22 30068066 rs2527336 2.2618000000000003e-07
22 30068522 rs141515416 0.28202
22 30068570 rs131256 0.6787
22 30068631 rs5763409 3.1754e-05
22 30068751 rs150670158 0.7410800000000001
22 30068770 rs8135737 0.054888
22 30068927 rs114646404 0.94875
22 30069059 rs572081827 0.72311
22 30069098 rs144733832 0.62117
22 30069207 rs13055076 0.013211
22 30069723 rs73881591 0.6318600000000001
22 30069769 rs113515575 0.10955
22 30070223 rs731647 0.74364
22 30070224 rs117274582 0.024373
22 30070870 rs138354622 0.067003
22 30071358 rs16987914 4.7835e-05
22 30071811 rs116441035 0.5646399999999999
22 30071935 rs16987915 0.10244
22 30071944 rs2024120 0.00053315
22 30072023 rs138573816 0.6908
22 30072028 rs140260589 0.32031
22 30072426 rs189101819 0.46611
22 30072685 rs2009354 0.058012
22 30072759 rs737787 0.47024
22 30072794 rs4820811 0.46185
22 30072963 rs139276470 0.30901999999999996
22 30073435 rs75024309 0.67791
22 30073561 rs73881593 0.83378
22 30073681 rs2857650 3.3231e-05
22 30073785 rs145406159 0.05284199999999999
22 30074040 rs528816386 0.276
22 30074278 rs201527155 0.81735
22 30074485 rs56188151 0.057634000000000005
22 30074738 rs73390933 0.8779399999999999
22 30074776 rs2530675 3.2946e-05
22 30074804 rs2530676 3.3058e-05
22 30074817 rs150615715 0.9364100000000001
22 30075052 rs2857651 3.3758000000000004e-05
22 30075077 rs116918848 0.72487
22 30075087 rs2857652 0.6302800000000001
22 30076246 rs2530677 1.0422000000000001e-05
22 30076398 rs2267150 3.3072e-05
22 30076720 rs16987928 0.00053049
22 30077116 rs147987957 0.81591
22 30077253 rs140687911 0.02033
22 30077725 rs5752952 0.56235
22 30077733 rs530178391 0.88895
22 30077793 rs182854724 0.46226000000000006
22 30077890 rs139341275 0.44446
22 30077906 rs374608751 0.1012
22 30077965 rs747858861 0.6569699999999999
22 30079213 rs7291645 3.2699e-05
22 30079688 rs75296199 0.20809
22 30080113 rs79769966 0.10998
22 30080517 rs6006225 0.051373
22 30080939 rs116797252 0.9854799999999999
22 30081178 rs117706381 0.0020613000000000003
22 30081188 rs148451476 0.21619000000000002
22 30081250 rs2527339 0.00053238
22 30081289 rs149044155 0.84319
22 30081715 rs2530678 4.7335e-05
22 30081783 rs143026869 0.8879100000000001
22 30082182 rs147105522 0.10964000000000002
22 30082225 rs138492946 0.88739
22 30082331 rs9625850 0.07033400000000001
22 30082569 rs2530679 0.4041
22 30082763 rs138794521 0.60321
22 30082921 rs5763419 0.54082
22 30083071 rs79665512 0.057773000000000005
22 30083147 rs79512785 0.94799
22 30083199 rs73390939 0.50595
22 30083214 rs117105323 0.0063413
22 30083426 rs5752953 3.4335e-05
22 30083453 rs61053180 0.7469399999999999
22 30083519 rs113191972 0.09298200000000001
22 30083539 rs2079339 0.054666
22 30083614 rs9625851 0.70162
22 30083765 rs76564122 0.035473000000000005
22 30084093 rs9614029 0.0016954000000000001
22 30084739 rs737931 3.3271999999999996e-05
22 30084894 rs190878240 0.86951
22 30084936 rs183451874 0.18454
22 30084976 rs5763422 3.3271999999999996e-05
22 30085043 rs193068309 0.62249
22 30085589 rs568058876 0.0084664
22 30085655 rs2283863 3.3036e-05
22 30086029 rs76259173 0.055359000000000005
22 30086051 rs5763425 0.38445
22 30086144 rs756053 0.6117600000000001
22 30086338 rs538292938 0.9545600000000001
22 30086758 rs6006226 0.17509
22 30086846 rs9625852 0.075206
22 30087134 rs554022637 0.33576999999999996
22 30087159 rs115983371 0.15155
22 30087396 rs142750685 0.47555
22 30088039 rs2267151 3.3488e-05
22 30088161 rs375610287 0.21566
22 30088183 rs1476757 3.3546999999999996e-05
22 30088229 rs59172206 0.13532
22 30088257 rs1009147 0.054840999999999994
22 30088442 rs1009148 0.00047822
22 30088661 rs771992834 0.095231
22 30088671 rs2267152 1.1288e-05
22 30088954 rs114405294 0.56653
22 30089410 rs77174118 0.57828
22 30089511 rs2283864 3.2891999999999996e-05
22 30089669 rs2158619 0.61673
22 30089766 rs117089825 0.15642
22 30089951 rs73159088 0.036213
22 30090114 rs73881597 0.58431
22 30090168 rs188992030 0.8942200000000001
22 30090310 rs61504447 0.81291
22 30090458 rs56761979 0.21066
22 30090795 rs141099051 0.58048
22 30091145 rs1008515 9.4169e-05
22 30091150 rs572307337 0.31608
22 30091765 rs8140096 0.0020082999999999998
22 30091878 rs148973148 0.77676
22 30091931 rs145719271 0.63464
22 30091999 rs2530680 5.0092e-05
22 30092431 rs138312881 0.18402000000000002
22 30092583 rs17462054 0.072939
22 30092695 rs73390944 0.022106999999999998
22 30092840 rs536498397 0.81206
22 30093015 rs112175950 0.057088
22 30093026 rs5997506 0.054173
22 30093160 rs150581809 0.26378
22 30093199 rs114416141 0.20484000000000002
22 30093246 rs73159090 0.30965
22 30093259 rs1034880 3.2423000000000004e-05
22 30093550 rs5763430 0.34016
22 30093667 rs5763431 1.1758e-05
22 30093713 rs112930471 0.24264000000000002
22 30093999 rs117863523 0.10395
22 30094065 rs11090576 0.061796000000000004
22 30094366 rs41278851 0.0013077
22 30094999 rs116058015 0.19768
22 30095030 rs77316122 0.8751
22 30095349 rs11912346 0.64942
22 30095366 rs2527340 0.00050634
22 30095567 rs192096398 0.8619399999999999
22 30095695 rs1970776 0.054716999999999995
22 30095706 rs9608806 1.4285999999999998e-05
22 30096549 rs144399091 0.89597
22 30096554 rs115442143 0.09816799999999999
22 30096874 rs2857629 5.1131e-05
22 30096914 rs2527341 0.00046103
22 30096970 rs150210613 0.87003
22 30097020 rs59422664 0.066169
22 30097039 rs2530681 1.5237000000000001e-06
22 30097062 rs56274114 0.31290999999999997
22 30097069 rs564593262 0.44136000000000003
22 30097258 rs9614030 0.34811
22 30097361 rs554637466 0.64377
22 30097527 rs77415593 0.059949
22 30098154 rs12053771 0.24266999999999997
22 30098208 rs73390948 0.05558099999999999
22 30098214 rs148923503 0.49365
22 30098348 rs2159189 1.5077000000000002e-06
22 30098792 rs6006227 0.059953
22 30099077 rs147405430 0.060863
22 30099104 rs112246231 0.060466
22 30099108 rs559548090 0.63213
22 30099857 rs76667887 0.89479
22 30099874 rs140088 0.14187
22 30099958 rs62227979 0.017299000000000002
22 30100457 rs139476263 0.45566999999999996
22 30101078 rs144866345 0.058112
22 30101096 rs139761614 0.058112
22 30101342 rs114276640 0.9001899999999999
22 30101513 rs144465187 0.79556
22 30101862 rs113781853 0.12154000000000001
22 30101878 rs2857631 0.8417100000000001
22 30101886 rs140115733 0.7658699999999999
22 30102173 rs75169409 0.1566
22 30102513 rs185918421 0.8165100000000001
22 30102643 rs59237579 0.05823099999999999
22 30103260 rs141447880 0.25113
22 30103373 rs538745111 0.25916999999999996
22 30103476 rs2530682 2.5202e-06
22 30103747 rs73390954 0.46675
22 30103819 rs2527342 1.6712e-06
22 30103832 rs186042453 0.70268
22 30104285 rs131257 0.92622
22 30104351 rs116844839 0.058036000000000004
22 30104448 rs766726833 0.84055
22 30104706 rs141180285 0.3823
22 30104909 rs2530683 1.4541e-06
22 30105060 rs183075291 0.34714
22 30105298 rs2530684 0.00089143
22 30105373 rs182990961 0.94166
22 30105652 rs146147086 0.62617
22 30105761 rs140147592 0.60301
22 30105771 rs55641794 1.1175e-07
22 30105961 rs74868247 0.74274
22 30106340 rs12160473 0.050789999999999995
22 30106379 rs60020246 0.057277999999999996
22 30106391 rs74529349 0.052359
22 30106659 rs2530685 0.8225600000000001
22 30106678 rs142849464 0.010789
22 30106680 rs117260985 0.9377700000000001
22 30106897 rs116456787 0.97939
22 30107143 rs117745379 0.7249800000000001
22 30107172 rs572646266 0.5355300000000001
22 30107262 rs71331210 0.47966000000000003
22 30107623 rs140850464 0.89899
22 30107647 22:30107647_G_T 0.56117
22 30107920 rs76774084 0.043959
22 30108056 rs138566101 0.090418
22 30108192 rs149275904 0.064919
22 30108359 rs137898281 0.18378
22 30108486 rs73159093 0.71417
22 30108660 rs12628506 0.28297
22 30108725 rs12159656 0.16096
22 30109015 rs567094357 0.81533
22 30109140 rs141550281 0.4948
22 30109221 rs150880423 0.34957
22 30109303 rs118124309 0.29336
22 30109431 rs116654985 0.3742
22 30109719 rs113329158 0.19168
22 30109762 rs538632883 0.020853
22 30109829 rs544430845 0.23371999999999998
22 30109865 rs73390959 0.34515999999999997
22 30109902 rs114144693 0.36289
22 30110240 rs183443398 0.054149
22 30110546 rs140091 0.15267999999999998
22 30110552 rs28540755 0.77048
22 30110640 rs118034525 0.11685
22 30111302 rs715595 1.8699000000000002e-05
22 30111558 rs2527343 0.008476000000000001
22 30111624 rs2527344 0.011445
22 30111777 rs9614033 0.30719
22 30111900 rs183460366 0.96701
22 30111930 rs151201880 0.96315
22 30112010 rs59951036 0.33823000000000003
22 30112070 rs6006228 1.6752e-05
22 30112151 rs113227333 0.24858000000000002
22 30112226 rs2527345 0.008751100000000001
22 30112316 rs181696065 0.52742
22 30112364 rs737932 1.5335e-05
22 30112520 rs113785452 0.28831
22 30112615 rs117214077 0.8750700000000001
22 30112623 rs145385042 0.598
22 30112728 rs78039348 0.0046032
22 30112744 rs76933703 0.0044354
22 30112962 rs74389043 0.9556
22 30113393 rs13055467 0.05595
22 30113488 rs12329939 0.18177000000000001
22 30113637 rs73390962 0.21713000000000002
22 30113960 rs2527346 0.0044762
22 30114333 rs2857633 0.8632
22 30114340 rs74508105 0.0044605
22 30114487 rs73390965 0.16612000000000002
22 30114603 rs573806103 0.26953
22 30114675 rs73390966 0.16396
22 30114770 rs77032875 0.0046032
22 30115025 rs8142249 0.050445
22 30115653 rs534086895 0.9595799999999999
22 30116754 rs187136516 0.51303
22 30117023 rs79665861 0.23836999999999997
22 30117031 rs191229299 0.9688
22 30117158 rs553879633 0.21214
22 30117210 rs375216976 0.59705
22 30117241 rs57561197 0.26763000000000003
22 30117454 rs56686185 0.004185800000000001
22 30117562 rs114414256 0.0028674
22 30117801 rs8138522 0.2552
22 30118027 rs149753425 0.7984399999999999
22 30118031 rs145610469 0.7984399999999999
22 30118259 rs73390967 0.2603
22 30118761 rs75424323 0.048095
22 30118827 rs8136448 0.33859
22 30118842 rs193257190 0.18761
22 30118954 22:30118954_G_A 0.9864200000000001
22 30119099 rs114102665 0.0483
22 30119599 rs114532720 0.78408
22 30119636 rs75470075 0.0028248
22 30119954 rs5763435 0.027264
22 30120121 rs5752955 0.62184
22 30120137 rs150491607 0.9680200000000001
22 30120193 rs112246862 0.13269
22 30120475 rs116065226 0.77974
22 30120565 rs117612130 0.76248
22 30120623 rs73159098 0.054715
22 30120950 rs737978 0.43355
22 30121062 rs9620919 0.0048952
22 30121285 rs9614037 0.004785800000000001
22 30121316 rs144039415 0.21555
22 30121369 rs111418302 0.2012
22 30121454 rs9614038 0.022482
22 30121455 rs9614039 0.023347
22 30121500 rs61093693 0.89033
22 30121577 rs5763436 8.311299999999999e-05
22 30121624 rs73390968 0.38841
22 30121633 rs144722150 0.33988
22 30121648 rs9614040 0.3669
22 30121649 rs558221160 0.25814000000000004
22 30121678 rs34347404 0.6785399999999999
22 30121856 rs141836017 0.22830999999999999
22 30122084 rs60670183 0.25311
22 30122279 rs140092 0.0085051
22 30122294 rs144127864 0.29316
22 30122347 rs193036392 0.20894000000000001
22 30122508 rs139902943 0.36896
22 30122512 rs116633842 0.37963
22 30122657 rs7287478 0.057481
22 30122874 rs143442712 0.2615
22 30122969 rs78474330 0.41667
22 30123029 rs9614041 0.12925999999999999
22 30123329 rs139276243 0.495
22 30123390 rs115947564 0.18478
22 30123751 rs4820812 0.0051823
22 30123802 rs114019798 0.15572
22 30124369 rs140094 0.012763
22 30124420 rs188653216 0.080096
22 30124450 rs140095 8.978299999999999e-05
22 30124516 rs77237354 0.46269
22 30124557 rs550357462 0.14653
22 30124614 rs140096 0.012589
22 30124780 rs73390970 0.25076
22 30124833 rs140097 0.01078
22 30124896 rs13057811 0.33259
22 30124968 rs9614042 0.10726
22 30125023 rs201748258 0.18388
22 30125257 rs181281994 0.43593999999999994
22 30125266 rs114204151 0.7180300000000001
22 30125616 rs559839645 0.37738
22 30125620 rs5997508 0.3341
22 30126040 rs45601532 0.48202
22 30126405 rs116653578 0.3038
22 30126526 rs187335022 0.24276999999999999
22 30126592 rs113394327 0.45658000000000004
22 30126644 rs140098 0.0023361000000000002
22 30126676 rs113970982 0.72013
22 30126811 rs111846036 0.69782
22 30126868 rs139936953 0.95847
22 30126926 rs116658301 0.86882
22 30126975 rs142160138 0.24113
22 30127135 rs6006230 0.74705
22 30127365 rs2232904 0.6246
22 30127367 rs2232903 0.4212
22 30127472 rs5752956 0.14214000000000002
22 30127636 rs151181268 0.2382
22 30128021 rs140099 0.002561
22 30128179 rs5997509 0.36317
22 30128208 rs527241502 0.020385
22 30128221 rs80305939 0.14647000000000002
22 30128240 rs140100 0.012517
22 30128249 rs77418693 0.45156999999999997
22 30128380 rs140101 0.011144
22 30128435 rs114652624 0.16485999999999998
22 30128443 rs140102 0.019657
22 30128452 rs60416116 0.078051
22 30128497 rs141941382 0.46291000000000004
22 30128520 rs372150109 0.2364
22 30128585 rs183335546 0.22915
22 30128586 rs146914361 0.41675
22 30128660 rs140103 0.021512
22 30128715 rs9620920 0.89715
22 30128866 rs141801650 0.29274
22 30128883 rs148129729 0.21611999999999998
22 30129156 rs140104 0.0046413
22 30129277 rs58198399 0.38582
22 30129544 rs115982059 0.8946700000000001
22 30129585 rs73390974 0.37646
22 30129797 rs114402164 0.32258000000000003
22 30129823 rs9620921 0.9337
22 30129967 rs71331211 0.42746999999999996
22 30129971 rs187854603 0.27197
22 30130115 rs140105 0.23296
22 30130186 rs138755955 0.72127
22 30130313 rs140106 0.0042838
22 30130494 rs73390978 0.35343
22 30130495 rs78919701 0.26284
22 30130516 rs140107 0.018196
22 30130776 rs140108 0.23292
22 30131112 rs73883307 0.17107
22 30131148 rs140110 0.012559
22 30131348 rs78923380 0.19621
22 30131505 rs184965576 0.27152
22 30131570 rs140111 0.019074
22 30131633 rs773566972 0.59949
22 30131774 rs76008493 0.51791
22 30131897 rs3788417 9.8342e-05
22 30132167 rs1001318 0.43326000000000003
22 30132319 rs112205074 0.15999000000000002
22 30132565 rs112629541 0.31289
22 30132964 rs131260 0.017519999999999997
22 30132993 rs140557471 0.26999
22 30133125 rs61310283 0.49823999999999996
22 30133185 rs185734284 0.7307899999999999
22 30133430 rs140113 0.0033101
22 30133579 rs17462966 0.00010001
22 30133628 rs150792759 0.27299
22 30133723 rs757618844 0.47168999999999994
22 30133788 rs112758368 0.28858
22 30133882 rs545157046 0.5209199999999999
22 30133930 rs116513287 0.31058
22 30133987 rs140116 0.54923
22 30133988 rs529402464 0.22063000000000002
22 30134019 rs2074705 0.1633
22 30134060 rs35398643 0.016576
22 30134096 rs574004342 0.77762
22 30134285 rs55706109 0.83396
22 30134299 rs147178904 0.20989000000000002
22 30134381 rs2232902 0.23686999999999997
22 30134596 rs566958909 0.1744
22 30134597 rs115992383 0.14507
22 30134631 rs112645421 0.89554
22 30134763 rs131264 0.018053
22 30134793 rs140117 0.046629000000000004
22 30134809 rs542227248 0.73559
22 30134877 rs562885894 0.10307999999999999
22 30134915 rs12483807 0.009761399999999998
22 30135079 rs113264678 0.33553
22 30135246 rs375718285 0.9008200000000001
22 30135394 rs56995766 0.41566000000000003
22 30135400 rs58959802 0.39688
22 30135416 rs111703020 0.32858000000000004
22 30135486 rs16987976 0.40024
22 30135502 rs78803467 0.63148
22 30135622 rs566993785 0.08343099999999999
22 30135806 rs140118 6.3118e-05
22 30135928 rs73390986 0.009461
22 30136054 rs141065014 0.8041
22 30136137 rs7290420 0.33871
22 30136257 rs146832378 0.38278
22 30136606 rs2232900 0.9826799999999999
22 30136748 rs2232899 0.23315999999999998
22 30137045 rs6006234 0.32691
22 30137108 rs113851526 0.95116
22 30137172 rs113595635 0.2497
22 30137261 rs145977812 0.51084
22 30137262 rs105311 0.01736
22 30137282 rs138793298 0.51084
22 30137350 rs537651672 0.0073086
22 30137671 rs147372634 0.51084
22 30137703 rs113509904 0.49551999999999996
22 30137776 rs368125815 0.22705
22 30138149 rs140119 0.046887
22 30138232 rs1548684 0.0095583
22 30138296 rs144415111 0.26939
22 30138497 rs60102307 0.25595
22 30138548 rs140120 0.034614
22 30138689 rs140121 0.016321000000000002
22 30138808 rs372057956 0.23445
22 30138908 rs140122 0.045259
22 30139118 rs6006235 0.33664
22 30139334 rs8138421 0.33926
22 30139377 rs17554391 0.7962600000000001
22 30139466 rs150194073 0.51084
22 30139703 rs192132026 0.31937
22 30139825 rs78433355 0.3247
22 30140087 rs192845633 0.22906999999999997
22 30140106 rs116378288 0.070457
22 30140107 rs182610478 0.22906999999999997
22 30140180 rs16987987 0.36096
22 30140278 rs5997515 0.32884
22 30140326 rs374725361 0.23494
22 30140358 rs11090577 0.010059
22 30140464 rs531924916 0.2774
22 30140586 rs562810083 0.19128
22 30140601 rs548456173 0.089619
22 30140680 rs112382888 0.86849
22 30140900 rs78998444 0.33862
22 30141282 rs116825166 0.31072
22 30141485 rs538464917 0.8124600000000001
22 30141741 rs113244742 0.2534
22 30141761 rs113658834 0.92094
22 30141782 rs578087289 0.7361800000000001
22 30141822 rs7285384 0.94624
22 30141949 rs146967964 0.23494
22 30142004 rs6006237 0.35468
22 30142104 rs12163073 0.33018000000000003
22 30142403 rs59923178 0.0089092
22 30142908 rs372330287 0.2286
22 30142909 rs374237443 0.2286
22 30143026 rs112751988 0.8044899999999999
22 30143206 rs140123 0.019441999999999997
22 30143240 rs73161005 8.3624e-05
22 30143534 rs111876093 0.32898
22 30143693 rs140124 6.532e-05
22 30143850 rs79366718 0.25327
22 30143858 rs569755009 0.4069
22 30144079 rs377248910 0.2286
22 30144323 rs141522874 0.49672
22 30144608 rs2232898 0.28054
22 30144941 rs112380936 0.39949
22 30145591 rs131265 0.019459999999999998
22 30145620 rs117400388 0.097438
22 30145673 rs61399074 0.9785200000000001
22 30145717 rs131266 0.019306999999999998
22 30145765 rs372069185 0.5151
22 30145770 rs183009198 0.2335
22 30146149 rs78393351 0.34431999999999996
22 30146168 rs112629375 0.80993
22 30146507 rs140125 0.24453000000000003
22 30146658 rs73391000 0.34618000000000004
22 30146845 rs116679864 0.24401
22 30147038 rs140126 0.069176
22 30147155 rs143062973 0.6038100000000001
22 30147210 rs1034779 0.0099873
22 30147534 rs374411558 0.22825
22 30147798 rs184717093 0.99034
22 30147861 rs131267 0.049481
22 30147938 rs131268 0.049505
22 30148386 22:30148386_C_A 0.06425700000000001
22 30148825 rs181018292 0.19025
22 30148831 rs143019260 0.21241
22 30148916 rs116605535 0.34165
22 30149059 rs16988003 0.005862
22 30149144 rs12159536 0.3323
22 30149320 rs12628479 0.5524600000000001
22 30149469 rs370250760 0.38959
22 30149505 rs131269 0.00010752
22 30149546 rs140127 0.049994
22 30149672 rs111598439 0.19039
22 30149896 rs131270 0.020562
22 30149961 rs6006238 0.32213
22 30150140 rs140128 0.068614
22 30150154 rs141445831 0.90336
22 30150204 rs117750923 0.28959
22 30150228 rs181543469 0.13459000000000002
22 30150297 rs142652641 0.80235
22 30150320 rs6006239 0.37195
22 30150395 rs79282051 0.009137200000000002
22 30150549 rs140129 0.019043
22 30150621 22:30150621_A_G 0.20126
22 30150937 rs5752960 0.017235
22 30151007 rs187757437 0.77812
22 30151280 rs138590698 0.34307
22 30151582 rs131271 0.019152000000000002
22 30151687 rs140130 0.0063506
22 30151700 rs12160851 0.0175
22 30151716 rs140131 0.019615999999999998
22 30151754 rs16988005 0.16444
22 30151917 rs73392820 0.44601
22 30151945 rs73392822 0.0085392
22 30152345 rs77470490 0.7548
22 30152405 rs572504930 0.49432
22 30152522 rs140133 0.019369
22 30152587 rs111318525 0.011129
22 30153147 rs78464866 0.35886999999999997
22 30153154 rs9625858 0.25949
22 30153363 rs147248862 0.21191999999999997
22 30153655 rs131272 0.022418
22 30153721 rs131273 0.021271
22 30153841 rs555732026 0.43813
22 30153864 rs131274 7.1241e-05
22 30153930 rs131275 0.074737
22 30153938 rs5763463 0.17576
22 30154101 rs131277 0.021122
22 30154321 rs115768045 0.90455
22 30154764 rs79890928 0.24804
22 30154990 rs181898233 0.9436399999999999
22 30155010 rs532103713 0.77854
22 30155086 rs546972529 0.25001999999999996
22 30155087 rs116623765 0.57719
22 30155113 rs131278 0.29651
22 30155160 rs538453144 0.25001999999999996
22 30155251 rs131279 0.021381999999999998
22 30155299 rs112037241 0.0074995
22 30155341 rs145318843 0.9194899999999999
22 30155402 rs113900591 0.13835
22 30155420 rs115257726 0.8382200000000001
22 30156129 rs182365408 0.17765999999999998
22 30156235 rs375736975 0.21491999999999997
22 30156430 rs131281 0.021468
22 30156451 rs138941984 0.090573
22 30156481 rs149418091 0.31281
22 30156608 rs131282 0.019808000000000003
22 30157039 rs377478953 0.18385
22 30157056 rs143924237 0.8817200000000001
22 30157381 rs532830864 0.18166
22 30157382 rs541407327 0.18925
22 30157495 rs7285404 0.27373000000000003
22 30157589 rs131284 0.07374800000000001
22 30157671 rs181791763 0.18803
22 30157940 rs131285 0.020297
22 30158351 rs131286 0.021195
22 30158418 rs563572609 0.093557
22 30158463 rs131287 0.07320800000000001
22 30159052 rs149737169 0.9153100000000001
22 30159269 rs181691242 0.27455999999999997
22 30159585 rs146732701 0.18439
22 30159637 rs76871228 0.0066876
22 30159864 rs181453039 0.17142000000000002
22 30159998 rs13057329 0.53737
22 30160074 rs112002924 0.12813
22 30160171 rs77363736 0.49813999999999997
22 30160693 rs376626833 0.16994
22 30160747 rs8142292 0.015121
22 30160813 rs115475452 0.31192
22 30160857 rs116315292 0.007337899999999999
22 30161133 rs131289 9.942e-05
22 30161148 rs140619066 0.36917
22 30161278 rs6006241 0.25919000000000003
22 30161280 rs9614046 0.010117000000000001
22 30161297 rs113610976 0.4938
22 30161653 rs111833760 0.18241
22 30161703 rs7288777 0.07584
22 30161718 rs112620764 0.18513
22 30161801 rs5997518 0.11782999999999999
22 30162199 rs76492694 0.0069514
22 30162544 rs73392847 0.40426999999999996
22 30162574 rs138809741 0.53618
22 30162747 rs149366985 0.75362
22 30162941 rs76121038 0.12372000000000001
22 30163110 rs16988011 0.47048999999999996
22 30163146 rs16988015 0.9415399999999999
22 30163210 rs113818122 0.12144
22 30163332 rs140134 0.034054
22 30163526 rs76013375 0.33952
22 30163571 rs200176748 0.42805
22 30163631 rs370069820 0.65294
22 30163657 rs180878075 0.7258899999999999
22 30163835 rs140135 0.27133
22 30164369 rs16988025 0.0047076
22 30164511 rs12158466 0.23260999999999998
22 30164550 rs186630137 0.75676
22 30164615 rs575323739 0.13518
22 30164765 rs139520152 0.24061999999999997
22 30164902 rs553851404 0.27985
22 30165345 rs116223116 0.24004
22 30165412 rs140139 0.034804
22 30165457 rs562925841 0.028629
22 30165853 rs183003834 0.26678
22 30166437 rs140140 0.034371
22 30166630 rs6006242 0.20424
22 30166740 rs112235084 0.75413
22 30166759 rs191867732 0.40998
22 30166770 rs140510096 0.12462999999999999
22 30166781 rs150424139 0.14584
22 30166835 rs528704316 0.62438
22 30167055 rs58906954 0.40589000000000003
22 30167233 rs7292013 0.0046297
22 30167325 rs187933887 0.62438
22 30167343 rs8138165 0.23843000000000003
22 30167356 rs113940100 0.061765999999999995
22 30167375 rs58763525 0.0045595
22 30167419 rs112762473 0.49231
22 30167501 rs142621433 0.7492300000000001
22 30167552 rs566539613 0.24953000000000003
22 30167676 rs117199619 0.50321
22 30167727 rs144052453 0.30832
22 30167750 rs375593488 0.58296
22 30167755 rs114476654 0.37096
22 30167931 rs111823301 0.36173
22 30168050 rs193108924 0.31354
22 30168102 rs148656199 0.89685
22 30168147 rs113214634 0.6816
22 30168151 rs549541355 0.020125999999999998
22 30168469 rs73883310 0.004642899999999999
22 30168490 rs112413498 0.065224
22 30168500 rs139496922 0.7492300000000001
22 30168947 rs1859531 0.24603000000000003
22 30168982 rs772554819 0.68193
22 30169079 rs140142 0.28226
22 30169219 rs180971179 0.47065
22 30169332 rs58808486 0.47301000000000004
22 30169356 rs115656361 0.33504
22 30169436 rs131291 0.12818
22 30169443 rs187298374 0.57967
22 30169469 rs374932477 0.57128
22 30169470 rs144898434 0.08614
22 30169684 rs114174648 0.31488
22 30169716 rs57779751 0.004582
22 30169871 rs145046103 0.0050805
22 30169920 rs148113222 0.30548000000000003
22 30169952 rs111529013 0.4149
22 30169974 rs148594089 0.004431
22 30169992 rs138793010 0.51437
22 30170027 rs181545114 0.10904000000000001
22 30170124 rs527986575 0.5633199999999999
22 30170169 rs115753285 0.46453
22 30170217 rs5997519 0.21643
22 30170335 rs113284808 0.19178
22 30170655 rs142682088 0.51072
22 30170724 rs150583181 0.32592
22 30171031 rs131293 1.0499e-05
22 30171112 rs377570496 0.57603
22 30171180 rs113653450 0.46515
22 30171212 rs138608906 0.39104
22 30171271 rs131294 0.27541
22 30171366 rs144518819 0.39805999999999997
22 30171462 rs139569805 0.23826
22 30171670 rs6006247 0.19938
22 30172061 rs112481907 0.5241100000000001
22 30172254 rs737721 0.25903000000000004
22 30172404 rs16987142 0.19094
22 30172505 rs147146125 0.23794
22 30172530 rs113405529 0.3604
22 30172589 rs2018808 0.19459
22 30172693 rs737728 0.17276
22 30173033 rs75992869 0.47603999999999996
22 30173106 rs184385720 0.77441
22 30173177 rs5997520 0.2052
22 30173549 rs116260160 0.9084700000000001
22 30173649 rs112057476 0.50774
22 30173702 rs131295 8.555199999999999e-06
22 30173731 rs184073683 0.83514
22 30173741 rs189728098 0.56789
22 30173828 rs8136110 0.31595
22 30174152 rs8136642 0.17706
22 30174229 rs131296 0.29683000000000004
22 30174563 rs73883312 0.0043803
22 30174582 rs78355163 0.88807
22 30174611 rs114331941 0.31166
22 30174643 rs115202406 0.29713
22 30174949 rs115472052 0.30036999999999997
22 30175071 rs78650518 0.52095
22 30175110 rs114805759 0.28486
22 30175163 rs118125772 0.9366
22 30175651 rs77191376 0.22474
22 30176329 rs873474 0.9098200000000001
22 30176358 rs149244762 0.51615
22 30176487 rs556728929 0.32439
22 30176490 rs144418801 0.5568
22 30176546 rs114234428 0.47552
22 30177239 rs146812722 0.47468
22 30177787 rs150403189 0.5164
22 30177814 rs145161672 0.51595
22 30177971 rs114914465 0.51595
22 30178150 rs77302496 0.0047006
22 30178305 rs140145 8.9681e-06
22 30178529 rs182628541 0.883
22 30178543 rs187634663 0.9356700000000001
22 30178613 rs190887970 0.7004600000000001
22 30178664 rs73883313 0.0043321
22 30178883 rs114389524 0.64861
22 30179211 rs192085733 0.16973
22 30179657 rs138729009 0.23051999999999997
22 30179723 rs59698661 0.33409
22 30179784 rs188251834 0.71197
22 30179905 rs10212006 0.92514
22 30179995 rs137874418 0.65152
22 30180001 rs131298 0.035162
22 30180045 rs112796545 0.8618299999999999
22 30180400 rs370838270 0.39573
22 30180423 rs149647130 0.1673
22 30180911 rs6006249 0.17775
22 30181059 rs146147593 0.5063
22 30181208 rs61616383 0.15008
22 30181311 rs5997521 0.82139
22 30181632 rs140150675 0.5444899999999999
22 30181698 rs143794853 0.51195
22 30181829 rs73392870 0.4424
22 30182342 rs6006250 0.14792
22 30182558 rs7285885 0.0035470999999999996
22 30182616 rs12628234 0.17619
22 30182681 rs185963498 0.32953000000000005
22 30182927 rs131300 0.053687
22 30183577 rs75319342 0.6503800000000001
22 30183586 rs5997522 0.37565
22 30183610 rs12628294 0.31669
22 30183777 rs142225467 0.48501000000000005
22 30184336 rs73392874 0.43673
22 30184542 rs760156665 0.013411000000000001
22 30184598 rs77843430 0.49108
22 30184599 rs140147 7.3297e-06
22 30184616 rs564097578 0.031613999999999996
22 30184950 rs7954 0.031983
22 30184982 rs146167118 0.9900100000000001
22 30185439 rs73392878 0.4189
22 30185545 rs76168920 0.42421000000000003
22 30185613 rs140149 7.2789e-06
22 30185624 rs372555286 0.16274
22 30185719 rs140150 8.4569e-06
22 30185810 rs150018767 0.36136999999999997
22 30185889 rs131301 0.005737
22 30186097 rs370943137 0.45898999999999995
22 30186139 rs140151 0.29475
22 30186254 rs563485755 0.16807
22 30186339 rs144281916 0.76231
22 30186632 rs76833153 0.48913
22 30186892 rs6006257 0.48545
22 30187144 rs148730356 0.44173
22 30187265 rs113380085 0.70962
22 30187668 rs376182618 0.61403
22 30187702 rs9614055 0.0054491999999999995
22 30188084 rs5752961 0.005447
22 30188190 rs79147485 0.41567
22 30188245 rs5752962 0.03145
22 30188611 rs9614057 0.29719
22 30188654 rs6006258 0.81926
22 30188672 rs2240364 0.11105
22 30188741 rs2240365 0.13122
22 30188928 rs75661409 0.006404699999999999
22 30188944 rs569295033 0.26224000000000003
22 30189077 rs539849243 0.049007
22 30189109 rs544287180 0.82942
22 30189154 rs561003405 0.0043208
22 30189181 rs150333670 0.52479
22 30189497 rs112106561 0.12089000000000001
22 30189592 rs34062345 0.48533000000000004
22 30189642 rs61736786 0.7406
22 30189643 rs61736785 0.56509
22 30189767 rs188826413 0.72238
22 30189810 rs116828519 0.33135
22 30189937 rs138509954 0.33141
22 30189964 22:30189964_T_G 0.010232
22 30190057 rs111608398 0.12399
22 30190249 rs185323656 0.75979
22 30190250 rs190866027 0.67991
22 30190385 rs5763498 0.3734
22 30190429 rs5997524 0.14659
22 30190511 rs150655604 0.32532
22 30190699 rs6006260 0.59901
22 30190956 rs553814957 0.3223
22 30191153 rs191522974 0.7006100000000001
22 30191305 rs114695535 0.4827
22 30191344 rs145611705 0.93545
22 30191490 rs150972951 0.43735
22 30191921 rs74769023 0.0061649999999999995
22 30191992 rs140919788 0.27743
22 30192001 rs112212124 0.069251
22 30192288 rs150495751 0.60673
22 30192373 rs776391347 0.078304
22 30192483 rs9620923 0.16457
22 30192563 rs571863973 0.5574399999999999
22 30192589 rs572329485 0.8361799999999999
22 30192646 rs185458904 0.40281
22 30192692 rs73392888 0.0061342
22 30192993 rs117858341 0.015453999999999999
22 30193548 rs2349225 0.2987
22 30193552 rs77972992 0.40226999999999996
22 30193554 rs77080750 0.6809
22 30193598 rs11702929 0.6023
22 30193793 rs188488477 0.38691
22 30193905 rs139911549 0.42758999999999997
22 30194049 rs4823053 0.013090000000000001
22 30194238 rs189088064 0.69965
22 30194304 rs181031015 0.49606999999999996
22 30194314 rs149948132 0.76884
22 30194317 rs113932935 0.66322
22 30194583 rs534021326 0.4541
22 30194589 rs554392812 0.45361
22 30194813 rs116425690 0.27743
22 30195525 rs2240366 0.1417
22 30195765 rs113438877 0.078811
22 30195924 rs6006262 0.16668
22 30195937 rs185911003 0.20424
22 30195949 rs7289803 0.0055315
22 30196149 rs150923092 0.55452
22 30196214 rs141110437 0.22441
22 30196264 rs28730892 0.1623
22 30196897 rs16988043 0.78717
22 30196931 rs150264834 0.36507
22 30197031 rs34833047 0.07710800000000001
22 30197603 rs16988044 0.12153
22 30197797 rs114421907 0.47689
22 30197953 rs373702920 0.37595
22 30198025 rs4823054 0.014891999999999999
22 30198225 rs113225934 0.093842
22 30198589 rs12172139 0.085249
22 30198799 rs144241330 0.14947
22 30199009 rs60000955 0.51095
22 30199084 rs5997529 6.9839999999999995e-06
22 30199163 rs542567624 0.37163
22 30199204 rs112383659 0.066514
22 30199338 rs249394 0.005377300000000001
22 30199347 rs75190314 0.12175
22 30199392 rs8143161 0.39266999999999996
22 30199631 rs112616484 0.1122
22 30199743 rs115117498 0.18846
22 30199745 rs73392892 0.29586999999999997
22 30199895 rs374986050 0.37518
22 30199926 rs12485243 0.0031214000000000003
22 30200099 rs740041 5.2693e-06
22 30200208 rs375588258 0.41886999999999996
22 30200211 rs139220952 0.27589
22 30200260 rs73392894 0.37790999999999997
22 30200347 rs149897893 0.20919000000000001
22 30200362 rs81800 0.005129600000000001
22 30200399 rs740116 0.13501
22 30200468 rs112682918 0.12197999999999999
22 30200616 rs11703594 0.8290200000000001
22 30200713 rs36571 0.0057832000000000005
22 30200761 rs28265 0.0052776
22 30200893 rs2074706 3.2918e-06
22 30200936 rs36572 0.030494
22 30201158 rs142478136 0.29222
22 30201381 rs73392899 0.13684000000000002
22 30201500 rs112761405 0.11160999999999999
22 30201580 rs147955275 0.30178
22 30201618 rs147090468 0.63258
22 30201623 rs113578251 0.074366
22 30201680 rs76493134 0.44801
22 30201834 rs114213163 0.30158
22 30201843 rs141001456 0.41173999999999994
22 30201857 rs74732011 0.3833
22 30201988 rs777452440 0.26625
22 30202079 rs12159277 0.13272
22 30202086 rs138747772 0.087146
22 30202386 rs186116709 0.70657
22 30202606 rs564984511 0.42263
22 30202736 rs79701596 0.9266700000000001
22 30202774 rs737945 0.00015322
22 30202898 rs149350095 0.40913
22 30202969 rs549053685 0.75441
22 30202984 rs12627866 0.13874
22 30203159 rs187800377 0.00049369
22 30203467 rs116763476 0.30595
22 30203485 rs562761560 0.1894
22 30203567 rs16988049 0.13291
22 30203599 rs5997530 6.420900000000001e-06
22 30203679 rs141817109 0.25858000000000003
22 30203770 rs112597406 0.9406399999999999
22 30203833 rs5752963 0.012177
22 30203842 rs2079338 5.9342e-06
22 30203919 rs36573 0.0023257
22 30204484 rs148450219 0.11370999999999999
22 30204487 rs11912696 0.07889
22 30204529 rs112702616 0.38166
22 30204980 rs36574 0.005138
22 30205173 rs116452974 0.46298
22 30205572 rs36575 0.0052232
