CHR BP SNP P
20 2905494 rs143689518 0.75183
20 2906077 rs77524460 0.76854
20 2906142 rs148118267 0.062779
20 2906226 rs147294473 0.18084
20 2906235 rs140958625 0.6079600000000001
20 2906418 rs143310703 0.85095
20 2906632 rs117502245 0.19469
20 2906895 rs585040 2.6980999999999998e-05
20 2906983 rs6051476 0.43567
20 2907006 rs527727 1.9153e-05
20 2907044 rs79760362 0.93116
20 2907117 rs13036430 1.6153e-05
20 2907475 rs113388020 0.19784000000000002
20 2907580 rs6051477 0.45981000000000005
20 2907842 rs144932437 0.47256000000000004
20 2907844 rs148632551 0.024418000000000002
20 2907998 rs142132641 0.19583
20 2908029 rs183074004 0.09875
20 2908121 rs187966697 0.49523999999999996
20 2908131 rs79486392 0.24825999999999998
20 2908570 rs55822505 0.8935
20 2908769 rs6051482 2.5617e-05
20 2908907 rs6051483 2.0099000000000002e-05
20 2909290 rs6115728 2.5069e-05
20 2909439 rs12481203 0.469
20 2909700 rs112012071 0.87508
20 2909702 rs146650380 0.17657
20 2910044 rs6084203 0.15645
20 2910332 rs118149090 0.49622
20 2910645 rs1178040 7.925499999999999e-07
20 2910677 rs78192490 0.81374
20 2910747 rs115133850 0.84147
20 2910827 rs1178041 0.5115
20 2910880 rs6138953 0.92417
20 2910940 rs139265209 0.38745
20 2911767 rs144106358 0.34108
20 2911856 rs1178042 1.9519e-05
20 2911954 rs75655999 0.32661
20 2912100 rs115208071 0.12836
20 2912186 rs186095496 0.63307
20 2912406 rs115906946 0.41116
20 2912773 rs73581738 0.31690999999999997
20 2912947 rs151034895 0.12930999999999998
20 2913701 rs190904493 0.15615
20 2913705 rs77278959 0.6835100000000001
20 2914075 rs1178043 3.9147e-07
20 2914105 rs6084204 1.1805e-06
20 2914214 rs117395699 0.10917
20 2914669 rs146469123 0.19566
20 2914758 rs1178044 4.0814999999999996e-07
20 2914828 rs117845292 0.85244
20 2914988 rs73581740 0.19030999999999998
20 2915379 rs112074062 0.27564
20 2915416 rs28718735 0.5593100000000001
20 2915562 rs36052731 1.3653e-06
20 2915955 rs755507554 0.16277
20 2915964 rs6138954 0.00018619
20 2916038 rs6037431 0.48318999999999995
20 2916202 rs576082194 0.88221
20 2916474 rs527262295 0.79857
20 2916523 rs8114424 0.20039
20 2917163 rs1178045 0.45776000000000006
20 2917227 rs62207192 0.39538
20 2917862 rs144060286 0.6904600000000001
20 2918320 rs6084206 9.811100000000001e-05
20 2918651 rs150559353 0.47048
20 2918747 rs6084207 0.7754
20 2918789 rs139593523 0.3128
20 2918894 rs149732415 0.12802
20 2918945 rs145634031 0.75466
20 2918979 rs111634496 0.31577
20 2919722 rs77681895 0.79393
20 2920368 rs143732989 0.12716
20 2920651 rs151089086 0.49018999999999996
20 2920772 rs115714990 0.29882
20 2920830 rs141046140 0.091507
20 2921026 rs77168804 0.43396
20 2921523 rs6084208 0.18512
20 2921638 rs137903261 0.31735
20 2921668 rs371166902 0.48612
20 2921721 rs113490522 0.31432
20 2921961 rs114422263 0.90295
20 2922971 rs117210446 0.18667999999999998
20 2923233 rs139742307 0.19655
20 2923443 rs182979642 0.12689
20 2923802 rs117718369 0.032046
20 2924634 rs73581752 0.31339
20 2924912 rs145253081 0.84635
20 2925332 rs8116179 0.27431
20 2925548 rs114792679 0.28059
20 2925657 rs140709736 0.9742799999999999
20 2925667 rs747022405 0.019819
20 2925705 rs115364471 0.84636
20 2925728 rs13038135 1.9756e-05
20 2926354 rs137855825 0.29244000000000003
20 2926829 rs118057307 0.18203
20 2927003 rs73086646 0.19582
20 2927277 rs149278385 0.13934000000000002
20 2927363 rs1178047 0.53669
20 2927505 rs1178048 6.950399999999999e-05
20 2927796 rs6076448 0.5937
20 2928037 rs147219765 0.18841
20 2928328 rs142815395 0.15062
20 2928445 rs967789 3.1505e-05
20 2928653 rs569471159 0.3424
20 2928763 rs745913459 0.42848
20 2929270 rs114704725 0.11752
20 2929408 rs6115734 0.33847
20 2929414 rs6037434 0.024175
20 2929454 rs144462754 0.79856
20 2929551 rs60132298 0.35475999999999996
20 2929689 rs76179312 0.21358000000000002
20 2930061 rs115610315 0.9182799999999999
20 2930439 rs74696791 0.9032899999999999
20 2930502 rs138066820 0.16011
20 2930770 rs1741731 0.45692
20 2931112 rs6138960 0.9422200000000001
20 2931284 rs138953404 0.99215
20 2931696 rs193118357 0.18391
20 2931896 rs117563807 0.37811
20 2931922 rs778000414 0.056290999999999994
20 2932053 rs76672576 0.64262
20 2932286 rs116171505 0.26304
20 2932443 rs139659183 0.29730999999999996
20 2932664 rs146614685 0.99374
20 2932968 rs115358945 0.6709999999999999
20 2933184 rs114105759 0.79564
20 2933613 rs1178049 0.48391999999999996
20 2933912 rs138029073 0.24944000000000002
20 2934036 rs142143352 0.73444
20 2934067 rs570766206 0.18092
20 2934120 rs116845231 0.0016331
20 2934158 rs6138962 0.00013093
20 2934260 rs558579071 0.18092
20 2934269 rs141341415 0.45811
20 2934398 rs6138963 8.6054e-07
20 2934589 rs138678623 0.47516
20 2934623 rs114419150 0.26045
20 2934689 rs1178050 0.49667
20 2934940 rs183439889 0.28203
20 2935005 rs192966543 0.10605
20 2935542 rs74891265 0.98029
20 2936120 rs139597289 0.026115
20 2936204 rs10485604 0.41016
20 2936928 rs118072276 0.1856
20 2936981 rs76642213 0.87051
20 2937060 rs183826878 0.8672200000000001
20 2937112 rs35546589 3.463e-05
20 2938247 rs114760691 0.27913000000000004
20 2938590 rs6051498 0.36945
20 2938604 rs117181010 0.033572000000000005
20 2938811 rs143583692 0.80967
20 2939613 rs577273499 0.32649
20 2940239 rs11087559 0.95967
20 2940277 rs73581764 0.5466
20 2940278 rs67036767 0.35977
20 2940391 rs1178051 0.44893999999999995
20 2940480 rs139840274 0.27626
20 2940529 rs112806736 0.42767
20 2940565 rs144825278 0.8673200000000001
20 2940633 rs73581768 0.32244
20 2941045 rs537695962 0.04154
20 2941132 rs140347055 0.47106000000000003
20 2941146 rs534300640 0.03925
20 2941230 rs151172675 0.039094
20 2941267 rs117731947 0.86818
20 2941440 rs7265376 0.10695
20 2941488 rs116984114 0.18708
20 2941550 rs36082439 0.42341999999999996
20 2941587 rs11906085 0.31890999999999997
20 2941655 rs1178024 0.39386
20 2941914 rs1178025 3.5520000000000006e-07
20 2942004 rs1178026 0.39626
20 2942096 rs6084219 0.39358000000000004
20 2942120 rs78519355 0.62879
20 2942330 rs8119720 0.41748999999999997
20 2942455 rs114569608 0.26288
20 2942486 rs2422835 0.40014
20 2942590 rs117429138 0.9611299999999999
20 2942811 rs190413293 0.66222
20 2943179 rs140128665 0.17969000000000002
20 2943406 rs73581771 0.76939
20 2943541 rs73086661 0.9476100000000001
20 2944520 rs147327436 0.26485
20 2944832 rs28373201 0.38997
20 2944928 rs140259035 0.6181399999999999
20 2945027 rs149671617 0.24176999999999998
20 2945288 rs3818226 1.2107e-06
20 2945410 rs144456268 0.56476
20 2945759 rs1178027 0.41766000000000003
20 2945774 rs114564370 0.35898
20 2946314 rs115131846 0.4022
20 2946874 rs150982725 0.14631
20 2946915 rs185836283 0.26655
20 2946995 rs6084222 0.8749
20 2947203 rs143441363 0.21168
20 2947258 rs141191570 0.22275
20 2947919 rs114435185 0.47438
20 2947970 rs6138969 0.97106
20 2947991 rs184237197 0.53132
20 2947992 rs148953209 0.8348899999999999
20 2948249 rs143736490 0.69433
20 2949154 rs181056132 0.24423000000000003
20 2949376 rs35673291 0.39996
20 2949398 rs541450268 0.14579
20 2949955 rs150716088 0.17223
20 2950437 rs189359656 0.092007
20 2950476 rs181657309 0.16448
20 2950558 rs34945836 1.9409e-05
20 2950740 rs146734994 0.10529000000000001
20 2950742 rs12625897 1.8355e-05
20 2951024 rs6138972 0.9847600000000001
20 2951325 rs78111680 0.21061
20 2952970 rs539212306 0.20876
20 2953988 rs182912347 0.20870999999999998
20 2954002 rs142460490 0.14423
20 2954127 rs76949432 0.19846
20 2954377 rs149429703 0.47858
20 2955042 rs1178023 0.4386
20 2955046 rs147970153 0.9578
20 2955103 rs141637326 0.35565
20 2955105 rs145960993 0.35506
20 2955254 rs139854425 0.28393
20 2955922 rs112807110 0.015795
20 2956084 rs12480170 0.46775
20 2956251 rs146240913 0.21265
20 2956305 rs73581775 0.46393999999999996
20 2957499 rs73581778 0.40125
20 2957777 rs145336914 0.95844
20 2957779 rs766359958 0.38643
20 2957899 rs186666187 0.14104
20 2958951 rs190903682 0.78079
20 2959334 rs150473697 0.19832
20 2959526 rs3827130 2.3662e-06
20 2959560 rs116023447 0.20374
20 2959742 rs138548768 0.16594
20 2959906 rs35917867 0.56313
20 2960160 rs34177904 0.49558
20 2960343 rs6051508 0.49118
20 2960620 rs141744903 0.98785
20 2960876 rs73086668 0.070439
20 2960933 rs13038702 2.3058000000000002e-05
20 2961024 rs6115747 0.4232
20 2961318 rs6138973 0.9102600000000001
20 2961319 rs140715306 0.2024
20 2961408 rs6037443 2.6725e-05
20 2961584 rs537488684 0.052878999999999995
20 2961630 rs114459341 0.9364100000000001
20 2961645 rs80113680 0.4648
20 2961873 rs74639016 0.46908999999999995
20 2962004 rs1884891 1.9486e-05
20 2962104 rs6051510 0.53757
20 2962331 rs6138974 0.00015479
20 2962590 rs74383235 0.077767
20 2962679 rs138505454 0.8789299999999999
20 2962815 rs1178034 3.2616e-07
20 2962917 rs11696687 0.047608
20 2962980 rs149492273 0.66867
20 2963003 rs144026130 0.16346
20 2963101 rs189878598 0.26869
20 2963240 rs142843176 0.21298000000000003
20 2963411 rs147433411 0.1043
20 2963604 rs144640652 0.21238
20 2964262 rs549399800 0.5240100000000001
20 2964327 rs7265682 0.1986
20 2964502 rs34963539 0.48639
20 2964711 rs150020620 0.23868000000000003
20 2964772 rs962439 0.42336999999999997
20 2964773 rs563035198 0.66542
20 2964851 rs962440 1.6371e-05
20 2964927 rs962441 0.37244
20 2965329 rs73581784 0.83845
20 2965463 rs78922155 0.76412
20 2965612 rs147991353 0.1692
20 2965752 rs116852959 0.91379
20 2965806 rs117765690 0.9228
20 2965817 rs73581786 0.24184
20 2966161 rs6138975 0.88576
20 2966188 rs551756299 0.24929
20 2966624 rs147423704 0.22981999999999997
20 2966893 rs6037444 0.40637
20 2967870 rs142868860 0.16585
20 2968110 rs74893620 0.8870299999999999
20 2968648 rs368070057 0.93194
20 2968936 rs146853356 0.20304
20 2969015 rs61742610 0.41255
20 2969081 rs61742722 0.17027
20 2969394 rs144892516 0.008416
20 2970000 rs147805495 0.022165
20 2970296 rs6132998 0.9273399999999999
20 2970332 rs4813622 0.071616
20 2970369 rs77093394 0.18047
20 2970390 rs4813623 0.29785
20 2970402 rs141761763 0.71506
20 2970408 rs190172940 0.0032046999999999996
20 2970430 rs371359506 0.004228
20 2970435 rs560634448 0.0031464
20 2970509 20:2970509_A_G 0.71904
20 2970985 rs73581790 0.29875999999999997
20 2971011 rs142053518 0.19584000000000001
20 2971163 rs79994032 0.51455
20 2971574 rs78458087 0.4402
20 2971882 rs6051514 0.40703
20 2971904 rs139451689 0.5252
20 2972057 rs6051515 0.40337
20 2972644 rs568560782 0.82704
20 2972663 rs116328155 0.16524
20 2973119 rs6076452 1.0698000000000001e-06
20 2973199 rs6076453 1.0545e-06
20 2973392 rs147613749 0.65368
20 2973493 rs73581791 0.26174000000000003
20 2974035 rs1178037 0.38301
20 2974579 rs79415576 0.18295999999999998
20 2974801 rs114974445 0.8646
20 2974887 rs116635089 0.37755
20 2975069 rs60040561 0.95029
20 2975631 rs7508908 0.43088000000000004
20 2976386 rs77441149 0.8654700000000001
20 2976725 rs144349842 0.14712
20 2976818 rs117962963 0.13664
20 2977537 rs6051518 1.2401e-06
20 2977581 rs75495404 0.42636
20 2977611 rs1178038 0.41155
20 2978633 rs181642267 0.12962
20 2978635 rs530602777 0.11534000000000001
20 2978928 rs6084229 1.7785e-07
20 2978969 rs778090537 0.58303
20 2979053 rs78221943 0.9538700000000001
20 2979141 rs6037452 8.7157e-05
20 2979156 rs1178039 1.8307999999999998e-05
20 2979215 rs6037454 0.44173999999999997
20 2979433 rs140816127 0.30266
20 2979846 rs115458087 0.088966
20 2980701 rs182704706 0.33752
20 2980721 rs148891605 0.15986
20 2980871 rs138809198 0.15784
20 2981354 rs12481535 1.1224e-06
20 2981388 rs12480069 1.1290000000000001e-06
20 2981604 rs8124141 0.56199
20 2981636 rs141900350 0.34899
20 2981750 rs13037313 3.862e-05
20 2981922 rs73583850 0.40889000000000003
20 2981948 rs143312746 0.32047
20 2982482 rs6051522 0.39443
20 2982521 rs1178032 0.44346
20 2982743 rs79402271 0.11490999999999998
20 2982923 rs139435802 0.30699
20 2983398 rs189228430 0.44528999999999996
20 2984150 rs79285130 0.65577
20 2984703 rs1178033 0.3792
20 2984773 rs140341877 0.11494000000000001
20 2984813 rs58156936 0.78283
20 2984854 rs146526220 0.9707600000000001
20 2984940 rs187711821 0.12498
20 2984955 rs6132999 0.7500899999999999
20 2984959 rs6133000 0.9670700000000001
20 2984960 rs1963274 1.516e-06
20 2985375 rs557542408 0.6647
20 2985533 rs3746692 0.7592399999999999
20 2985535 rs118056492 0.20588
20 2985906 rs149152379 0.46712
20 2985949 rs113574767 0.11082
20 2985983 rs148348236 0.13108
20 2986286 rs138521672 0.15633
20 2986602 rs73583853 0.43141999999999997
20 2986918 rs115116337 0.18808
20 2986964 rs36103850 0.20365
20 2987337 rs6138976 0.97096
20 2987515 rs191386051 0.03472
20 2987575 rs111972080 0.42694
20 2987855 rs116943207 0.17831
20 2988078 rs139283654 0.30621
20 2988602 rs143488104 0.62057
20 2988876 rs140958155 0.33883
20 2988930 rs6138978 9.9748e-05
20 2989261 rs117964004 0.6141
20 2989278 rs145775318 0.11515999999999998
20 2989339 rs186321983 0.55042
20 2989420 rs549661534 0.24781999999999998
20 2989506 rs4308171 1.6687e-06
20 2989660 rs74886225 0.84047
20 2989814 rs16988197 0.41641000000000006
20 2990059 rs117535407 0.20312
20 2990104 rs75990124 0.52622
20 2990206 rs6084231 1.5765999999999999e-06
20 2990333 rs6138979 0.97515
20 2990557 rs1178029 0.36163
20 2990573 rs115158233 0.9361200000000001
20 2990625 rs73583859 0.43628999999999996
20 2990783 rs138482979 0.050922
20 2990820 rs115108408 0.11488
20 2991143 rs143416283 0.4426
20 2991268 rs1178030 9.5351e-05
20 2991437 rs139163500 0.57072
20 2991552 rs6051526 0.49811000000000005
20 2991560 rs6133002 0.00016450000000000001
20 2991725 rs193207934 0.84964
20 2992085 rs16988201 0.70534
20 2992195 rs142467245 0.11573
20 2992291 rs116979362 0.20162
20 2992428 rs34499110 0.47403999999999996
20 2992446 rs911143 2.2304000000000002e-07
20 2992659 rs73086682 0.77472
20 2992928 rs1178031 1.8964000000000002e-07
20 2992989 rs114921296 0.039637
20 2993649 rs2326053 2.8758000000000004e-07
20 2993798 rs78587065 0.27553
20 2993847 rs192025248 0.5552
20 2994151 rs57982215 0.49113
20 2994279 rs190082935 0.63876
20 2994534 rs10485605 0.4352
20 2994572 rs6133003 0.76005
20 2994616 rs77881030 0.29397
20 2994649 rs16988217 0.4341
20 2994665 rs186967929 0.11503
20 2994966 rs73583875 0.30062
20 2995392 rs6515756 0.070107
20 2995770 rs116388138 0.29279
20 2996114 rs184210494 0.74755
20 2996423 rs1178015 1.7259e-07
20 2996462 rs200279722 0.9663799999999999
20 2996497 rs1178016 1.8612000000000003e-07
20 2996781 rs7264982 0.48368
20 2997115 rs61396321 0.00021927
20 2998219 rs75356450 0.2068
20 2998328 rs11908366 0.15615
20 2998350 rs1474979 0.51958
20 2998368 rs115016892 0.56421
20 2998845 rs490705 1.8522000000000001e-07
20 2998977 rs552822889 0.28665999999999997
20 2999744 rs528763162 0.20675
20 2999748 rs547238786 0.43846999999999997
20 2999782 rs548259100 0.20774
20 2999826 rs111527368 0.16585999999999998
20 3000082 rs575610761 0.11612
20 3000731 rs193026675 0.65404
20 3000856 rs1178053 6.5759e-07
20 3000879 rs1178054 1.5199000000000003e-07
20 3000902 rs140578961 0.088009
20 3000903 rs1178055 3.0008e-07
20 3001036 rs12480786 0.48772
20 3001343 rs490535 0.00011878
20 3001346 rs618142 8.314100000000001e-07
20 3001373 rs140835740 0.077152
20 3001384 rs144649613 0.31172
20 3001392 rs189487595 0.9764700000000001
20 3001638 rs58747819 0.91107
20 3001932 rs200735006 0.53482
20 3002432 rs633293 1.2407999999999998e-07
20 3002512 rs76307441 0.78205
20 3002889 rs544090 2.2501999999999999e-07
20 3003027 rs2277756 0.06186900000000001
20 3003812 rs148034279 0.6101
20 3003839 rs6076461 0.61541
20 3003894 rs513890 1.2417e-07
20 3003965 rs73583884 0.3009
20 3004021 rs512866 2.029e-07
20 3004099 rs139852576 0.20307999999999998
20 3005037 rs116552285 0.11503
20 3005413 rs568235 1.2195e-07
20 3005713 rs111585888 0.043761
20 3006077 rs6138981 0.0004959
20 3006125 rs146643736 0.675
20 3006722 rs184871866 0.16113
20 3006878 rs141448917 0.56738
20 3007193 rs6138982 9.0119e-05
20 3007228 rs571058 1.2790999999999999e-07
20 3007311 rs45605233 0.68772
20 3007492 rs599538 1.4118e-07
20 3007885 rs185018035 0.30851
20 3007983 rs768481258 0.34711
20 3008239 rs613309 2.7162e-07
20 3008258 rs533675608 0.064144
20 3008448 rs6133005 0.9612200000000001
20 3008599 rs114715731 0.42288000000000003
20 3008601 rs756961128 0.006645399999999999
20 3008635 rs142903025 0.030798000000000002
20 3008712 rs117731415 0.21095999999999998
20 3008775 rs615568 9.131600000000001e-08
20 3008909 rs4574173 0.022377
20 3009113 rs57515603 0.38659
20 3009170 rs80123361 0.44998999999999995
20 3009218 rs184999609 0.30391
20 3009449 rs112851859 0.29795
20 3009509 rs507873 1.9242e-07
20 3009529 rs6051538 0.96983
20 3009669 rs637555 1.5952e-07
20 3009915 rs528597789 0.045966
20 3009918 rs638862 1.5713e-07
20 3010082 rs73086697 0.99572
20 3010144 rs144370950 0.17052
20 3010269 rs146610944 0.30488000000000004
20 3010489 rs6037456 0.48528999999999994
20 3010623 rs140160115 0.19295
20 3010965 rs3787479 0.49692
20 3011069 rs6037457 0.4876
20 3011128 rs148834245 0.28631999999999996
20 3011175 rs561059 3.8561e-07
20 3011188 rs654750 3.9321999999999997e-07
20 3011302 rs114043010 0.97609
20 3011518 rs12480076 0.8571700000000001
20 3011568 rs143487623 0.49659
20 3011652 rs117899274 0.21051999999999998
20 3011980 rs574887975 0.57029
20 3012510 rs73585958 0.20506
20 3012557 rs79568377 0.3314
20 3012559 rs118026467 0.8219200000000001
20 3012815 rs6076463 0.010803
20 3012819 rs117398581 0.2242
20 3013136 rs500809 0.15347
20 3013139 rs684294 0.15416
20 3013146 rs573951095 0.15938
20 3013361 rs184045673 0.054572
20 3013473 rs67597752 0.44146
20 3013651 rs7262038 0.11394000000000001
20 3013720 rs571809361 0.23385999999999998
20 3013846 rs73585966 0.21322
20 3014166 rs150391849 0.072586
20 3014212 rs34093361 0.8255100000000001
20 3014314 rs138214601 0.32899999999999996
20 3014502 rs142846631 0.10677
20 3015298 rs146103306 0.25887
20 3015367 rs76470722 0.48031999999999997
20 3016604 rs113156845 0.32750999999999997
20 3016895 rs3787480 0.090153
20 3016904 rs568513 6.7556e-05
20 3017113 rs566570 7.355e-05
20 3017650 rs78624818 0.8707299999999999
20 3017674 rs561843 1.9792000000000001e-07
20 3018279 rs12480089 0.56074
20 3018280 rs6138986 0.9320799999999999
20 3018330 rs6084235 0.12470999999999999
20 3018782 rs6138987 0.9931399999999999
20 3019546 rs15659 1.1735e-05
20 3019808 rs143208849 0.3548
20 3019957 rs8125955 0.08135099999999999
20 3020090 rs2296236 0.1169
20 3020336 rs114370317 0.47995
20 3020553 rs6138988 1.6521e-05
20 3020954 rs373126490 0.044782
20 3021137 rs6115763 0.13566
20 3021399 rs138298306 0.11555
20 3021604 rs6138989 1.3328e-05
20 3022190 rs77873321 0.11959000000000002
20 3022464 rs77729729 0.95142
20 3022578 rs150982316 0.18455
20 3022618 rs6138990 0.10082
20 3023022 rs3761243 0.82401
20 3023181 rs3761244 0.098589
20 3023439 rs144947780 0.94181
20 3024070 rs6138991 0.7269
20 3024103 rs35505044 0.10677
20 3024205 rs533914532 0.25293000000000004
20 3024280 rs6084240 0.092846
20 3024372 rs6138992 0.9532700000000001
20 3024914 rs6115764 0.11985
20 3025107 rs6051545 0.080888
20 3025330 rs61729220 0.52845
20 3025358 rs368671021 0.99965
20 3025389 rs115742898 0.9244100000000001
20 3026069 rs676749 3.0307e-07
20 3026113 rs772844535 0.59315
20 3026238 rs6138994 0.08607999999999999
20 3026254 rs16988234 0.34021999999999997
20 3026415 rs8184100 0.10284000000000001
20 3026502 rs77105961 0.11747
20 3026531 rs16988242 3.1955e-05
20 3026606 rs369635435 0.27087
20 3026935 rs75638168 0.15145999999999998
20 3026980 rs185033870 0.029983999999999997
20 3027188 rs533555228 0.52489
20 3027220 rs2277757 3.648e-05
20 3027392 rs377400701 0.76289
20 3027573 rs78877981 0.54273
20 3027660 rs114365160 0.20909
20 3027797 rs567280381 0.4442
20 3027917 rs143969270 0.36393000000000003
20 3027978 rs6133008 0.94532
20 3028071 rs116897578 0.9723799999999999
20 3028073 rs114932680 0.8501
20 3028132 rs11908301 0.88444
20 3028412 rs145195220 0.25686
20 3028446 rs41281234 0.60827
20 3028645 rs542513135 0.64165
20 3028714 rs1101 0.0014784000000000002
20 3028738 rs115545056 0.043263
20 3028762 rs180740190 0.65982
20 3028774 rs41281236 0.4415
20 3028961 rs116803746 0.15394000000000002
20 3029688 rs6037461 0.14587999999999998
20 3029699 rs13040512 0.66594
20 3029798 rs146679537 0.46697
20 3030940 rs139350462 0.12125999999999999
20 3031496 rs116982450 0.19121
20 3031832 rs1034063 0.0071373
20 3032085 rs113989054 0.17469
20 3032272 rs6037463 0.21681999999999998
20 3032589 rs577624061 0.16296
20 3032720 rs138311397 0.15822999999999998
20 3033175 rs2326054 0.017278
20 3033259 rs12625893 0.011954000000000001
20 3033391 rs141628613 0.43488000000000004
20 3033540 rs146224201 0.30261
20 3033657 rs6037465 0.80747
20 3033672 rs6037466 0.38802
20 3033793 rs113602641 0.11669000000000002
20 3034048 rs6076466 0.53363
20 3034099 rs62206061 0.031577999999999995
20 3034549 rs6084243 0.76659
20 3034916 rs6107224 0.50797
20 3035406 rs4815558 0.10178999999999999
20 3035513 rs6037468 0.6168399999999999
20 3035689 rs4815559 0.54109
20 3035797 rs4815560 0.56323
20 3036033 rs4815561 0.6280600000000001
20 3036198 rs6051553 0.54511
20 3036457 rs11697448 0.6654399999999999
20 3036481 rs56344714 0.6473800000000001
20 3037160 rs2094601 0.21148000000000003
20 3037480 rs142467522 0.15535
20 3037511 rs2326055 0.22174000000000002
20 3037596 rs6051557 0.11433
20 3037607 rs2326056 0.72918
20 3038402 rs67168902 0.19169
20 3039115 rs8184236 0.6229899999999999
20 3039357 rs7264448 0.63743
20 3039359 rs7271085 0.6128
20 3039819 rs6084246 0.58141
20 3040571 rs368323195 0.79325
20 3040846 rs6084247 0.14042000000000002
20 3041052 rs6076469 0.70725
20 3041122 rs35004585 0.13045
20 3044891 rs7271228 0.6640699999999999
20 3045103 rs7267296 0.67732
20 3045988 rs6076470 0.41812
20 3046062 rs6084253 0.49473999999999996
20 3046312 rs59478431 0.9344899999999999
20 3052586 rs111869749 0.56002
20 3053255 rs2740210 0.79338
20 3053496 rs2740209 0.55147
20 3053514 rs2770378 0.71385
20 3053893 rs75833985 0.030461000000000002
20 3053969 rs74825322 0.06314199999999999
20 3054033 rs2875830 0.60559
20 3054507 rs2770379 0.49145
20 3054516 rs2740206 0.45701
20 3054520 rs76462708 0.038632
20 3054649 rs6051570 0.08583099999999999
20 3055513 rs4813627 0.77098
20 3056180 rs2740203 0.51262
20 3056344 rs117803332 0.012324
20 3056686 rs2740201 0.59027
20 3057127 rs2740198 0.8851899999999999
20 3057172 rs4815564 0.099233
20 3057258 rs2740197 0.42166000000000003
20 3058899 rs73890841 0.5765399999999999
20 3059039 rs6051571 0.41133000000000003
20 3059364 rs2740194 0.8326100000000001
20 3059372 rs2740193 0.75958
20 3059396 rs2740192 0.9162299999999999
20 3059441 rs140498186 0.5475399999999999
20 3059520 rs2740191 0.99179
20 3060218 rs59861829 0.78328
20 3060350 rs1410713 0.7260800000000001
20 3060738 rs6037479 0.5450699999999999
20 3060786 rs6051573 0.51927
20 3061431 rs73088761 0.4841
20 3061436 rs2740185 0.93737
20 3061508 rs73072905 0.47518999999999995
20 3061590 rs752008764 0.51842
20 3061917 rs73072906 0.45205
20 3061919 rs61678319 0.46219
20 3061986 rs2770381 0.55929
20 3062467 rs2740204 0.68815
20 3063161 rs1887854 0.70654
20 3064110 rs3787482 0.52471
20 3064949 rs2282018 0.72852
20 3065547 rs3729965 0.86385
20 3066362 rs3761249 0.30096
20 3067428 rs6037482 0.9785799999999999
20 3068580 rs6051577 0.97709
20 3070571 rs6084264 0.48381
20 3080352 rs2422841 0.39446
20 3081101 rs857242 0.609
20 3081145 rs117591265 0.12953
20 3081638 rs4815566 0.095759
20 3081680 rs2422843 0.41061000000000003
20 3084458 rs117907112 0.25387
20 3084593 rs11087565 0.6381600000000001
20 3087033 rs2422844 0.066149
20 3087305 rs76885074 0.24677
20 3087576 rs17255260 0.26958000000000004
20 3088010 rs864140 0.43233
20 3088273 rs56312895 0.07799600000000001
20 3088816 rs1810801 0.16563
20 3088938 rs41281238 0.26549
20 3089253 rs75078129 0.78768
20 3089969 rs6051581 0.22884000000000002
20 3090124 rs913555 0.38119000000000003
20 3090258 rs115098595 0.99075
20 3090496 rs111759886 0.6964
20 3090516 rs10720 0.14051
20 3090848 rs708973 0.38122
20 3090942 rs34205880 0.26807
20 3090969 rs45482595 0.27554
20 3091110 rs45592236 0.27299
20 3091115 rs2422845 0.073048
20 3091184 rs117588681 0.46768999999999994
20 3091270 rs6037486 0.16985
20 3091357 rs12480378 0.92985
20 3091365 rs111487766 0.27342
20 3091413 rs113293584 0.27908
20 3091449 rs150752173 0.32633
20 3091527 rs857246 0.12887
20 3091651 rs7268061 0.53857
20 3091683 rs73890879 0.34167
20 3092032 rs6037487 0.33507
20 3092050 rs115162075 0.97445
20 3092160 rs149757687 0.57933
20 3092767 rs2422846 0.14028
20 3092863 rs62206125 0.49051999999999996
20 3092887 rs111551685 0.30194
20 3093221 rs77905927 0.27739
20 3093298 rs865661 0.36380999999999997
20 3093322 rs6051583 0.72297
20 3093472 rs139991475 0.17525
20 3093591 rs145506067 0.86029
20 3093920 rs142632455 0.28265999999999997
20 3094175 rs6139011 0.59459
20 3094374 rs75180164 0.09590499999999999
20 3094908 rs6115792 0.73422
20 3095366 rs112080146 0.29304
20 3096657 rs147458790 0.34674
20 3096692 rs6115793 0.0045552
20 3097522 rs113792994 0.27325
20 3097562 rs2422847 0.40495
20 3098304 rs2422848 0.13881
20 3098324 rs564623737 0.17213
20 3098458 rs113224915 0.27416999999999997
20 3098510 rs148048531 0.48158
20 3099040 rs306754 0.10761
20 3099404 rs139790134 0.34244
20 3099752 rs306755 0.47398999999999997
20 3100325 rs2422849 0.1489
20 3100358 rs112639386 0.7902100000000001
20 3100364 rs140771918 0.33
20 3100483 rs112518275 0.2668
20 3100761 rs146683455 0.047837
20 3100862 rs866494 0.4158
20 3100865 rs113048915 0.25329
20 3101030 rs6115797 0.43258
20 3101241 rs113956822 0.5390699999999999
20 3101616 rs114867154 0.6181300000000001
20 3101617 rs115437488 0.6409
20 3101682 rs143798022 0.8776200000000001
20 3101960 rs527251255 0.54707
20 3102998 rs999409 0.9102
20 3103188 rs146142981 0.04618
20 3103824 rs6076478 0.24486
20 3104100 rs11908519 0.26144
20 3104484 rs6051585 0.50336
20 3104928 rs142137411 0.24186
20 3104940 rs145983280 0.24376
20 3105030 rs542017075 0.65838
20 3105110 rs146355183 0.88931
20 3105301 rs861381 0.52142
