CHR BP SNP P
1 56659407 rs59741771 0.012237
1 56659415 rs533518304 0.6811
1 56660489 rs17113474 0.8559700000000001
1 56660640 rs17362494 0.0014020999999999999
1 56660979 rs11206753 0.011497
1 56661020 rs778427 0.01261
1 56661392 rs72675587 2.8011999999999994e-07
1 56661530 rs149439895 0.5354
1 56661595 rs188038429 0.51939
1 56661832 rs778428 6.6353e-06
1 56662315 rs567619404 0.88528
1 56662484 rs537806425 0.8511799999999999
1 56662554 rs778429 0.0085829
1 56662922 rs146089119 0.37529
1 56662967 rs74072857 0.58912
1 56663649 rs149963814 0.16758
1 56663799 rs76700903 0.7720600000000001
1 56664219 rs778430 5.5567e-06
1 56664404 rs555845102 0.16964
1 56664427 rs17113477 0.65053
1 56665294 rs778431 5.615299999999999e-06
1 56665334 rs11206755 0.68652
1 56665617 rs141216379 0.42532
1 56665700 rs11206756 3.0759e-07
1 56665799 rs115914958 0.73134
1 56666118 rs17113488 0.63297
1 56666154 rs138858986 0.19730999999999999
1 56666437 rs72675591 5.3716e-07
1 56666640 rs74431164 0.8384299999999999
1 56666809 rs778432 0.0089778
1 56666851 rs147215798 0.86536
1 56667244 rs706384 0.0089924
1 56667539 rs706383 6.449500000000001e-06
1 56668163 rs1149650 0.53904
1 56668209 rs74072863 0.58912
1 56668472 rs7554047 5.3371e-07
1 56668577 rs706382 0.5073
1 56668838 rs145789229 0.06383899999999999
1 56669001 rs185792679 0.6268699999999999
1 56669463 rs706380 0.55687
1 56669578 rs72912284 0.8013600000000001
1 56669690 rs77011663 0.8470700000000001
1 56670093 rs697583 6.445399999999999e-06
1 56670100 rs12128949 0.013031000000000001
1 56670240 rs72675594 0.0012931
1 56670438 rs190756255 0.58611
1 56670460 rs697582 0.56893
1 56671226 rs147345222 0.64415
1 56671386 rs141651004 0.62584
1 56671671 rs74072868 0.58703
1 56672012 rs182651747 0.061937
1 56672106 rs1467337 0.0013279000000000001
1 56672136 rs1467338 0.001328
1 56672388 rs76796478 0.024497
1 56672465 rs187292759 0.75476
1 56673450 rs778415 0.01489
1 56673543 rs80047278 0.71909
1 56673585 rs1236961 6.5513e-06
1 56673597 rs78441801 0.62574
1 56673750 rs56308818 0.0012002
1 56674294 rs72675597 0.0012889000000000002
1 56674651 rs1119073 0.8084899999999999
1 56674764 rs72675598 0.0013257
1 56675001 rs55886189 0.0013084000000000001
1 56676004 rs187066523 0.90109
1 56676076 rs58429206 0.84849
1 56676178 rs706376 3.5380000000000003e-06
1 56676647 rs11206757 0.0064351
1 56676908 rs72675599 0.0013463
1 56677381 rs778414 0.9662799999999999
1 56677395 rs147813508 0.6825
1 56677808 rs12077310 0.6825
1 56677966 rs56300517 0.0012187
1 56678132 rs72675600 0.46485
1 56678712 rs559187448 0.16662000000000002
1 56678798 rs150079985 0.27695
1 56678924 rs114910058 0.16268
1 56679240 rs138382223 0.036752
1 56679309 rs6685185 2.5594e-07
1 56679785 rs144805752 0.71938
1 56680104 rs12023808 0.76575
1 56680595 rs1149651 0.016624
1 56680870 rs74072871 0.59118
1 56681024 rs706375 2.6119000000000002e-05
1 56681044 rs541192815 0.7622800000000001
1 56681093 rs76669913 0.90176
1 56681381 rs12039126 0.8045100000000001
1 56681505 rs116645419 0.6718
1 56681545 rs79534396 0.63853
1 56682590 rs78332115 0.78998
1 56683019 rs12040943 0.7903
1 56683274 rs114174158 0.28547
1 56683486 rs116055305 0.37767
1 56683564 rs706374 0.57085
1 56683954 rs10888960 9.907700000000001e-05
1 56683975 rs79719590 0.78801
1 56684251 rs72675602 0.00038108
1 56684297 rs189294637 0.25654
1 56684557 rs12042058 0.8210299999999999
1 56684634 rs149630283 0.43806000000000006
1 56684690 rs181190894 0.9972
1 56684838 rs706373 0.4996
1 56685340 rs115162804 0.6664100000000001
1 56685433 rs12143116 4.1225e-07
1 56685634 rs72912297 0.9833700000000001
1 56686043 rs72677404 0.075945
1 56686298 rs928389 0.0021669000000000002
1 56686368 rs183523437 0.96321
1 56686553 rs706372 0.5503600000000001
1 56686622 rs17113502 0.67238
1 56686769 rs72677407 0.0021662
1 56687510 rs7535982 0.6358199999999999
1 56687740 rs184786990 0.8829
1 56687749 rs7547680 1.8046e-06
1 56688259 rs12136702 0.0095432
1 56688342 rs7550360 0.021049000000000002
1 56688583 rs186321510 0.17593
1 56689034 rs706371 0.0074324
1 56689057 rs780653809 0.012877000000000001
1 56689205 rs706370 1.5522e-05
1 56689247 rs79373533 0.11975
1 56689290 rs186033006 0.48553
1 56689336 rs947255 0.020896
1 56689365 rs697581 0.007437
1 56689410 rs1412209 1.8437e-06
1 56689460 rs148231030 0.30796999999999997
1 56689573 rs72677416 0.032969
1 56689798 rs35504362 2.5046e-05
1 56689838 rs141943897 0.84409
1 56689927 rs1230032 0.67452
1 56690016 rs143336334 0.7359399999999999
1 56690081 rs1341356 0.0073230000000000005
1 56690084 rs1341355 0.57424
1 56690121 rs76165131 0.7824
1 56690171 rs115517713 0.27752
1 56690206 rs12046398 0.89912
1 56690278 rs144283110 0.27047
1 56690319 rs706369 0.021228999999999998
1 56690424 rs1230033 0.02096
1 56690703 rs706367 0.0070461
1 56690722 rs1230034 0.59396
1 56690874 rs706366 0.023749
1 56691093 rs76795385 0.8353
1 56691094 rs76472553 0.80293
1 56692053 rs79903463 0.7833
1 56692076 rs778123 0.57435
1 56692548 rs706365 0.44531000000000004
1 56693478 rs12142085 1.5819e-06
1 56693599 rs376193260 0.48988000000000004
1 56693666 rs17113513 0.59192
1 56693734 rs706362 0.006476699999999999
1 56693743 rs10437059 0.0022167
1 56693899 rs7552430 0.0080676
1 56694179 rs706358 0.022711000000000002
1 56694460 rs706356 0.022609
1 56695009 rs6663502 0.008515700000000001
1 56695043 rs6688582 0.0085638
1 56695048 rs12129181 3.031e-07
1 56695174 rs74627650 0.011354000000000001
1 56695268 rs12118289 1.8176e-06
1 56695907 rs7556455 3.0434e-07
1 56696157 rs778388 0.022325
1 56696213 rs6694549 2.0687e-06
1 56696241 rs12119318 2.8355e-07
1 56696373 rs778389 0.5734600000000001
1 56696602 rs778390 0.027136
1 56696605 rs12119413 3.149e-06
1 56696832 rs72677430 0.002183
1 56697047 rs12140564 3.9927e-07
1 56697053 rs778391 0.021046000000000002
1 56697245 rs778392 0.022437000000000002
1 56697320 rs801273 0.022927
1 56697396 rs12144574 3.7508000000000005e-07
1 56697416 rs778393 0.022635
1 56697676 rs809018 0.0069712
1 56697767 rs148300223 0.11845
1 56698256 rs7553732 0.0090995
1 56698295 rs778394 0.022903
1 56698321 rs12126843 2.0704e-06
1 56698423 rs116091461 0.56784
1 56698696 rs778395 0.006982899999999999
1 56699057 rs576097422 0.48448
1 56699143 rs61773389 0.0086697
1 56699151 rs6588612 4.5085e-07
1 56699190 rs778396 0.022721
1 56699199 rs184006509 0.49038000000000004
1 56699982 rs11206759 2.1203e-06
1 56700193 rs1230035 0.53438
1 56700318 rs74072892 0.46121999999999996
1 56700374 rs4927308 0.017977
1 56700455 rs778397 1.5744e-05
1 56700567 rs778398 0.64245
1 56700604 rs2793691 0.0094867
1 56700707 rs1888811 0.5906600000000001
1 56700870 rs183413207 0.49023
1 56700879 rs74072896 0.018524000000000002
1 56700958 rs11206760 2.2262999999999998e-06
1 56700964 rs191969407 0.77059
1 56700983 rs778399 0.023386
1 56701167 rs778400 0.02339
1 56701981 rs138975269 0.7853
1 56702018 rs530553177 0.5215
1 56702235 rs2246574 0.017942
1 56702386 rs778401 0.02291
1 56702444 rs778402 0.022962
1 56702478 rs2792776 0.0085491
1 56702577 rs2792775 0.0088726
1 56702613 rs778403 0.022965
1 56702659 rs182284041 0.49023
1 56702747 rs186940245 0.49023
1 56702767 rs17113538 0.58928
1 56702785 rs778404 0.022968000000000002
1 56703025 rs56394331 0.007800799999999999
1 56703180 rs2792774 0.0077202
1 56703331 rs60840204 0.57403
1 56703396 rs2792773 0.017731
1 56703413 rs778405 0.022071
1 56703494 rs12025976 0.83316
1 56703505 rs778406 0.7309100000000001
1 56703833 rs12121243 2.986e-07
1 56703886 rs12565829 0.0021503
1 56703915 rs12117416 2.9484999999999997e-07
1 56704132 rs1230036 0.022919
1 56704236 rs12118298 2.9239e-07
1 56704424 rs778407 0.00975
1 56704477 rs112012051 0.80198
1 56704869 rs778409 0.022029
1 56705022 rs146221604 0.10407000000000001
1 56705291 rs148768604 0.49421000000000004
1 56705419 rs190995719 0.071355
1 56705585 rs10888961 0.0020188
1 56705887 rs1230037 1.5224e-05
1 56706171 rs778410 1.8504e-05
1 56706274 rs778411 0.02285
1 56706501 rs74074607 0.57389
1 56706912 rs12039490 0.8276
1 56707340 rs77464479 0.00049038
1 56707481 rs189831647 0.49327
1 56707558 rs778412 0.76908
1 56707619 rs72677452 0.061484000000000004
1 56707637 rs778413 0.7856
1 56707862 rs1234587 0.022767
1 56708210 rs2000147 1.4879000000000001e-05
1 56708241 rs12562857 0.0020302
1 56708265 rs190605074 0.49753000000000003
1 56708318 rs2777758 0.0092551
1 56708575 rs116204606 0.86782
1 56708717 rs146647442 0.5823699999999999
1 56708753 rs141364413 0.28089000000000003
1 56708868 rs184556807 0.9940899999999999
1 56710157 rs12060768 0.71063
1 56710675 rs11206762 0.011059000000000001
1 56710847 rs12031181 0.95729
1 56711059 rs144450570 0.7983100000000001
1 56711101 rs146146037 0.76974
1 56711222 rs111475917 0.64996
1 56711378 rs11206763 0.8582700000000001
1 56711650 rs138466279 0.38272
1 56711763 rs2000145 0.9368
1 56711791 rs112989038 0.40309
1 56711966 rs187048640 0.30349
1 56711986 rs77646219 0.79483
1 56712043 rs7517069 0.55284
1 56712215 rs10789015 0.55104
1 56712226 rs76351758 0.5646100000000001
1 56712280 rs57193460 1.5543999999999999e-06
1 56713560 rs2792800 7.6596e-07
1 56713633 rs147688454 0.77153
1 56713644 rs2792799 8.061e-07
1 56713760 rs2793692 0.48044
1 56713837 rs2792798 6.8235e-07
1 56713849 rs183999387 0.6119399999999999
1 56714085 rs2793693 0.49643000000000004
1 56714810 rs2153667 0.00093769
1 56714833 rs113459309 0.80043
1 56714861 rs7548377 3.7188e-07
1 56714924 rs1341358 5.9645e-07
1 56715083 rs75408006 0.71978
1 56715332 rs2793694 2.6522e-06
1 56715640 rs72677460 0.06867899999999999
1 56715711 rs6687944 2.8550999999999997e-07
1 56715714 rs113718028 0.15641
1 56715755 rs2792797 3.1367e-06
1 56715853 rs17457613 0.9989
1 56715867 rs55652225 0.00092746
1 56715908 rs2792796 1.0052e-10
1 56716092 rs12564025 0.023643
1 56716407 rs1417768 2.6237999999999998e-06
1 56716426 rs1341337 2.5989999999999996e-06
1 56716571 rs1417769 0.013956
1 56716709 rs12140232 2.1953000000000003e-07
1 56716781 rs12132862 2.4296e-07
1 56717619 rs140787525 0.23290999999999998
1 56717729 rs7512771 2.461e-07
1 56717797 rs112720596 0.97154
1 56717922 rs7512969 1.4575e-06
1 56718115 rs12136560 9.7658e-07
1 56718130 rs577848727 0.36601
1 56718370 rs77388134 0.92185
1 56719210 rs17113557 0.7661100000000001
1 56720082 rs185016546 0.47723000000000004
1 56720134 rs115705989 0.47723000000000004
1 56720251 rs141511737 0.025222
1 56720364 rs12035686 0.85388
1 56720508 rs564845413 0.62308
1 56721067 rs112278444 0.8351200000000001
1 56721309 rs747139794 0.63553
1 56721534 rs1417770 0.024799
1 56722345 1:56722345_G_A 0.10475999999999999
1 56722426 rs72677467 0.020501
1 56722724 rs140233609 0.5503
1 56722778 rs79634505 0.73677
1 56722977 rs76903769 0.3386
1 56722989 rs114256627 0.62533
1 56723186 rs1341338 0.017758000000000003
1 56723471 rs180884073 0.47407
1 56723766 rs11583705 0.49391999999999997
1 56723768 rs72677469 2.3546999999999998e-07
1 56723851 rs2792795 0.010045
1 56724055 rs2793660 0.010601000000000001
1 56724232 rs75080393 0.15859
1 56724405 rs2793661 0.009972799999999999
1 56724496 rs79352113 0.8386299999999999
1 56725188 rs1341339 4.1902999999999996e-07
1 56725376 rs3992066 0.00093903
1 56725516 rs2793662 0.94929
1 56725532 rs72677472 0.00092298
1 56725624 rs79240212 0.52752
1 56725644 rs72677474 0.00089161
1 56725826 rs1935050 8.7256e-06
1 56725988 rs78693525 0.52222
1 56726071 rs2793663 0.0093194
1 56726357 rs72677477 2.503e-07
1 56726444 rs72677478 0.0010314
1 56726535 rs2792794 0.010085
1 56726983 rs12044174 0.41223000000000004
1 56727109 rs191113797 0.033234
1 56727331 rs1954198 0.022394999999999998
1 56727348 rs72660403 0.00098992
1 56727349 rs530008812 0.20037
1 56727450 rs574700902 0.55501
1 56727559 rs1417771 3.9193000000000004e-07
1 56727738 rs6673309 2.1251e-07
1 56727873 rs149695450 0.62895
1 56727884 rs947008 7.5198e-06
1 56727938 rs947007 0.9162100000000001
1 56728246 rs2793664 0.0098583
1 56728251 rs55742346 0.0010144
1 56728420 rs56022955 0.0010059
1 56728650 rs1341340 0.023134000000000002
1 56728758 rs56237067 0.0010378
1 56728972 rs114947893 0.9333600000000001
1 56729019 rs55789605 0.5869800000000001
1 56729137 rs59252704 0.58734
1 56729491 rs77758138 0.65789
1 56729623 rs78039099 0.69753
1 56729837 rs55633488 0.0010133
1 56729866 rs2793665 0.010227
1 56730028 rs2793666 0.010339
1 56730509 rs61772667 0.010693000000000001
1 56730710 rs146248902 0.033669
1 56730793 rs115949206 0.9875799999999999
1 56730901 rs75285410 0.72795
1 56730978 rs12075857 0.0010128000000000001
1 56731111 rs28625501 0.36649
1 56731198 rs3958363 0.020231
1 56731242 rs12075995 0.0010208
1 56731258 rs78584325 0.7058399999999999
1 56731452 rs12081440 0.0010218
1 56731582 rs12076123 0.0010141
1 56731661 rs2793668 0.0229
1 56731680 rs4927309 7.5507e-06
1 56731931 rs562868936 0.7329899999999999
1 56731943 rs12082680 0.0010638
1 56732054 rs12077346 0.0010134
1 56732319 rs77808983 0.38369000000000003
1 56732331 rs184468352 0.75788
1 56732479 rs1341341 4.294e-06
1 56732558 rs181984548 0.8367399999999999
1 56732584 rs12077564 0.0010136000000000001
1 56732655 rs187464957 0.98177
1 56732684 rs12049444 0.90738
1 56732881 rs12077704 0.5725
1 56733079 rs11206765 0.0010077
1 56733155 rs150479914 0.58194
1 56733165 rs12567619 0.0011317
1 56734134 rs17423986 1.2106e-07
1 56734407 rs757490207 0.9742700000000001
1 56734654 rs1361560 0.025813
1 56735151 rs11206766 5.1797000000000006e-06
1 56735353 rs72914127 0.34714
1 56735430 rs11206767 0.85055
1 56735462 rs2792793 0.011223
1 56735519 rs17457995 0.00017956
1 56735692 rs11206768 0.8485299999999999
1 56735955 rs11206769 0.8529
1 56736013 rs2792792 3.3588999999999997e-07
1 56736051 rs17113617 0.032579000000000004
1 56736298 rs74074617 0.5441
1 56736387 rs576613816 0.89784
1 56736745 rs185368745 0.9553799999999999
1 56736929 rs7539827 0.0081079
1 56737102 rs4316396 5.1001e-06
1 56737217 rs4369266 5.0841e-06
1 56737826 rs116315864 0.011034
1 56738088 rs111618708 0.8381799999999999
1 56738093 rs139405992 0.060999
1 56738282 rs2792790 0.0063659
1 56738305 rs2792789 0.024862000000000002
1 56738698 rs143139355 0.013149000000000001
1 56739035 rs113765217 0.84375
1 56739176 rs9436534 0.0099586
1 56739430 rs12039146 0.8301799999999999
1 56739491 rs143464956 0.19966
1 56739790 rs147160206 0.23864000000000002
1 56740018 rs6588614 0.0084704
1 56740349 rs150027425 0.9822200000000001
1 56740692 rs1331863 0.0084821
1 56740723 rs2792788 0.052411
1 56741305 rs144219484 0.5776100000000001
1 56741364 rs115948858 0.5487
1 56741692 rs2793669 0.052737
1 56741704 rs6685139 0.013947999999999999
1 56741818 rs4927310 0.0085113
1 56741822 rs72660418 0.0046223
1 56741835 rs72914136 0.36439
1 56741895 rs115842550 0.027881
1 56742766 rs182838229 0.951
1 56742806 rs6688670 0.00097108
1 56742914 rs2404522 0.053390999999999994
1 56743017 rs6688857 1.1862e-07
1 56743123 rs2404523 0.0085361
1 56743345 rs56040498 0.00096989
1 56743630 rs2096085 4.5551e-06
1 56743916 rs75782855 0.83842
1 56744006 rs2404524 4.6194999999999996e-06
1 56744121 rs2105301 0.053523
1 56744527 rs2096086 0.0083839
1 56745004 rs1581995 0.00457
1 56745212 rs1581994 0.01415
1 56745350 rs535896476 0.8981100000000001
1 56745430 rs12041752 0.8237
1 56745476 rs141310060 0.53484
1 56745486 rs11206770 0.8312700000000001
1 56745497 rs10789017 0.0084148
1 56746060 rs139691576 0.061175
1 56746061 rs12082866 0.54097
1 56746116 rs181600382 0.25092
1 56746686 rs567277981 0.9483
1 56747369 rs139690725 0.00010039
1 56747939 rs1557060 4.7963999999999995e-06
1 56747958 rs139994734 0.93952
1 56748182 rs1557061 4.7776e-06
1 56748323 rs7538742 3.8798000000000005e-06
1 56748437 rs115828715 0.93065
1 56748901 rs143182149 0.9264600000000001
1 56748931 rs6588615 0.067219
1 56748940 rs6588616 0.01541
1 56749164 rs6703556 0.015144999999999999
1 56749393 rs76940676 0.86867
1 56749795 rs115502720 0.6328
1 56750081 rs10888965 0.016041999999999997
1 56750209 rs12140921 9.8697e-07
1 56750241 rs10749704 0.015974000000000002
1 56750287 rs116114460 0.8852399999999999
1 56750315 rs2792784 0.06250399999999999
1 56750366 rs12118755 5.8524e-07
1 56750376 rs12044711 0.86956
1 56751052 rs80256663 0.9968
1 56751151 rs17458279 0.00010529
1 56751217 rs76538140 0.0054126999999999995
1 56751380 rs2211292 8.0458e-06
1 56751499 rs183885179 0.97714
1 56751617 rs2793672 0.032187
1 56751640 rs12062012 0.73759
1 56751839 rs17113634 0.71772
1 56752311 rs11206775 0.74848
1 56752517 rs6664002 0.7429899999999999
1 56752604 rs12063390 0.0033016
1 56752752 rs17424500 0.0018964000000000001
1 56752988 rs77740909 0.7491300000000001
1 56753026 rs80334543 0.041486
1 56753249 rs1539058 6.703e-07
1 56753702 rs7534149 6.272699999999999e-07
1 56753852 rs551054964 0.88505
1 56754011 rs947251 5.1158e-07
1 56754223 rs12755760 5.6278e-07
1 56754474 rs139862794 0.8122699999999999
1 56754537 rs2792783 0.047281000000000004
1 56754604 rs143887343 0.64031
1 56754796 rs115413984 0.54397
1 56755405 rs111683293 0.96515
1 56755872 rs533038183 0.60727
1 56756459 rs146530527 0.061187
1 56756491 rs2000141 0.006058600000000001
1 56756907 rs2793673 1.3671e-10
1 56757291 rs2792781 4.1526e-11
1 56757324 rs2793674 5.8081000000000003e-11
1 56757450 rs2792780 5.5276000000000006e-11
1 56757664 rs113997912 0.9484299999999999
1 56757762 rs555124234 0.64447
1 56757876 rs192393136 0.9809
1 56757968 rs2793675 0.03372
1 56758246 rs17424899 0.0011710999999999998
1 56758606 rs2793676 1.4225e-06
1 56758867 rs12026512 0.8955200000000001
1 56758887 1:56758887_A_T 0.95468
1 56758973 rs2994802 0.7021
1 56759031 rs2793677 0.016872
1 56759268 rs1539059 4.8374e-08
1 56759828 rs75255856 0.41647
1 56759929 rs2793678 3.1755e-07
1 56760177 rs12563597 0.0090639
1 56760181 rs17113652 0.4454
1 56760199 rs2000142 0.0011894
1 56760429 rs2793679 7.2124e-11
1 56760452 rs12742095 8.036399999999999e-07
1 56760469 rs2000143 1.3449e-06
1 56760616 rs2000144 1.3073e-06
1 56760752 rs17425099 0.0054073
1 56761001 rs1341344 7.447700000000001e-11
1 56761087 rs2793681 0.036964
1 56761108 rs1341345 4.0364000000000003e-07
1 56761234 rs1341346 2.4295000000000004e-07
1 56761362 rs2793682 1.2941999999999998e-06
1 56761549 rs2793683 0.036629
1 56761631 rs2994571 0.69593
1 56761836 rs572419085 0.66519
1 56761923 rs2793684 0.035894999999999996
1 56762342 rs17459027 0.0014512000000000001
1 56762391 rs12070360 0.8524700000000001
1 56762443 rs2793685 3.1555e-07
1 56762488 rs76376253 0.8589700000000001
1 56762545 rs80302806 0.89586
1 56762687 rs17425217 0.77927
1 56762710 rs2792779 1.2938999999999998e-06
1 56762797 rs189566820 0.97946
1 56762971 rs2793686 2.9899999999999996e-07
1 56763141 rs116129852 0.66768
1 56763195 rs564438025 0.84654
1 56763300 rs12031412 0.89599
1 56763590 rs17113672 0.7004
1 56763781 rs1341347 8.881299999999999e-07
1 56764300 rs2404528 0.0011763
1 56764400 rs2243695 1.3699e-06
1 56764442 rs2793687 3.0361999999999996e-07
1 56764863 rs4927313 8.6367e-07
1 56764938 rs1341350 1.3236000000000001e-06
1 56765013 rs1341351 2.8133000000000004e-07
1 56765176 rs9436998 1.2184e-06
1 56765289 rs9436999 0.017988
1 56765319 rs4927314 1.2181e-06
1 56765411 rs17113689 0.0012196
1 56765474 rs1539060 1.2596e-06
1 56765611 rs9436538 0.017622
1 56765678 rs1539061 1.3608000000000002e-06
1 56765884 rs11590092 0.71721
1 56766000 rs7520894 8.709100000000001e-07
1 56766183 rs767586803 0.18329
1 56766593 rs2994803 0.71858
1 56766626 rs1417772 1.5383000000000002e-06
1 56766678 rs72660452 0.0010359000000000002
1 56766830 rs2793688 0.019639
1 56766957 rs12140215 8.805200000000001e-07
1 56767394 rs1341352 2.9779e-07
1 56767572 rs72660457 0.00158
1 56767613 rs2793689 1.1139e-06
1 56767643 rs78614558 0.40804
1 56767885 rs77537093 0.88884
1 56767981 rs79580810 0.88794
1 56768091 rs1981270 3.8955999999999995e-07
1 56768238 rs573418497 0.7448199999999999
1 56768449 rs12409671 0.87798
1 56768516 rs12141482 9.523299999999998e-07
1 56768551 rs12126612 9.39e-07
1 56768672 rs947252 0.035864
1 56768686 rs947253 2.6501e-06
1 56768881 rs947254 1.3124000000000001e-06
1 56768952 rs61379230 0.006989100000000001
1 56769453 rs2793690 0.037225
1 56769856 rs17425772 0.0054708
1 56770155 rs10789018 5.9478e-07
1 56770218 rs12143461 1.1089e-06
1 56770269 rs1341353 0.0032726999999999995
1 56770373 rs11206781 2.1093e-06
1 56770906 rs4927315 0.007319
1 56771485 rs3005883 0.00030982
1 56771709 rs3005884 5.013399999999999e-07
1 56772016 rs71639717 0.9276200000000001
1 56772053 rs140420618 0.085745
1 56772184 rs188924287 0.9420799999999999
1 56772481 rs145878913 0.38826
1 56772801 rs545206996 0.89674
1 56773119 rs2793659 0.00030395
1 56773203 rs183543301 0.51469
1 56773470 rs78419845 0.15103
1 56773836 rs114527101 0.80579
1 56774644 rs777865218 0.33087
1 56774846 rs12731002 0.9272100000000001
1 56774902 rs4291536 0.67105
1 56775108 rs572531254 0.41939
1 56775280 rs7524955 0.035016000000000005
1 56775579 rs2994558 0.00032833
1 56775801 rs140895378 0.56706
1 56775821 rs12066561 0.16675
1 56775948 rs142420966 0.79397
1 56776132 rs6673461 1.725e-05
1 56776172 rs3005885 0.00032408
1 56776359 rs3005886 0.00026881
1 56776369 rs3005887 0.00025182
1 56776464 rs753943473 0.27034
1 56776815 rs61772686 0.019171
1 56777747 rs113040431 0.8985799999999999
1 56777756 rs2994557 0.00028645
1 56777781 rs3005888 0.00054632
1 56777805 rs113982774 0.72391
1 56778067 rs71639718 0.98866
1 56778279 rs114429854 0.8485
1 56778294 rs17113718 0.67292
1 56778565 rs77747774 0.40243
1 56778631 rs17460046 0.1164
1 56778863 rs3005889 0.00063169
1 56779257 rs34980788 0.99108
1 56779400 rs2994556 0.00035071
1 56779623 rs17113726 0.99072
1 56779920 rs139573426 0.32955
1 56780183 rs12734287 0.9900100000000001
1 56780739 rs75259039 0.14881
1 56781107 rs12759658 0.98615
1 56781163 rs12739422 0.98982
1 56781351 rs58188813 0.6569
1 56781510 rs141198391 0.9382799999999999
1 56781529 rs143627281 0.26897
1 56781544 rs116785633 0.1523
1 56781630 rs3005890 0.00040393
1 56781712 rs34349805 0.98729
1 56781754 rs35476561 0.99185
1 56782339 rs3005891 0.2585
1 56782341 rs11206783 0.50107
1 56782579 rs10493203 0.95947
1 56782843 rs114330705 0.71101
1 56782975 rs12030284 0.10593
1 56783362 rs12030407 0.08633500000000001
1 56783425 rs2994555 0.00047874
1 56783536 rs543541013 0.71423
1 56783671 rs78269809 0.95576
1 56783945 rs10493204 0.96219
1 56783975 rs12086618 0.91989
1 56784083 rs6588617 0.0004980000000000001
1 56784140 rs3005892 0.0005331
1 56784322 rs3005893 0.00045183
1 56784562 rs12756361 0.95695
1 56784762 rs3005894 0.00062924
1 56785069 rs76404615 0.8306899999999999
1 56785137 rs3005895 0.00071057
1 56785356 rs2994554 0.00072807
1 56785831 rs3005896 0.00048829
1 56785889 rs2994553 0.00053634
1 56786354 rs6677504 0.11157
1 56786551 rs4534430 0.37815
1 56786595 rs3005897 0.00034657
1 56786731 rs17113749 0.9602799999999999
1 56786821 rs750802273 0.34565999999999997
1 56787046 rs2994552 0.00039378
1 56787096 rs3005898 0.00036949
1 56787294 rs72660477 7.2269e-06
1 56787378 rs3005899 0.00036334
1 56787384 rs3005900 0.00050754
1 56787534 rs3005901 0.00035807
1 56787621 rs3005902 0.0005074
1 56787717 rs3005903 1.0238e-05
1 56788107 rs61772691 0.15705999999999998
1 56788175 rs3005904 0.00050461
1 56788627 rs2994551 0.0004806
1 56788683 rs79283250 0.021758
1 56788722 rs183872988 0.72363
1 56788734 rs2994550 0.00047596
1 56788945 rs71639720 0.9642
1 56789212 rs4912176 0.11963
1 56789256 rs2994549 0.00032264
1 56790236 rs71639721 0.9383
1 56790293 rs3005905 0.00046037
1 56790383 rs3005906 6.5763e-07
1 56790481 rs2994548 0.00035997
1 56790500 rs79729911 0.74848
1 56790773 rs12138574 0.098991
1 56790785 rs3005907 5.8646e-07
1 56790851 rs3005908 1.0840000000000001e-06
1 56791181 rs115497047 0.60898
1 56791472 rs3005909 0.00030872
1 56791479 rs2994547 9.4116e-07
1 56791494 rs3005910 5.1096e-07
1 56791609 rs12043349 0.092958
1 56791690 rs34897038 0.97798
1 56791895 rs61772727 0.09289299999999999
1 56792015 rs57354037 0.09529800000000001
1 56792283 rs57578827 0.096355
1 56792290 rs60984146 0.10835999999999998
1 56792679 rs4912324 0.10884
1 56792726 rs4912189 0.10930999999999999
1 56792810 rs4912328 5.4295e-07
1 56793106 rs72916227 0.0003613
1 56793340 rs9787000 0.00045083
1 56793406 rs550426876 0.34293
1 56793803 rs61772729 0.095081
1 56793874 rs114941914 0.54333
1 56794343 rs55675374 0.23362
1 56794601 rs754409643 0.58034
1 56794781 rs11206786 0.12194
1 56794782 rs11206787 0.13359000000000001
1 56794965 rs3005911 7.385600000000001e-07
1 56794997 rs3005912 0.00063893
1 56795017 rs4543846 0.16938
1 56795047 rs4442403 0.17809
1 56795179 rs4418654 0.16197
1 56795419 rs3929899 0.9749899999999999
1 56795492 rs140257460 0.67315
1 56795569 rs137952980 0.80913
1 56795570 rs117196788 0.92768
1 56795592 rs2994559 1.1029e-06
1 56795825 rs2994560 1.4471e-06
1 56795855 rs3005913 0.00025830000000000004
1 56795934 rs71639722 0.9758600000000001
1 56795937 rs2994561 1.6019e-06
1 56796085 rs7555594 0.15085
1 56796102 rs76494214 0.9782799999999999
1 56796322 rs12133898 0.59713
1 56796415 rs9787125 0.9798899999999999
1 56796479 rs9786996 0.97741
1 56796582 rs143028759 0.59942
1 56797332 rs17113759 0.9686600000000001
1 56797439 rs34290061 0.9739200000000001
1 56797558 rs17113760 0.70407
1 56797754 rs3005914 0.54005
1 56797795 rs550192155 0.32387
1 56797797 rs2994562 0.00013185
1 56797800 rs2994563 0.77359
1 56797849 rs2994564 0.81372
1 56797872 rs3121167 0.679
1 56797892 rs533752983 0.84952
1 56797910 rs12129611 7.8106e-05
1 56797928 rs116807028 0.36723
1 56797981 rs11206788 3.9288e-05
1 56797997 rs11206789 0.81429
1 56798013 rs11206790 0.55804
1 56798123 rs3121168 0.7598199999999999
1 56798183 rs3121169 0.79164
1 56798308 rs2994565 0.0004654
1 56798437 rs10789019 0.79866
1 56798521 rs2994567 0.8012699999999999
1 56798702 rs2994568 0.55655
1 56798704 rs3005915 0.61364
1 56799067 rs11206791 0.80892
1 56799089 rs11206792 0.8165
1 56799102 rs12741124 0.00028537
1 56799260 rs6670302 0.00027214
1 56799474 rs6588618 0.58345
1 56799642 rs115458831 0.9446200000000001
1 56799648 rs6670695 0.00021654
1 56799799 rs7525535 0.57452
1 56799912 rs7556596 0.001418
1 56800180 rs79991429 0.6417
1 56800414 rs7365902 0.19047999999999998
1 56801542 rs3005923 0.68888
1 56801873 rs2994569 0.29233000000000003
1 56802112 rs11206793 0.11954000000000001
1 56802135 rs11206794 0.68779
1 56802204 rs12569169 0.32831
1 56802279 rs12566405 0.30613
1 56802703 rs72660490 0.35872
1 56802974 rs60307274 0.34524
1 56802991 rs57024161 0.34506
1 56803162 rs11799457 0.35149
1 56803763 rs56061713 0.34981999999999996
1 56803797 rs56164989 0.23942
1 56803847 rs56067074 0.35011
1 56804073 rs10888967 0.074425
1 56804303 rs72660491 0.33821
1 56804358 rs12079898 0.046889
1 56804378 rs72660493 0.30096
1 56804446 rs72660494 0.33771999999999996
1 56804595 rs79215983 0.34515999999999997
1 56805144 rs72660496 0.34205
1 56805219 rs72660497 0.33442
1 56805325 rs72660498 0.33608000000000005
1 56805811 rs115566178 0.38884
1 56805970 rs72660499 0.33205999999999997
1 56806153 rs72660501 0.74385
1 56806209 rs72660502 0.34515999999999997
1 56806415 rs34846848 0.24255
1 56806796 rs72662204 0.33601
1 56806891 rs4344366 0.39407
1 56807186 rs145423883 0.30363
1 56807273 rs149134886 0.31643000000000004
1 56807367 rs143247549 0.27409
1 56807417 rs200513471 0.30714
1 56807474 rs72662205 0.30694
1 56807661 rs61772735 0.030906
1 56808198 rs72662206 0.26569
1 56808332 rs4564188 0.10622999999999999
1 56808375 rs72662207 0.12837
1 56808871 rs12561840 0.10475
1 56809016 rs4397689 0.10471
1 56809147 rs185471409 0.7094199999999999
1 56809779 rs7526379 0.10419
1 56809820 rs115274758 0.13681
1 56810111 rs12733519 0.39762
1 56810131 rs12734077 0.39816999999999997
1 56810289 rs78634030 0.45061999999999997
1 56810539 rs35691565 0.10586
1 56810821 rs12562353 0.10309000000000001
1 56810871 rs12562368 0.40244
1 56810888 rs12567196 0.10601
1 56811264 rs550313777 0.061911
1 56811310 rs4912409 0.10172
1 56811567 rs7529732 0.1025
1 56811578 rs7529741 0.10092999999999999
1 56811605 rs7527370 0.1025
1 56811854 rs80083709 0.00025971
1 56812133 rs12567652 0.10199
1 56812364 rs12143053 0.10177
1 56812508 rs12135708 0.094078
1 56812924 rs61772736 0.1011
1 56812945 rs114527522 0.13819
1 56813163 rs114585517 0.0056345
1 56813177 rs11206795 0.093019
1 56813606 rs12064855 0.12837
1 56813941 rs114710070 0.077385
1 56813994 rs6588619 0.09059600000000001
1 56814184 rs183077121 0.13855
1 56814481 rs77962670 0.23909
1 56814505 rs114847366 0.13554000000000002
1 56814530 rs11206797 0.50913
1 56814585 rs11206798 0.10349000000000001
1 56814684 rs4912412 0.10365
1 56814694 rs4912413 0.10305999999999998
1 56814714 rs12567265 0.12808
1 56814899 rs72662213 0.27174
1 56815151 rs72662214 0.27175
1 56815245 rs7542209 0.095983
1 56815398 rs7550046 0.095983
1 56815404 rs12067784 0.14781
1 56815486 rs12743413 0.00036558
1 56815495 rs12067824 0.28225
1 56815634 rs6588622 0.089496
1 56815725 rs7542690 0.09564
1 56816940 rs143448767 0.8466100000000001
1 56817105 rs78563968 0.28305
1 56817161 rs6680675 0.093547
1 56817606 rs77358958 0.28209
1 56817912 rs111319613 0.45308999999999994
1 56818204 rs4462192 0.10071000000000001
1 56818670 rs12064446 0.27928000000000003
1 56818874 rs58527246 0.13851
1 56819023 rs10493205 0.4664
1 56819096 rs115116813 0.43417
1 56819151 rs10493206 0.46353
1 56819172 rs10493207 0.46521999999999997
1 56819204 rs115823638 0.13552
1 56819383 rs75038763 0.41958
1 56820625 rs138699147 0.09549500000000001
1 56820651 rs10493208 0.46971
1 56820806 rs139857603 0.005316899999999999
1 56821054 rs4477326 0.099613
1 56821376 rs7544522 0.044465
1 56822643 rs11809768 0.31817
1 56822679 rs72662217 0.14612999999999998
1 56822727 rs12732886 0.46398
1 56823433 rs72662219 0.4649
1 56823728 rs72662220 0.45118
1 56823930 rs4244023 0.46403999999999995
1 56824113 rs4244024 0.46887
1 56824229 rs4912418 0.93289
1 56824449 rs55791695 0.26597
1 56824552 rs60902969 0.13693
1 56825409 rs12563015 0.09590800000000001
1 56825493 rs12563026 0.14524
1 56825557 rs111687023 0.26546
1 56825629 rs61772749 0.46981999999999996
1 56826204 rs4912229 0.48721000000000003
1 56826219 rs7515200 0.098129
1 56826300 rs4912230 0.11572
1 56826714 rs115590636 0.13595
1 56827115 rs4279887 0.09787
1 56827604 rs12090289 0.14562999999999998
1 56828298 rs184104641 0.6718
1 56828616 rs12097108 0.14548
1 56829018 rs4421626 0.1028
1 56829396 rs17113792 0.26138
1 56829637 rs12120105 0.10017999999999999
1 56830070 rs6588623 0.10059
1 56830432 rs72662223 0.77063
1 56830696 rs77258809 0.79632
1 56830771 rs533908589 0.69521
1 56830894 rs77698485 0.13853
1 56835218 rs114487189 0.13166
1 56835290 rs75876500 0.25798000000000004
1 56835857 rs376203675 0.89804
1 56835974 rs74683396 0.26195
1 56836116 rs12123862 0.086247
1 56836145 rs116295035 0.13537000000000002
1 56836577 rs6684867 0.083602
1 56836901 rs12135065 0.43837
1 56837209 rs139165100 0.13546
1 56837512 rs149030457 0.2589
1 56837549 rs28819096 0.0861
1 56838179 rs28445007 0.26566999999999996
1 56838183 rs11811596 0.26448
1 56838365 rs28631406 0.25525
1 56838793 rs78682548 0.13452999999999998
1 56839014 rs113488684 0.2538
1 56839672 rs143131983 0.1635
1 56840459 rs17113795 0.26426
1 56841029 rs12732326 0.40116
1 56841419 rs72662227 0.26025
1 56841669 rs10493209 0.37024
1 56841892 rs116201312 0.13287000000000002
1 56842172 rs111885209 0.25605
1 56842268 rs67708636 0.39485
1 56842390 rs7518559 0.072519
1 56842504 rs114778755 0.48281
1 56842509 rs12122982 0.40700000000000003
1 56842989 rs79881814 0.13095
1 56843129 rs12120414 0.38924000000000003
1 56844031 rs34101846 0.008344200000000001
1 56844447 rs115689274 0.079189
1 56844621 rs4600084 0.24088
1 56844652 rs17113799 0.22951999999999997
1 56845041 rs114613970 0.12668
1 56845149 rs72662230 0.20004
1 56845259 rs79561920 0.2778
1 56845274 rs7539724 0.21358000000000002
1 56845586 rs1931076 0.20103
1 56846344 rs75954318 0.20953000000000002
1 56846350 rs7553068 0.20265999999999998
1 56846395 rs12564524 0.41047
1 56846589 rs7531629 0.14955
1 56846791 rs115436864 0.43921000000000004
1 56848025 rs7546727 0.10525
1 56848481 rs9436540 0.0021024999999999998
1 56848683 rs7514757 0.038451
1 56848687 rs56314028 0.19749
1 56848716 rs116817870 0.36356
1 56848954 rs7538333 0.62007
1 56849539 rs6588624 0.62916
1 56849653 rs77692133 0.31175
1 56849958 rs759764738 0.9224399999999999
1 56850099 rs12133160 0.12869
1 56850259 rs74483003 0.19989
1 56850612 rs80286702 0.22963000000000003
1 56850686 rs11206801 0.093945
1 56850959 rs72662232 0.24047
1 56851005 rs7544734 0.63632
1 56851200 rs11206802 0.2338
1 56851572 rs6671902 0.1253
1 56851971 rs115826333 0.26325
1 56852126 rs4353140 0.098996
1 56852267 rs4431886 0.099095
1 56852348 rs4373790 0.22121
1 56852388 rs4269809 0.09877999999999999
1 56852498 rs115784264 0.28733000000000003
1 56853840 rs6666711 0.20246
1 56854038 rs6690394 0.08047
1 56854411 rs55896510 0.22154000000000001
1 56854693 rs76485159 0.22908
1 56854848 rs11803744 0.2219
1 56855689 rs60328132 0.087988
1 56855776 rs72662235 0.26028
1 56855814 rs6696992 0.37471
1 56858032 rs17427865 0.20565
1 56858051 rs17113821 0.73988
1 56858164 rs562993637 0.679
1 56858272 rs113544791 0.1965
1 56858351 rs10218770 0.3182
1 56858747 rs17113825 0.9338799999999999
1 56858772 rs7548895 0.076835
1 56858781 rs4314919 0.036998
1 56859179 rs115344701 0.61416
