CHR BP SNP P
12 9805836 rs11052207 0.095821
12 9805962 rs12303281 0.66299
12 9806067 rs12310789 0.13052
12 9806132 rs11052209 0.082474
12 9806136 rs528591306 0.67403
12 9806219 rs34981673 0.095824
12 9806405 rs35642909 0.08250299999999999
12 9806426 rs73057504 0.40795
12 9806654 rs958340 0.12975
12 9806949 rs115558056 0.14745999999999998
12 9807073 rs7962321 0.13055
12 9807117 rs7959406 0.13055
12 9807123 rs758280836 0.10916
12 9807227 rs115439262 0.80784
12 9807255 rs116386457 0.15544000000000002
12 9807331 rs7959726 0.13796
12 9807553 rs7973603 0.13147
12 9807624 rs143407514 0.056634000000000004
12 9807634 rs1863873 4.8179e-14
12 9807716 rs1863874 4.8169e-14
12 9808069 rs1560008 0.13054000000000002
12 9808082 rs113389668 0.12647
12 9808100 rs1560009 0.9995799999999999
12 9808199 rs114020088 0.16477999999999998
12 9808278 rs116404329 0.59386
12 9808382 rs191878850 0.22166999999999998
12 9808413 12:9808413_C_T 0.42155
12 9808426 rs2114869 0.13252
12 9808603 rs115145391 0.091816
12 9808721 rs9919786 0.13685999999999998
12 9808775 rs9919759 0.13053
12 9808776 rs9919787 0.1325
12 9809025 rs9919714 0.97645
12 9809062 rs7302110 0.09778400000000001
12 9809178 rs7131784 1.6039999999999998e-09
12 9809197 rs7316121 1.6005999999999998e-09
12 9809353 rs7132037 0.14069
12 9809441 rs7305937 0.1406
12 9809533 rs7302746 0.14060999999999998
12 9809721 rs7316769 0.020194999999999998
12 9809953 rs12303925 0.6066600000000001
12 9809956 rs150744788 0.8155600000000001
12 9810000 rs17805558 1.1775999999999999e-05
12 9810144 rs7309800 0.14057999999999998
12 9810451 rs7306991 0.020905
12 9810689 rs11052233 0.55975
12 9810749 rs113924907 0.13683
12 9810764 rs7310568 0.14059000000000002
12 9810841 rs79019311 0.08885
12 9810914 rs11052234 0.10536
12 9811049 rs2162657 0.14063
12 9811058 rs1560010 0.96772
12 9811123 rs768172272 0.44072
12 9811137 rs10844350 0.14060999999999998
12 9811149 rs10844351 0.14060999999999998
12 9811187 rs10844352 0.14060999999999998
12 9811207 rs10844353 0.14076
12 9811303 rs11052235 0.14562
12 9811352 rs10771996 0.0033616
12 9811397 rs10771997 0.022694
12 9811468 rs10771998 0.022488
12 9811472 rs10771999 0.020796000000000002
12 9811502 rs187823217 0.63166
12 9811651 rs10772001 6.052699999999999e-14
12 9811832 rs12366653 0.10429000000000001
12 9811948 rs11052241 0.0035524000000000003
12 9812063 rs1863875 0.0033602
12 9812066 rs75305775 0.47928999999999994
12 9812086 rs11052245 0.13881
12 9812401 rs35884213 0.10272
12 9812413 rs16913477 0.14079
12 9812516 rs35280686 0.13872
12 9812522 rs61913328 0.69309
12 9812714 rs10844359 0.1387
12 9812783 rs11052254 0.10364000000000001
12 9813095 rs7299738 0.13842000000000002
12 9813100 rs7310405 0.13842000000000002
12 9813179 rs7311421 0.13842000000000002
12 9813188 rs7310516 0.13842000000000002
12 9813307 rs7311574 0.1398
12 9813404 rs34383380 6.075700000000001e-14
12 9813414 rs7310790 0.13846
12 9813524 rs114657205 0.76498
12 9813567 rs7311945 0.13957
12 9813781 rs10772005 0.1389
12 9813867 rs10772006 0.13943
12 9814019 rs1108453 0.15914
12 9814071 rs1108452 0.14995
12 9814176 rs7304321 0.13890999999999998
12 9814256 rs12424904 0.0012915
12 9814266 rs7304464 0.13945
12 9814375 rs61913330 0.00091477
12 9814431 rs117188371 0.04111
12 9814544 rs11052266 0.60401
12 9814587 rs10844368 0.13906
12 9814588 rs10844369 0.13906
12 9814782 rs4439599 0.15135
12 9815170 rs111753672 0.2783
12 9815305 rs12311889 0.44566999999999996
12 9815503 rs80055867 0.16002
12 9815867 rs10734805 0.15532
12 9815902 rs10844372 0.027239
12 9816299 rs10844373 6.4738e-14
12 9816425 rs11052274 0.9760700000000001
12 9816429 rs7959272 5.8736e-07
12 9816703 rs7974871 0.11928
12 9816875 rs7978187 0.13899
12 9817061 rs116884408 0.80342
12 9817194 rs16914071 0.48402
12 9817228 rs146282776 0.054438
12 9817395 rs35671537 0.10059
12 9817654 rs6488098 0.16044
12 9817691 rs78427035 0.49193000000000003
12 9818089 rs183153930 0.7723
12 9818275 rs12317575 0.58972
12 9818342 rs558085401 0.91048
12 9818470 rs12317691 0.48846000000000006
12 9818795 rs75028157 0.61185
12 9819052 rs76906545 0.62963
12 9819119 rs117922336 0.138
12 9819152 rs16914229 0.9928899999999999
12 9819316 rs112897035 0.99134
12 9819374 rs4763733 0.20772
12 9819378 rs189496405 0.081912
12 9819493 rs190147984 0.044174
12 9819505 rs142436154 0.6508
12 9819531 rs10743806 1.1093e-13
12 9819537 rs140549819 0.45219
12 9819625 rs10732553 0.15855
12 9820080 rs11052282 0.08236
12 9820158 rs138575935 0.047762
12 9820328 rs145266723 0.081463
12 9820575 rs10772010 2.2817e-13
12 9820619 rs6488100 0.15958
12 9820711 rs149538333 0.45361
12 9820765 rs144132075 0.0051008
12 9821098 rs73057559 0.003005
12 9821178 rs35691764 0.7859999999999999
12 9821234 rs114924195 0.14699
12 9821238 rs186378018 0.037025999999999996
12 9821661 rs16914557 0.62659
12 9821756 rs183040385 0.037492000000000004
12 9821781 rs17732859 0.17941
12 9822387 rs16914640 0.24209
12 9822469 rs557740486 0.040244999999999996
12 9822952 rs1560011 4.525e-13
12 9823140 rs2114870 1.2713e-25
12 9823178 rs35237063 0.0010204
12 9823274 rs10844380 2.4645999999999997e-25
12 9823399 rs561196257 0.54184
12 9823486 rs12817365 0.0013387
12 9823519 rs76036296 0.56094
12 9823553 rs4763738 0.78655
12 9823704 rs116212931 0.27265
12 9823859 rs11052303 0.0012073000000000001
12 9823868 rs11052304 0.001099
12 9823941 rs145855394 0.017963
12 9823973 rs11052305 0.0011287
12 9824079 rs7970348 0.78825
12 9824095 rs184791761 0.50047
12 9824138 rs12582584 9.7989e-13
12 9824669 rs117299066 0.084737
12 9824988 rs11052311 0.0011457000000000001
12 9825046 rs114600778 0.27166999999999997
12 9825653 rs113923852 0.70024
12 9825739 rs116437669 0.27355
12 9825969 rs6488109 0.0044828
12 9826022 rs6488110 0.17525
12 9826142 rs76027969 0.9254399999999999
12 9826246 rs73057567 0.09519
12 9826279 rs55939269 0.021831
12 9826408 rs11052327 0.0011207
12 9826701 rs1118223 0.080092
12 9826746 rs11524523 0.0011311
12 9826782 rs4763264 0.004162
12 9827139 rs11519377 0.0011605
12 9827359 rs7972035 0.0011577999999999998
12 9827487 rs7969074 0.0011426
12 9827599 rs116610693 0.014280000000000001
12 9827698 rs144454608 0.17814000000000002
12 9827952 rs759733118 0.5379
12 9827953 rs9668568 0.0012022
12 9828298 rs189587230 0.81666
12 9828409 rs11052342 0.0010826
12 9828427 rs2895988 6.1788e-13
12 9828445 rs60675581 0.88351
12 9828624 rs2217230 0.18285
12 9828729 rs115163319 0.8634
12 9829015 rs12301473 0.93765
12 9829027 rs12302794 0.91428
12 9829438 rs2114871 5.938600000000001e-13
12 9829457 rs6488120 0.1712
12 9829566 rs6488121 0.18433
12 9829601 rs117869546 0.021528
12 9829753 rs11502800 0.9237700000000001
12 9830607 rs11052366 0.0041508000000000005
12 9830609 rs11052367 0.004027599999999999
12 9830698 rs12309762 0.004106800000000001
12 9830804 rs150228713 0.9126200000000001
12 9830967 rs529646394 0.9561700000000001
12 9831164 rs117264303 0.90236
12 9831321 rs11052369 0.9751799999999999
12 9831605 rs118132383 0.032818
12 9831832 rs7967436 0.20457999999999998
12 9831959 rs11052372 3.5584e-25
12 9832036 rs10844418 0.004116600000000001
12 9832239 rs9630263 0.589
12 9832421 rs9630264 0.0039716000000000005
12 9832822 rs2114872 0.0042577
12 9832882 rs2114873 0.0035455999999999994
12 9832954 rs139472339 0.24491
12 9832980 rs6488122 0.0037162
12 9833199 rs117372141 0.27516999999999997
12 9833284 rs118168721 0.0002914
12 9833398 rs6488123 0.2165
12 9833422 rs143102212 0.93227
12 9833426 rs10844424 0.0010221
12 9833524 rs3764022 1.4002e-25
12 9833628 rs3764021 2.1807e-19
12 9833883 rs7310897 0.0035772
12 9833973 rs151293304 0.1233
12 9834345 rs9332411 5.6247e-13
12 9834394 rs10844427 1.7380000000000001e-25
12 9834481 rs11052384 5.6916000000000007e-11
12 9834567 rs9630265 0.0036716
12 9834577 rs115118088 0.7653800000000001
12 9834754 rs10844429 0.0037364000000000004
12 9834926 rs56324200 0.028245
12 9834971 rs7979623 0.8912899999999999
12 9835014 rs7962025 0.0037954
12 9835039 rs147017995 0.96457
12 9835153 rs61913355 0.62417
12 9835169 rs11052389 0.89623
12 9835338 rs766229652 0.9481
12 9836175 rs138264839 0.25027
12 9837224 rs7307439 0.8232700000000001
12 9837497 rs148557567 0.40023000000000003
12 9837522 rs11052412 0.98814
12 9837525 rs191015188 0.434
12 9837989 rs139494099 0.29054
12 9837998 rs2080211 7.1614e-16
12 9838052 rs2080210 0.20352
12 9838163 rs576291672 0.6137100000000001
12 9838184 rs12828602 0.00097929
12 9838287 rs527468708 0.039028
12 9838310 rs117584587 0.63483
12 9838815 rs149734073 0.017993000000000002
12 9838916 rs7977940 2.2711999999999997e-13
12 9838993 rs7964290 0.81357
12 9839376 rs75641466 0.29036999999999996
12 9839405 rs12316684 0.88076
12 9839440 rs78358418 0.42663
12 9839445 rs7302498 0.80392
12 9839837 rs12312233 0.9646899999999999
12 9840038 rs11052423 1.334e-25
12 9840120 rs141284016 0.17274
12 9840236 rs78198513 0.9519
12 9840731 rs117475346 0.51012
12 9840773 rs7310460 4.608300000000001e-13
12 9840926 rs11052426 1.0827e-25
12 9840964 rs17806710 1.0064e-25
12 9841121 rs10844449 0.00099354
12 9841364 rs11052430 0.00095907
12 9841520 rs116679760 0.29615
12 9841667 rs4508286 0.8093899999999999
12 9841732 rs11052431 0.00099497
12 9841869 rs76397405 0.6217600000000001
12 9841915 rs10844456 1.0570999999999998e-25
12 9842004 rs11052434 0.00099136
12 9842008 rs10844457 0.0010025000000000001
12 9842235 rs116486827 0.58239
12 9842596 rs116122656 0.77718
12 9842793 rs74469545 0.91955
12 9842903 rs74065337 0.20920999999999998
12 9843021 rs12810851 0.0009896
12 9843170 rs11052455 0.00080374
12 9843253 rs78737182 0.30141
12 9843364 rs55715780 0.20592
12 9843395 rs10844468 4.9746e-26
12 9843413 rs10734807 0.85121
12 9843519 rs191441532 0.43007
12 9843733 rs10844472 1.7883e-13
12 9843776 rs559470436 0.027813
12 9843886 rs114342127 0.75225
12 9843977 rs75257215 0.043781
12 9844156 rs569753289 0.74716
12 9844238 rs10844476 0.00096972
12 9844368 rs12578928 0.00096433
12 9844526 rs141303581 0.0013449000000000002
12 9844555 rs16923367 0.20431
12 9844556 rs115670497 0.255
12 9844581 rs12825507 0.00097077
12 9844736 rs12823699 0.0009702
12 9844782 rs574097121 0.9367
12 9844872 rs12320830 0.0009743999999999999
12 9844922 rs59210706 0.2086
12 9844957 rs148923990 0.52184
12 9845018 rs12831453 0.00096957
12 9845225 rs115355849 0.97509
12 9845384 rs11052468 0.87439
12 9845703 rs116932414 0.049711
12 9845709 rs142016017 0.40669
12 9846079 rs115131180 0.3102
12 9846270 rs565990484 0.10538
12 9846327 rs116678075 0.31119
12 9846469 rs181196264 0.81182
12 9846521 rs7968401 5.8823e-20
12 9846827 rs113784531 0.62665
12 9847133 rs10492164 0.19715
12 9847364 rs150263662 0.41412
12 9847448 rs138893047 0.062696
12 9847578 rs115244044 0.51464
12 9847808 rs2401387 0.20636
12 9847990 rs2401388 0.198
12 9848006 rs139477911 0.94678
12 9848057 rs149240595 0.8948
12 9848179 rs117304529 0.81266
12 9848430 rs201442089 0.31869000000000003
12 9848648 rs12828773 0.00098225
12 9848699 rs201307811 0.30189
12 9848883 rs2894 5.412399999999999e-13
12 9849275 rs11052497 4.8662e-13
12 9849297 rs754237303 0.51241
12 9849333 rs118023392 0.92986
12 9849512 rs117808225 0.14340999999999998
12 9849548 rs7979758 0.00096002
12 9850187 rs12815393 0.00095122
12 9850530 rs12318225 0.8925200000000001
12 9850583 rs56980650 0.21341999999999997
12 9850909 rs1134543 0.21545999999999998
12 9851023 rs1056151 4.975600000000001e-13
12 9851233 rs78074152 0.87718
12 9851293 rs145145202 0.075033
12 9851808 rs10772046 1.1474e-25
12 9851906 rs7954062 0.00096476
12 9851929 rs1044771 5.060899999999999e-13
12 9852180 rs7960328 5.8791000000000004e-15
12 9852445 rs34623781 0.008976399999999999
12 9852465 rs12817550 0.010784
12 9852542 rs12817743 0.010629000000000001
12 9852575 rs12819865 0.010631
12 9852654 rs141188217 0.76917
12 9852661 rs35512621 0.010622
12 9852673 rs35078787 0.010625
12 9852766 rs12818179 0.010612
12 9852951 rs12820674 0.0106
12 9852991 rs142709383 0.77867
12 9853039 rs117654404 0.062171000000000004
12 9853194 rs12823653 0.010269
12 9853384 rs61915471 0.031332
12 9853474 rs145551550 0.8414200000000001
12 9853497 rs78820577 0.7774300000000001
12 9853569 rs7974554 0.010551000000000001
12 9853591 rs61915472 4.9184e-15
12 9853617 rs74065339 0.21125
12 9853650 rs7961812 0.010542000000000001
12 9853656 rs75674442 0.80211
12 9853697 rs7975557 0.010088
12 9853943 rs7975865 0.008545700000000002
12 9853987 rs74065340 0.21163
12 9854154 rs12830448 0.01048
12 9854234 rs142339197 0.16569
12 9854256 rs10844503 3.5588000000000004e-26
12 9854397 rs12830867 0.0098681
12 9854415 rs12830878 0.009865299999999999
12 9854450 rs11052537 0.88394
12 9854493 rs34826829 0.00987
12 9854518 rs12814560 0.0098226
12 9854577 rs12424826 4.5261e-15
12 9854594 rs12809752 0.0098992
12 9854608 12:9854608_C_T 0.41515
12 9855134 rs12369995 0.009901799999999999
12 9855151 rs12371503 0.009822
12 9855243 rs191018975 0.19527
12 9855391 rs74062703 0.045436000000000004
12 9855400 rs11052550 0.8848
12 9855558 rs74062704 0.20531999999999997
12 9855744 rs12816660 0.0098946
12 9855958 rs11052552 1.4707999999999999e-19
12 9856207 rs67429242 0.0099233
12 9856266 rs66725265 0.009925100000000001
12 9856322 rs71441764 0.0098929
12 9856442 rs12371981 0.009932600000000001
12 9856484 rs12371982 0.008145399999999999
12 9856497 rs114970683 0.9721
12 9856826 rs12370579 0.010225
12 9856897 rs760062649 0.63768
12 9856938 rs114787328 0.8805299999999999
12 9857262 rs114904306 0.37806
12 9857476 rs116520594 0.38132
12 9857518 rs115968994 0.27146
12 9857528 rs114624385 0.33745
12 9857581 rs143496602 0.9706100000000001
12 9857627 rs147988920 0.37775
12 9857628 rs10734809 0.9039200000000001
12 9857706 rs115738814 0.37789
12 9857737 rs145930466 0.37814000000000003
12 9857878 rs61915473 3.8247e-15
12 9858236 rs114755642 0.7585
12 9858240 rs113298406 0.7529600000000001
12 9858366 rs4611290 0.20457999999999998
12 9858401 rs140747616 0.8498700000000001
12 9858596 rs115640397 0.38056999999999996
12 9858987 rs750418625 0.033296
12 9859301 rs186178113 0.29716
12 9859310 rs11052582 7.0058e-15
12 9859636 rs917913 7.357300000000001e-15
12 9859656 rs142970810 0.9986
12 9859673 rs114056469 0.45616
12 9859724 rs2012643 7.630599999999999e-15
12 9859825 rs770962096 0.38363
12 9860069 rs2098298 8.4667e-15
12 9860135 rs12427310 9.8842e-15
12 9860396 rs116435551 0.025588999999999997
12 9860453 rs78848933 0.79402
12 9860601 rs76586558 0.8751
12 9860697 rs7974396 6.849600000000001e-15
12 9860944 rs112028417 0.71667
12 9861390 rs4763812 0.7913600000000001
12 9861405 rs4763280 0.025521000000000002
12 9861538 rs375796026 0.33404
12 9861656 rs116608461 0.34386
12 9861724 rs140878663 0.21896999999999997
12 9862082 rs10772060 0.0083463
12 9862124 rs10844537 3.8375e-26
12 9862154 rs59112803 0.87979
12 9862203 rs117646836 0.6843600000000001
12 9862336 rs4763813 0.024151
12 9862384 rs4763814 0.023791
12 9862548 rs11052604 8.1171e-27
12 9862969 rs2080209 0.023214
12 9862970 rs2080208 0.023448
12 9863150 rs2080207 0.024259
12 9863151 rs115555213 0.72022
12 9863558 rs185151316 0.34557
12 9863574 rs2192440 0.83794
12 9863647 rs745372282 0.31708000000000003
12 9863968 rs1861089 0.029695999999999997
12 9864241 rs10743815 0.13284
12 9864279 rs12297721 0.6329600000000001
12 9864392 rs7485402 0.030112
12 9864472 rs117016846 0.28369
12 9864517 rs73059569 0.053099
12 9864820 rs4763819 0.030572000000000002
12 9864957 rs150069043 0.7108800000000001
12 9864975 rs4763283 1.8373e-19
12 9865157 rs10772062 1.4379e-26
12 9865164 rs59725988 0.78469
12 9865827 rs140917371 0.1043
12 9865971 rs146678714 0.88008
12 9866079 rs140068215 0.69233
12 9866349 rs7977720 1.5569e-19
12 9866399 rs7964018 2.6676e-19
12 9866632 rs118037855 0.032125
12 9866680 rs184031873 0.41853
12 9866682 rs2401389 0.76782
12 9866818 rs113272059 0.6219899999999999
12 9866876 rs74062708 0.16621
12 9866969 rs112987528 0.6260899999999999
12 9867272 rs10844562 1.2993999999999998e-26
12 9867339 rs12812783 0.010757
12 9867403 rs567118700 0.50564
12 9867713 rs9668079 0.86575
12 9867831 rs182043801 0.10964000000000002
12 9867966 rs2080206 1.8077e-15
12 9868022 rs772556361 0.017941
12 9868248 rs12227655 4.123499999999999e-27
12 9868276 rs12228641 4.0766e-27
12 9868798 rs112099718 0.48863
12 9868828 rs117867819 0.63284
12 9868966 rs78911514 0.6895899999999999
12 9869121 rs146149299 0.49613
12 9869208 rs57357049 0.088315
12 9869271 rs2268146 2.2621e-18
12 9869514 rs2268145 0.10141
12 9869561 rs71447599 0.089437
12 9869638 rs142797707 0.18808
12 9869719 rs11052653 0.046917
12 9869740 rs7961903 0.015679
12 9869758 rs34277830 0.30136
12 9869916 rs10772070 1.072e-26
12 9869920 rs10772071 6.0498000000000005e-27
12 9869931 rs10772072 4.0027999999999995e-27
12 9869953 rs11052658 0.044836
12 9870024 rs10772073 4.2026e-26
12 9870282 rs10772074 2.8314e-26
12 9870352 rs10844569 3.2447000000000003e-26
12 9870415 rs741200 1.2817000000000001e-15
12 9870616 rs75226273 0.846
12 9870704 rs7964917 0.10824
12 9871113 rs79433652 0.37054000000000004
12 9871580 rs114756189 0.37096999999999997
12 9871724 rs11835594 0.10587
12 9871814 rs2401390 2.6611e-28
12 9871845 rs11052678 0.6934100000000001
12 9871872 rs1985788 5.2348e-14
12 9871913 rs149027519 0.7076100000000001
12 9871983 rs59667611 0.69775
12 9872076 rs182696682 0.38185
12 9872103 rs147854754 0.76076
12 9872116 rs187346365 0.38198000000000004
12 9872292 rs7301386 0.10092000000000001
12 9872425 rs71447600 0.10309000000000001
12 9872489 rs76229210 0.14314000000000002
12 9872549 rs35990903 0.1026
12 9872622 rs554044071 0.080444
12 9872680 rs148023819 0.38111
12 9872729 rs76821152 0.11747
12 9872990 rs150219028 0.72711
12 9873042 rs138735401 0.59287
12 9873059 rs748648589 0.046317000000000004
12 9873099 rs141936221 0.50644
12 9873186 rs34584384 0.094618
12 9873365 rs741199 1.6215e-28
12 9873381 rs79794001 0.43823999999999996
12 9873689 rs2058560 1.3498e-28
12 9873904 rs116451619 0.72936
12 9874218 rs117192316 0.88121
12 9874226 rs2192439 0.0020486999999999997
12 9874243 rs78385514 0.75475
12 9874394 rs10772079 1.2239e-28
12 9874541 rs34633868 0.088978
12 9874589 rs59819191 0.9946
12 9874648 rs12824727 0.092613
12 9874743 rs11832765 0.59696
12 9874898 rs10772083 7.1111e-15
12 9874899 rs10844597 6.680899999999999e-21
12 9875103 rs111946855 0.24573000000000003
12 9875184 rs114360227 0.12142
12 9875218 rs79357266 0.12893
12 9875323 rs118152239 0.80075
12 9875356 rs144252486 0.033652
12 9875533 rs75867398 0.00036808
12 9875544 rs116125170 0.59568
12 9875869 rs117511026 0.72339
12 9876091 rs10466829 7.4085e-21
12 9876350 rs11052710 3.8941e-21
12 9876505 rs10844609 3.4869e-28
12 9876612 rs10844610 2.9972e-28
12 9876660 rs11052713 3.1925999999999997e-28
12 9876768 rs10743819 8.7296e-21
12 9876877 rs10772085 1.1386e-20
12 9877196 rs7306304 8.5565e-21
12 9877356 rs7306557 8.573100000000001e-21
12 9877640 rs7296241 3.1442999999999996e-28
12 9877751 rs75512904 0.30041
12 9877771 rs76013389 0.75918
12 9877823 rs7307111 8.424e-21
12 9877831 rs187471971 0.3863
12 9877904 rs111656048 0.29974
12 9877913 rs16927513 0.37755
12 9878009 rs13377908 0.092754
12 9878047 rs117103321 0.19975
12 9878089 rs13377939 0.098186
12 9878242 rs10844615 3.2887e-28
12 9878339 rs79836275 0.9662
12 9878530 rs79251813 0.30345
12 9878552 rs7976474 0.09729
12 9878583 rs2401391 8.4541e-21
12 9878655 rs7976584 1.1168999999999999e-20
12 9878665 rs114056187 0.55282
12 9878747 rs7962964 0.097446
12 9878813 rs11052717 3.0439999999999997e-28
12 9878939 rs3922289 0.097527
12 9878976 rs11052718 0.002123
12 9879084 rs2401393 1.0628e-20
12 9879146 rs184457192 0.24126
12 9879223 rs76963317 0.30366
12 9879235 rs2192437 1.2238e-20
12 9879368 rs10844617 1.2299000000000001e-20
12 9879426 rs2401394 1.2188000000000001e-20
12 9879464 rs73061613 0.10314000000000001
12 9879540 rs2401395 1.3103e-20
12 9879604 rs11834388 0.73298
12 9879659 rs184430981 0.8946700000000001
12 9879907 rs59016059 0.085366
12 9880114 rs7970116 1.2444999999999998e-20
12 9880426 rs2192436 0.68178
12 9880441 rs7973638 1.2723000000000001e-20
12 9880479 rs2192435 0.0074846
12 9880557 rs140406150 1.2911e-07
12 9880974 rs185283135 0.99387
12 9881005 rs10743820 0.0075569999999999995
12 9881016 rs10743821 0.0074264
12 9881045 rs10743822 0.0074405
12 9881099 rs12304982 0.10094
12 9881125 rs10743823 1.543e-20
12 9881156 rs4763835 0.0074346
12 9881270 rs78187345 0.39034
12 9881306 rs2401396 0.007630800000000001
12 9881529 rs118102539 0.14463
12 9881583 rs16927874 0.09509400000000001
12 9881634 rs1990533 0.007448300000000001
12 9881689 rs2192434 0.007456699999999999
12 9881696 rs2192433 0.007529000000000001
12 9881902 rs764887715 0.51165
12 9882204 rs139454147 0.12652
12 9882243 rs142722570 0.82501
12 9882328 rs982511 0.0089868
12 9882424 rs149724585 0.86795
12 9882507 rs114835140 0.42445
12 9882700 rs4763839 2.0865e-15
12 9883111 rs10772087 2.3229e-28
12 9883296 rs116012266 0.40515999999999996
12 9883523 rs115729398 0.40793
12 9883534 rs11835130 0.5613600000000001
12 9883607 rs75941881 0.40936
12 9883860 rs1008610 2.6568e-28
12 9884115 rs545282878 0.038036
12 9884159 rs1008611 0.0077873000000000005
12 9884404 rs115189295 0.68515
12 9884410 rs4763840 2.3638000000000003e-15
12 9884719 rs1073103 0.44506999999999997
12 9884806 rs10161013 0.10468
12 9885054 rs59148752 0.14392
12 9885082 rs10844622 6.266e-21
12 9885101 rs111609496 0.34828000000000003
12 9885360 rs12317499 2.5289e-28
12 9885526 rs12304510 5.9645e-21
12 9885578 rs79809727 0.33469
12 9885813 rs61913428 0.012908000000000001
12 9885840 rs34201389 0.012514
12 9885940 rs60145243 0.7428100000000001
12 9885961 rs10492165 5.5537e-21
12 9885999 rs10492166 7.3879e-21
12 9886353 rs10844626 2.2144e-28
12 9886377 rs10844627 2.0466e-28
12 9886864 rs10844630 2.6666e-28
12 9886905 rs10844632 2.6778e-28
12 9886976 rs149460969 0.8538899999999999
12 9887208 rs10772092 2.7136e-28
12 9887324 rs139301208 0.8367700000000001
12 9887386 rs10844633 2.3629e-28
12 9887629 rs35974438 0.14145
12 9887686 rs11052750 2.2256e-28
12 9887732 rs11052751 2.3784e-28
12 9887734 rs181877498 0.45738
12 9887818 rs11052752 2.4064e-28
12 9887909 rs10844635 2.2503e-28
12 9888016 rs10844636 2.4058e-28
12 9888091 rs10844637 2.2783e-28
12 9888396 rs10844638 2.2967e-28
12 9888553 rs10772093 0.11124
12 9888697 rs150194194 0.15919
12 9888887 rs10844640 3.6326e-28
12 9888912 rs10772094 3.5229e-28
12 9888990 12:9888990_A_T 0.60798
12 9889109 rs117961198 0.65481
12 9889157 rs7956831 6.2553e-21
12 9889543 rs76336578 0.16548
12 9889616 rs12582616 0.0028829999999999997
12 9889658 rs111558138 0.00061757
12 9889758 rs138032834 0.12474
12 9890186 rs762703267 0.8245299999999999
12 9890287 rs748593923 0.37322
12 9890913 rs773252124 0.8862700000000001
12 9891371 rs11052771 0.0037845999999999995
12 9891489 rs10772099 0.13872
12 9891643 rs12820281 0.12793
12 9891703 rs181234962 0.58275
12 9891730 rs185282496 0.9485399999999999
12 9892585 rs567959497 0.043586
12 9892603 rs533733659 0.051820000000000005
12 9892794 rs745490019 0.74932
12 9893025 rs74062727 0.96546
12 9893079 rs10844656 0.085892
12 9893213 rs10844657 3.311e-30
12 9893500 rs118085741 0.62052
12 9893648 rs11052785 0.0017006
12 9893695 rs10743828 0.15072
12 9894460 rs12099767 0.24154
12 9894663 rs7969022 0.15959
12 9895198 rs79189665 0.19368
12 9895271 rs567376908 0.56471
12 9895342 rs11052804 0.015836000000000003
12 9895349 rs7297324 0.0023974
12 9895412 rs115193909 0.63412
12 9895568 rs115875481 0.80478
12 9895928 rs79319977 0.25089
12 9895988 rs148201062 0.523
12 9896027 rs116505373 0.61031
12 9896081 rs141142340 0.0033382
12 9896333 rs6488176 0.22099000000000002
12 9896339 rs77422141 0.20579
12 9896360 rs77597191 0.6088100000000001
12 9896440 12:9896440_C_T 0.6777
12 9896578 rs77326551 0.20556999999999997
12 9896639 rs7312624 0.0018172000000000002
12 9896953 rs10772102 4.265399999999999e-31
12 9897207 rs149806480 0.38581
12 9897348 rs145364444 0.33158000000000004
12 9897434 rs10772104 0.003401
12 9897565 rs10844673 4.2633e-22
12 9897688 rs116590649 0.60415
12 9897930 rs116111308 0.6481
12 9897975 rs190907308 0.9559700000000001
12 9898152 rs117836922 0.27273000000000003
12 9898227 rs7971721 0.0031939
12 9898235 rs150123084 0.38853000000000004
12 9898287 rs4517613 0.0033384
12 9898317 rs4319592 0.0030182
12 9898324 rs10772106 0.24064000000000002
12 9898366 rs10844676 0.0033159
12 9898446 rs4405404 0.0033345
12 9898609 rs12578698 0.0028039000000000002
12 9899014 rs150763438 0.11209000000000001
12 9899050 rs10772108 5.6325e-31
12 9899171 rs111651956 0.21566
12 9899335 rs140709009 0.39139
12 9899411 rs144952953 0.8280700000000001
12 9899449 rs4763864 0.23776
12 9899509 rs4763865 0.003229
12 9899575 rs4763866 0.38089
12 9899624 rs10844682 4.601399999999999e-31
12 9899662 rs77101341 0.89995
12 9899839 rs4763867 0.0032521
12 9899910 rs140311015 0.74665
12 9899919 rs145344503 0.39361
12 9900327 rs117998178 0.75774
12 9900366 rs80215534 0.21450999999999998
12 9900391 rs117760487 0.25274
12 9900504 rs34279883 0.0025436
12 9900760 rs35494990 0.0025807
12 9900805 rs3136577 0.0025930999999999997
12 9900910 rs3136576 0.24428000000000002
12 9900980 rs59102602 0.80001
12 9901483 rs748494550 0.1709
12 9901520 rs4763296 0.20994000000000002
12 9901530 rs61522648 0.35693
12 9902499 rs929615 0.005813800000000001
12 9902666 rs11608493 3.6139e-05
12 9902760 rs114741401 0.61616
12 9902857 rs11614439 0.024986
12 9903034 rs144063388 0.80892
12 9903453 rs115618633 0.60126
12 9903558 rs3176809 0.00031127
12 9903805 rs3176808 0.003941
12 9903810 rs3176807 0.0033811999999999996
12 9903929 rs151131625 0.37005
12 9904074 rs3176806 0.041625
12 9904075 rs3176805 0.3674
12 9904286 rs77550361 0.94058
12 9904352 rs2401397 0.047893
12 9904449 rs4763299 0.8535200000000001
12 9904550 rs114395917 0.61944
12 9904617 rs3176804 0.0032667
12 9904679 rs2401398 0.051889
12 9904807 rs3176802 0.045313
12 9904996 rs887901 0.68209
12 9905172 rs750788126 0.14873
12 9905271 rs17806015 0.8811399999999999
12 9905476 rs7484445 0.24905
12 9905558 rs704223 0.053748000000000004
12 9905690 rs11052877 2.0506999999999995e-31
12 9905851 rs917911 2.5535999999999998e-23
12 9906067 rs1051065 0.020158000000000002
12 9906146 rs117419783 0.019712999999999998
12 9906179 rs11052883 0.71467
12 9906324 rs111791571 3.1197e-12
12 9906489 rs3176800 0.04705
12 9906589 rs3176799 0.9348799999999999
12 9906637 rs56253588 0.0020829999999999998
12 9907514 rs11834627 0.72026
12 9908080 rs3176797 0.32422
12 9908335 rs16931958 0.85154
12 9908340 rs11833176 0.74973
12 9908385 rs766501 0.60342
12 9908429 rs766502 0.9170299999999999
12 9909286 rs3176795 0.8549399999999999
12 9909465 rs3176794 0.9487700000000001
12 9909483 rs7304618 0.38944
12 9909956 rs58327643 0.13327999999999998
12 9909997 rs6416258 0.052485000000000004
12 9910132 rs10844706 2.9593000000000003e-31
12 9910164 rs4763879 2.7401999999999995e-23
12 9910279 rs10772119 0.050617
12 9910289 rs7308610 0.6665399999999999
12 9910411 rs10772120 0.052299
12 9910438 rs59585962 0.11850999999999999
12 9910449 rs61163981 3.1245999999999996e-23
12 9910489 rs12368445 0.0038061999999999996
12 9910720 rs3176793 0.96535
12 9911021 rs764709808 0.4071
12 9911087 rs3176792 0.0035520000000000005
12 9911557 rs574555328 0.46548
12 9911693 rs148559692 0.66777
12 9911736 rs3136564 0.0050909
12 9912144 rs75249129 0.74822
12 9912182 rs2160086 1.7182000000000002e-15
12 9912324 rs116433270 0.7301300000000001
12 9912437 rs117501745 0.19680999999999998
12 9912439 rs3176790 0.10643
12 9912501 rs78766644 0.72567
12 9912571 rs77485662 0.38839
12 9912730 rs3176789 1.3682e-22
12 9912842 rs114360247 0.39025
12 9912909 rs78402887 0.72567
12 9912942 rs78047017 0.72919
12 9913097 rs3176788 0.086376
12 9913134 rs3176787 3.7878e-14
12 9913450 rs725943 0.5213300000000001
12 9913485 rs3176785 0.72204
12 9913758 rs75343219 0.72114
12 9913809 rs77517740 0.72114
12 9913871 rs78404231 0.72114
12 9914004 rs79723289 0.72243
12 9914005 rs2071647 7.4184e-23
12 9914031 rs3176783 0.74206
12 9914505 rs3176782 0.37296
12 9914515 rs190777690 0.6110300000000001
12 9914578 rs79930677 0.72243
12 9914747 rs189862355 0.9822799999999999
12 9914857 rs3176781 0.091611
12 9914865 rs3176779 7.8811e-05
12 9914889 rs3176778 0.090975
12 9915005 rs3176777 0.91781
12 9915445 rs3136563 3.1505e-14
12 9915725 rs79594062 0.72282
12 9915920 rs3136562 0.9011399999999999
12 9915928 rs116010086 0.73692
12 9916010 rs3136561 0.15099
12 9916546 rs3136560 0.090512
12 9916585 rs77877627 0.60064
12 9916640 rs3136559 9.238299999999999e-23
12 9916712 rs144323627 0.27857
12 9916821 rs3176776 2.9197e-14
12 9917014 rs74769219 0.72282
12 9917082 rs3176775 2.9618e-14
12 9917106 rs3176774 7.1899e-12
12 9917353 rs11833226 0.72282
12 9917375 rs186141440 0.5666399999999999
12 9917379 rs79011807 0.44333
12 9917744 rs140274657 0.44364
12 9918102 rs3176773 5.2289e-14
12 9918266 rs117006594 0.035191
12 9918290 rs144977920 0.6562600000000001
12 9918312 rs75301484 0.51626
12 9918321 rs3176772 0.92556
12 9918637 rs7966093 9.5455e-17
12 9918663 rs7953260 2.8294999999999998e-14
12 9918677 rs146795961 0.6923600000000001
12 9918800 rs61914581 0.000155
12 9918831 rs11829217 0.7225600000000001
12 9919061 rs118103654 0.0026986999999999996
12 9919108 rs57338882 0.9229299999999999
12 9919251 rs11052969 4.0972e-14
12 9919267 rs11052970 4.1564e-14
12 9919279 rs11052971 4.1075e-14
12 9919344 rs114830036 0.8381700000000001
12 9919461 rs34779650 3.3382e-14
12 9919521 rs35143542 3.293e-14
12 9919540 rs115415893 0.43233
12 9919561 rs35559880 3.0617000000000003e-14
12 9919618 rs12816871 3.333e-14
12 9919664 rs12824297 3.2331e-14
12 9919682 rs75408422 0.70476
12 9919684 rs12824308 3.307e-14
12 9919753 rs12817268 3.1975e-14
12 9919940 rs188798198 0.95181
12 9919972 rs12422685 2.8395999999999998e-14
12 9920018 rs12425365 2.2052e-14
12 9920022 rs12422688 2.2336e-14
12 9920090 rs12422955 2.4349000000000002e-14
12 9920121 rs12427278 2.5757e-14
12 9920291 rs12427301 2.7525999999999998e-14
12 9920328 rs12422989 2.5927999999999997e-14
12 9920372 rs12427030 2.3472e-14
12 9920478 rs11052978 2.4872e-14
12 9920876 rs7295897 2.3582e-14
12 9920899 rs7309767 1.8730000000000003e-14
12 9920940 rs7309875 3.0718e-14
12 9921250 rs117529191 0.40235
12 9921527 rs9971740 2.4453e-14
12 9921745 rs79276272 0.6987300000000001
12 9921790 rs10772127 2.7037999999999998e-14
12 9921868 rs10772128 2.8508e-14
12 9922216 rs12307489 0.085866
12 9922535 rs140587044 0.13334000000000001
12 9922630 rs118050638 0.31333
12 9922642 rs116277623 0.69733
12 9922652 rs10844737 2.2344e-22
12 9922660 rs116780469 0.69733
12 9922829 rs724668 1.4705000000000002e-22
12 9922851 rs724667 1.5847e-22
12 9923047 rs115547334 0.36255
12 9923113 rs724666 1.5955000000000001e-22
12 9923393 rs112942211 0.36255
12 9923436 rs149229366 0.93004
12 9923689 rs75122584 0.5536300000000001
12 9923744 rs7316342 1.1352e-16
12 9923917 rs7965258 0.54399
12 9924083 rs117117325 0.050599
12 9924329 rs77589365 0.32750999999999997
12 9924912 rs10772132 2.3798000000000002e-22
12 9925036 rs34850016 0.0010949000000000002
12 9925105 rs11834929 0.39452
12 9925164 rs4519175 3.0405e-22
12 9925192 rs4385980 3.2639999999999997e-22
12 9925232 rs4519176 2.8094000000000004e-22
12 9925336 rs7488011 3.1502999999999996e-22
12 9925430 rs1029994 2.4788e-22
12 9925439 rs1029993 2.502e-22
12 9925665 rs76946100 0.33718000000000004
12 9925758 rs1029992 2.6369000000000003e-22
12 9926064 rs1029991 2.7831e-22
12 9926130 rs142866293 0.040205
12 9926397 rs1029990 2.7756e-22
12 9926624 rs10844749 2.8525e-22
12 9926680 rs11829361 0.54823
12 9926784 rs1540356 3.0072000000000003e-22
12 9926868 rs1540355 3.0426e-22
12 9926875 rs10844750 3.3557999999999995e-22
12 9927283 rs111607681 0.48406000000000005
12 9927570 rs12582052 2.5734e-22
12 9927654 rs10772137 1.9961e-20
12 9927720 rs74715331 0.49056000000000005
12 9927745 rs80178333 0.45552
12 9927752 rs78096911 0.45641000000000004
12 9927824 rs114122846 0.47268000000000004
12 9927908 rs73063540 0.026998
12 9927978 rs11836445 0.47218000000000004
12 9928292 rs7957102 0.86972
12 9928296 rs11830098 0.91309
12 9928344 rs11832194 0.9226
12 9928625 rs191258113 0.75488
12 9928903 rs185097982 0.22829000000000002
12 9928922 rs75630572 0.9350700000000001
12 9929267 rs112328386 0.55967
12 9929317 rs79739935 0.75468
12 9929679 rs1861090 4.0723e-21
12 9929706 rs75301345 0.74861
12 9930010 rs56116611 0.9995700000000001
12 9930198 rs7964925 0.99349
12 9930302 rs548741774 0.11085
12 9930309 rs59258216 0.99992
12 9931256 rs2110452 5.3248e-20
12 9931347 rs2110451 4.8954e-21
12 9931585 rs10844765 0.55887
12 9931643 rs7976639 6.5885e-20
12 9932070 rs11053043 6.216200000000001e-20
12 9932333 rs76820209 0.4237
12 9932434 rs577322693 0.44906999999999997
12 9932624 rs10772138 5.8161e-20
12 9932680 rs146255139 0.040481
12 9932708 rs780714237 0.7458100000000001
12 9932885 rs10844769 5.9872e-20
12 9933205 rs2098299 7.3167e-20
12 9933267 rs186867279 0.26621999999999996
12 9933776 rs11053051 0.57844
12 9934194 rs114955126 0.75443
12 9934391 rs12824491 0.53076
12 9934613 rs12822701 0.5847
12 9934980 rs4763315 0.56079
12 9935579 rs118034152 0.08498700000000001
12 9935582 rs10844780 0.5954699999999999
12 9935642 rs10844781 0.5945600000000001
12 9935688 rs7978977 1.6820999999999998e-19
12 9935781 rs7953791 0.54137
12 9935783 rs114968648 0.74833
12 9935825 rs10844782 0.5724199999999999
12 9935911 rs7964603 0.5764699999999999
12 9935943 rs75690582 0.54168
12 9935964 rs74434545 0.52996
12 9935978 rs74062759 0.97109
12 9936313 rs4763316 0.58086
12 9936427 rs4763317 0.665
12 9936482 rs113500254 0.7778
12 9937037 rs2110450 9.0762e-19
12 9937181 rs149047160 0.29122
12 9937526 rs10844790 1.0743000000000001e-18
12 9937590 rs7958591 9.5746e-19
12 9937647 rs7972330 0.66068
12 9937651 rs60502418 0.33549
12 9937767 rs2160087 1.1656999999999999e-18
12 9938034 rs2110449 1.0126999999999998e-18
12 9938387 rs12301123 0.67127
12 9938478 rs113215265 0.37611
12 9938479 rs12314225 0.68835
12 9939160 rs115026342 0.78113
12 9939224 rs12423545 1.5750999999999998e-18
12 9939267 rs12423554 6.1005e-18
12 9939354 rs79144634 0.52148
12 9939530 rs116709706 0.38524
12 9939727 rs182516873 0.29417
12 9939813 rs2895990 4.9213e-06
12 9939823 rs7966708 0.14169
12 9939942 rs2401399 0.64976
12 9940019 rs117940682 0.28626999999999997
12 9940124 rs12304686 0.0019405000000000002
12 9940148 rs2401400 0.46691000000000005
12 9940313 rs2401401 0.42513
12 9940461 rs11053095 0.02412
12 9940470 rs11053096 0.021321
12 9940574 rs4763322 0.0019352999999999998
12 9940590 rs2080212 0.0049212
12 9940920 rs4763931 0.28083
12 9940994 rs4763932 0.26661999999999997
12 9941023 rs4763933 0.63044
12 9941064 rs73236736 0.19560999999999998
12 9941259 rs10844813 0.033218
12 9941577 rs11053116 0.26725
12 9941853 rs7975116 0.26674000000000003
12 9941949 rs4763935 0.25764000000000004
12 9942539 rs114512948 0.4895
12 9942551 rs7979620 0.0014337999999999998
12 9942621 rs57444770 0.53842
12 9942893 rs73236744 0.20464000000000002
12 9943043 rs7132843 0.65358
12 9943551 rs2110448 0.28212
12 9943700 rs917915 0.0036408
12 9943727 rs114594748 0.6480899999999999
12 9943771 rs145211074 0.11041
12 9943823 rs79011586 0.56362
12 9943875 rs113732652 0.96229
12 9943910 rs6488204 0.29734
12 9944258 rs7308810 0.6581899999999999
12 9944273 rs10772147 0.29581999999999997
12 9944440 rs750393738 0.11817000000000001
12 9944652 rs10772148 0.66519
12 9944738 rs187402093 0.65709
12 9944744 rs143151801 0.25326
12 9945250 rs73063559 0.010447
12 9945251 rs4763937 0.6755800000000001
12 9945319 rs73063561 0.044691
12 9945359 rs4763938 0.69771
12 9945431 rs73236758 0.20287
12 9945673 rs79045063 0.5605899999999999
12 9945821 rs10772150 0.047164
12 9945853 rs10772151 0.05435
12 9946029 rs7966635 0.34257
12 9946157 rs76390104 0.8679
12 9946218 12:9946218_C_T 0.38906
12 9946219 rs11053136 0.0023756
12 9946277 rs76185495 0.72604
12 9946576 rs138398550 0.081867
12 9947200 rs11609005 0.00030007
12 9947438 rs76913649 0.57933
12 9947521 rs116605064 0.9642
12 9947703 rs7485167 0.0017587
12 9947915 rs58882780 0.53076
12 9948009 rs12305990 0.9505
12 9948120 rs75405040 0.6973
12 9948301 rs7964276 0.36719
12 9948346 rs2041701 0.33105999999999997
12 9948572 rs146109312 0.095286
12 9948586 rs79548675 0.70744
12 9948590 rs74396948 0.7045100000000001
12 9948751 rs781254189 0.46121
12 9948830 rs16907188 0.8328399999999999
12 9948894 rs200853687 0.5733
12 9948992 rs77684535 0.8327600000000001
12 9949038 rs114473928 0.52894
12 9949141 rs16907190 0.80274
12 9949236 rs16907191 0.10305999999999998
12 9949330 rs16907194 0.7528100000000001
12 9949469 rs189555098 0.83149
12 9949551 rs16907197 0.76993
12 9949652 rs11053145 0.41167
12 9949704 rs115067514 0.089673
12 9949961 rs10128969 0.40368000000000004
12 9949977 rs10128846 0.40328
12 9950280 rs61914598 0.19617
12 9950496 rs149028321 0.81929
12 9950710 rs117162229 0.81599
12 9950728 rs57144794 0.067275
12 9950735 rs78155120 0.067302
12 9950834 rs11053150 0.87426
12 9950884 rs4763945 0.054265999999999995
12 9951041 rs16907219 0.7440100000000001
12 9951105 rs16907222 0.7461
12 9951193 rs187054907 0.74668
12 9951269 rs77590132 0.8167399999999999
12 9951283 rs114361018 0.9188799999999999
12 9951505 rs114906198 0.15025
12 9951585 rs138106409 0.0011784
12 9951619 rs79020554 0.59177
12 9951715 rs10734811 0.059410000000000004
12 9951855 rs116071017 0.88776
12 9952011 rs112876512 0.89822
12 9952153 rs773545546 0.81655
12 9952249 rs80355090 0.7447699999999999
12 9952451 rs114866426 0.9210299999999999
12 9952576 rs115687015 0.81667
12 9952652 rs10844836 0.88546
12 9952747 rs111270925 0.9023
12 9952802 rs10844837 0.8851399999999999
12 9953107 rs114705435 0.66035
12 9953134 rs146136563 0.92755
12 9953177 rs78583301 0.74544
12 9953178 rs140116876 0.081912
12 9953215 rs142490164 0.52273
12 9953499 rs139501866 0.033496
12 9953523 rs56053011 0.066191
12 9953534 rs114948424 0.6278100000000001
12 9953839 rs145440602 0.06632
12 9954107 rs145295700 0.8249299999999999
12 9954283 rs77779296 0.06647
12 9954300 rs111370837 0.73126
12 9954487 rs11525542 0.0035018999999999996
12 9955197 rs117038563 0.17184000000000002
12 9955440 rs151274886 0.2568
12 9955710 rs112265897 0.75033
12 9955716 rs2401402 0.17223
12 9955885 rs12582047 0.13252
12 9955945 rs112231136 0.73637
12 9956143 rs76221777 0.7440399999999999
12 9956229 rs76004559 0.77427
12 9956283 rs34322434 0.8936200000000001
12 9956352 rs80080150 0.60974
12 9956570 rs115667917 0.8493799999999999
12 9956617 rs11053171 0.9979899999999999
12 9956864 rs2192443 0.021034999999999998
12 9956976 rs188673228 0.79545
12 9957076 rs75605873 0.90575
12 9957083 rs145152695 0.38040999999999997
12 9957096 rs79045173 0.75957
12 9957169 rs750654926 0.49013999999999996
12 9957186 rs11053174 0.39662
12 9957767 rs117497864 0.74058
12 9957973 rs752333725 0.12605999999999998
12 9958061 rs116883400 0.41486999999999996
12 9958602 rs57451228 0.06529
12 9958680 rs144762621 0.8463299999999999
12 9958772 rs58848817 0.06225599999999999
12 9958895 rs74427810 0.7148399999999999
12 9958914 rs35701967 0.8784200000000001
12 9958958 rs77131807 0.7164
12 9959149 rs7955679 0.74441
12 9959521 rs79925841 0.066228
12 9959681 rs11615365 0.0037945
12 9959805 rs114946855 0.70926
12 9959826 rs16907398 0.74033
12 9959951 rs17459247 0.1276
12 9960532 rs2058561 0.023925
12 9960598 rs114124219 0.50793
12 9960741 rs74062765 0.066194
12 9960880 rs10772159 0.023365
12 9960990 rs56400313 0.06607400000000001
12 9961024 rs56234777 0.40575
12 9961025 rs7309697 0.4107
12 9961073 rs8181624 0.0040912
12 9961253 rs7135382 0.8736799999999999
12 9961334 rs60183299 0.13509000000000002
12 9961402 rs7309379 0.4092
12 9961515 rs17807306 0.0039437
12 9961770 rs16907438 0.6521600000000001
12 9961827 rs7306809 0.87261
12 9961905 rs78577756 0.7328899999999999
12 9962072 rs16907448 0.83821
12 9962152 rs61361909 0.057241999999999994
12 9962816 rs7310926 0.7929
12 9963485 rs17807354 0.055878
12 9963826 rs2192442 0.14152
12 9963851 rs7299568 0.021594
12 9964303 rs11612660 0.018361000000000002
12 9964787 rs139018766 0.058371000000000006
12 9965173 rs7137693 0.09034199999999999
12 9965258 rs118164708 0.8300799999999999
12 9965559 rs11053226 0.00074445
12 9965603 rs917914 0.009513500000000001
12 9965888 rs7308328 0.0031711
12 9966317 rs10844860 0.006027899999999999
12 9966335 rs57483180 0.025435
12 9966435 rs137978760 0.7260800000000001
12 9966437 rs143442421 0.81506
12 9966944 rs60605691 0.020243
12 9966969 rs2401404 0.15111
12 9967051 rs59639038 0.025175
12 9967218 rs116412532 0.66062
12 9967300 rs2401405 0.80628
12 9967730 rs73236789 0.25335
12 9967813 rs4418897 0.25539
12 9967856 rs117525598 0.092599
12 9968088 rs1122729 0.79445
12 9968595 rs149921256 0.076455
12 9969112 rs11053253 0.18043
12 9969265 rs757220199 0.58568
12 9969572 rs11832721 0.15877
12 9969764 rs544943522 0.34179
12 9969964 rs765326950 0.80545
12 9970062 rs11610068 0.15985
12 9970124 rs7297375 0.82591
12 9970215 rs6488223 0.14961
12 9970775 rs114804120 0.50798
12 9970820 rs117461918 0.70772
12 9971509 rs77121952 0.43893999999999994
12 9971723 rs10844866 0.11853
12 9971903 rs79986048 0.4415
12 9971982 rs7299885 0.72826
12 9972278 rs73046730 0.28888
12 9972763 rs7968980 0.74082
12 9972866 rs145988581 0.26359
12 9973276 rs12371614 0.6255
12 9973286 rs553302521 0.312
12 9973552 rs11610670 0.07838400000000001
12 9974110 rs2110447 0.54178
12 9976114 rs373685250 0.1329
12 9976156 rs6488230 0.58213
12 9976866 rs114957527 0.17434000000000002
12 9976916 rs117312461 0.69652
12 9977905 rs7295207 0.43078999999999995
12 9979011 rs4764001 0.6826399999999999
12 9980401 rs181005085 0.22391
12 9980638 rs546137467 0.46308
12 9980731 rs181984663 0.07894
12 9981162 rs12810163 0.92164
12 9981240 rs74062772 0.67567
12 9981249 rs759577895 0.95496
12 9981561 rs74806393 0.78269
12 9981637 rs117937771 0.39428
12 9982084 rs7969358 0.44806
12 9982114 rs7969365 0.44671000000000005
12 9982227 rs774414212 0.38875
12 9983540 rs188985115 0.57675
12 9983629 rs113947247 0.047217
12 9983961 rs139110046 5.0026999999999996e-06
12 9984180 rs17806430 0.0033564999999999997
12 9984303 rs116862200 0.004756
12 9984565 rs76608083 0.27928000000000003
12 9984742 rs2232544 0.45691000000000004
12 9984847 rs2232546 0.044643
12 9984965 rs146460124 0.83363
12 9985313 rs16907726 0.45606
12 9985494 rs11053384 0.5089100000000001
12 9985915 rs2232548 0.50589
12 9986235 rs79983054 0.63737
12 9986810 rs115241530 0.57786
12 9987369 rs114619166 0.67723
12 9987545 rs555410711 0.37653000000000003
12 9987901 rs61914616 0.74944
12 9988235 rs61914617 0.73521
12 9988260 rs61914618 0.096442
12 9988724 rs71447602 0.6249399999999999
12 9988811 rs147058771 0.87623
12 9989136 rs549930818 0.6079600000000001
12 9990311 rs16907767 0.64808
12 9990483 rs142238301 0.26703000000000005
12 9991096 rs4764015 0.64654
12 9991160 rs4764017 0.66662
12 9991265 rs253145 0.45321999999999996
12 9991580 rs73046739 0.6431
12 9991654 rs116132344 0.52968
12 9991881 rs561277609 0.68921
12 9991966 rs772912437 0.45201
12 9992971 rs16907812 0.63517
12 9993248 rs11053414 0.636
12 9993317 rs146976348 0.37185
12 9993452 rs11053415 0.66284
12 9993525 rs11053418 0.66363
12 9993970 rs779578240 0.06841799999999999
12 9993989 rs4764022 0.65218
12 9995082 rs112550276 0.024287
12 9996254 rs12367372 0.66014
12 9996338 rs139455560 0.34302
12 9996397 rs12370824 0.66608
12 9996559 rs35288134 0.31459000000000004
12 9997275 rs7980232 0.67847
12 9997311 rs6488232 0.67277
12 9997779 rs9971658 0.20914000000000002
12 9997789 rs2012290 0.14295
12 9998075 rs58257303 0.65778
12 9998184 rs55927238 0.087404
12 9998198 rs55634637 0.098118
12 9998475 rs141416958 0.78513
12 9998506 rs775216698 0.077464
12 9998813 rs4412827 0.66873
12 9998832 rs12227587 0.9888899999999999
12 9999085 rs112272076 0.98982
12 9999621 rs11053456 0.70345
12 10000042 rs575232695 0.9244899999999999
12 10000191 rs193099577 0.5542
12 10000247 rs56116724 0.69887
12 10000366 rs780019634 0.40574
12 10000372 rs569240513 0.78535
12 10000986 rs1088310 0.82949
12 10001067 rs60563850 0.71531
12 10001302 rs58811286 0.7189800000000001
12 10001459 rs188671180 0.36621
12 10001712 rs12824621 0.33755
12 10001779 rs1088309 0.09861900000000001
12 10001944 rs754442618 0.8733200000000001
12 10002003 rs111774878 0.021175
12 10002158 rs61914623 0.7470100000000001
12 10002352 rs1088308 0.034875
12 10002633 rs55765220 0.7503
12 10003185 rs113230156 0.0074053
12 10003841 rs117811877 0.29595
12 10003842 rs72656630 0.015719999999999998
12 10003974 rs185963766 0.30813
12 10003981 rs11614831 0.10353
12 10004123 rs151245688 0.64359
12 10004456 rs118093189 0.014583
12 10004538 rs7973629 0.096248
12 10004648 rs2908700 0.043788
12 10004885 rs191278061 0.20481
12 10004932 rs2908699 0.049722
12 10005407 rs191185915 0.93466
