CHR BP SNP P
8 61376717 rs146643236 0.9816799999999999
8 61376743 rs114818080 0.39396
8 61376960 rs12548711 8.462299999999999e-05
8 61377078 rs12546138 0.78828
8 61377090 rs56114656 2.2319e-06
8 61377183 rs7004236 8.478799999999999e-05
8 61377597 rs17815879 0.40592
8 61377944 rs13277273 3.1546000000000003e-09
8 61377993 rs7830976 2.2306e-06
8 61378019 rs16926228 0.25183
8 61378220 rs114731733 0.25276
8 61378294 rs533859122 0.49506999999999995
8 61378363 rs7001696 9.4713e-19
8 61378369 rs76938071 0.7922100000000001
8 61378422 rs2155831 9.1529e-05
8 61378866 rs10101714 3.3094e-10
8 61378892 rs60183060 2.2313e-06
8 61379072 rs7817907 0.8648399999999999
8 61379221 rs10957137 3.3094e-10
8 61379386 rs115981852 0.60268
8 61379800 rs7821955 3.0505999999999998e-09
8 61379854 rs79911840 0.56516
8 61379914 rs76941016 0.089941
8 61379938 rs117885574 0.79999
8 61380362 rs151252400 0.19745
8 61380813 rs116032030 0.424
8 61380815 rs72648562 2.2436e-06
8 61380914 rs73255451 0.7835
8 61381885 rs190967152 0.32759
8 61382051 rs564341152 0.33536
8 61383647 rs7841536 3.1079e-09
8 61383837 rs117760694 0.9646299999999999
8 61383871 rs13266707 3.8094999999999996e-10
8 61384753 rs60991551 2.2363e-06
8 61384771 rs115153347 0.56676
8 61384823 rs181473045 0.8245399999999999
8 61385447 rs16926232 3.0858000000000002e-09
8 61385608 rs73683467 0.39776
8 61385927 rs532127354 0.7840199999999999
8 61386026 rs111628799 0.017543
8 61386386 rs6986664 9.332299999999999e-05
8 61386533 rs7839516 1.1415e-18
8 61386732 rs72648567 2.5298e-06
8 61386845 rs75203952 0.00012625
8 61386897 rs80093333 0.076299
8 61387230 rs73255459 0.79394
8 61387277 rs1893277 8.9835e-05
8 61387296 8:61387296_C_A 0.4773
8 61387477 rs192331904 0.0014834000000000002
8 61387894 rs114479043 0.67628
8 61388221 rs142434861 0.034033
8 61388316 rs144678444 0.60268
8 61388359 rs189517606 0.89984
8 61388444 rs6471881 9.318299999999999e-05
8 61388607 rs76178081 0.7821199999999999
8 61388734 rs72648569 0.00082975
8 61388845 rs59252882 0.008618299999999999
8 61389280 rs1941464 3.1628e-09
8 61389504 rs140403163 2.8452e-06
8 61389610 rs114032683 0.43068
8 61389612 rs1941467 9.022299999999999e-05
8 61389674 rs576757078 0.77049
8 61389689 rs185852257 0.48639
8 61389728 rs3886101 1.6864e-09
8 61389909 rs73255467 0.7879
8 61390029 rs112073759 0.78092
8 61390161 rs1893278 1.6859000000000001e-09
8 61390282 rs1893279 9.0686e-05
8 61390334 rs7845563 1.106e-18
8 61390746 rs191442415 0.00081353
8 61390968 rs79144768 0.033336000000000005
8 61390988 rs112555462 0.42662
8 61391375 rs57207257 0.026177999999999996
8 61391548 rs188366858 0.42326
8 61391865 rs59531479 0.74961
8 61391866 rs539414576 0.77507
8 61391989 rs185042572 0.014041
8 61392180 rs144741681 0.77965
8 61392465 rs2186986 9.5892e-19
8 61392538 rs7825009 2.0365e-06
8 61392724 rs7824937 8.234e-19
8 61392725 rs7825055 1.774e-06
8 61392856 rs55831959 2.4132e-06
8 61393060 rs11997369 0.41025
8 61393228 rs7826092 0.76693
8 61393471 rs142186969 0.0033372
8 61393839 rs140417165 0.8994700000000001
8 61393999 rs183320625 0.041689
8 61394111 rs116563959 0.5014
8 61394298 rs73255485 0.82439
8 61394410 rs73255487 0.75239
8 61394483 rs745702007 0.67891
8 61394858 rs146430399 0.61621
8 61395172 rs569668142 0.8811200000000001
8 61395545 rs77890088 0.30193000000000003
8 61395832 rs6992869 9.2995e-19
8 61395945 rs532507214 0.48671000000000003
8 61396180 rs80207383 0.43751999999999996
8 61396350 rs7011437 0.29353
8 61396499 rs141431866 0.091671
8 61396829 rs2013112 6.3675e-19
8 61396843 rs117143219 0.93161
8 61397402 rs149999403 0.6080899999999999
8 61397551 rs7841675 9.0417e-19
8 61397595 rs75929838 2.8392000000000003e-06
8 61397865 rs7842105 4.1829000000000006e-10
8 61398085 rs7824045 6.785099999999999e-19
8 61398160 rs7842586 6.7967e-19
8 61398259 rs77637218 0.010533
8 61398500 rs76614588 0.37815
8 61398826 rs62510241 7.5678e-09
8 61399223 rs144085875 0.15754
8 61399283 rs6471882 8.837799999999998e-19
8 61399395 rs143052173 0.97959
8 61399441 rs6471883 3.6042999999999996e-10
8 61399516 rs6471884 3.9237e-10
8 61399536 rs7832964 3.9237e-10
8 61399587 rs6471885 9.537100000000001e-19
8 61399607 rs11984591 0.41103
8 61399608 rs181984147 0.53301
8 61399609 rs535543095 0.83847
8 61399870 rs6986050 1.8725e-06
8 61399940 rs111415424 0.2945
8 61400727 rs191222285 0.14542
8 61400877 rs762157596 0.29461
8 61401151 rs536138852 0.35191999999999996
8 61401393 rs75245259 1.8922999999999999e-06
8 61401493 rs144018960 0.85454
8 61401907 rs183412675 0.17008
8 61401973 rs778144918 0.19724
8 61402411 rs149429609 0.9888899999999999
8 61402832 rs539192394 0.53747
8 61403025 rs59502370 0.7522399999999999
8 61403027 rs77468646 0.14749
8 61403804 rs73255496 0.6964
8 61403965 rs948421 1.375e-19
8 61404717 rs140068862 0.030661
8 61405189 rs61120651 1.9873e-06
8 61405224 rs115023697 0.80825
8 61405369 rs115031887 0.15584
8 61405428 rs556011335 0.012620999999999999
8 61405437 rs145999574 0.7387699999999999
8 61405480 rs566260807 0.25111
8 61405483 rs139974394 0.8595299999999999
8 61406197 rs2155829 1.9185e-19
8 61406334 rs142499135 0.90279
8 61406741 rs1941462 1.9038999999999999e-06
8 61406745 rs193123057 0.14578
8 61406946 rs767051071 0.077714
8 61407255 rs1941463 1.2838e-19
8 61407360 rs60880721 0.70131
8 61407370 rs529456445 0.92714
8 61407554 rs59861870 1.8955e-06
8 61407796 rs10957138 3.19e-10
8 61407808 rs10957139 2.1159e-06
8 61407904 rs73257409 0.02717
8 61408098 rs60448147 0.73555
8 61408101 rs184167236 0.99729
8 61408107 rs10957140 3.1896e-10
8 61408538 rs73257414 0.026411
8 61408710 rs10101576 2.6117e-10
8 61408810 rs2096890 5.4845e-19
8 61409128 rs7817790 1.8972999999999998e-06
8 61409490 rs73683468 0.8184899999999999
8 61409537 rs112363127 0.20736999999999997
8 61409871 rs6471886 5.4126e-19
8 61409995 rs370190463 0.0064930000000000005
8 61410134 rs138913826 0.062636
8 61410141 rs6991529 3.2463e-10
8 61410539 rs72648576 1.6091e-06
8 61410540 rs148655129 0.038262
8 61410905 rs112205436 0.069899
8 61411196 rs7827453 1.4277999999999999e-19
8 61411249 rs73683469 0.39021
8 61411475 rs9643523 1.4272e-19
8 61411555 rs76483242 0.14482
8 61411712 rs575186582 0.65728
8 61411946 rs187409238 0.15242
8 61411966 rs75085984 1.6201e-06
8 61412097 rs113605166 0.027065
8 61412116 rs548401781 0.29703
8 61412134 rs113280819 0.028602
8 61412147 rs112089898 0.7139300000000001
8 61412243 rs534667011 0.81767
8 61412250 rs1893272 1.2565e-19
8 61412353 rs1893273 1.9253e-06
8 61412439 rs372514011 0.20334000000000002
8 61412441 rs1893274 0.85695
8 61412570 rs73257427 0.028342000000000003
8 61412644 rs748446732 0.18833
8 61412809 rs7820393 1.1755999999999998e-19
8 61412888 rs76299215 0.89095
8 61413257 rs73257433 0.023613
8 61413579 rs11782463 2.9905e-10
8 61413634 rs113986728 0.028447000000000004
8 61413815 rs73257434 0.025207
8 61413850 rs116772069 0.69976
8 61414025 rs145676001 0.5254300000000001
8 61414033 rs138199573 0.23271999999999998
8 61414056 rs2155830 0.02043
8 61414535 rs73257435 0.024776
8 61414540 rs78101522 0.5199699999999999
8 61414775 rs144541550 0.9415600000000001
8 61414914 rs12680226 0.055149000000000004
8 61415003 rs116929451 0.00045792
8 61415049 rs115062405 0.5593899999999999
8 61415203 rs7812421 1.0119e-10
8 61415291 rs780068644 0.99082
8 61415324 rs73257440 0.026591000000000004
8 61415496 rs76474994 1.8990999999999998e-05
8 61415670 rs73257441 0.78996
8 61415712 rs112032172 0.59649
8 61415926 rs11995549 5.481100000000001e-19
8 61415987 rs114988109 0.90104
8 61416257 rs144182217 0.49321000000000004
8 61416354 rs16926248 0.022802
8 61416417 rs78073728 0.1434
8 61416513 rs16926250 0.022238
8 61416602 rs80341766 0.99944
8 61416684 rs73257447 0.7934899999999999
8 61417230 rs7822391 2.8839999999999996e-10
8 61417242 rs139088322 0.99797
8 61417284 rs7822169 1.4051999999999998e-19
8 61418078 rs566173377 0.92164
8 61418130 rs73257451 0.79351
8 61418310 rs79227088 0.82632
8 61418365 rs2326560 5.7242e-19
8 61418431 rs2326561 5.4214e-19
8 61418504 rs73257452 0.017265
8 61418717 rs73683470 0.72435
8 61418762 rs7840220 0.81214
8 61418903 rs35837434 3.0952999999999996e-10
8 61418995 rs77690645 0.4251
8 61419535 rs148123567 0.56077
8 61419714 rs41351246 0.7933100000000001
8 61419728 rs2875974 1.4166e-19
8 61419753 rs549808391 0.6716300000000001
8 61419896 rs186423571 0.020119
8 61419963 rs7016685 1.9840999999999998e-06
8 61419985 rs73683471 0.73237
8 61420271 rs73257453 0.73664
8 61420493 rs112430166 0.00941
8 61420494 rs113316744 0.9107299999999999
8 61420574 rs376545672 0.14348
8 61420635 rs60012828 1.9825e-06
8 61420806 rs142721831 0.56077
8 61420841 rs112153421 0.099634
8 61421083 rs11784284 2.882e-10
8 61421150 rs80000549 0.024355
8 61421232 rs140114722 0.75602
8 61421479 rs74826487 0.62866
8 61421797 rs28477576 0.13566
8 61421846 rs16926256 0.024242
8 61421955 rs7820349 3.0908e-10
8 61422071 rs77939028 1.929e-07
8 61422482 rs114286559 0.94539
8 61422493 rs188897044 0.56735
8 61422630 rs28680485 0.029937000000000002
8 61422701 rs143275582 0.081848
8 61422908 rs185879224 0.9951
8 61423275 rs548721917 0.7003
8 61423367 rs148319800 0.00064612
8 61423547 rs28678079 2.8758e-10
8 61424310 rs185870336 0.5816600000000001
8 61424516 rs138978456 0.72416
8 61424568 rs7834395 1.4119e-19
8 61424597 rs11774286 1.1623e-06
8 61424695 rs79841460 0.34353
8 61424926 rs182966411 8.6217e-05
8 61425074 rs114806597 0.71873
8 61425125 rs6987831 0.024528
8 61425212 rs112763700 0.038311000000000005
8 61425258 rs6988120 1.1692e-19
8 61425265 rs11774500 2.8056e-10
8 61425969 rs193065879 0.87402
8 61425971 rs2875968 1.2722999999999998e-19
8 61426066 rs73257469 0.74549
8 61426142 rs7011058 0.71707
8 61426358 rs183652763 0.29373
8 61426459 rs112849339 0.5532
8 61426779 rs11994058 0.15044000000000002
8 61427058 rs66983460 3.1413e-10
8 61427157 rs182088643 0.8064100000000001
8 61427175 rs141646723 0.21586999999999998
8 61427258 rs185842720 0.028092000000000002
8 61427875 rs138624529 0.39238
8 61428200 rs2326562 1.2635e-19
8 61428280 rs2875967 1.2649e-19
8 61428441 rs7014033 0.0096667
8 61428467 rs77262253 0.4731
8 61428978 8:61428978_C_A 0.46538
8 61429134 rs192082808 0.9634
8 61429370 rs80278351 2.2056e-06
8 61429877 rs79102981 2.2328e-06
8 61430402 rs73257475 0.80648
8 61430549 rs117561526 0.82583
8 61430635 rs55761966 1.6781999999999999e-06
8 61430708 rs150030506 0.48389
8 61430790 rs144409732 0.037677999999999996
8 61431396 rs61589403 0.030279
8 61431558 rs113445820 0.5532
8 61431991 rs13269925 3.2533e-10
8 61432007 rs4403445 1.7922000000000001e-19
8 61432072 rs79449644 0.14855
8 61432239 rs7827528 0.024413
8 61432396 rs114894242 0.8527899999999999
8 61432496 rs6471887 0.024166
8 61433246 rs73257481 0.023322
8 61433308 rs79525726 1.5926e-06
8 61433442 rs114164045 0.5956199999999999
8 61433747 rs183735341 0.8926
8 61433805 rs61514087 0.75775
8 61433851 rs6987523 3.3092999999999996e-10
8 61434325 rs113613662 0.33991
8 61434381 rs73257484 0.02367
8 61434523 rs115220356 0.13764
8 61434690 rs10504313 0.023618
8 61434810 rs73257486 0.023851
8 61434836 rs11996808 0.12944
8 61434949 rs56165842 2.1801e-06
8 61435111 rs541611805 0.1215
8 61435477 rs73257487 0.023781
8 61435842 rs376842816 0.13697
8 61435878 rs528217000 0.19952
8 61436015 rs190757158 0.11160999999999999
8 61436016 rs528882188 0.47721
8 61436018 rs183384405 0.11160999999999999
8 61436245 rs58443130 0.76055
8 61436311 rs189870541 0.75305
8 61436318 rs56030634 2.1817e-06
8 61436431 rs34775344 3.1142000000000005e-10
8 61436436 rs113410004 0.02317
8 61436559 rs55825491 6.5819e-19
8 61436929 rs79541018 0.13595
8 61437406 rs571515576 0.8673799999999999
8 61437455 rs612187 0.00030493
8 61437509 rs113826213 4.8918e-06
8 61437759 rs6471888 1.3926999999999999e-19
8 61437887 rs6980590 2.1841999999999998e-06
8 61438386 rs117477101 0.0062974
8 61438994 rs114012666 0.64485
8 61439217 rs111539058 0.0091544
8 61439399 rs112144850 0.02216
8 61439401 rs55841758 2.2103e-06
8 61439507 rs138006596 0.13818
8 61439655 rs56342714 2.1866e-06
8 61439672 rs766880345 0.10949
8 61439737 rs541770276 0.49617
8 61439769 rs111890304 0.0969
8 61440026 rs11778708 3.2766000000000003e-10
8 61440029 rs114236457 0.5605600000000001
8 61440441 rs117374023 0.031955000000000004
8 61440517 rs7015992 0.7197399999999999
8 61440662 rs6996344 3.3239e-10
8 61440865 rs548232313 0.08921699999999999
8 61440939 rs569685990 0.78533
8 61441099 rs145008665 0.4297
8 61441168 rs117884917 0.025404
8 61441394 rs73257492 0.7841600000000001
8 61441467 rs73683473 0.71818
8 61441478 rs116729377 0.47991999999999996
8 61441634 rs148656712 0.33116999999999996
8 61441650 rs56160504 2.1871e-06
8 61441692 rs73257495 0.020257
8 61441718 rs10957141 3.5211e-10
8 61442442 rs114991069 0.41736999999999996
8 61442499 rs146769394 0.4851
8 61442940 rs10957142 1.3793e-19
8 61442992 rs7007434 1.6447e-19
8 61443101 rs116330659 0.49203
8 61443853 rs138432535 0.097037
8 61443905 rs7825285 0.020779
8 61443969 rs11993479 0.14149
8 61443983 rs78056906 0.99054
8 61444262 rs114109300 0.32198000000000004
8 61444508 rs112785252 0.021333
8 61444829 rs73257499 0.020966
8 61444978 rs7018346 0.7873899999999999
8 61445098 rs13276831 6.8348e-19
8 61445149 rs182244405 0.96549
8 61445753 rs531498187 0.65822
8 61446000 rs113720992 0.5693600000000001
8 61446150 rs16926265 0.7571
8 61446673 rs74624496 0.0087999
8 61446683 rs13262390 1.4821e-19
8 61447030 rs56141796 2.2029e-06
8 61447483 rs6987084 7.0398e-19
8 61447502 rs146229713 0.93809
8 61447748 rs10102740 1.497e-19
8 61447807 rs79368568 0.8593200000000001
8 61448731 rs16926270 2.2217e-06
8 61448732 rs16926273 0.75638
8 61448819 rs116019397 0.55033
8 61449028 rs17743567 0.5309699999999999
8 61449101 rs190114064 0.00097449
8 61449678 rs117523130 4.0659e-07
8 61449852 rs142651837 8.1e-06
8 61449898 rs6471889 0.98526
8 61449899 rs6471890 0.9927
8 61450034 rs61392243 0.70425
8 61450655 rs17821962 6.7969e-05
8 61450664 rs16926277 0.012759999999999999
8 61450800 rs112515684 0.040949
8 61450894 rs7815543 1.9457000000000002e-19
8 61451421 rs115697544 0.132
8 61451750 rs73259409 0.75013
8 61451880 rs185306627 0.92891
8 61451946 rs113972141 0.5605600000000001
8 61451984 rs73259412 0.8494200000000001
8 61452046 rs2272620 1.8692e-19
8 61452302 rs2272621 1.8280000000000003e-19
8 61452498 rs17743742 0.026930000000000003
8 61452837 rs111765014 0.5605600000000001
8 61452896 rs114651805 0.11875
8 61453184 rs28649594 1.7138e-19
8 61453195 rs78872886 2.2497e-06
8 61453227 rs72648590 2.1441999999999997e-06
8 61453278 rs78520366 2.2483e-06
8 61453345 rs28542403 3.0726e-10
8 61453916 rs7000166 1.5097000000000001e-19
8 61454063 rs11787141 1.2582999999999999e-06
8 61454209 rs10957143 3.0631e-10
8 61454349 rs7000882 0.017543
8 61454446 rs7001063 0.021858000000000002
8 61454643 rs116094643 0.71006
8 61454685 rs35097857 0.00021129999999999999
8 61454930 rs7005259 0.020893000000000002
8 61455097 rs73259425 0.02095
8 61455221 rs73259430 0.022078999999999998
8 61455677 rs7839296 0.62745
8 61455799 rs147597385 0.82552
8 61455861 rs7839474 1.3720999999999999e-19
8 61455941 rs10091703 3.0097000000000005e-10
8 61455984 rs149826254 0.5656100000000001
8 61456181 rs192960081 0.64423
8 61456198 rs114451834 0.36308
8 61456220 rs112692221 0.5956199999999999
8 61456757 rs10110436 3.0033999999999997e-10
8 61456825 rs185103758 0.067118
8 61456847 rs146630011 0.00060063
8 61457005 rs116677785 0.5956199999999999
8 61457009 rs10096140 1.4753e-19
8 61457044 rs10957144 1.4678e-19
8 61457757 rs138914133 0.93809
8 61458307 rs76302641 0.059165999999999996
8 61458592 rs714207 2.2372999999999997e-06
8 61458693 rs714208 0.71022
8 61458899 rs2007283 2.2405e-06
8 61459016 rs72648593 0.00050831
8 61459055 rs78547193 0.85969
8 61459317 rs11782178 3.0005e-10
8 61459382 rs73259436 0.7871100000000001
8 61459386 rs75076022 0.025663
8 61459859 rs148640792 0.22103000000000003
8 61459996 rs532010106 0.10430999999999999
8 61460190 rs575741449 0.5605600000000001
8 61461102 rs530716725 0.46637
8 61461760 rs7819215 0.23975
8 61461822 rs556891090 0.48466000000000004
8 61462147 rs35959880 0.9581700000000001
8 61462172 rs72648594 2.2479e-06
8 61462223 rs11778115 1.0481e-06
8 61462295 rs13257359 1.3857e-19
8 61462396 rs73259438 0.019299
8 61462541 rs11778888 3.2226999999999996e-10
8 61462630 rs113551153 0.0705
8 61462695 rs73259441 0.8147800000000001
8 61462994 rs148958382 0.52662
8 61463199 rs143693718 0.060891999999999995
8 61463339 rs148107604 0.13913
8 61463349 rs73259444 0.87403
8 61463455 rs13274307 0.9626100000000001
8 61463639 rs57564066 0.61431
8 61463647 rs41420549 1.4758e-19
8 61463776 rs138238517 0.25576
8 61463982 rs117388134 0.057148000000000004
8 61464227 rs9298039 1.3910000000000002e-19
8 61464349 rs10435601 1.6035e-19
8 61464394 rs10435602 2.9842e-10
8 61464483 rs55902843 0.00041023
8 61464592 rs377245999 0.098035
8 61464655 rs11777673 1.6035e-19
8 61464732 rs11774081 1.6035e-19
8 61464807 rs111405892 0.5948899999999999
8 61464839 rs11777706 1.6035e-19
8 61464965 rs190332105 0.39943
8 61465312 rs73259453 0.019455
8 61465334 rs548548783 0.06191900000000001
8 61465787 rs73259456 0.7713800000000001
8 61466166 rs77679387 0.16704000000000002
8 61466247 rs76889339 0.020058000000000003
8 61466271 rs623910 6.059299999999999e-10
8 61466970 rs538129847 0.2517
8 61467003 rs13439252 1.3910000000000002e-19
8 61467035 rs72648597 2.2676e-06
8 61467192 rs73259460 0.0079925
8 61467349 rs184372849 0.68115
8 61467638 rs76918462 0.12918
8 61467655 rs11996592 1.3835999999999998e-19
8 61467665 rs76342138 0.82499
8 61468134 rs7012181 1.4758e-19
8 61468348 rs74845596 0.8953
8 61468442 rs142118184 0.27175
8 61468766 rs76398321 0.63571
8 61468921 rs112517785 0.64517
8 61469319 rs79434204 0.8736799999999999
8 61469786 rs147897987 0.48336999999999997
8 61469825 rs111424922 0.019947
8 61469841 rs111474703 0.26144
8 61470339 rs7003130 0.80489
8 61470365 rs113282738 0.019947
8 61470483 rs646871 1.1385000000000002e-09
8 61470490 rs143452000 0.51875
8 61470737 rs77691879 0.44748000000000004
8 61471310 rs76795709 0.75616
8 61471404 rs1534849 0.41271
8 61471729 rs61291329 0.019573
8 61471731 rs78638404 5.074100000000001e-07
8 61471839 rs2056415 1.4836e-19
8 61472183 rs61174790 0.020836
8 61472367 rs138575585 0.87746
8 61472484 rs142185563 0.23706999999999998
8 61472488 rs117187662 0.00014592
8 61472930 rs11987507 0.12808
8 61472938 rs149629838 0.45106
8 61473013 rs112960780 0.053834
8 61473914 rs191184195 0.66037
8 61474016 rs11988528 2.9578e-10
8 61474039 rs11988531 0.12787
8 61474452 rs11778529 3.1891000000000004e-10
8 61474817 rs58933078 0.8819600000000001
8 61475274 rs2326568 6.9128e-19
8 61476049 rs114733107 0.82396
8 61476109 rs183599091 0.9897100000000001
8 61476193 rs73259475 0.008262899999999998
8 61476306 rs2178953 2.3029e-06
8 61476311 rs79780456 0.6445
8 61476388 rs73259478 0.80501
8 61476472 rs116565443 0.1304
8 61476541 rs2326569 1.5000999999999998e-19
8 61476709 rs2875973 8.6538e-20
8 61477524 rs112611886 0.15274000000000001
8 61477611 rs41454344 0.47526999999999997
8 61477683 rs79908838 0.0058128
8 61478061 rs190177215 0.05227999999999999
8 61478233 rs77793311 0.48672
8 61478763 rs72648602 2.3579e-06
8 61478769 rs11988169 0.014562
8 61479135 rs16926284 2.3877e-06
8 61479240 rs10100740 5.674199999999999e-10
8 61479274 rs60075768 0.17568
8 61479278 rs143768198 0.7467
8 61479416 rs73259486 0.72746
8 61479449 rs141934427 0.44042
8 61479542 rs192816813 0.13299
8 61479612 rs139341051 0.07660800000000001
8 61480194 rs11996337 0.019915000000000002
8 61480243 rs187774897 0.12361
8 61480704 rs57550331 2.2074000000000002e-06
8 61480722 rs75343182 4.4256e-07
8 61480830 rs12681841 3.1683e-10
8 61481017 rs142607622 0.70835
8 61481313 rs73259488 0.019173
8 61481348 rs61277001 0.75579
8 61481555 rs115199986 0.65136
8 61481614 rs10098769 7.684399999999999e-19
8 61482096 rs117055822 0.11055999999999999
8 61482182 rs143168073 0.22863000000000003
8 61482194 rs77065309 2.4797e-06
8 61482263 rs7831316 0.008005
8 61482308 rs115993373 0.74741
8 61482319 rs72650405 2.4978e-06
8 61482466 rs189882694 2.9225999999999998e-05
8 61482661 rs7834982 0.020567
8 61482686 rs115465202 0.71035
8 61482852 rs568992853 0.72885
8 61483255 rs137974392 0.71073
8 61483937 rs143275973 0.011675
8 61484448 rs141827530 0.61056
8 61484493 rs17822578 0.14428
8 61484788 rs3735825 7.943600000000001e-19
8 61484799 rs11987024 0.021613
8 61484950 rs77221358 0.8705
8 61484957 rs116642631 0.52332
8 61485137 rs16926294 2.4836000000000002e-06
8 61485256 rs182920242 0.12382
8 61485496 rs118152200 0.80983
8 61485570 rs56294255 1.6514e-19
8 61485575 rs56123131 2.5873e-06
8 61485595 rs73259499 0.018966
8 61485630 rs62510249 0.00048536
8 61486128 rs143447339 0.031093
8 61486173 rs7357376 2.9398e-10
8 61486362 rs146750149 0.14087
8 61486366 rs12680781 7.5322e-19
8 61486492 rs117162592 0.94553
8 61486784 rs73259501 0.0082678
8 61486846 rs73261204 0.018715
8 61487027 rs146786739 0.0074697
8 61487319 rs74838249 0.82925
8 61487425 rs35853087 3.0679000000000003e-10
8 61487462 rs11991778 0.01772
8 61487463 rs7833549 0.56594
8 61487757 rs11984682 0.017699
8 61487804 rs111707816 0.61056
8 61488001 rs12678694 3.4406e-10
8 61488143 rs761554720 0.06647
8 61488186 rs190193389 0.11893
8 61488254 rs10957145 1.7909000000000002e-19
8 61488466 rs190808655 0.48343
8 61488553 rs143235309 0.49649
8 61488824 rs2981277 1.7927e-19
8 61488859 rs2946154 1.6494e-19
8 61489049 rs75419729 3.9531e-07
8 61489160 rs7839008 0.019549
8 61489166 rs112580595 0.11520999999999999
8 61489580 rs72650412 3.8641e-06
8 61489899 rs1014860 3.3319e-10
8 61489985 rs60504642 0.019500999999999998
8 61490395 rs4452821 8.0164e-19
8 61491178 rs115726071 0.87755
8 61491298 rs147791381 0.46201000000000003
8 61491372 rs73261219 0.020525
8 61491558 rs141784881 0.00052121
8 61491687 rs147085342 0.00060942
8 61492002 rs185545177 0.9272799999999999
8 61492015 rs115884465 0.7231
8 61492061 rs116273504 0.71267
8 61492311 rs10103438 2.9579e-10
8 61492512 rs112938752 0.61056
8 61492647 rs141072317 0.57798
8 61492717 rs374225408 0.01235
8 61492724 rs561426667 0.1273
8 61492728 rs6993019 8.041899999999999e-19
8 61492893 rs7013249 1.9055999999999998e-19
8 61492950 rs56192263 2.4977000000000002e-06
8 61493130 rs6993237 2.926e-10
8 61493459 rs76943941 0.7067899999999999
8 61493677 rs144523656 0.6974
8 61493874 rs148484740 0.87498
8 61493920 rs116498006 0.31453000000000003
8 61494331 rs7829359 7.632500000000001e-19
8 61494817 rs112447563 0.026031
8 61494855 rs79868067 0.70028
8 61494978 rs10957146 2.8627999999999997e-10
8 61494991 rs10808709 1.2031e-18
8 61495426 rs114964038 0.6992
8 61495735 rs6990951 0.9077299999999999
8 61495975 rs111772391 0.61006
8 61495977 rs185858841 0.932
8 61496206 rs139553248 0.11918
8 61496216 rs758208771 0.0019179000000000002
8 61496263 rs79668689 0.010456
8 61496380 rs118151113 0.95505
8 61496575 rs116459888 0.98419
8 61496749 rs115361016 0.1291
8 61496950 rs3735826 1.937e-19
8 61496973 rs73683517 0.66086
8 61496982 rs3735827 2.5180000000000003e-06
8 61497224 rs142442233 0.4976
8 61497559 rs7821738 8.3148e-07
8 61497920 rs115418681 0.88245
8 61498132 rs9643524 3.0826e-10
8 61498305 rs74513901 1.1236e-06
8 61498351 rs7822882 0.44611999999999996
8 61498467 rs73261229 0.91
8 61499094 rs116023358 0.22979000000000002
8 61499167 rs73261232 0.81342
8 61499191 rs115768141 0.56547
8 61499269 rs73261234 0.015233000000000002
8 61499291 rs776975275 0.14023
8 61499730 rs76601506 0.0034421
8 61499985 rs138020682 0.66543
8 61500064 rs34523017 3.0593e-10
8 61500111 rs73261235 0.78281
8 61500402 rs10957147 1.6355000000000001e-19
8 61500443 rs572587345 0.2459
8 61500615 rs183730512 0.7733300000000001
8 61500733 rs11778315 0.010022
8 61501058 rs72650416 2.7457e-06
8 61501156 rs58916286 0.72888
8 61501164 rs529364293 2.6337e-05
8 61501294 rs72650417 2.5012e-06
8 61501373 rs142722135 0.30776
8 61501392 rs115915724 0.12797
8 61501521 rs62510251 0.00027972
8 61501552 rs73261240 0.78056
8 61501631 rs2875966 3.2985e-10
8 61501758 rs184383110 0.69087
8 61502195 rs56957672 0.77464
8 61502351 rs57310966 0.83441
8 61503245 rs111375327 0.020891999999999997
8 61503450 rs13278228 1.0098999999999999e-06
8 61503585 rs559037136 0.6299399999999999
8 61503749 rs186326042 0.48293
8 61503754 rs11988389 0.017602
8 61504036 rs28502534 0.00032134
8 61504093 rs2326570 1.7178e-19
8 61504193 rs2326571 1.9517e-19
8 61504783 rs73683524 0.34904
8 61504853 rs62510252 0.46058999999999994
8 61504924 rs28495747 3.3089999999999996e-10
8 61504943 rs10957148 0.46221
8 61505005 rs192527460 0.66689
8 61505134 rs75184726 0.47591000000000006
8 61505211 rs11778772 3.0697000000000003e-10
8 61505275 rs1319105 1.6512e-19
8 61505331 rs1319104 1.6576e-19
8 61505772 rs184253699 0.02345
8 61505797 rs150139043 0.9871
8 61505847 rs10109278 3.0702e-10
8 61505866 rs73683526 0.47756000000000004
8 61506595 rs77684315 0.12783
8 61506954 rs78723999 0.0094845
8 61506955 rs10957149 3.0713e-10
8 61507061 rs117883261 0.032494999999999996
8 61507125 rs7341555 0.018792
8 61507136 rs56362746 0.00063183
8 61507216 rs7341633 0.015305000000000001
8 61507407 rs111864910 0.5895600000000001
8 61507520 rs775236634 0.8008
8 61507686 rs139768109 0.013812999999999999
8 61508104 rs73261257 0.86279
8 61508243 rs77555352 0.5895600000000001
8 61508260 rs7845982 2.4469e-06
8 61508798 rs183047373 0.18466
8 61509013 rs112957317 2.5265e-06
8 61509024 rs148942286 0.35661
8 61509353 rs11988323 0.021351
8 61509513 rs147814728 0.41494
8 61509919 rs191902659 0.086159
8 61510187 rs193135848 0.011584
8 61510541 rs185516577 0.21335
8 61510547 rs116099362 0.3063
8 61510555 rs34234629 3.2152e-10
8 61510658 rs13267765 3.1799e-10
8 61510867 rs11786146 3.4272000000000003e-10
8 61511079 rs188761931 0.57511
8 61511161 rs73261258 0.09448200000000001
8 61511366 rs6995515 2.1531e-18
8 61511668 rs2981283 0.018991
8 61511725 rs12680436 3.428399999999999e-10
8 61511757 rs192195791 0.19439
8 61511946 rs56139604 0.00047142
8 61511976 rs116698346 0.70698
8 61512042 rs10808710 1.9722999999999997e-19
8 61512060 rs10957150 2.0135000000000002e-19
8 61512070 rs7462738 3.2329000000000003e-10
8 61512103 rs114241086 0.88302
8 61512119 rs56332284 2.5548e-06
8 61512379 rs189561158 0.55409
8 61512577 rs56854743 0.7159300000000001
8 61513098 rs12681129 2.064e-19
8 61513117 rs113735387 0.020634
8 61513160 rs117002332 0.8377399999999999
8 61513342 rs73683528 0.35076999999999997
8 61513452 rs10957151 1.9707e-19
8 61513914 rs73261269 0.022802
8 61514127 rs592014 3.1655e-10
8 61514804 rs112918391 0.05487
8 61515656 rs73261277 0.86472
8 61515689 rs2930040 1.953e-19
8 61515819 rs62512702 0.46679
8 61516480 rs147283391 0.7380800000000001
8 61516808 rs113435324 0.19785999999999998
8 61516852 rs112055543 0.025190999999999998
8 61516897 rs586377 1.9659999999999998e-19
8 61516915 rs684066 1.9510999999999998e-19
8 61517089 rs140894231 0.12725
8 61517620 rs187740057 0.33979000000000004
8 61517798 rs600811 7.364799999999999e-19
8 61518435 rs189274896 0.93796
8 61518500 rs533709784 0.75895
8 61518545 rs181980408 0.35625
8 61519097 rs115417145 0.033458
8 61519304 rs143351410 0.5192
8 61519325 rs617834 2.0311999999999999e-19
8 61519710 rs191023086 0.82985
8 61519718 rs113162959 0.8376299999999999
8 61520042 rs184573140 0.86313
8 61520044 rs74326531 0.54595
8 61520618 rs189131242 0.60528
8 61520858 rs7814111 0.30714
8 61520999 rs77983238 2.2187e-06
8 61521397 rs72650422 2.3697e-06
8 61521803 rs602724 3.3e-10
8 61521867 rs610455 1.7984e-10
8 61521929 rs603239 3.3283e-10
8 61522008 rs16926304 0.028960000000000003
8 61522168 rs140368266 0.35812
8 61522179 rs16926305 0.016615
8 61522276 rs608401 1.9009e-19
8 61522610 rs77420872 0.058645
8 61522613 rs763936628 0.6019399999999999
8 61522910 rs595255 2.0655e-19
8 61523453 rs115017146 0.3064
8 61523468 rs143761965 0.062858
8 61523684 rs115847426 0.23148000000000002
8 61523821 rs184383294 0.022724
8 61523874 rs73243809 0.8658799999999999
8 61523889 rs77593133 0.7033
8 61523998 rs687978 7.3066e-19
8 61524229 rs115472449 0.9325899999999999
8 61524245 rs142982297 0.07864
8 61524385 rs139303698 0.12814
8 61524430 rs116828633 0.9305100000000001
8 61524516 rs72650425 2.3543e-06
8 61524528 rs685715 2.59e-06
8 61524829 rs115030851 0.73715
8 61524984 rs73243810 0.027408999999999996
8 61525395 rs669599 7.340999999999999e-19
8 61525460 rs144527698 0.21768
8 61525523 rs543848670 0.1826
8 61525543 rs115152874 0.9218799999999999
8 61525780 rs671275 1.1969e-10
8 61525923 rs115704786 0.82709
8 61525963 rs1384687 3.0583000000000003e-07
8 61526175 rs61122151 0.8272
8 61526400 rs684573 8.5515e-10
8 61526825 rs184247048 0.0018183
8 61526953 rs625850 8.3449e-19
8 61527048 rs150460316 0.15596
8 61527112 rs80238383 0.52575
8 61527574 rs182219277 0.13164
8 61527765 rs146913325 0.048072000000000004
8 61527877 rs116737213 0.70163
8 61528478 rs2930038 0.029611000000000002
8 61528663 rs16926324 7.5628e-07
8 61528673 rs114993103 0.52186
8 61528823 rs143629735 0.28475
8 61528876 rs2625441 8.1761e-19
8 61528936 rs7827147 0.30641999999999997
8 61529594 rs2326572 0.026974
8 61530112 rs764841312 0.011163
8 61530121 rs573166826 0.67693
8 61530167 rs551636855 0.20490999999999998
8 61530190 rs112104315 0.35363
8 61530310 rs677467 8.506699999999999e-10
8 61530878 rs559425072 0.28203
8 61531034 rs79806836 0.028258
8 61531577 rs41272429 2.0764e-07
8 61531636 rs17823309 0.00058772
8 61531713 rs660865 2.9761999999999997e-19
8 61531916 rs16926333 0.7207100000000001
8 61531978 rs145725979 0.64326
8 61532263 rs2128714 0.2902
8 61532461 rs7846100 0.86651
8 61532502 rs188017190 0.50568
8 61532542 rs7845892 0.9393799999999999
8 61532878 rs16926338 0.028669
8 61533756 rs41272433 0.30663
8 61534222 rs77133934 0.61865
8 61534428 rs7413 8.226799999999999e-19
8 61534895 rs629268 8.596799999999998e-19
8 61535125 rs649634 9.1271e-10
8 61535367 rs2930041 0.020075
8 61535417 rs9437 8.450399999999999e-10
8 61535461 rs118165570 0.15213
8 61535709 rs652422 2.0774e-19
8 61535794 rs142611281 0.11780999999999998
8 61535807 rs191757602 0.18889
8 61536178 rs185297839 0.8044100000000001
8 61536203 rs664796 8.861000000000001e-10
8 61536326 rs115963597 0.24982
8 61536364 rs665662 1.1455e-07
8 61536590 rs114706878 0.72546
8 61536661 rs114178982 0.70305
8 61537523 rs1120591 2.0159000000000002e-19
8 61537610 rs2170677 4.0801999999999995e-06
8 61537763 rs116845026 0.83342
8 61537834 rs147178156 0.8856299999999999
8 61538423 rs55837608 7.745799999999999e-07
8 61538836 rs72650430 0.00034247
8 61539017 rs188194087 0.13142
8 61539222 rs7815886 0.028814999999999997
8 61539278 rs615031 4.816600000000001e-19
8 61539359 rs7816273 0.023978
8 61539632 rs569329255 0.00019372
8 61539662 rs554786529 0.01151
8 61540328 rs2625445 8.7522e-10
8 61540398 rs2625446 3.6576999999999997e-19
8 61541273 rs631408 2.1231e-18
8 61541403 rs149293248 0.41473999999999994
8 61541465 rs624407 1.8925e-09
8 61541479 rs144646644 0.15506
8 61541573 rs114560862 0.89959
8 61542569 rs186059592 0.93637
8 61542579 rs16926352 0.7146100000000001
8 61542998 rs16926354 7.7581e-07
8 61543358 rs116371230 0.30568
8 61543476 rs16926358 7.3956e-07
8 61543513 rs2946149 0.023874
8 61543547 rs114787825 0.92847
8 61543637 rs149206235 0.25116
8 61544237 rs58183709 3.2018e-07
8 61544391 rs60369157 3.1011e-07
8 61544665 rs7016173 0.017558
8 61545260 rs75819024 0.00075852
8 61545346 rs184386251 0.77684
8 61545409 rs77812812 0.05513099999999999
8 61545636 rs6471892 7.548100000000001e-07
8 61545669 rs7003457 0.14212
8 61545724 rs539124051 0.50041
8 61545870 rs116228454 0.27339
8 61546002 rs78104382 0.52271
8 61546275 rs659118 1.9351000000000002e-18
8 61546280 rs59162154 5.9555e-07
8 61546857 rs141947255 0.3377
8 61547234 rs11985737 0.027739999999999997
8 61547340 rs547591162 0.20290999999999998
8 61547472 rs187419332 0.027319
8 61547617 rs566251624 0.28901
8 61547731 rs7003660 0.0146
8 61547749 rs186876154 0.75089
8 61548085 rs7004263 0.2052
8 61548119 rs2946150 0.012643000000000001
8 61548326 rs17823808 0.022746000000000002
8 61548336 rs146873493 0.023403
8 61548494 rs626913 2.5733999999999996e-10
8 61548546 rs609264 3.0674e-09
8 61548701 rs608740 2.8689e-08
8 61548810 rs59000397 0.86979
8 61549140 rs115494299 0.9696600000000001
8 61549988 rs73243841 0.14592
8 61549995 rs73243843 0.040767000000000005
8 61550084 rs138921088 0.60732
8 61550221 rs112502493 0.44982
8 61550270 rs117583571 0.00052828
8 61550544 rs189820987 0.72341
8 61550704 rs116965998 0.47185
8 61550764 rs669960 1.1764e-09
8 61551106 rs670644 1.7811999999999998e-08
8 61551164 rs563113739 0.51467
8 61551681 rs657809 3.0441000000000004e-10
8 61551961 rs656846 5.629800000000001e-10
8 61552026 rs549343438 0.26008000000000003
8 61553012 rs117053955 0.5332600000000001
8 61553315 rs112264527 0.57481
8 61553686 rs10957152 2.6187e-10
8 61553729 rs144408284 0.031175
8 61554256 rs16926367 0.06855499999999999
8 61554419 rs140689965 0.95273
8 61554927 rs657087 4.6172999999999997e-10
8 61555340 rs115919026 0.58573
8 61555808 rs671204 3.377e-08
8 61555930 rs148727054 0.81418
8 61556153 rs55801508 0.00064702
8 61556186 rs2680296 1.6424e-09
8 61556306 rs2680297 1.9682999999999998e-08
8 61556425 rs7822621 0.0003494
8 61556567 rs2680298 1.5881000000000002e-08
8 61556577 rs61701788 0.36041
8 61556595 rs77262022 0.58592
8 61557597 rs185044788 0.60588
8 61557680 rs61433442 0.44133999999999995
8 61557767 rs118104084 0.5751
8 61557994 rs138596853 7.1073000000000005e-06
8 61558011 rs191488425 0.1051
8 61558575 rs117668988 0.011681
8 61558788 rs77678105 0.9022700000000001
8 61558855 rs2625442 1.9433e-08
8 61559253 rs654534 3.6483999999999997e-06
8 61559656 rs625979 1.9225000000000002e-08
8 61559983 rs12547332 0.0040209
8 61560345 rs10094422 0.045985000000000005
8 61560459 rs570935011 0.22762
8 61560561 rs56090478 0.0027820999999999996
8 61561158 rs55717451 0.086647
8 61561306 rs2981276 0.34607
8 61561581 rs116244526 0.7841899999999999
8 61561711 rs2946152 0.25611999999999996
8 61561944 rs2680299 1.9757e-09
8 61562250 rs621279 1.7703e-09
8 61562268 rs645067 1.8132e-08
8 61562672 rs113129592 0.99416
8 61563274 rs1351706 0.59965
8 61563377 rs192680748 0.56105
8 61563857 rs191976559 0.9124700000000001
8 61563896 rs76561460 0.29252
8 61563947 rs78542490 0.54265
8 61564100 rs78196180 0.52908
8 61564373 rs143820171 0.035861000000000004
8 61564647 rs687351 1.5544e-14
8 61564747 rs112155834 0.9948600000000001
8 61564771 rs686852 1.6354e-14
8 61564804 rs545671910 0.82029
8 61564816 rs585995 1.7580000000000001e-09
8 61564862 rs193284352 0.69935
8 61564902 rs586110 1.878e-09
8 61564964 rs685985 1.4816e-14
8 61565314 rs117712329 0.097588
8 61565436 rs6985208 0.45633
8 61565461 rs78187258 0.11717999999999999
8 61565826 rs200825790 0.96965
8 61565861 rs79836560 0.8471700000000001
8 61566114 rs148241966 0.8405600000000001
8 61566163 rs612558 1.6016999999999998e-14
8 61566407 rs2930039 0.30304000000000003
8 61566655 rs657718 3.8322e-14
8 61566890 rs62524906 0.0015833
8 61567530 rs567299362 0.58726
8 61567927 rs79738926 0.932
8 61567983 rs114333636 0.11406
8 61568132 rs77460156 0.20886999999999997
8 61568210 rs623917 2.9181e-08
8 61568265 rs623845 2.9654e-08
8 61568651 rs79824415 0.00069472
8 61569239 rs143216862 0.60188
8 61569241 rs148328886 0.5626800000000001
8 61569436 rs658176 3.232e-08
8 61570069 rs187265480 0.27735
8 61570129 rs61517679 0.53458
8 61570232 rs781364221 0.0014876
8 61570517 rs582520 4.7283e-09
8 61570607 rs113002250 0.80452
8 61570666 rs673802 1.2867e-11
8 61570920 rs79419703 0.56428
8 61570987 rs2625443 5.0415e-08
8 61571820 rs118138878 0.8923200000000001
8 61572577 rs183766783 0.8553299999999999
8 61572850 rs7016550 0.55265
8 61572884 rs79056016 0.95191
8 61572983 rs597123 1.5063999999999999e-06
8 61573022 rs189671209 0.051505999999999996
8 61573023 rs181664138 0.051259000000000006
8 61573052 rs77067267 0.93119
8 61573188 rs778699332 0.35772
8 61573242 rs56274310 1.3849e-05
8 61573439 rs77253100 0.96747
8 61573626 rs58918741 0.00041894
8 61573958 rs74529169 0.33243
8 61573991 rs147747410 0.26976999999999995
8 61574057 rs16926372 0.63798
8 61574094 rs142604319 0.2705
8 61574226 rs111726638 0.49471000000000004
8 61574778 rs769064943 0.25584
8 61574929 rs629523 2.2038e-06
8 61575225 rs654687 1.0667999999999999e-09
8 61575336 rs6990401 0.48844
8 61575609 rs75261480 0.25982
8 61575903 rs57578368 0.49722
8 61576519 rs601778 2.0887e-06
